301.545600 358.524800 86.524960 2027.392000 1.000000
309.944000 361.451200 95.540640 2030.384000 1.000000
338.446400 459.496000 104.598560 2121.808000 1.000000
414.152000 786.238400 115.036000 2484.816000 1.000000
374.740800 471.864000 139.782560 2132.080000 1.000000
394.300800 409.619200 171.968000 2073.952000 1.000000
389.179200 374.428800 174.272000 2041.360000 1.000000
353.044800 27.517120 201.600000 1704.896000 1.000000
360.099200 23.126240 209.099200 1700.176000 1.000000
396.734400 184.198400 214.633600 1869.440000 1.000000
440.310400 397.542400 221.732800 2062.032000 1.000000
439.014400 363.742400 223.809600 2026.128000 1.000000
485.979200 630.630400 225.132800 2292.848000 1.000000
475.732800 554.139200 228.310400 2212.784000 1.000000
451.076800 413.713600 229.499200 2075.408000 1.000000
499.900800 652.196800 234.684800 2320.512000 1.000000
496.755200 616.886400 237.433600 2277.984000 1.000000
462.345600 431.758400 237.676800 2093.472000 1.000000
467.008000 417.249600 244.270400 2079.312000 1.000000
507.636800 616.478400 248.822400 2278.704000 1.000000
486.336000 465.526400 255.275200 2125.424000 1.000000
502.435200 547.353600 256.580800 2203.024000 1.000000
498.841600 498.321600 262.006400 2156.752000 1.000000
467.107200 94.111040 296.748800 1767.712000 1.000000
585.232000 788.473600 306.345600 2385.584000 1.000000
746.544000 742.518400 487.748800 2320.992000 1.000000
785.009600 741.867200 524.902400 2312.592000 1.000000
828.804800 749.081600 574.590400 2318.288000 1.000000
867.945600 744.195200 614.286400 2306.016000 1.000000
895.708800 765.700800 642.187200 2327.504000 1.000000
904.060800 750.619200 653.320000 2307.520000 1.000000
911.612800 760.160000 659.278400 2320.176000 1.000000
967.305600 1455.683200 666.544000 2702.752000 1.000000
888.435200 923.123200 683.361600 2557.664000 1.000000
952.246400 884.694400 703.771200 2465.968000 1.000000
978.977600 430.041600 768.188800 1977.248000 1.000000
988.508800 369.348800 783.606400 1916.512000 1.000000
982.880000 237.955200 790.857600 1806.480000 1.000000
1105.286400 717.504000 871.862400 2250.320000 1.000000
1136.902400 697.350400 903.809600 2222.416000 1.000000
1243.264000 763.027200 1004.780800 2278.000000 1.000000
1490.212800 963.897600 1262.027200 2524.240000 1.000000
1561.809600 976.510400 1270.220800 2531.824000 1.000000
1539.876800 768.160000 1311.083200 2247.136000 1.000000
1568.888000 861.894400 1348.793600 2342.576000 1.000000
1607.088000 776.968000 1386.484800 2244.224000 1.000000
1683.376000 934.931200 1468.420800 2427.168000 1.000000
1727.040000 792.144000 1510.848000 2247.968000 1.000000
1730.352000 785.084800 1515.785600 2239.744000 1.000000
1790.064000 318.492800 1553.334400 1797.968000 1.000000
1778.608000 581.678400 1554.238400 2033.392000 1.000000
1789.488000 564.779200 1562.174400 2015.904000 1.000000
1835.488000 492.104000 1602.160000 1940.864000 1.000000
1785.760000 1301.304000 1603.024000 2893.840000 1.000000
1423.302400 445.472000 1632.176000 1926.960000 1.000000
1989.664000 761.640000 1773.232000 2187.472000 1.000000
1996.896000 770.256000 1781.728000 2195.040000 1.000000
2008.448000 791.756800 1797.152000 2214.112000 1.000000
2048.528000 1067.616000 1864.832000 2968.960000 1.000000
2131.008000 896.814400 1932.368000 2332.800000 1.000000
2146.464000 905.844800 1949.472000 2341.488000 1.000000
2161.504000 895.249600 1963.552000 2328.544000 1.000000
2202.368000 868.483200 2001.312000 2294.912000 1.000000
2213.648000 922.995200 2019.072000 2351.024000 1.000000
2213.152000 975.761600 2025.936000 2411.024000 1.000000
2239.968000 830.700800 2028.112000 2256.080000 1.000000
2215.936000 976.348800 2029.424000 2409.856000 1.000000
2228.288000 902.776000 2030.912000 2328.032000 1.000000
2223.040000 944.998400 2032.416000 2374.144000 1.000000
2217.648000 982.516800 2032.896000 2418.288000 1.000000
2220.672000 969.320000 2033.440000 2401.536000 1.000000
2237.104000 911.350400 2041.888000 2337.600000 1.000000
2227.536000 977.131200 2043.280000 2410.752000 1.000000
2233.632000 948.993600 2044.960000 2378.592000 1.000000
2232.688000 958.340800 2045.536000 2387.808000 1.000000
2247.104000 918.982400 2051.856000 2342.656000 1.000000
2249.056000 906.099200 2054.176000 2329.360000 1.000000
2237.136000 1006.756800 2054.464000 2441.168000 1.000000
2300.048000 895.400000 2102.032000 2307.664000 1.000000
