398.641600 2569.344000 292.747200 162.174400 1.000000
428.552000 2654.752000 337.459200 246.166400 1.000000
447.198400 2690.688000 354.988800 280.633600 1.000000
469.225600 2673.424000 379.307200 270.051200 1.000000
943.220800 2490.784000 860.708800 561.001600 1.000000
931.313600 2733.056000 861.009600 829.300800 1.000000
945.528000 2465.136000 862.454400 532.673600 1.000000
956.812800 2564.912000 876.932800 653.324800 1.000000
953.929600 2803.712000 885.264000 910.843200 1.000000
965.582400 2651.584000 894.491200 760.648000 1.000000
967.950400 2848.096000 899.552000 958.542400 1.000000
967.073600 2960.416000 902.217600 1071.180800 1.000000
979.206400 2737.664000 907.873600 854.489600 1.000000
983.955200 2977.920000 919.636800 1092.129600 1.000000
991.264000 2937.968000 924.432000 1058.089600 1.000000
993.476800 2995.072000 928.342400 1110.273600 1.000000
1000.275200 2745.680000 929.020800 868.432000 1.000000
1027.689600 2093.280000 934.326400 89.659040 1.000000
1010.315200 2643.152000 934.534400 765.638400 1.000000
1000.872000 2907.728000 935.945600 1029.281600 1.000000
1018.648000 2562.912000 937.088000 679.566400 1.000000
1029.048000 2703.536000 953.280000 835.668800 1.000000
1028.360000 2696.720000 953.726400 827.251200 1.000000
1028.361600 2659.152000 956.710400 785.264000 1.000000
1073.134400 2915.488000 957.611200 1949.600000 1.000000
1077.641600 2881.184000 963.251200 1915.456000 1.000000
1044.916800 2330.880000 964.592000 399.971200 1.000000
1055.328000 2319.264000 969.017600 393.390400 1.000000
1044.782400 2675.248000 969.256000 809.788800 1.000000
1041.622400 2962.256000 970.448000 1093.256000 1.000000
1088.219200 2918.400000 971.784000 1955.760000 1.000000
1041.368000 2982.848000 971.881600 1109.097600 1.000000
1053.440000 2489.232000 972.769600 604.772800 1.000000
1054.060800 2768.288000 979.376000 903.088000 1.000000
1062.616000 2566.976000 982.598400 696.817600 1.000000
1074.545600 2478.256000 993.422400 598.140800 1.000000
1082.688000 2032.784000 994.513600 22.139520 1.000000
1081.380800 2223.952000 994.856000 286.089600 1.000000
1072.392000 2805.760000 996.780800 953.553600 1.000000
1076.110400 2766.144000 999.473600 914.328000 1.000000
1090.353600 2302.240000 1004.761600 383.345600 1.000000
1086.422400 2677.056000 1008.630400 825.100800 1.000000
1090.412800 2785.296000 1014.379200 935.662400 1.000000
1097.481600 2827.792000 1020.464000 983.606400 1.000000
1100.460800 2597.616000 1020.961600 743.150400 1.000000
1104.340800 2630.512000 1021.713600 781.868800 1.000000
1102.379200 2814.528000 1025.220800 971.908800 1.000000
1102.348800 2803.856000 1025.427200 962.307200 1.000000
1107.043200 2591.984000 1027.433600 737.912000 1.000000
1114.339200 2092.960000 1028.081600 116.575680 1.000000
1108.134400 2450.816000 1028.086400 574.169600 1.000000
1113.592000 2674.112000 1035.681600 828.827200 1.000000
1123.912000 2248.208000 1041.654400 325.854400 1.000000
1127.041600 2201.968000 1043.369600 267.896000 1.000000
1121.552000 2806.256000 1044.308800 966.140800 1.000000
1127.745600 2169.488000 1045.100800 225.302400 1.000000
1132.619200 2990.944000 1052.478400 1146.363200 1.000000
1135.408000 2939.136000 1055.092800 1101.820800 1.000000
1141.553600 2166.464000 1060.968000 225.896000 1.000000
1143.254400 2639.312000 1063.108800 800.848000 1.000000
1145.822400 2305.024000 1064.121600 400.539200 1.000000
1145.264000 2071.456000 1064.153600 89.906080 1.000000
1147.006400 2513.808000 1065.945600 664.974400 1.000000
1146.054400 2211.200000 1066.294400 286.180800 1.000000
1149.908800 2235.472000 1067.528000 316.596800 1.000000
1153.193600 2749.056000 1072.300800 921.307200 1.000000
1155.540800 2812.016000 1074.094400 977.758400 1.000000
1156.454400 2722.128000 1075.710400 894.897600 1.000000
1154.380800 2089.488000 1076.048000 116.821120 1.000000
1160.201600 2170.464000 1080.123200 233.398400 1.000000
1163.856000 2908.688000 1080.569600 1080.611200 1.000000
1162.606400 2672.672000 1081.268800 845.788800 1.000000
1164.304000 2795.040000 1082.083200 964.190400 1.000000
1167.190400 2915.600000 1083.520000 1087.204800 1.000000
1168.779200 2991.552000 1085.968000 1154.640000 1.000000
1169.638400 2938.352000 1086.030400 1109.241600 1.000000
1166.873600 2725.408000 1086.545600 899.667200 1.000000
1166.878400 2046.256000 1088.544000 59.697760 1.000000
1171.027200 2802.592000 1088.664000 973.617600 1.000000
1175.902400 2929.264000 1091.969600 1100.472000 1.000000
1173.785600 2817.376000 1093.361600 991.808000 1.000000
1173.164800 2180.608000 1094.593600 249.200000 1.000000
1188.196800 2884.128000 1104.816000 1062.388800 1.000000
1187.910400 2237.408000 1109.592000 325.489600 1.000000
1187.881600 2151.296000 1109.790400 211.790400 1.000000
1192.875200 2684.144000 1110.560000 865.419200 1.000000
1199.441600 2901.408000 1111.974400 1078.782400 1.000000
1194.798400 2615.680000 1114.222400 789.889600 1.000000
1201.904000 2945.792000 1114.867200 1119.772800 1.000000
1200.742400 2669.232000 1117.168000 851.217600 1.000000
1202.412800 2549.776000 1119.363200 717.910400 1.000000
1195.579200 2100.944000 1119.643200 140.417440 1.000000
1200.857600 2337.360000 1124.582400 462.955200 1.000000
1210.012800 2739.616000 1125.510400 920.609600 1.000000
1214.755200 2950.064000 1126.531200 1124.806400 1.000000
1218.614400 2901.056000 1131.150400 1082.608000 1.000000
1213.304000 2409.376000 1132.820800 561.171200 1.000000
1218.052800 2762.112000 1132.926400 944.953600 1.000000
1218.960000 2662.048000 1133.513600 847.571200 1.000000
1209.481600 2124.208000 1133.723200 178.033600 1.000000
1221.532800 2725.248000 1135.665600 908.724800 1.000000
1228.027200 2910.352000 1137.756800 1090.142400 1.000000
1241.140800 2955.408000 1149.409600 1130.518400 1.000000
1234.345600 2691.696000 1150.427200 877.654400 1.000000
1238.211200 2696.272000 1151.739200 883.036800 1.000000
1238.564800 2804.384000 1152.091200 997.707200 1.000000
1236.200000 2390.000000 1156.222400 540.262400 1.000000
1248.670400 2814.352000 1160.512000 1008.233600 1.000000
1246.131200 2594.240000 1161.209600 781.808000 1.000000
1245.464000 2577.040000 1162.254400 763.593600 1.000000
1247.744000 2585.232000 1164.824000 773.625600 1.000000
1245.454400 2366.016000 1165.600000 514.926400 1.000000
1243.449600 2375.008000 1165.609600 526.918400 1.000000
1249.283200 2507.456000 1166.900800 685.200000 1.000000
1258.628800 2906.048000 1167.369600 1091.408000 1.000000
1248.067200 2413.920000 1169.451200 572.070400 1.000000
1263.064000 2932.720000 1171.264000 1116.032000 1.000000
1262.083200 2760.176000 1171.916800 958.091200 1.000000
1251.380800 2318.368000 1173.267200 456.528000 1.000000
1253.150400 2348.144000 1175.347200 494.870400 1.000000
1249.291200 2112.208000 1178.558400 174.747200 1.000000
1263.912000 2589.024000 1179.104000 780.174400 1.000000
1279.251200 2951.632000 1183.678400 1136.139200 1.000000
1279.393600 2831.904000 1185.144000 1023.017600 1.000000
1267.649600 2381.232000 1190.201600 534.364800 1.000000
1286.222400 2937.952000 1190.500800 1125.422400 1.000000
1290.446400 2887.008000 1196.510400 1079.222400 1.000000
1275.787200 2360.800000 1198.756800 510.089600 1.000000
1290.176000 2744.000000 1200.808000 944.788800 1.000000
1284.129600 2545.072000 1201.472000 736.203200 1.000000
1302.633600 2961.120000 1204.049600 1148.451200 1.000000
1302.624000 2941.328000 1204.664000 1131.873600 1.000000
1284.443200 2353.872000 1206.899200 501.668800 1.000000
1293.902400 2650.096000 1207.267200 850.686400 1.000000
1303.724800 2846.080000 1208.056000 1043.368000 1.000000
1293.766400 2571.232000 1209.718400 762.481600 1.000000
1299.340800 2623.952000 1213.257600 820.403200 1.000000
1312.361600 2900.336000 1213.873600 1094.177600 1.000000
1308.665600 2789.776000 1215.340800 991.604800 1.000000
1316.249600 2963.232000 1216.728000 1155.504000 1.000000
1300.696000 2509.040000 1216.862400 697.419200 1.000000
1308.630400 2753.840000 1217.433600 960.324800 1.000000
1321.302400 2911.936000 1220.569600 1106.820800 1.000000
1312.272000 2743.984000 1220.721600 949.376000 1.000000
1313.688000 2710.480000 1221.961600 919.078400 1.000000
1313.035200 2685.952000 1223.576000 891.624000 1.000000
1316.916800 2730.400000 1224.054400 937.225600 1.000000
1313.708800 2699.552000 1224.137600 907.750400 1.000000
1305.195200 2438.480000 1224.678400 616.611200 1.000000
1312.782400 2479.536000 1227.934400 665.700800 1.000000
1328.694400 2938.720000 1229.417600 1134.880000 1.000000
1312.497600 2531.984000 1229.452800 724.611200 1.000000
1332.459200 2976.208000 1229.574400 1169.662400 1.000000
1328.160000 2905.392000 1230.739200 1106.428800 1.000000
1315.185600 2496.944000 1233.121600 686.819200 1.000000
1326.097600 2776.192000 1233.384000 981.476800 1.000000
1325.083200 2672.720000 1234.467200 881.185600 1.000000
1316.219200 2456.656000 1236.275200 640.086400 1.000000
1334.974400 2824.608000 1237.784000 1028.393600 1.000000
1323.214400 2568.144000 1238.134400 765.137600 1.000000
1335.326400 2841.824000 1238.862400 1042.379200 1.000000
1324.993600 2588.112000 1240.635200 789.121600 1.000000
1322.264000 2487.552000 1240.968000 677.032000 1.000000
1320.993600 2449.328000 1241.662400 630.731200 1.000000
1343.558400 2961.792000 1241.790400 1158.281600 1.000000
1328.923200 2620.832000 1242.593600 825.345600 1.000000
1309.721600 2063.360000 1249.456000 79.832320 1.000000
1330.932800 2437.824000 1251.497600 619.004800 1.000000
1345.028800 2736.496000 1252.544000 945.297600 1.000000
1338.968000 2575.936000 1253.320000 776.990400 1.000000
1342.883200 2646.688000 1254.980800 856.216000 1.000000
1362.372800 2993.696000 1255.291200 1188.283200 1.000000
1334.932800 2339.696000 1258.179200 493.918400 1.000000
1362.862400 2953.760000 1258.363200 1152.212800 1.000000
1352.067200 2628.992000 1259.219200 839.481600 1.000000
1362.907200 2912.064000 1259.400000 1114.670400 1.000000
1366.579200 2983.232000 1260.180800 1178.235200 1.000000
1369.179200 2992.992000 1261.809600 1187.923200 1.000000
1362.009600 2851.952000 1262.070400 1058.163200 1.000000
1361.611200 2804.608000 1262.468800 1014.948800 1.000000
1334.408000 2215.984000 1266.523200 301.950400 1.000000
1377.550400 2995.296000 1268.523200 1189.956800 1.000000
1359.776000 2684.624000 1269.310400 896.420800 1.000000
1380.276800 2924.096000 1275.008000 1127.443200 1.000000
1336.236800 2081.888000 1275.891200 115.467520 1.000000
1357.166400 2481.264000 1276.073600 673.470400 1.000000
1343.505600 2214.992000 1276.905600 304.342400 1.000000
1377.881600 2817.504000 1279.096000 1028.352000 1.000000
1342.462400 2113.680000 1279.147200 165.524800 1.000000
1363.553600 2516.080000 1279.497600 712.779200 1.000000
1386.603200 2905.408000 1280.841600 1110.100800 1.000000
1338.668800 2032.176000 1281.636800 46.170080 1.000000
1387.952000 2895.040000 1284.208000 1100.270400 1.000000
1387.076800 2852.592000 1284.718400 1061.577600 1.000000
1355.243200 2262.016000 1286.974400 371.020800 1.000000
1358.785600 2300.656000 1287.155200 422.548800 1.000000
1350.116800 2137.088000 1287.651200 199.248000 1.000000
1394.633600 2886.048000 1289.817600 1093.865600 1.000000
1397.048000 2920.224000 1289.920000 1127.204800 1.000000
1383.168000 2698.512000 1290.344000 911.864000 1.000000
1375.696000 2546.096000 1290.718400 749.528000 1.000000
1347.174400 2021.744000 1292.817600 35.310240 1.000000
1400.164800 2901.136000 1293.403200 1107.758400 1.000000
1397.843200 2821.344000 1294.096000 1034.337600 1.000000
1394.883200 2812.704000 1294.342400 1025.265600 1.000000
1366.264000 2302.144000 1294.651200 428.161600 1.000000
1400.476800 2885.104000 1295.168000 1093.750400 1.000000
1393.299200 2745.104000 1295.356800 960.017600 1.000000
1364.249600 2255.968000 1297.889600 364.137600 1.000000
1399.673600 2777.344000 1300.072000 992.478400 1.000000
1360.672000 2115.088000 1301.046400 170.344000 1.000000
1399.444800 2734.736000 1301.153600 950.460800 1.000000
1398.011200 2717.520000 1301.852800 933.545600 1.000000
1413.702400 2910.384000 1304.219200 1116.806400 1.000000
1422.312000 2951.200000 1310.099200 1154.262400 1.000000
1411.648000 2794.288000 1310.230400 1009.929600 1.000000
1380.795200 2308.768000 1311.043200 438.715200 1.000000
1428.292800 2875.568000 1320.393600 1086.187200 1.000000
1407.400000 2513.440000 1321.996800 691.036800 1.000000
1386.238400 2202.656000 1322.875200 300.233600 1.000000
1439.683200 2960.288000 1324.254400 1165.929600 1.000000
1385.862400 2176.928000 1324.600000 263.291200 1.000000
1433.452800 2844.016000 1327.003200 1056.524800 1.000000
1388.080000 2136.752000 1331.032000 210.299200 1.000000
1412.308800 2444.672000 1331.508800 612.134400 1.000000
1440.113600 2851.328000 1332.944000 1062.640000 1.000000
1395.640000 2161.728000 1335.200000 245.992000 1.000000
1416.276800 2474.736000 1335.996800 647.766400 1.000000
1409.044800 2361.888000 1336.811200 513.289600 1.000000
1411.678400 2368.896000 1336.856000 521.062400 1.000000
1412.270400 2394.496000 1338.676800 552.384000 1.000000
1413.548800 2346.208000 1342.451200 493.356800 1.000000
1423.628800 2452.800000 1344.019200 623.276800 1.000000
1432.926400 2482.176000 1350.360000 657.563200 1.000000
1410.948800 2179.904000 1350.536000 274.150400 1.000000
1416.864000 2223.984000 1354.291200 335.184000 1.000000
1411.140800 2080.976000 1358.204800 134.853600 1.000000
1410.347200 2059.760000 1358.734400 104.815840 1.000000
1433.070400 2359.024000 1359.656000 515.756800 1.000000
1471.038400 2848.480000 1360.899200 1044.713600 1.000000
1429.595200 2302.128000 1361.004800 440.798400 1.000000
1459.513600 2699.056000 1361.227200 896.160000 1.000000
1439.073600 2409.520000 1362.657600 575.800000 1.000000
1457.584000 2626.656000 1363.555200 822.004800 1.000000
1464.219200 2709.696000 1364.516800 909.296000 1.000000
1475.748800 2823.408000 1367.830400 1020.192000 1.000000
1424.153600 2092.736000 1368.259200 153.056640 1.000000
1465.848000 2685.584000 1368.313600 884.419200 1.000000
1466.792000 2702.000000 1368.798400 901.696000 1.000000
1432.110400 2223.952000 1368.886400 338.187200 1.000000
1464.704000 2638.224000 1369.536000 835.692800 1.000000
1452.020800 2501.024000 1369.880000 685.102400 1.000000
1445.697600 2420.160000 1370.068800 590.992000 1.000000
1444.249600 2383.728000 1370.641600 547.590400 1.000000
1491.264000 2961.584000 1372.216000 1151.144000 1.000000
1462.825600 2580.192000 1372.489600 773.558400 1.000000
1431.732800 2157.664000 1374.678400 249.227200 1.000000
1477.827200 2737.648000 1375.313600 938.707200 1.000000
1481.020800 2765.232000 1378.169600 967.337600 1.000000
1431.856000 2120.896000 1378.412800 195.617600 1.000000
1487.852800 2807.504000 1379.184000 1007.348800 1.000000
1437.828800 2196.000000 1379.473600 300.747200 1.000000
1474.449600 2654.864000 1379.796800 855.528000 1.000000
1491.336000 2827.296000 1381.547200 1026.971200 1.000000
1506.446400 2992.432000 1381.976000 1179.337600 1.000000
1435.216000 2102.592000 1383.137600 170.856000 1.000000
1497.417600 2847.136000 1385.180800 1044.812800 1.000000
1504.332800 2921.200000 1386.753600 1114.310400 1.000000
1502.612800 2897.040000 1387.054400 1091.368000 1.000000
1447.019200 2217.136000 1388.331200 332.065600 1.000000
1435.558400 2033.648000 1388.412800 70.278880 1.000000
1510.832000 2950.528000 1389.700800 1140.320000 1.000000
1448.185600 2188.336000 1390.355200 293.139200 1.000000
1449.929600 2157.008000 1395.428800 251.971200 1.000000
1465.715200 2278.240000 1400.164800 413.508800 1.000000
1493.913600 2595.344000 1401.660800 787.846400 1.000000
1499.691200 2656.560000 1402.500800 853.302400 1.000000
1453.809600 2109.024000 1402.640000 181.704000 1.000000
1506.865600 2739.888000 1402.739200 939.702400 1.000000
1498.065600 2629.760000 1402.830400 826.920000 1.000000
1501.745600 2674.512000 1403.228800 873.310400 1.000000
1475.377600 2348.672000 1403.520000 503.140800 1.000000
1508.915200 2749.600000 1404.384000 948.294400 1.000000
1469.600000 2285.392000 1405.073600 423.246400 1.000000
1514.320000 2784.432000 1405.598400 984.196800 1.000000
1498.017600 2589.120000 1405.988800 782.380800 1.000000
1497.588800 2571.920000 1407.451200 763.152000 1.000000
1508.304000 2647.680000 1411.385600 845.851200 1.000000
1477.288000 2283.856000 1412.273600 420.796800 1.000000
1488.529600 2407.632000 1413.836800 575.492800 1.000000
1476.484800 2230.032000 1416.556800 350.800000 1.000000
1497.300800 2416.064000 1420.638400 586.385600 1.000000
1477.233600 2117.184000 1427.769600 197.131200 1.000000
1486.396800 2175.088000 1432.238400 276.208000 1.000000
1473.878400 2032.256000 1433.528000 74.626880 1.000000
1479.779200 2073.696000 1435.244800 136.355680 1.000000
1494.672000 2179.888000 1439.641600 285.120000 1.000000
2591.184000 1199.033600 2577.024000 1930.736000 1.000000
2633.360000 1213.001600 2587.584000 1421.139200 1.000000
2802.320000 1491.723200 2601.248000 1856.976000 1.000000
2703.568000 1309.091200 2602.624000 1583.604800 1.000000
2663.840000 1169.835200 2649.888000 1457.574400 1.000000
2162.448000 1270.550400 2941.424000 1702.000000 1.000000
3856.064000 2694.656000 3058.560000 65.992320 1.000000
