353.561600 2222.768000 275.608000 261.032000 1.000000
361.588800 2167.696000 278.820800 206.910400 1.000000
353.294400 2265.072000 281.404800 305.849600 1.000000
367.224000 2148.688000 282.019200 185.675200 1.000000
353.854400 2285.872000 285.059200 324.345600 1.000000
402.032000 2598.464000 365.956800 627.684800 1.000000
428.552000 2654.752000 398.592000 677.800000 1.000000
429.065600 2681.216000 402.182400 705.504000 1.000000
445.489600 2689.600000 417.043200 712.100800 1.000000
468.732800 2640.512000 437.846400 667.041600 1.000000
469.225600 2673.424000 438.852800 700.307200 1.000000
876.078400 2142.272000 821.734400 360.545600 1.000000
887.187200 2047.664000 828.289600 275.323200 1.000000
896.636800 2069.632000 838.190400 299.046400 1.000000
906.577600 1966.160000 847.260800 197.507200 1.000000
910.107200 1989.120000 849.537600 220.761600 1.000000
887.358400 2873.536000 865.228800 1238.099200 1.000000
930.340800 2897.776000 904.731200 1279.865600 1.000000
948.411200 2519.584000 912.275200 915.164800 1.000000
956.812800 2564.912000 920.016000 965.544000 1.000000
959.712000 2617.120000 926.126400 1023.561600 1.000000
982.174400 2059.152000 933.084800 399.396800 1.000000
973.587200 2465.072000 934.022400 866.318400 1.000000
967.987200 2869.120000 935.236800 1266.670400 1.000000
967.795200 2749.696000 936.617600 1156.177600 1.000000
973.521600 2854.416000 943.051200 1255.723200 1.000000
980.225600 2681.504000 945.947200 1091.704000 1.000000
1005.264000 1969.776000 953.211200 292.731200 1.000000
983.955200 2977.920000 955.417600 1370.440000 1.000000
991.392000 2687.984000 955.912000 1103.492800 1.000000
990.193600 2821.632000 957.907200 1227.825600 1.000000
998.427200 2664.160000 964.056000 1081.736000 1.000000
1019.558400 1974.544000 969.364800 303.177600 1.000000
1014.828800 2257.312000 970.516800 644.740800 1.000000
1000.872000 2907.728000 972.312000 1310.595200 1.000000
1018.648000 2562.912000 977.833600 986.339200 1.000000
1010.640000 2930.896000 978.849600 1335.302400 1.000000
1027.689600 2093.280000 979.523200 456.667200 1.000000
1024.289600 2673.712000 989.352000 1100.222400 1.000000
1029.048000 2703.536000 991.332800 1128.363200 1.000000
1042.595200 1902.736000 992.251200 219.630400 1.000000
1041.556800 2031.280000 993.616000 380.720000 1.000000
1029.561600 2945.664000 994.675200 1349.249600 1.000000
1028.361600 2659.152000 995.968000 1080.812800 1.000000
1040.528000 2276.368000 997.931200 677.566400 1.000000
1038.856000 2604.112000 998.580800 1032.276800 1.000000
1044.144000 2316.960000 1001.307200 723.944000 1.000000
1044.916800 2330.880000 1005.625600 735.001600 1.000000
1048.283200 2308.656000 1006.168000 716.140800 1.000000
1041.368000 2982.848000 1006.916800 1385.012800 1.000000
1055.328000 2319.264000 1012.110400 727.558400 1.000000
1053.440000 2489.232000 1013.424000 916.190400 1.000000
1054.776000 2469.536000 1013.433600 896.046400 1.000000
1062.392000 1949.776000 1015.889600 284.179200 1.000000
1054.382400 2687.120000 1018.008000 1117.024000 1.000000
1065.841600 1934.368000 1018.864000 264.080000 1.000000
1064.364800 2425.296000 1022.662400 847.392000 1.000000
1062.616000 2566.976000 1023.270400 999.425600 1.000000
1072.390400 2687.504000 1031.753600 1122.764800 1.000000
1074.545600 2478.256000 1033.139200 910.726400 1.000000
1072.392000 2805.760000 1033.200000 1236.190400 1.000000
1077.139200 2424.384000 1035.388800 851.878400 1.000000
1076.110400 2766.144000 1035.593600 1198.348800 1.000000
1076.529600 2784.192000 1036.372800 1215.635200 1.000000
1078.233600 2458.112000 1036.699200 889.859200 1.000000
1088.729600 2151.568000 1046.360000 547.817600 1.000000
1094.340800 1991.392000 1048.536000 343.550400 1.000000
1095.148800 2047.248000 1050.048000 416.128000 1.000000
1090.412800 2785.296000 1050.064000 1219.262400 1.000000
1094.928000 2113.120000 1050.668800 500.988800 1.000000
1094.921600 2042.240000 1051.164800 408.745600 1.000000
1094.033600 2672.928000 1051.256000 1113.062400 1.000000
1093.297600 2876.640000 1051.777600 1303.792000 1.000000
1095.984000 2775.072000 1054.123200 1213.086400 1.000000
1099.528000 2237.600000 1055.168000 648.995200 1.000000
1100.771200 2202.512000 1056.198400 609.075200 1.000000
1100.460800 2597.616000 1058.320000 1040.876800 1.000000
1104.340800 2630.512000 1058.940800 1076.435200 1.000000
1102.348800 2803.856000 1060.398400 1241.721600 1.000000
1104.030400 2391.024000 1061.056000 821.040000 1.000000
1107.716800 1895.328000 1062.262400 224.116800 1.000000
1104.494400 2466.896000 1062.526400 903.955200 1.000000
1106.952000 2011.056000 1062.676800 372.185600 1.000000
1103.918400 2361.392000 1064.371200 783.961600 1.000000
1107.585600 2832.688000 1064.516800 1268.212800 1.000000
1108.614400 2455.920000 1066.152000 893.638400 1.000000
1108.134400 2450.816000 1066.408000 887.628800 1.000000
1113.648000 2705.920000 1070.832000 1150.377600 1.000000
1115.504000 2063.168000 1070.987200 441.972800 1.000000
1116.478400 1999.888000 1071.676800 358.092800 1.000000
1122.011200 2830.736000 1076.654400 1269.576000 1.000000
1121.552000 2806.256000 1077.502400 1247.225600 1.000000
1123.883200 2541.952000 1080.907200 991.336000 1.000000
1124.691200 2555.488000 1081.291200 1004.867200 1.000000
1129.284800 2864.704000 1083.212800 1299.318400 1.000000
1127.041600 2201.968000 1083.555200 612.628800 1.000000
1127.745600 2169.488000 1084.060800 574.872000 1.000000
1129.944000 2619.840000 1086.091200 1070.579200 1.000000
1131.310400 2823.776000 1087.328000 1262.577600 1.000000
1127.752000 1769.184000 1087.982400 41.878240 1.000000
1133.072000 2316.064000 1089.145600 741.945600 1.000000
1136.292800 2738.560000 1090.771200 1189.532800 1.000000
1137.864000 2128.048000 1092.646400 521.475200 1.000000
1140.828800 2579.344000 1096.094400 1030.441600 1.000000
1140.753600 2313.680000 1096.619200 740.296000 1.000000
1139.571200 1963.088000 1097.697600 318.227200 1.000000
1139.129600 1914.848000 1098.350400 258.337600 1.000000
1143.254400 2639.312000 1098.777600 1092.558400 1.000000
1145.225600 1992.864000 1102.369600 354.508800 1.000000
1147.451200 2374.720000 1102.438400 815.041600 1.000000
1146.891200 2179.136000 1102.867200 589.201600 1.000000
1145.822400 2305.024000 1102.980800 731.521600 1.000000
1145.152000 2138.816000 1103.009600 540.945600 1.000000
1145.264000 2071.456000 1103.825600 455.313600 1.000000
1149.908800 2235.472000 1105.859200 655.496000 1.000000
1153.193600 2749.056000 1105.897600 1202.899200 1.000000
1151.289600 2888.608000 1105.915200 1324.843200 1.000000
1146.667200 1856.144000 1106.971200 164.355200 1.000000
1155.310400 2711.472000 1108.025600 1167.625600 1.000000
1152.979200 2526.896000 1108.249600 980.907200 1.000000
1156.454400 2722.128000 1109.260800 1178.980800 1.000000
1151.358400 2001.504000 1109.323200 366.672000 1.000000
1163.654400 2953.872000 1112.259200 1391.116800 1.000000
1158.507200 2536.032000 1112.513600 992.993600 1.000000
1154.380800 2089.488000 1113.267200 482.180800 1.000000
1162.606400 2672.672000 1116.385600 1131.980800 1.000000
1160.201600 2170.464000 1118.772800 582.128000 1.000000
1164.491200 2477.152000 1119.299200 932.790400 1.000000
1165.651200 2531.456000 1120.060800 987.737600 1.000000
1169.470400 2739.680000 1121.016000 1194.742400 1.000000
1165.995200 2456.576000 1121.040000 911.793600 1.000000
1163.532800 2245.296000 1121.224000 669.251200 1.000000
1171.027200 2802.592000 1121.297600 1252.347200 1.000000
1163.611200 2030.528000 1122.380800 409.075200 1.000000
1168.665600 2509.136000 1122.859200 965.126400 1.000000
1164.344000 1975.264000 1123.568000 338.918400 1.000000
1170.211200 2493.248000 1125.664000 950.561600 1.000000
1174.747200 2776.080000 1125.670400 1228.793600 1.000000
1166.878400 2046.256000 1126.366400 428.441600 1.000000
1182.747200 2965.040000 1128.209600 1402.384000 1.000000
1184.328000 2945.776000 1129.299200 1385.731200 1.000000
1173.164800 2180.608000 1130.739200 594.688000 1.000000
1181.998400 2659.776000 1134.216000 1123.910400 1.000000
1175.156800 2169.024000 1134.444800 581.750400 1.000000
1177.321600 2208.256000 1134.582400 629.094400 1.000000
1182.555200 2703.200000 1134.590400 1164.252800 1.000000
1170.876800 1812.448000 1134.715200 101.992640 1.000000
1178.884800 2263.840000 1135.126400 692.633600 1.000000
1178.449600 2026.896000 1137.420800 405.329600 1.000000
1178.198400 2000.592000 1137.800000 371.032000 1.000000
1172.713600 1781.504000 1138.216000 61.337120 1.000000
1184.768000 2496.848000 1140.518400 954.508800 1.000000
1191.566400 2793.168000 1141.788800 1250.824000 1.000000
1199.441600 2901.408000 1144.264000 1351.424000 1.000000
1201.057600 2959.136000 1144.662400 1398.769600 1.000000
1190.577600 2336.208000 1144.809600 782.750400 1.000000
1187.910400 2237.408000 1145.446400 664.464000 1.000000
1191.456000 2438.496000 1145.846400 897.553600 1.000000
1187.881600 2151.296000 1146.558400 561.835200 1.000000
1188.329600 2284.096000 1146.851200 717.774400 1.000000
1194.798400 2615.680000 1147.419200 1081.193600 1.000000
1190.310400 2174.064000 1147.870400 590.059200 1.000000
1196.004800 2626.576000 1147.873600 1092.748800 1.000000
1190.521600 2162.976000 1148.993600 576.339200 1.000000
1196.195200 2524.624000 1149.849600 986.881600 1.000000
1195.579200 2100.944000 1155.561600 500.568000 1.000000
1199.848000 2188.576000 1157.440000 609.827200 1.000000
1198.512000 2144.176000 1158.619200 556.300800 1.000000
1203.260800 2397.968000 1158.918400 856.216000 1.000000
1200.857600 2337.360000 1159.771200 782.752000 1.000000
1206.499200 2441.312000 1160.356800 903.011200 1.000000
1207.006400 2372.544000 1163.217600 828.060800 1.000000
1211.985600 2548.768000 1164.222400 1016.227200 1.000000
1207.819200 2228.384000 1165.185600 657.768000 1.000000
1218.052800 2762.112000 1165.436800 1226.329600 1.000000
1224.838400 2937.376000 1165.804800 1383.532800 1.000000
1218.960000 2662.048000 1166.880000 1131.518400 1.000000
1213.304000 2409.376000 1167.240000 871.539200 1.000000
1209.636800 2140.352000 1169.707200 554.038400 1.000000
1213.046400 2240.048000 1171.513600 672.262400 1.000000
1211.153600 2104.304000 1171.534400 508.062400 1.000000
1232.366400 2929.248000 1173.211200 1376.022400 1.000000
1218.649600 2265.056000 1175.428800 705.022400 1.000000
1212.422400 1878.416000 1177.155200 180.843200 1.000000
1228.244800 2608.736000 1178.192000 1082.692800 1.000000
1221.635200 2115.504000 1181.796800 524.734400 1.000000
1226.929600 2268.000000 1184.662400 710.585600 1.000000
1236.870400 2576.176000 1186.054400 1052.206400 1.000000
1231.996800 2281.808000 1188.646400 731.488000 1.000000
1231.993600 2274.272000 1188.948800 721.128000 1.000000
1236.200000 2390.000000 1190.236800 852.059200 1.000000
1253.873600 2960.048000 1190.721600 1406.462400 1.000000
1245.464000 2577.040000 1194.884800 1054.684800 1.000000
1248.644800 2674.352000 1195.244800 1147.321600 1.000000
1238.352000 2226.672000 1195.788800 661.630400 1.000000
1257.913600 2977.168000 1196.339200 1421.990400 1.000000
1251.816000 2689.968000 1197.817600 1162.228800 1.000000
1258.628800 2906.048000 1199.043200 1360.792000 1.000000
1249.283200 2507.456000 1199.521600 982.052800 1.000000
1245.454400 2366.016000 1199.641600 830.209600 1.000000
1249.964800 2534.928000 1200.796800 1011.502400 1.000000
1248.108800 2431.760000 1201.323200 899.283200 1.000000
1263.064000 2932.720000 1201.857600 1383.990400 1.000000
1248.918400 2332.992000 1204.702400 793.624000 1.000000
1263.564800 2723.168000 1207.092800 1198.033600 1.000000
1253.150400 2348.144000 1207.688000 810.110400 1.000000
1257.774400 2475.952000 1209.246400 949.675200 1.000000
1264.523200 2674.800000 1209.548800 1150.336000 1.000000
1249.291200 2112.208000 1211.128000 527.211200 1.000000
1245.540800 1877.952000 1214.470400 185.601600 1.000000
1256.203200 2232.048000 1214.484800 678.566400 1.000000
1280.001600 2942.608000 1214.587200 1396.310400 1.000000
1270.777600 2690.656000 1214.982400 1167.824000 1.000000
1279.393600 2831.904000 1216.569600 1298.281600 1.000000
1275.878400 2722.080000 1218.438400 1200.515200 1.000000
1257.950400 2149.536000 1219.105600 577.529600 1.000000
1277.878400 2747.904000 1219.521600 1226.448000 1.000000
1271.643200 2510.576000 1220.276800 990.838400 1.000000
1290.011200 2929.968000 1223.329600 1386.680000 1.000000
1292.283200 2950.176000 1224.913600 1404.446400 1.000000
1278.601600 2534.352000 1226.094400 1016.481600 1.000000
1265.649600 2170.928000 1226.107200 605.164800 1.000000
1276.785600 2400.912000 1228.825600 870.017600 1.000000
1277.697600 2472.240000 1229.532800 952.385600 1.000000
1259.419200 1858.816000 1230.403200 163.062400 1.000000
1290.176000 2744.000000 1231.132800 1222.616000 1.000000
1270.916800 2184.032000 1231.467200 624.801600 1.000000
1286.633600 2477.024000 1233.665600 958.665600 1.000000
1302.633600 2961.120000 1234.035200 1415.552000 1.000000
1295.955200 2807.376000 1234.694400 1280.448000 1.000000
1278.956800 2303.216000 1235.435200 764.646400 1.000000
1264.971200 1848.208000 1236.692800 151.612640 1.000000
1284.443200 2353.872000 1238.491200 817.075200 1.000000
1294.089600 2496.688000 1241.345600 979.419200 1.000000
1266.772800 1825.408000 1242.353600 117.077440 1.000000
1313.032000 2957.360000 1243.648000 1414.516800 1.000000
1299.340800 2623.952000 1243.857600 1105.712000 1.000000
1312.361600 2900.336000 1244.081600 1363.363200 1.000000
1289.296000 2313.056000 1244.640000 772.276800 1.000000
1308.665600 2789.776000 1244.950400 1268.177600 1.000000
1300.696000 2509.040000 1247.091200 992.708800 1.000000
1308.630400 2753.840000 1247.136000 1234.524800 1.000000
1314.174400 2845.440000 1248.251200 1314.600000 1.000000
1316.139200 2858.240000 1248.470400 1327.475200 1.000000
1274.600000 1808.928000 1248.969600 95.146880 1.000000
1313.688000 2710.480000 1252.715200 1195.308800 1.000000
1313.035200 2685.952000 1253.574400 1171.316800 1.000000
1300.881600 2361.856000 1254.070400 829.446400 1.000000
1279.800000 1863.744000 1255.017600 175.360000 1.000000
1289.550400 2021.344000 1255.512000 398.049600 1.000000
1312.516800 2611.744000 1255.547200 1097.774400 1.000000
1299.777600 2281.472000 1255.716800 735.761600 1.000000
1316.916800 2730.400000 1256.560000 1213.836800 1.000000
1329.771200 2961.344000 1257.846400 1421.060800 1.000000
1328.160000 2905.392000 1257.878400 1371.411200 1.000000
1327.024000 2855.968000 1258.867200 1327.564800 1.000000
1332.459200 2976.208000 1258.880000 1434.611200 1.000000
1313.041600 2461.520000 1259.390400 946.680000 1.000000
1315.185600 2496.944000 1263.072000 983.908800 1.000000
1325.083200 2672.720000 1263.420800 1161.616000 1.000000
1335.326400 2841.824000 1267.372800 1314.524800 1.000000
1316.219200 2456.656000 1267.472000 937.041600 1.000000
1331.572800 2801.024000 1268.160000 1274.892800 1.000000
1305.340800 2170.464000 1268.883200 594.265600 1.000000
1328.923200 2620.832000 1271.521600 1110.995200 1.000000
1304.924800 2013.952000 1272.136000 389.419200 1.000000
1323.852800 2341.744000 1275.233600 811.979200 1.000000
1342.398400 2762.896000 1276.673600 1244.278400 1.000000
1330.932800 2437.824000 1279.091200 921.942400 1.000000
1316.448000 2125.152000 1280.148800 530.996800 1.000000
1345.028800 2736.496000 1281.966400 1221.371200 1.000000
1354.704000 2888.672000 1283.670400 1360.897600 1.000000
1316.022400 2001.696000 1283.734400 375.747200 1.000000
1322.035200 2081.696000 1285.782400 477.729600 1.000000
1334.932800 2339.696000 1286.409600 810.203200 1.000000
1362.907200 2912.064000 1287.958400 1381.912000 1.000000
1345.752000 2569.888000 1287.960000 1059.881600 1.000000
1360.998400 2881.744000 1288.190400 1355.670400 1.000000
1320.307200 2012.352000 1288.252800 391.417600 1.000000
1360.273600 2866.384000 1289.438400 1340.368000 1.000000
1314.508800 1837.904000 1290.574400 147.351520 1.000000
1352.067200 2628.992000 1290.625600 1121.960000 1.000000
1348.993600 2509.232000 1293.624000 998.961600 1.000000
1366.902400 2832.480000 1294.724800 1312.116800 1.000000
1365.403200 2777.440000 1296.446400 1261.211200 1.000000
1377.550400 2995.296000 1296.985600 1454.744000 1.000000
1329.276800 2041.360000 1297.473600 426.520000 1.000000
1359.776000 2684.624000 1298.436800 1176.140800 1.000000
1336.236800 2081.888000 1302.240000 481.147200 1.000000
1352.545600 2421.968000 1302.811200 905.169600 1.000000
1334.619200 2017.760000 1303.321600 401.812800 1.000000
1357.166400 2481.264000 1303.787200 971.120000 1.000000
1373.364800 2783.440000 1304.220800 1267.891200 1.000000
1342.462400 2113.680000 1304.694400 523.568000 1.000000
1338.668800 2032.176000 1306.416000 419.505600 1.000000
1377.881600 2817.504000 1306.780800 1299.636800 1.000000
1366.273600 2574.816000 1307.000000 1068.532800 1.000000
1351.684800 2281.472000 1307.308800 727.707200 1.000000
1351.515200 2246.544000 1309.051200 684.875200 1.000000
1388.307200 2925.392000 1309.795200 1394.292800 1.000000
1363.435200 2446.368000 1312.652800 933.193600 1.000000
1355.243200 2262.016000 1313.331200 704.552000 1.000000
1350.116800 2137.088000 1313.550400 553.172800 1.000000
1383.588800 2752.048000 1313.753600 1239.769600 1.000000
1387.267200 2812.608000 1315.460800 1296.659200 1.000000
1359.755200 2270.912000 1316.220800 717.052800 1.000000
1347.174400 2021.744000 1316.441600 409.753600 1.000000
1394.633600 2886.048000 1316.753600 1363.356800 1.000000
1375.696000 2546.096000 1317.518400 1041.380800 1.000000
1357.617600 2177.312000 1319.417600 608.171200 1.000000
1361.398400 2244.144000 1320.124800 684.078400 1.000000
1402.508800 2961.216000 1320.280000 1427.204800 1.000000
1393.651200 2798.368000 1320.803200 1284.142400 1.000000
1400.164800 2901.136000 1321.254400 1375.822400 1.000000
1381.659200 2584.608000 1321.739200 1081.492800 1.000000
1366.264000 2302.144000 1322.854400 753.417600 1.000000
1393.299200 2745.104000 1323.084800 1235.480000 1.000000
1345.014400 1819.456000 1326.070400 127.943840 1.000000
1353.651200 1928.960000 1327.817600 284.104000 1.000000
1398.011200 2717.520000 1327.883200 1211.326400 1.000000
1389.681600 2547.776000 1329.947200 1041.286400 1.000000
1397.540800 2685.840000 1330.276800 1179.089600 1.000000
1384.201600 2438.848000 1331.081600 921.454400 1.000000
1400.292800 2707.568000 1331.616000 1199.424000 1.000000
1367.964800 2133.632000 1331.633600 553.556800 1.000000
1350.312000 1778.880000 1332.942400 67.348480 1.000000
1399.115200 2663.152000 1333.251200 1158.270400 1.000000
1411.350400 2828.848000 1335.596800 1313.670400 1.000000
1354.868800 1824.704000 1336.299200 135.261760 1.000000
1380.795200 2308.768000 1336.459200 764.094400 1.000000
1407.420800 2674.720000 1337.217600 1168.937600 1.000000
1411.648000 2794.288000 1337.438400 1282.811200 1.000000
1360.716800 1895.984000 1338.876800 239.219200 1.000000
1357.836800 1816.800000 1341.659200 125.091360 1.000000
1411.516800 2706.816000 1341.772800 1199.532800 1.000000
1375.768000 2087.696000 1342.188800 498.081600 1.000000
1421.036800 2832.976000 1343.177600 1317.470400 1.000000
1386.238400 2202.656000 1346.028800 641.524800 1.000000
1428.292800 2875.568000 1347.515200 1353.979200 1.000000
1407.400000 2513.440000 1348.062400 992.342400 1.000000
1436.347200 2971.312000 1348.784000 1439.464000 1.000000
1405.465600 2459.968000 1350.660800 934.233600 1.000000
1395.640000 2161.728000 1356.921600 594.494400 1.000000
1409.044800 2361.888000 1359.344000 829.020800 1.000000
1412.852800 2406.384000 1360.724800 877.560000 1.000000
1377.604800 1827.408000 1361.616000 145.319680 1.000000
1412.270400 2394.496000 1362.356800 865.427200 1.000000
1447.699200 2888.992000 1363.009600 1366.011200 1.000000
1404.038400 2206.416000 1363.979200 649.568000 1.000000
1387.729600 1955.568000 1364.748800 327.352000 1.000000
1413.548800 2346.208000 1365.806400 813.500800 1.000000
1423.628800 2452.800000 1367.840000 929.516800 1.000000
1388.560000 1935.616000 1367.878400 302.342400 1.000000
1402.963200 2119.440000 1369.209600 543.110400 1.000000
1390.475200 1890.352000 1370.676800 237.835200 1.000000
1442.787200 2673.024000 1371.564800 1153.652800 1.000000
1410.948800 2179.904000 1372.579200 619.054400 1.000000
1432.926400 2482.176000 1374.072000 960.513600 1.000000
1421.262400 2268.144000 1376.320000 725.062400 1.000000
1427.635200 2370.688000 1376.523200 841.524800 1.000000
1453.084800 2731.216000 1377.574400 1209.936000 1.000000
1410.347200 2059.760000 1378.051200 469.153600 1.000000
1444.862400 2592.400000 1379.163200 1074.976000 1.000000
1411.140800 2080.976000 1380.769600 496.323200 1.000000
1421.372800 2205.216000 1381.676800 651.334400 1.000000
1433.070400 2359.024000 1383.041600 831.401600 1.000000
1429.595200 2302.128000 1383.657600 764.881600 1.000000
1414.184000 2044.480000 1384.329600 450.348800 1.000000
1408.024000 1959.408000 1385.353600 337.344000 1.000000
1433.963200 2326.416000 1385.478400 792.958400 1.000000
1439.073600 2409.520000 1385.756800 886.420800 1.000000
1451.840000 2561.904000 1387.955200 1045.588800 1.000000
1452.892800 2567.296000 1388.412800 1051.715200 1.000000
1464.219200 2709.696000 1388.552000 1191.377600 1.000000
1457.584000 2626.656000 1389.008000 1111.248000 1.000000
1432.110400 2223.952000 1389.614400 674.910400 1.000000
1450.014400 2481.072000 1391.723200 964.118400 1.000000
1454.315200 2534.240000 1392.056000 1019.788800 1.000000
1452.020800 2501.024000 1392.603200 984.430400 1.000000
1441.889600 2337.264000 1394.222400 808.179200 1.000000
1443.644800 2346.672000 1396.302400 819.166400 1.000000
1462.825600 2580.192000 1397.392000 1066.059200 1.000000
1488.321600 2891.504000 1399.158400 1360.281600 1.000000
1437.828800 2196.000000 1399.908800 641.579200 1.000000
1442.849600 2264.048000 1400.433600 724.875200 1.000000
1463.337600 2537.344000 1400.619200 1023.654400 1.000000
1486.363200 2844.384000 1401.820800 1318.062400 1.000000
1435.216000 2102.592000 1403.206400 527.036800 1.000000
1474.449600 2654.864000 1403.414400 1141.256000 1.000000
1487.852800 2807.504000 1403.708800 1283.577600 1.000000
1491.056000 2869.472000 1403.864000 1340.232000 1.000000
1476.248000 2639.456000 1404.099200 1126.960000 1.000000
1499.380800 2960.032000 1404.848000 1418.865600 1.000000
1435.558400 2033.648000 1406.932800 440.164800 1.000000
1456.854400 2353.888000 1407.041600 825.987200 1.000000
1486.160000 2739.536000 1407.187200 1221.747200 1.000000
1506.446400 2992.432000 1408.326400 1447.275200 1.000000
1458.027200 2335.360000 1409.721600 805.763200 1.000000
1429.761600 1920.912000 1410.097600 288.368000 1.000000
1504.332800 2921.200000 1411.129600 1385.356800 1.000000
1502.612800 2897.040000 1411.646400 1363.939200 1.000000
1453.952000 2234.032000 1413.012800 689.521600 1.000000
1473.588800 2490.288000 1413.457600 973.142400 1.000000
1450.172800 2146.592000 1415.060800 582.480000 1.000000
1442.184000 2021.472000 1417.046400 425.406400 1.000000
1504.398400 2826.768000 1418.040000 1301.401600 1.000000
1434.392000 1856.512000 1422.532800 199.771200 1.000000
1475.377600 2348.672000 1424.600000 821.617600 1.000000
1498.065600 2629.760000 1425.563200 1114.256000 1.000000
1516.632000 2852.320000 1426.675200 1323.276800 1.000000
1491.584000 2542.912000 1426.686400 1028.928000 1.000000
1471.873600 2274.224000 1427.224000 736.043200 1.000000
1510.150400 2772.736000 1427.395200 1251.833600 1.000000
1467.518400 2215.744000 1427.638400 667.902400 1.000000
1508.915200 2749.600000 1427.662400 1230.385600 1.000000
1471.326400 2266.800000 1428.350400 728.452800 1.000000
1458.672000 2054.320000 1429.260800 470.105600 1.000000
1472.545600 2251.584000 1429.577600 713.984000 1.000000
1456.465600 2014.928000 1429.720000 421.579200 1.000000
1508.304000 2647.680000 1434.332800 1133.340800 1.000000
1506.910400 2604.144000 1436.414400 1090.177600 1.000000
1485.281600 2300.000000 1438.358400 766.489600 1.000000
1472.932800 2135.696000 1438.534400 570.712000 1.000000
1485.240000 2264.864000 1441.230400 728.200000 1.000000
1479.697600 2172.720000 1443.652800 622.363200 1.000000
1477.233600 2117.184000 1444.939200 550.998400 1.000000
1473.878400 2032.256000 1449.580800 443.414400 1.000000
1460.372800 1844.208000 1450.241600 183.780800 1.000000
1479.779200 2073.696000 1450.849600 496.640000 1.000000
1476.388800 2023.824000 1451.828800 433.107200 1.000000
1474.225600 1996.608000 1452.404800 397.884800 1.000000
1463.107200 1816.048000 1454.723200 148.086720 1.000000
1487.502400 2010.512000 1466.300800 417.838400 1.000000
1585.088000 1684.000000 1843.168000 83.313440 1.000000
1975.168000 1689.616000 2042.032000 125.362240 1.000000
2246.384000 2213.408000 2180.624000 880.590400 1.000000
2201.248000 2059.840000 2185.984000 687.288000 1.000000
2208.816000 1961.552000 2220.912000 576.232000 1.000000
2291.872000 2184.896000 2238.416000 871.676800 1.000000
2247.680000 1917.712000 2262.240000 571.467200 1.000000
2555.120000 1206.896000 2583.568000 1226.102400 1.000000
2551.152000 1176.489600 2590.736000 1192.984000 1.000000
2553.824000 1163.676800 2597.024000 1180.886400 1.000000
2583.472000 1189.280000 2617.232000 1220.534400 1.000000
2591.184000 1199.033600 2620.912000 1234.161600 1.000000
2601.744000 1186.368000 2634.160000 1225.268800 1.000000
2748.176000 1535.891200 2635.536000 1714.976000 1.000000
2615.392000 1199.326400 2643.904000 1246.350400 1.000000
2592.400000 1221.617600 2659.888000 1401.184000 1.000000
2649.696000 1200.662400 2675.584000 1264.952000 1.000000
2815.072000 1532.108800 2693.680000 1744.448000 1.000000
2858.848000 1539.774400 2728.528000 1778.912000 1.000000
2623.488000 1128.041600 2733.488000 1340.313600 1.000000
2879.232000 1438.500800 2781.344000 1684.784000 1.000000
2905.680000 1479.563200 2787.040000 1749.600000 1.000000
2968.480000 1441.782400 2853.536000 1753.296000 1.000000
