234.648000 485.273600 25.765440 1997.312000 1.000000
260.105600 585.972800 34.662720 2092.560000 1.000000
336.561600 687.033600 90.295520 2182.256000 1.000000
299.385600 366.740800 116.284160 1853.072000 1.000000
301.545600 358.524800 119.419200 1845.296000 1.000000
309.944000 361.451200 127.674720 1848.192000 1.000000
333.985600 450.115200 135.403520 1928.128000 1.000000
394.808000 765.499200 136.850240 2259.040000 1.000000
402.276800 768.475200 144.532800 2260.064000 1.000000
332.340800 370.582400 148.028960 1854.576000 1.000000
414.152000 786.238400 154.546560 2280.384000 1.000000
375.052800 544.539200 160.217600 2017.440000 1.000000
381.134400 552.264000 166.539200 2025.520000 1.000000
364.046400 414.780800 172.556800 1894.464000 1.000000
388.228800 543.329600 173.612800 2017.104000 1.000000
374.740800 471.864000 174.820800 1948.816000 1.000000
374.036800 303.043200 200.987200 1794.256000 1.000000
382.227200 348.488000 201.339200 1830.064000 1.000000
394.300800 409.619200 203.572800 1890.608000 1.000000
390.523200 377.672000 204.684800 1859.232000 1.000000
389.179200 374.428800 205.673600 1859.776000 1.000000
386.056000 300.784000 211.556800 1792.288000 1.000000
465.950400 775.376000 213.289600 2258.848000 1.000000
348.526400 34.492160 221.939200 1541.969600 1.000000
403.705600 352.958400 222.582400 1837.520000 1.000000
364.044800 85.950080 227.656000 1585.204800 1.000000
363.115200 80.019680 228.313600 1579.876800 1.000000
353.044800 27.517120 228.692800 1536.500800 1.000000
428.340800 377.908800 243.761600 1860.224000 1.000000
384.769600 95.416160 245.963200 1592.963200 1.000000
440.310400 397.542400 251.936000 1879.280000 1.000000
390.508800 93.787840 253.212800 1591.132800 1.000000
487.112000 651.764800 256.033600 2127.008000 1.000000
493.259200 673.923200 257.976000 2151.312000 1.000000
467.905600 528.400000 258.540800 2001.776000 1.000000
451.076800 413.713600 260.144000 1893.776000 1.000000
475.732800 554.139200 261.120000 2026.384000 1.000000
506.678400 730.704000 262.507200 2205.040000 1.000000
499.900800 652.196800 269.222400 2129.040000 1.000000
504.137600 674.534400 269.780800 2147.296000 1.000000
516.225600 725.012800 273.174400 2199.456000 1.000000
467.008000 417.249600 273.732800 1894.448000 1.000000
505.491200 625.246400 278.937600 2097.680000 1.000000
507.636800 616.478400 283.192000 2089.168000 1.000000
504.075200 596.696000 283.918400 2066.752000 1.000000
486.336000 465.526400 287.112000 1944.000000 1.000000
502.435200 547.353600 289.928000 2019.936000 1.000000
453.398400 208.627200 292.358400 1706.688000 1.000000
498.841600 498.321600 294.763200 1971.072000 1.000000
499.750400 473.083200 298.939200 1949.008000 1.000000
436.096000 40.362240 307.848000 1541.812800 1.000000
483.884800 314.424000 308.528000 1797.920000 1.000000
706.185600 873.555200 449.497600 2301.248000 1.000000
726.262400 738.457600 493.961600 2145.488000 1.000000
774.696000 729.985600 545.873600 2131.744000 1.000000
785.009600 741.867200 553.316800 2141.040000 1.000000
811.230400 762.811200 580.504000 2160.832000 1.000000
867.945600 744.195200 639.406400 2135.840000 1.000000
898.857600 727.017600 672.798400 2115.968000 1.000000
904.060800 750.619200 677.428800 2137.792000 1.000000
902.684800 705.742400 679.964800 2094.688000 1.000000
895.841600 568.691200 690.432000 1963.472000 1.000000
988.508800 369.348800 804.281600 1766.960000 1.000000
1105.286400 717.504000 888.840000 2087.296000 1.000000
1177.228800 762.561600 957.012800 2122.256000 1.000000
1243.264000 763.027200 1021.078400 2118.352000 1.000000
1341.249600 317.452800 1143.467200 1693.792000 1.000000
1801.904000 322.152000 1159.155200 1664.064000 1.000000
1556.664000 972.336000 1340.425600 2350.304000 1.000000
1574.948800 741.424000 1360.544000 2062.688000 1.000000
1591.598400 727.452800 1376.035200 2047.392000 1.000000
1617.968000 230.332800 1403.273600 1596.481600 1.000000
1727.040000 792.144000 1513.486400 2100.096000 1.000000
1730.352000 785.084800 1519.046400 2092.288000 1.000000
1739.184000 788.606400 1523.147200 2093.856000 1.000000
1776.304000 364.283200 1547.304000 1705.024000 1.000000
1778.608000 581.678400 1558.121600 1894.384000 1.000000
1789.488000 564.779200 1565.710400 1877.264000 1.000000
1793.168000 579.369600 1571.308800 1890.640000 1.000000
1982.336000 763.574400 1759.728000 2048.960000 1.000000
2008.448000 791.756800 1791.488000 2073.440000 1.000000
2043.440000 1017.686400 1846.896000 2349.056000 1.000000
2044.592000 1006.808000 1847.296000 2338.544000 1.000000
2116.304000 892.104000 1904.352000 2177.696000 1.000000
2131.008000 896.814400 1921.408000 2186.048000 1.000000
2154.912000 813.555200 1935.408000 2100.560000 1.000000
2146.464000 905.844800 1937.648000 2194.528000 1.000000
2161.504000 895.249600 1951.840000 2182.032000 1.000000
2186.560000 652.192000 1953.344000 1815.888000 1.000000
2172.304000 830.505600 1954.496000 2115.712000 1.000000
2170.864000 890.952000 1961.328000 2179.392000 1.000000
2179.040000 959.894400 1979.376000 2249.296000 1.000000
2206.848000 932.083200 1999.456000 2216.000000 1.000000
2213.648000 922.995200 2006.416000 2205.216000 1.000000
2213.152000 975.761600 2009.872000 2261.648000 1.000000
2214.992000 958.233600 2010.944000 2243.024000 1.000000
2220.336000 932.198400 2013.840000 2215.424000 1.000000
2223.040000 944.998400 2017.200000 2228.368000 1.000000
2228.288000 902.776000 2017.712000 2182.848000 1.000000
2220.672000 969.320000 2017.920000 2253.184000 1.000000
2227.536000 977.131200 2026.112000 2262.592000 1.000000
2237.104000 911.350400 2027.664000 2192.256000 1.000000
2233.632000 948.993600 2029.376000 2230.416000 1.000000
2232.688000 958.340800 2029.632000 2242.288000 1.000000
2237.136000 1006.756800 2037.104000 2291.344000 1.000000
2249.056000 906.099200 2039.072000 2184.048000 1.000000
2649.696000 1200.662400 2337.808000 1472.628800 1.000000
2666.832000 1674.032000 2411.216000 1736.256000 1.000000
2799.136000 1400.409600 2483.616000 1521.524800 1.000000
2921.376000 1494.508800 2603.152000 1518.196800 1.000000
2925.792000 1475.984000 2604.048000 1496.814400 1.000000
2968.480000 1441.782400 2632.592000 1462.822400 1.000000
2940.944000 1806.208000 2688.160000 1730.176000 1.000000
