394.300800 409.619200 94.858240 2700.816000 1.000000
378.275200 328.697600 99.284160 2609.264000 1.000000
440.310400 397.542400 147.825920 2687.232000 1.000000
439.014400 363.742400 152.711040 2647.360000 1.000000
502.435200 547.353600 172.964800 2841.968000 1.000000
566.777600 477.667200 250.555200 2838.800000 1.000000
516.390400 69.715520 251.921600 2667.056000 1.000000
558.904000 84.507520 335.915200 2375.840000 1.000000
728.294400 672.235200 411.012800 2850.944000 1.000000
785.009600 741.867200 458.004800 2927.088000 1.000000
867.945600 744.195200 552.193600 2916.880000 1.000000
895.708800 765.700800 582.726400 2939.072000 1.000000
890.603200 43.652800 702.652800 2057.040000 1.000000
988.508800 369.348800 744.345600 2476.544000 1.000000
1778.608000 581.678400 1104.417600 2605.440000 1.000000
1341.249600 317.452800 1108.632000 2368.288000 1.000000
1436.097600 507.974400 1198.820800 2546.288000 1.000000
1539.876800 768.160000 1305.937600 2817.728000 1.000000
1591.598400 727.452800 1368.404800 2755.664000 1.000000
1613.392000 748.468800 1392.708800 2775.824000 1.000000
2134.704000 842.729600 1975.504000 2839.488000 1.000000
2172.304000 830.505600 2014.480000 2817.344000 1.000000
2161.504000 895.249600 2019.264000 2895.344000 1.000000
2176.032000 852.003200 2027.440000 2844.416000 1.000000
2166.704000 921.041600 2029.712000 2923.440000 1.000000
2206.848000 932.083200 2075.328000 2931.088000 1.000000
2213.648000 922.995200 2082.224000 2916.480000 1.000000
2214.992000 958.233600 2088.032000 2963.408000 1.000000
2224.016000 934.254400 2096.272000 2930.064000 1.000000
2223.040000 944.998400 2098.016000 2944.192000 1.000000
2220.672000 969.320000 2101.168000 2976.384000 1.000000
2235.344000 934.491200 2109.536000 2927.952000 1.000000
2233.632000 948.993600 2111.952000 2945.616000 1.000000
2232.688000 958.340800 2114.176000 2958.976000 1.000000
