965.702400 2562.368000 845.225600 492.548800 1.000000
1008.251200 2393.360000 884.457600 294.201600 1.000000
993.476800 2995.072000 884.724800 979.075200 1.000000
1005.281600 2591.248000 886.348800 548.948800 1.000000
1007.851200 2728.944000 891.340800 706.812800 1.000000
1010.640000 2930.896000 899.950400 924.241600 1.000000
1028.001600 2353.312000 905.444800 250.753600 1.000000
1028.361600 2659.152000 915.518400 636.331200 1.000000
1029.433600 2787.456000 915.528000 780.024000 1.000000
1044.916800 2330.880000 925.176000 224.209600 1.000000
1054.060800 2768.288000 937.715200 762.195200 1.000000
1064.608000 2345.840000 946.838400 252.481600 1.000000
1083.390400 2605.264000 962.992000 600.912000 1.000000
1084.102400 2827.088000 966.824000 845.969600 1.000000
1090.412800 2785.296000 973.856000 798.851200 1.000000
1097.481600 2827.792000 979.334400 849.296000 1.000000
1099.528000 2237.600000 980.457600 127.327040 1.000000
1102.379200 2814.528000 984.924800 838.484800 1.000000
1101.788800 2572.512000 985.390400 565.416000 1.000000
1106.027200 2278.736000 988.288000 180.553600 1.000000
1107.585600 2832.688000 989.243200 855.896000 1.000000
1117.118400 2959.024000 997.416000 991.046400 1.000000
1113.592000 2674.112000 997.756800 685.136000 1.000000
1115.932800 2830.544000 997.776000 856.888000 1.000000
1121.552000 2806.256000 1003.468800 833.334400 1.000000
1129.284800 2864.704000 1009.998400 890.940800 1.000000
1127.041600 2201.968000 1011.254400 83.380640 1.000000
1127.745600 2169.488000 1011.856000 40.315200 1.000000
1132.273600 2572.272000 1014.459200 574.448000 1.000000
1139.619200 2961.072000 1018.332800 997.508800 1.000000
1141.379200 2625.312000 1023.307200 641.038400 1.000000
1142.790400 2606.928000 1023.841600 618.524800 1.000000
1141.825600 2417.472000 1024.595200 383.294400 1.000000
1141.553600 2166.464000 1028.632000 38.400960 1.000000
1147.451200 2374.720000 1028.734400 329.147200 1.000000
1146.054400 2211.200000 1033.137600 101.794560 1.000000
1155.540800 2812.016000 1035.899200 845.099200 1.000000
1163.654400 2953.872000 1040.864000 996.696000 1.000000
1163.856000 2908.688000 1041.435200 954.708800 1.000000
1168.779200 2991.552000 1045.470400 1032.707200 1.000000
1160.201600 2170.464000 1049.548800 46.271520 1.000000
1171.027200 2802.592000 1050.470400 841.780800 1.000000
1175.902400 2929.264000 1052.318400 976.342400 1.000000
1173.521600 2788.880000 1052.691200 827.358400 1.000000
1169.328000 2462.848000 1053.515200 457.067200 1.000000
1173.785600 2817.376000 1056.083200 861.969600 1.000000
1184.328000 2945.776000 1058.051200 992.036800 1.000000
1182.747200 2965.040000 1058.414400 1010.976000 1.000000
1188.196800 2884.128000 1065.163200 936.780800 1.000000
1189.025600 2743.552000 1068.476800 786.363200 1.000000
1177.321600 2208.256000 1068.902400 103.888480 1.000000
1199.441600 2901.408000 1072.931200 954.080000 1.000000
1192.875200 2684.144000 1072.934400 727.449600 1.000000
1188.329600 2284.096000 1079.953600 213.132800 1.000000
1200.742400 2669.232000 1080.420800 713.480000 1.000000
1202.412800 2549.776000 1084.820800 570.939200 1.000000
1200.161600 2462.592000 1085.862400 464.568000 1.000000
1210.012800 2739.616000 1088.198400 786.153600 1.000000
1214.755200 2950.064000 1088.395200 1001.785600 1.000000
1210.292800 2716.064000 1089.616000 762.078400 1.000000
1206.499200 2441.312000 1092.723200 440.246400 1.000000
1218.652800 2742.800000 1096.896000 791.907200 1.000000
1211.804800 2425.520000 1097.182400 422.980800 1.000000
1218.960000 2662.048000 1097.843200 709.256000 1.000000
1224.894400 2885.600000 1099.056000 944.931200 1.000000
1213.304000 2409.376000 1099.628800 403.777600 1.000000
1228.027200 2910.352000 1100.563200 966.024000 1.000000
1232.366400 2929.248000 1103.744000 981.992000 1.000000
1231.780800 2975.904000 1103.808000 1027.774400 1.000000
1221.715200 2506.752000 1106.568000 524.316800 1.000000
1231.324800 2654.752000 1111.635200 702.824000 1.000000
1241.784000 2690.784000 1120.908800 742.531200 1.000000
1242.539200 2724.880000 1121.584000 779.864000 1.000000
1255.801600 2986.800000 1124.224000 1043.449600 1.000000
1236.200000 2390.000000 1125.075200 380.251200 1.000000
1258.628800 2906.048000 1130.360000 967.630400 1.000000
1263.064000 2932.720000 1133.465600 993.739200 1.000000
1249.283200 2507.456000 1133.990400 537.340800 1.000000
1245.454400 2366.016000 1134.952000 355.284800 1.000000
1257.550400 2255.568000 1153.206400 205.777600 1.000000
1274.724800 2553.664000 1157.918400 599.792000 1.000000
1292.283200 2950.176000 1158.444800 1016.254400 1.000000
1267.649600 2381.232000 1160.308800 374.643200 1.000000
1264.556800 2275.344000 1161.025600 234.494400 1.000000
1290.176000 2744.000000 1166.515200 814.289600 1.000000
1302.633600 2961.120000 1166.568000 1028.081600 1.000000
1272.777600 2284.736000 1168.779200 249.128000 1.000000
1295.465600 2755.040000 1169.945600 829.121600 1.000000
1290.984000 2507.440000 1176.027200 548.174400 1.000000
1284.443200 2353.872000 1178.611200 339.163200 1.000000
1294.800000 2550.256000 1178.897600 598.360000 1.000000
1308.665600 2789.776000 1180.713600 863.411200 1.000000
1308.630400 2753.840000 1182.897600 831.264000 1.000000
1300.696000 2509.040000 1186.566400 553.073600 1.000000
1313.688000 2710.480000 1188.520000 786.417600 1.000000
1313.035200 2685.952000 1190.539200 759.544000 1.000000
1329.771200 2961.344000 1192.996800 1037.392000 1.000000
1305.195200 2438.480000 1194.441600 464.846400 1.000000
1332.459200 2976.208000 1195.046400 1051.406400 1.000000
1326.097600 2776.192000 1199.278400 853.161600 1.000000
1315.185600 2496.944000 1202.131200 539.859200 1.000000
1335.326400 2841.824000 1203.832000 918.657600 1.000000
1316.219200 2456.656000 1206.926400 490.460800 1.000000
1323.214400 2568.144000 1209.057600 622.950400 1.000000
1328.923200 2620.832000 1209.441600 688.150400 1.000000
1354.843200 2992.272000 1212.752000 1068.352000 1.000000
1342.398400 2762.896000 1214.644800 841.643200 1.000000
1345.028800 2736.496000 1219.368000 816.120000 1.000000
1356.196800 2870.400000 1221.244800 953.249600 1.000000
1330.932800 2437.824000 1221.473600 468.640000 1.000000
1362.907200 2912.064000 1224.632000 993.824000 1.000000
1360.273600 2866.384000 1225.129600 950.672000 1.000000
1369.179200 2992.992000 1225.352000 1071.510400 1.000000
1366.579200 2983.232000 1225.454400 1060.155200 1.000000
1352.067200 2628.992000 1230.097600 702.473600 1.000000
1377.550400 2995.296000 1232.177600 1073.782400 1.000000
1374.790400 2952.208000 1233.744000 1034.419200 1.000000
1359.046400 2700.240000 1233.944000 780.662400 1.000000
1349.164800 2508.880000 1236.009600 559.115200 1.000000
1358.507200 2649.168000 1236.542400 726.656000 1.000000
1357.318400 2604.032000 1236.660800 675.828800 1.000000
1381.827200 2944.416000 1240.844800 1025.545600 1.000000
1373.364800 2783.440000 1242.212800 868.366400 1.000000
1377.881600 2817.504000 1244.323200 903.784000 1.000000
1354.097600 2435.760000 1247.019200 469.435200 1.000000
1357.166400 2481.264000 1247.180800 528.004800 1.000000
1386.603200 2905.408000 1247.404800 989.017600 1.000000
1367.745600 2598.976000 1248.467200 671.331200 1.000000
1366.273600 2574.816000 1248.902400 642.772800 1.000000
1395.745600 2973.888000 1249.788800 1056.222400 1.000000
1379.766400 2743.152000 1250.513600 827.470400 1.000000
1396.120000 2964.000000 1251.793600 1047.635200 1.000000
1394.633600 2886.048000 1255.160000 973.152000 1.000000
1373.324800 2506.688000 1259.745600 560.206400 1.000000
1404.865600 2953.376000 1260.556800 1036.969600 1.000000
1393.651200 2798.368000 1261.217600 887.137600 1.000000
1400.164800 2901.136000 1261.830400 986.768000 1.000000
1355.243200 2262.016000 1263.608000 195.016000 1.000000
1398.011200 2717.520000 1269.569600 804.244800 1.000000
1400.292800 2707.568000 1273.118400 792.526400 1.000000
1423.348800 2965.632000 1275.364800 1051.758400 1.000000
1408.956800 2770.672000 1275.532800 858.307200 1.000000
1428.292800 2875.568000 1287.216000 963.836800 1.000000
1436.347200 2971.312000 1287.233600 1058.062400 1.000000
1435.313600 2862.208000 1296.091200 950.985600 1.000000
1440.113600 2851.328000 1300.942400 939.662400 1.000000
1382.379200 2166.128000 1301.635200 61.696480 1.000000
1385.862400 2176.928000 1304.940800 79.356480 1.000000
1409.044800 2361.888000 1312.281600 349.641600 1.000000
1432.926400 2482.176000 1324.596800 506.544000 1.000000
1430.747200 2467.536000 1324.899200 490.062400 1.000000
1458.996800 2751.136000 1326.233600 816.249600 1.000000
1486.118400 2969.584000 1333.617600 1036.348800 1.000000
1464.219200 2709.696000 1336.169600 774.643200 1.000000
1415.753600 2172.032000 1337.052800 79.646720 1.000000
1433.070400 2359.024000 1337.208000 353.011200 1.000000
1473.764800 2795.968000 1337.865600 865.644800 1.000000
1451.840000 2561.904000 1337.888000 604.233600 1.000000
1476.272000 2810.512000 1338.153600 880.337600 1.000000
1462.779200 2667.984000 1339.185600 731.460800 1.000000
1443.500800 2433.984000 1340.113600 450.947200 1.000000
1465.848000 2685.584000 1340.988800 748.576000 1.000000
1433.963200 2326.416000 1341.640000 306.419200 1.000000
1471.721600 2721.360000 1342.412800 789.179200 1.000000
1488.321600 2891.504000 1342.435200 962.982400 1.000000
1452.020800 2501.024000 1343.808000 535.990400 1.000000
1432.598400 2282.688000 1344.611200 244.160000 1.000000
1445.697600 2420.160000 1345.888000 434.849600 1.000000
1462.825600 2580.192000 1346.072000 632.036800 1.000000
1499.380800 2960.032000 1347.206400 1027.542400 1.000000
1444.249600 2383.728000 1347.497600 388.532800 1.000000
1487.852800 2807.504000 1349.140800 878.859200 1.000000
1432.110400 2223.952000 1349.548800 160.075200 1.000000
1501.827200 2951.472000 1349.896000 1020.816000 1.000000
1491.336000 2827.296000 1350.782400 899.945600 1.000000
1474.449600 2654.864000 1350.916800 715.974400 1.000000
1463.337600 2537.344000 1351.558400 582.089600 1.000000
1504.332800 2921.200000 1354.571200 991.811200 1.000000
1497.417600 2847.136000 1355.240000 919.060800 1.000000
1455.406400 2413.376000 1355.259200 426.108800 1.000000
1496.139200 2801.024000 1358.836800 873.600000 1.000000
1442.849600 2264.048000 1359.668800 222.988800 1.000000
1517.660800 2976.912000 1360.067200 1041.912000 1.000000
1437.828800 2196.000000 1360.963200 121.462720 1.000000
1476.262400 2522.432000 1367.022400 557.497600 1.000000
1516.632000 2852.320000 1372.508800 922.595200 1.000000
1499.691200 2656.560000 1375.713600 715.120000 1.000000
1501.745600 2674.512000 1376.040000 736.908800 1.000000
1492.715200 2500.176000 1385.176000 534.404800 1.000000
1469.600000 2285.392000 1385.793600 252.716800 1.000000
1493.787200 2458.112000 1388.451200 480.259200 1.000000
1506.910400 2604.144000 1389.299200 654.953600 1.000000
1505.243200 2564.592000 1390.705600 611.963200 1.000000
1472.545600 2251.584000 1391.436800 209.324800 1.000000
1477.288000 2283.856000 1393.280000 251.608000 1.000000
1500.369600 2489.984000 1393.560000 522.297600 1.000000
1472.360000 2174.032000 1401.712000 92.673440 1.000000
1480.576000 2189.504000 1408.635200 117.748640 1.000000
1486.748800 2220.800000 1410.726400 162.011200 1.000000
2394.944000 1137.670400 2428.480000 813.524800 1.000000
2748.176000 1535.891200 2478.832000 2095.152000 1.000000
2451.040000 1156.803200 2507.440000 1051.920000 1.000000
3155.408000 1595.963200 2736.160000 1847.008000 1.000000
