309.944000 361.451200 87.994560 2427.440000 1.000000
370.241600 508.643200 117.077440 2573.632000 1.000000
394.300800 409.619200 164.819200 2470.256000 1.000000
386.056000 300.784000 179.451200 2364.544000 1.000000
420.928000 402.174400 195.516800 2462.192000 1.000000
396.734400 184.198400 216.043200 2260.800000 1.000000
499.900800 652.196800 220.393600 2734.512000 1.000000
496.755200 616.886400 225.084800 2688.560000 1.000000
447.785600 383.251200 225.344000 2443.952000 1.000000
462.345600 431.758400 231.422400 2491.488000 1.000000
474.241600 449.230400 240.488000 2509.152000 1.000000
502.435200 547.353600 246.179200 2608.528000 1.000000
486.336000 465.526400 248.796800 2525.568000 1.000000
516.390400 69.715520 328.774400 2345.600000 1.000000
719.902400 661.942400 472.224000 2599.152000 1.000000
821.840000 754.408000 515.940800 2717.376000 1.000000
785.009600 741.867200 519.550400 2704.192000 1.000000
934.766400 78.146240 531.924800 2057.856000 1.000000
867.945600 744.195200 609.840000 2693.392000 1.000000
895.708800 765.700800 639.689600 2717.248000 1.000000
904.060800 750.619200 649.739200 2696.768000 1.000000
902.684800 705.742400 653.752000 2647.296000 1.000000
886.187200 555.419200 659.089600 2488.128000 1.000000
888.435200 923.123200 680.316800 2978.880000 1.000000
890.603200 43.652800 721.814400 2080.944000 1.000000
988.508800 369.348800 789.224000 2282.320000 1.000000
993.081600 284.420800 802.150400 2202.144000 1.000000
990.131200 110.537280 819.968000 2047.536000 1.000000
1080.641600 406.350400 877.724800 2307.504000 1.000000
1556.664000 972.336000 1364.036800 2928.512000 1.000000
1613.392000 748.468800 1416.225600 2570.176000 1.000000
1727.040000 792.144000 1540.811200 2601.536000 1.000000
1739.184000 788.606400 1554.774400 2595.424000 1.000000
2008.448000 791.756800 1835.136000 2557.328000 1.000000
2044.592000 1006.808000 1914.960000 2884.064000 1.000000
1959.840000 1628.976000 1916.784000 3016.176000 1.000000
2134.704000 842.729600 1976.032000 2629.680000 1.000000
2146.464000 905.844800 2002.336000 2694.192000 1.000000
2172.304000 830.505600 2015.744000 2607.008000 1.000000
2161.504000 895.249600 2017.488000 2680.816000 1.000000
2206.848000 932.083200 2071.136000 2714.496000 1.000000
2213.648000 922.995200 2076.688000 2701.632000 1.000000
2239.968000 830.700800 2084.192000 2594.752000 1.000000
2213.152000 975.761600 2085.712000 2769.520000 1.000000
2228.288000 902.776000 2088.544000 2677.696000 1.000000
2224.016000 934.254400 2089.264000 2714.208000 1.000000
2223.040000 944.998400 2091.616000 2727.504000 1.000000
2220.672000 969.320000 2094.240000 2756.880000 1.000000
2224.624000 956.816000 2095.952000 2740.704000 1.000000
2237.104000 911.350400 2099.584000 2685.824000 1.000000
2235.344000 934.491200 2103.968000 2711.120000 1.000000
2227.536000 977.131200 2105.248000 2765.536000 1.000000
2232.688000 958.340800 2105.856000 2741.408000 1.000000
2247.104000 918.982400 2111.808000 2691.024000 1.000000
2237.136000 1006.756800 2118.672000 2802.240000 1.000000
