182.380800 168.996800 33.236480 1935.088000 1.000000
238.947200 126.875520 101.854720 1870.928000 1.000000
251.457600 108.080800 116.284160 1853.072000 1.000000
388.318400 221.924800 228.361600 1952.784000 1.000000
399.414400 141.809280 251.936000 1879.280000 1.000000
450.137600 408.371200 256.033600 2127.008000 1.000000
429.832000 280.372800 258.540800 2001.776000 1.000000
491.137600 593.132800 263.507200 2309.856000 1.000000
476.228800 493.851200 267.710400 2209.216000 1.000000
421.832000 176.838400 268.374400 1910.112000 1.000000
464.657600 408.304000 269.222400 2129.040000 1.000000
481.736000 484.380800 273.174400 2199.456000 1.000000
458.604800 314.059200 280.014400 2028.752000 1.000000
471.739200 372.275200 283.192000 2089.168000 1.000000
467.888000 351.259200 283.918400 2066.752000 1.000000
447.668800 212.825600 287.112000 1944.000000 1.000000
539.760000 698.206400 299.420800 2359.168000 1.000000
553.579200 564.283200 339.713600 2207.008000 1.000000
573.713600 645.516800 343.878400 2305.728000 1.000000
611.235200 617.372800 387.276800 2270.352000 1.000000
697.656000 516.236800 493.961600 2145.488000 1.000000
758.832000 523.100800 553.316800 2141.040000 1.000000
875.348800 672.254400 602.782400 2297.424000 1.000000
791.390400 355.174400 608.796800 1981.600000 1.000000
809.233600 364.699200 626.052800 1988.048000 1.000000
930.480000 729.654400 659.408000 2916.960000 1.000000
881.656000 531.564800 677.428800 2137.792000 1.000000
870.430400 344.576000 690.432000 1963.472000 1.000000
931.308800 722.761600 700.734400 2379.584000 1.000000
967.819200 130.459200 804.281600 1766.960000 1.000000
1062.924800 119.422400 892.296000 1748.816000 1.000000
1214.715200 1078.649600 970.924800 2740.976000 1.000000
1222.433600 1102.604800 977.190400 2779.328000 1.000000
1349.577600 94.017920 1155.582400 1700.736000 1.000000
1465.572800 548.787200 1312.649600 2081.920000 1.000000
1528.483200 568.737600 1327.891200 2094.016000 1.000000
1560.348800 607.713600 1348.243200 2127.968000 1.000000
1572.545600 541.320000 1360.544000 2062.688000 1.000000
1729.344000 601.478400 1513.486400 2100.096000 1.000000
1737.408000 594.214400 1519.046400 2092.288000 1.000000
1766.880000 649.548800 1552.385600 2143.248000 1.000000
2041.280000 818.406400 1840.960000 2339.392000 1.000000
2308.864000 377.628800 1910.048000 1932.688000 1.000000
2216.304000 752.889600 1999.456000 2216.000000 1.000000
2224.032000 742.552000 2006.416000 2205.216000 1.000000
2221.616000 796.787200 2009.872000 2261.648000 1.000000
2224.416000 779.816000 2010.944000 2243.024000 1.000000
2229.104000 753.516800 2013.840000 2215.424000 1.000000
2233.184000 766.248000 2017.200000 2228.368000 1.000000
2239.936000 723.001600 2017.712000 2182.848000 1.000000
2238.880000 742.364800 2021.360000 2203.360000 1.000000
2234.800000 799.454400 2026.112000 2262.592000 1.000000
2248.096000 731.812800 2027.664000 2192.256000 1.000000
2243.200000 769.792000 2029.376000 2230.416000 1.000000
2241.808000 780.113600 2029.632000 2242.288000 1.000000
2243.312000 832.019200 2037.104000 2291.344000 1.000000
2261.024000 725.699200 2039.072000 2184.048000 1.000000
