394.604800 2248.336000 283.547200 118.971040 1.000000
396.235200 2319.184000 294.950400 195.440000 1.000000
417.006400 2356.784000 320.248000 233.560000 1.000000
430.320000 2366.256000 337.459200 246.166400 1.000000
436.731200 2384.752000 345.876800 265.934400 1.000000
471.888000 2385.904000 379.307200 270.051200 1.000000
564.427200 2180.288000 405.788800 94.367520 1.000000
524.088000 2835.904000 476.494400 685.212800 1.000000
529.368000 2823.104000 483.963200 674.630400 1.000000
524.473600 2893.312000 484.256000 742.000000 1.000000
541.030400 2924.208000 503.129600 772.027200 1.000000
548.886400 2920.064000 510.096000 770.144000 1.000000
583.184000 2948.464000 546.430400 804.507200 1.000000
614.428800 2775.248000 564.385600 657.769600 1.000000
683.107200 2108.688000 588.568000 38.477920 1.000000
628.518400 2992.880000 594.288000 852.814400 1.000000
712.152000 2754.320000 673.576000 663.740800 1.000000
724.712000 2908.912000 682.603200 805.232000 1.000000
866.427200 2864.736000 819.064000 1153.212800 1.000000
888.339200 3009.936000 842.385600 1310.209600 1.000000
902.088000 2912.464000 852.608000 1219.032000 1.000000
942.960000 2262.384000 866.841600 548.505600 1.000000
936.753600 2799.712000 882.475200 1127.283200 1.000000
941.560000 2856.064000 886.886400 1179.979200 1.000000
944.252800 2867.472000 891.888000 1191.937600 1.000000
947.457600 2859.824000 893.099200 1184.608000 1.000000
945.382400 2992.512000 894.324800 1307.000000 1.000000
959.144000 2434.320000 894.491200 760.648000 1.000000
962.204800 2495.136000 895.283200 823.454400 1.000000
955.489600 2851.776000 903.121600 1179.630400 1.000000
972.144000 2518.272000 907.873600 854.489600 1.000000
984.240000 2382.000000 915.716800 705.358400 1.000000
983.563200 2470.208000 915.860800 806.593600 1.000000
987.926400 2387.888000 917.438400 714.686400 1.000000
984.544000 2520.976000 919.243200 859.992000 1.000000
977.942400 2751.376000 919.636800 1092.129600 1.000000
999.577600 2136.448000 921.793600 414.846400 1.000000
985.545600 2837.360000 927.540800 1173.342400 1.000000
986.188800 2801.872000 927.568000 1141.673600 1.000000
986.849600 2767.504000 928.342400 1110.273600 1.000000
988.092800 2788.960000 929.187200 1130.505600 1.000000
988.732800 2990.816000 934.147200 1319.777600 1.000000
1015.392000 1885.376000 934.326400 89.659040 1.000000
996.233600 2802.032000 937.481600 1143.572800 1.000000
1015.040000 2182.240000 941.700800 470.627200 1.000000
999.921600 2922.432000 943.982400 1257.174400 1.000000
1025.662400 1871.920000 946.032000 73.636160 1.000000
1028.600000 1979.776000 949.561600 220.512000 1.000000
1010.494400 2932.560000 952.664000 1270.336000 1.000000
1030.617600 2068.192000 952.912000 339.417600 1.000000
1020.270400 2487.808000 953.280000 835.668800 1.000000
1014.600000 2864.848000 954.531200 1212.096000 1.000000
1026.814400 2413.712000 959.398400 756.510400 1.000000
1028.811200 2391.552000 959.672000 731.708800 1.000000
1021.993600 2758.000000 961.427200 1108.091200 1.000000
1039.088000 2093.024000 962.552000 371.868800 1.000000
1036.051200 2120.896000 964.592000 399.971200 1.000000
1033.012800 2403.440000 965.118400 747.403200 1.000000
1041.883200 2098.320000 966.934400 379.760000 1.000000
1032.465600 2535.296000 967.120000 887.950400 1.000000
1036.065600 2365.184000 967.952000 703.027200 1.000000
1040.744000 2174.688000 968.710400 470.032000 1.000000
1035.979200 2460.416000 969.256000 809.788800 1.000000
1031.065600 3004.912000 970.811200 1342.068800 1.000000
1033.388800 2890.464000 972.462400 1239.120000 1.000000
1043.508800 2279.536000 972.769600 604.772800 1.000000
1049.772800 2076.704000 972.900800 353.852800 1.000000
1044.550400 2340.816000 974.456000 679.108800 1.000000
1050.280000 2096.624000 976.139200 378.332800 1.000000
1053.648000 2057.552000 976.499200 330.232000 1.000000
1045.000000 2549.200000 979.376000 903.088000 1.000000
1053.545600 2324.192000 984.246400 658.883200 1.000000
1053.064000 2449.696000 985.059200 803.763200 1.000000
1064.254400 2268.848000 993.422400 598.140800 1.000000
1069.337600 2017.984000 994.856000 286.089600 1.000000
1063.520000 2587.680000 996.780800 953.553600 1.000000
1072.944000 1952.912000 999.108800 200.592000 1.000000
1066.980800 2548.976000 999.473600 914.328000 1.000000
1066.708800 2567.312000 1000.027200 931.025600 1.000000
1071.008000 2170.400000 1000.894400 474.750400 1.000000
1076.302400 1956.208000 1001.715200 205.833600 1.000000
1077.881600 2096.496000 1004.761600 383.345600 1.000000
1074.761600 2863.760000 1009.046400 1224.868800 1.000000
1081.512000 2733.648000 1009.617600 1109.764800 1.000000
1079.558400 2551.888000 1012.987200 918.948800 1.000000
1083.097600 2369.424000 1013.177600 722.321600 1.000000
1080.715200 2536.496000 1013.817600 902.484800 1.000000
1088.257600 1997.888000 1014.048000 263.408000 1.000000
1079.403200 2570.016000 1014.379200 935.662400 1.000000
1087.868800 2052.928000 1016.715200 332.163200 1.000000
1086.195200 2998.016000 1020.048000 1346.520000 1.000000
1087.003200 2972.736000 1021.956800 1323.099200 1.000000
1088.408000 2847.344000 1022.224000 1213.366400 1.000000
1095.942400 1959.280000 1024.243200 213.212800 1.000000
1094.956800 2257.744000 1024.332800 592.424000 1.000000
1090.801600 2818.880000 1024.707200 1186.899200 1.000000
1091.588800 2598.160000 1025.220800 971.908800 1.000000
1091.038400 2590.000000 1025.427200 962.307200 1.000000
1096.121600 2478.416000 1028.243200 847.566400 1.000000
1103.208000 1978.032000 1030.830400 240.742400 1.000000
1098.772800 2580.704000 1032.051200 956.881600 1.000000
1103.732800 2492.336000 1036.625600 863.918400 1.000000
1110.200000 2332.736000 1038.476800 689.057600 1.000000
1111.736000 1917.296000 1041.137600 160.113600 1.000000
1111.718400 2768.864000 1043.926400 1145.147200 1.000000
1112.336000 2635.152000 1044.233600 1011.859200 1.000000
1110.328000 2590.352000 1044.308800 966.140800 1.000000
1114.027200 1966.272000 1045.100800 225.302400 1.000000
1118.585600 1981.968000 1048.838400 248.587200 1.000000
1117.708800 2645.472000 1049.168000 1021.724800 1.000000
1119.891200 2776.496000 1050.425600 1155.056000 1.000000
1119.966400 2051.968000 1051.932800 339.360000 1.000000
1120.696000 2767.952000 1052.478400 1146.363200 1.000000
1120.283200 2796.160000 1052.737600 1170.838400 1.000000
1121.347200 2736.304000 1053.560000 1117.068800 1.000000
1122.632000 2346.096000 1054.097600 704.028800 1.000000
1125.785600 2290.864000 1057.478400 643.928000 1.000000
1126.408000 2558.320000 1058.004800 939.155200 1.000000
1132.129600 2827.872000 1062.793600 1203.720000 1.000000
1132.435200 2428.112000 1063.108800 800.848000 1.000000
1134.608000 2168.944000 1063.601600 495.630400 1.000000
1132.969600 2804.544000 1064.196800 1183.096000 1.000000
1135.088000 2307.280000 1065.945600 664.974400 1.000000
1132.760000 2006.752000 1066.294400 286.180800 1.000000
1136.446400 2031.360000 1067.528000 316.596800 1.000000
1136.665600 2790.752000 1067.873600 1170.532800 1.000000
1140.633600 2536.112000 1072.300800 921.307200 1.000000
1139.297600 2669.712000 1073.206400 1049.691200 1.000000
1143.297600 2048.336000 1073.843200 338.542400 1.000000
1147.740800 2926.416000 1075.732800 1293.683200 1.000000
1145.699200 2744.848000 1076.672000 1130.803200 1.000000
1143.321600 1992.560000 1076.804800 268.009600 1.000000
1152.734400 2845.136000 1079.454400 1221.425600 1.000000
1146.758400 1851.616000 1079.894400 71.387040 1.000000
1150.339200 2856.272000 1080.024000 1230.896000 1.000000
1151.216000 2733.232000 1080.531200 1120.936000 1.000000
1150.699200 2690.432000 1080.569600 1080.611200 1.000000
1150.862400 2461.824000 1081.268800 845.788800 1.000000
1152.073600 2705.152000 1081.664000 1094.291200 1.000000
1152.675200 2684.640000 1082.763200 1074.660800 1.000000
1154.676800 2697.776000 1083.520000 1087.204800 1.000000
1156.832000 2807.888000 1083.896000 1187.996800 1.000000
1152.558400 2324.736000 1084.433600 688.092800 1.000000
1157.235200 2788.416000 1086.496000 1172.260800 1.000000
1160.056000 2957.584000 1086.497600 1324.668800 1.000000
1158.332800 2926.112000 1086.640000 1295.193600 1.000000
1155.249600 2064.896000 1087.649600 362.012800 1.000000
1160.449600 2870.944000 1088.195200 1246.227200 1.000000
1153.216000 1842.512000 1088.544000 59.697760 1.000000
1159.625600 2701.904000 1089.592000 1092.902400 1.000000
1159.467200 2379.296000 1090.843200 752.444800 1.000000
1164.795200 2892.912000 1091.456000 1265.756800 1.000000
1163.035200 2709.872000 1091.969600 1100.472000 1.000000
1167.652800 2989.296000 1093.041600 1355.587200 1.000000
1165.868800 2882.800000 1093.878400 1257.694400 1.000000
1166.044800 2956.640000 1094.556800 1323.865600 1.000000
1160.262400 1976.736000 1094.593600 249.200000 1.000000
1163.841600 2492.256000 1095.737600 880.585600 1.000000
1170.286400 2538.112000 1100.227200 926.560000 1.000000
1168.982400 2230.960000 1100.787200 584.497600 1.000000
1180.576000 2862.832000 1105.808000 1241.515200 1.000000
1179.137600 2747.264000 1106.929600 1138.091200 1.000000
1171.256000 1985.840000 1107.524800 262.062400 1.000000
1174.619200 2034.528000 1109.592000 325.489600 1.000000
1185.177600 2883.808000 1109.611200 1261.654400 1.000000
1174.393600 1948.192000 1109.790400 211.790400 1.000000
1181.993600 2764.816000 1109.856000 1153.648000 1.000000
1175.468800 2080.384000 1111.945600 386.569600 1.000000
1184.555200 2684.432000 1111.974400 1078.782400 1.000000
1181.243200 2408.272000 1114.222400 789.889600 1.000000
1185.758400 2665.296000 1115.302400 1061.636800 1.000000
1189.296000 2785.664000 1115.801600 1175.934400 1.000000
1179.808000 1875.776000 1119.244800 109.733440 1.000000
1188.873600 2506.560000 1119.257600 897.220800 1.000000
1181.833600 1897.936000 1119.643200 140.417440 1.000000
1186.041600 2258.240000 1120.422400 618.201600 1.000000
1189.889600 2565.856000 1120.820800 958.168000 1.000000
1193.592000 2648.560000 1121.536000 1047.721600 1.000000
1191.380800 2130.192000 1124.582400 462.955200 1.000000
1201.908800 2925.488000 1125.216000 1306.064000 1.000000
1196.099200 2527.280000 1125.510400 920.609600 1.000000
1192.326400 2180.048000 1126.596800 527.555200 1.000000
1196.059200 2222.080000 1129.689600 579.496000 1.000000
1211.881600 2979.040000 1132.044800 1354.758400 1.000000
1204.316800 2454.208000 1133.513600 847.571200 1.000000
1194.827200 1922.336000 1133.723200 178.033600 1.000000
1210.542400 2669.392000 1136.827200 1069.644800 1.000000
1210.192000 2548.416000 1139.233600 945.800000 1.000000
1203.851200 2082.144000 1141.086400 403.139200 1.000000
1219.576000 2822.928000 1142.384000 1213.180800 1.000000
1214.945600 2561.392000 1143.212800 960.347200 1.000000
1219.004800 2788.496000 1143.480000 1180.078400 1.000000
1211.548800 2067.344000 1148.633600 382.803200 1.000000
1208.540800 1912.688000 1148.995200 170.313600 1.000000
1224.638400 2733.968000 1149.409600 1130.518400 1.000000
1225.952000 2766.960000 1150.563200 1161.454400 1.000000
1215.080000 2097.312000 1152.227200 426.248000 1.000000
1227.864000 2643.984000 1155.401600 1046.465600 1.000000
1235.963200 2915.744000 1156.073600 1302.555200 1.000000
1221.760000 2188.032000 1156.222400 540.262400 1.000000
1232.640000 2754.240000 1156.691200 1150.844800 1.000000
1224.262400 2347.936000 1156.976000 735.014400 1.000000
1229.454400 2492.320000 1157.369600 891.392000 1.000000
1235.036800 2791.248000 1157.633600 1185.403200 1.000000
1239.224000 2881.856000 1158.326400 1272.788800 1.000000
1241.529600 2978.096000 1158.329600 1356.398400 1.000000
1221.857600 2086.656000 1158.526400 413.849600 1.000000
1238.950400 2804.496000 1160.147200 1199.560000 1.000000
1237.684800 2788.640000 1160.203200 1182.952000 1.000000
1241.454400 2900.640000 1160.521600 1289.774400 1.000000
1226.225600 2154.992000 1161.518400 503.888000 1.000000
1230.108800 2371.392000 1162.254400 763.593600 1.000000
1242.856000 2812.544000 1163.076800 1208.728000 1.000000
1226.004800 2079.072000 1165.201600 406.278400 1.000000
1230.814400 2164.240000 1165.600000 514.926400 1.000000
1244.859200 2826.800000 1165.656000 1223.504000 1.000000
1241.699200 2757.328000 1166.145600 1154.340800 1.000000
1236.862400 2480.384000 1166.340800 879.529600 1.000000
1242.608000 2749.808000 1166.598400 1147.852800 1.000000
1234.630400 2303.424000 1166.900800 685.200000 1.000000
1242.649600 2688.976000 1167.369600 1091.408000 1.000000
1249.116800 2835.456000 1168.241600 1233.491200 1.000000
1251.950400 2939.120000 1168.532800 1323.296000 1.000000
1230.206400 1968.864000 1169.201600 256.316800 1.000000
1232.878400 2211.040000 1169.451200 572.070400 1.000000
1231.675200 2110.112000 1169.537600 447.145600 1.000000
1239.248000 2357.536000 1171.080000 749.635200 1.000000
1247.164800 2713.776000 1171.264000 1116.032000 1.000000
1242.984000 2524.016000 1171.281600 928.371200 1.000000
1250.806400 2856.672000 1172.136000 1251.827200 1.000000
1238.404800 2146.480000 1175.347200 494.870400 1.000000
1250.976000 2640.096000 1176.299200 1046.427200 1.000000
1257.244800 2829.088000 1177.188800 1228.088000 1.000000
1256.780800 2648.432000 1181.659200 1056.276800 1.000000
1260.928000 2724.736000 1182.510400 1128.862400 1.000000
1261.278400 2732.496000 1183.678400 1136.139200 1.000000
1267.585600 2843.888000 1184.904000 1243.297600 1.000000
1266.228800 2807.296000 1185.356800 1208.731200 1.000000
1244.848000 2033.488000 1185.868800 351.326400 1.000000
1265.403200 2739.968000 1185.996800 1143.092800 1.000000
1253.577600 2248.288000 1187.574400 620.534400 1.000000
1267.443200 2727.248000 1189.363200 1131.497600 1.000000
1246.899200 1938.272000 1189.832000 214.673600 1.000000
1253.108800 2179.040000 1190.201600 534.364800 1.000000
1271.899200 2812.528000 1190.217600 1214.668800 1.000000
1267.280000 2720.288000 1190.500800 1125.422400 1.000000
1270.019200 2762.432000 1190.828800 1164.972800 1.000000
1272.600000 2671.120000 1196.510400 1079.222400 1.000000
1280.059200 2824.832000 1198.006400 1228.510400 1.000000
1267.016000 2315.968000 1198.406400 708.091200 1.000000
1258.307200 2061.616000 1198.934400 388.768000 1.000000
1281.310400 2816.640000 1200.129600 1221.019200 1.000000
1273.665600 2534.352000 1200.808000 944.788800 1.000000
1276.144000 2659.568000 1201.084800 1069.065600 1.000000
1256.163200 1983.680000 1201.387200 285.148800 1.000000
1283.004800 2808.016000 1201.721600 1213.470400 1.000000
1277.470400 2546.048000 1204.756800 956.472000 1.000000
1288.468800 2843.360000 1205.212800 1244.963200 1.000000
1287.912000 2798.944000 1205.531200 1204.740800 1.000000
1284.012800 2706.624000 1206.252800 1116.382400 1.000000
1268.984000 2151.968000 1206.899200 501.668800 1.000000
1277.315200 2443.632000 1207.267200 850.686400 1.000000
1272.395200 2181.920000 1209.699200 541.016000 1.000000
1299.331200 2946.976000 1211.126400 1336.542400 1.000000
1276.676800 2294.096000 1211.467200 682.408000 1.000000
1293.779200 2723.264000 1213.752000 1133.830400 1.000000
1294.044800 2683.760000 1213.873600 1094.177600 1.000000
1286.673600 2469.520000 1214.121600 881.344000 1.000000
1299.705600 2884.576000 1214.132800 1282.388800 1.000000
1294.774400 2714.720000 1215.123200 1125.950400 1.000000
1288.601600 2579.248000 1215.340800 991.604800 1.000000
1282.344000 2281.488000 1215.768000 668.764800 1.000000
1279.625600 2258.304000 1215.836800 640.619200 1.000000
1297.600000 2745.264000 1217.088000 1155.342400 1.000000
1291.929600 2545.968000 1217.433600 960.324800 1.000000
1295.612800 2596.096000 1219.630400 1009.596800 1.000000
1310.569600 2955.600000 1219.852800 1345.353600 1.000000
1295.744000 2503.680000 1221.961600 919.078400 1.000000
1298.729600 2589.888000 1222.065600 1003.425600 1.000000
1300.811200 2581.840000 1222.689600 995.398400 1.000000
1298.371200 2553.264000 1223.432000 968.112000 1.000000
1298.680000 2521.904000 1224.054400 937.225600 1.000000
1297.302400 2493.520000 1224.137600 907.750400 1.000000
1312.440000 2871.008000 1225.996800 1273.088000 1.000000
1312.852800 2856.064000 1227.257600 1261.011200 1.000000
1296.331200 2260.432000 1227.985600 646.912000 1.000000
1309.958400 2734.656000 1228.044800 1148.502400 1.000000
1309.385600 2742.752000 1228.100800 1156.038400 1.000000
1321.521600 2919.824000 1229.150400 1768.464000 1.000000
1319.947200 2852.768000 1233.532800 1257.662400 1.000000
1305.729600 2467.040000 1234.467200 881.185600 1.000000
1301.148800 2255.744000 1236.275200 640.086400 1.000000
1327.374400 2859.088000 1239.091200 1263.849600 1.000000
1328.568000 2833.936000 1241.358400 1240.051200 1.000000
1332.267200 2903.344000 1243.212800 1302.148800 1.000000
1317.161600 2439.008000 1244.782400 852.977600 1.000000
1326.744000 2659.968000 1246.163200 1078.865600 1.000000
1332.964800 2812.752000 1246.452800 1221.604800 1.000000
1314.617600 2236.624000 1251.497600 619.004800 1.000000
1326.134400 2528.432000 1252.544000 945.297600 1.000000
1344.000000 2871.920000 1253.393600 1276.820800 1.000000
1299.796800 1869.728000 1253.891200 100.802560 1.000000
1326.120000 2441.072000 1254.980800 856.216000 1.000000
1350.345600 2937.296000 1256.084800 1334.008000 1.000000
1336.820800 2656.768000 1256.676800 1076.243200 1.000000
1331.313600 2512.768000 1256.782400 931.345600 1.000000
1318.460800 2138.848000 1258.179200 493.918400 1.000000
1335.004800 2423.616000 1259.219200 839.481600 1.000000
1342.236800 2694.576000 1259.400000 1114.670400 1.000000
1354.721600 2957.120000 1259.696000 1352.403200 1.000000
1354.958400 2915.120000 1262.217600 1314.569600 1.000000
1314.192000 2000.784000 1263.580800 287.897600 1.000000
1331.555200 2305.616000 1265.059200 703.105600 1.000000
1317.832000 2011.648000 1266.523200 301.950400 1.000000
1343.193600 2517.184000 1268.326400 936.518400 1.000000
1334.288000 2341.952000 1268.689600 746.310400 1.000000
1341.481600 2478.160000 1269.310400 896.420800 1.000000
1369.593600 2882.240000 1274.825600 1288.419200 1.000000
1320.220800 1876.576000 1275.891200 115.467520 1.000000
1340.054400 2279.584000 1276.073600 673.470400 1.000000
1357.240000 2606.768000 1279.096000 1028.352000 1.000000
1327.398400 1908.624000 1279.147200 165.524800 1.000000
1376.360000 2940.848000 1279.268800 1340.793600 1.000000
1371.236800 2774.144000 1282.851200 1190.960000 1.000000
1362.550400 2590.496000 1283.126400 1013.755200 1.000000
1360.136000 2555.776000 1283.214400 978.235200 1.000000
1376.864000 2852.592000 1284.128000 1262.803200 1.000000
1368.228800 2678.208000 1284.208000 1100.270400 1.000000
1352.838400 2322.800000 1286.873600 727.398400 1.000000
1379.208000 2840.912000 1287.150400 1253.694400 1.000000
1386.288000 2929.184000 1288.249600 1331.972800 1.000000
1364.299200 2450.304000 1291.393600 867.590400 1.000000
1390.422400 2939.248000 1291.926400 1340.504000 1.000000
1380.115200 2743.024000 1292.668800 1163.267200 1.000000
1330.921600 1817.712000 1292.817600 35.310240 1.000000
1382.464000 2736.160000 1294.603200 1156.225600 1.000000
1364.308800 2394.944000 1294.675200 809.236800 1.000000
1371.532800 2535.904000 1295.356800 960.017600 1.000000
1350.793600 2114.704000 1295.606400 448.283200 1.000000
1342.929600 1894.224000 1300.624000 146.926560 1.000000
1397.112000 2876.976000 1301.974400 1285.652800 1.000000
1404.576000 2969.456000 1303.380800 1368.577600 1.000000
1392.264000 2732.272000 1304.648000 1152.281600 1.000000
1398.625600 2733.312000 1310.099200 1154.262400 1.000000
1408.177600 2768.512000 1316.934400 1188.862400 1.000000
1405.833600 2661.136000 1320.393600 1086.187200 1.000000
1386.948800 2307.872000 1321.996800 691.036800 1.000000
1370.062400 1998.592000 1322.875200 300.233600 1.000000
1420.715200 2886.704000 1323.022400 1298.419200 1.000000
1425.822400 2924.576000 1323.614400 1333.188800 1.000000
1411.265600 2630.928000 1327.003200 1056.524800 1.000000
1430.203200 2915.968000 1327.979200 1324.147200 1.000000
1372.336000 1933.888000 1331.032000 210.299200 1.000000
1417.129600 2637.600000 1332.944000 1062.640000 1.000000
1368.684800 1826.064000 1333.438400 56.866400 1.000000
1428.380800 2791.440000 1334.254400 1211.462400 1.000000
1393.788800 2218.432000 1334.811200 586.254400 1.000000
1425.281600 2726.480000 1334.830400 1150.148800 1.000000
1378.795200 1958.784000 1335.200000 245.992000 1.000000
1397.737600 2269.392000 1335.996800 647.766400 1.000000
1429.209600 2765.808000 1336.345600 1188.296000 1.000000
1391.561600 2158.624000 1336.811200 513.289600 1.000000
1395.028800 2190.608000 1338.676800 552.384000 1.000000
1396.382400 2142.656000 1342.451200 493.356800 1.000000
1432.864000 2742.240000 1342.486400 1164.555200 1.000000
1403.547200 2248.256000 1344.019200 623.276800 1.000000
1384.958400 1916.560000 1346.798400 187.942400 1.000000
1411.321600 2262.784000 1349.945600 642.108800 1.000000
1392.800000 1977.248000 1350.536000 274.150400 1.000000
1398.616000 1970.240000 1355.649600 264.020800 1.000000
1424.928000 2395.856000 1355.947200 795.387200 1.000000
1438.817600 2609.008000 1356.137600 1020.115200 1.000000
1414.204800 2123.184000 1361.752000 471.732800 1.000000
1439.956800 2498.464000 1364.516800 909.296000 1.000000
1397.931200 1841.392000 1364.891200 81.708480 1.000000
1469.979200 2899.120000 1367.107200 1294.654400 1.000000
1452.656000 2606.720000 1367.830400 1020.192000 1.000000
1404.443200 1889.280000 1368.259200 153.056640 1.000000
1443.006400 2474.512000 1368.313600 884.419200 1.000000
1413.096000 2022.544000 1368.886400 338.187200 1.000000
1431.672000 2296.352000 1369.880000 685.102400 1.000000
1427.259200 2216.544000 1370.068800 590.992000 1.000000
1423.657600 2136.080000 1371.662400 489.305600 1.000000
1441.475200 2373.456000 1372.489600 773.558400 1.000000
1483.076800 2964.912000 1373.699200 1356.424000 1.000000
1484.376000 2975.392000 1373.966400 1359.753600 1.000000
1421.216000 2046.896000 1375.161600 374.654400 1.000000
1442.361600 2331.168000 1377.267200 727.179200 1.000000
1417.753600 1979.456000 1377.350400 281.862400 1.000000
1435.867200 2208.560000 1378.473600 581.392000 1.000000
1461.889600 2591.680000 1379.184000 1007.348800 1.000000
1452.116800 2445.312000 1379.796800 855.528000 1.000000
1452.596800 2431.312000 1380.790400 839.225600 1.000000
1466.635200 2612.000000 1381.547200 1026.971200 1.000000
1483.121600 2849.904000 1381.616000 1252.012800 1.000000
1418.185600 1899.856000 1383.137600 170.856000 1.000000
1437.734400 2151.712000 1385.112000 508.478400 1.000000
1478.604800 2714.768000 1385.748800 1126.972800 1.000000
1420.024000 1907.920000 1386.022400 181.681600 1.000000
1445.246400 2234.784000 1386.507200 612.849600 1.000000
1430.033600 2014.544000 1388.331200 332.065600 1.000000
1440.262400 2132.752000 1388.403200 488.500800 1.000000
1497.065600 2926.512000 1388.532800 1319.854400 1.000000
1448.755200 2263.648000 1390.760000 645.956800 1.000000
1468.329600 2446.960000 1394.088000 855.192000 1.000000
1432.822400 1956.848000 1395.428800 251.971200 1.000000
1478.484800 2517.808000 1399.993600 931.164800 1.000000
1446.278400 2076.192000 1400.164800 413.508800 1.000000
1478.683200 2486.416000 1402.129600 895.881600 1.000000
1436.329600 1906.528000 1402.640000 181.704000 1.000000
1473.812800 2417.728000 1402.830400 826.920000 1.000000
1477.964800 2463.360000 1403.228800 873.310400 1.000000
1484.385600 2535.616000 1404.384000 948.294400 1.000000
1475.257600 2350.880000 1407.220800 747.435200 1.000000
1453.272000 2049.600000 1408.902400 383.305600 1.000000
1457.622400 2081.152000 1412.273600 420.796800 1.000000
1467.916800 2190.608000 1414.244800 558.907200 1.000000
1440.132800 1840.528000 1414.388800 87.370720 1.000000
1454.438400 1989.536000 1415.411200 299.107200 1.000000
1457.641600 2027.344000 1416.556800 350.800000 1.000000
1476.344000 2212.368000 1420.638400 586.385600 1.000000
1479.643200 2227.600000 1422.699200 606.427200 1.000000
1466.664000 2000.464000 1428.764800 314.144000 1.000000
1467.472000 1972.880000 1432.238400 276.208000 1.000000
1456.068800 1808.048000 1434.984000 41.417280 1.000000
1461.963200 1872.032000 1435.244800 136.355680 1.000000
1475.523200 1976.480000 1439.641600 285.120000 1.000000
1491.776000 2085.824000 1450.542400 431.596800 1.000000
2556.176000 1315.347200 2517.616000 1371.987200 1.000000
2567.088000 1273.529600 2544.608000 1337.806400 1.000000
2763.584000 1686.672000 2567.856000 1876.736000 1.000000
2859.952000 1511.396800 2588.752000 1147.420800 1.000000
2958.496000 1586.836800 2759.344000 1914.944000 1.000000
