221.075200 53.803040 49.461440 2862.816000 1.000000
330.046400 234.433600 123.376800 2547.024000 1.000000
464.657600 408.304000 220.393600 2734.512000 1.000000
407.478400 127.335680 225.344000 2443.952000 1.000000
557.036800 141.023040 377.305600 2388.528000 1.000000
619.243200 468.004800 385.988800 2645.056000 1.000000
697.656000 516.236800 457.622400 2713.072000 1.000000
694.681600 361.734400 481.478400 2548.544000 1.000000
758.832000 523.100800 519.550400 2704.192000 1.000000
791.390400 355.174400 581.054400 2525.024000 1.000000
872.233600 549.116800 639.689600 2717.248000 1.000000
1785.552000 380.614400 1139.758400 2406.288000 1.000000
1352.145600 350.356800 1160.548800 2414.432000 1.000000
1858.432000 247.825600 1197.388800 2272.656000 1.000000
1711.136000 594.124800 1522.670400 2597.488000 1.000000
1729.344000 601.478400 1540.811200 2601.536000 1.000000
2002.800000 559.876800 1813.840000 2508.624000 1.000000
2018.960000 606.244800 1835.136000 2557.328000 1.000000
2041.280000 818.406400 1906.768000 2888.560000 1.000000
2144.256000 661.320000 1976.032000 2629.680000 1.000000
2178.112000 673.187200 2013.648000 2632.128000 1.000000
2183.296000 649.008000 2015.744000 2607.008000 1.000000
2041.424000 1435.534400 2034.000000 2973.680000 1.000000
2213.840000 686.414400 2054.576000 2642.608000 1.000000
2216.304000 752.889600 2071.136000 2714.496000 1.000000
2224.032000 742.552000 2076.688000 2701.632000 1.000000
2256.256000 645.356800 2084.192000 2594.752000 1.000000
2221.616000 796.787200 2085.712000 2769.520000 1.000000
2239.936000 723.001600 2088.544000 2677.696000 1.000000
2233.184000 766.248000 2091.616000 2727.504000 1.000000
2238.880000 742.364800 2093.088000 2698.464000 1.000000
2229.664000 790.660800 2094.240000 2756.880000 1.000000
2248.096000 731.812800 2099.584000 2685.824000 1.000000
2245.392000 755.292800 2103.968000 2711.120000 1.000000
2241.808000 780.113600 2105.856000 2741.408000 1.000000
2258.416000 740.403200 2111.808000 2691.024000 1.000000
2243.312000 832.019200 2118.672000 2802.240000 1.000000
2269.008000 737.446400 2119.904000 2689.568000 1.000000
2478.416000 1188.531200 2177.280000 2897.952000 1.000000
