329.859200 60.564160 170.747200 1991.712000 1.000000
385.825600 236.364800 188.692800 2147.520000 1.000000
399.414400 141.809280 221.732800 2062.032000 1.000000
449.483200 386.054400 225.132800 2292.848000 1.000000
410.308800 158.317280 229.499200 2075.408000 1.000000
407.478400 127.335680 231.017600 2048.528000 1.000000
464.657600 408.304000 234.684800 2320.512000 1.000000
481.736000 484.380800 237.716800 2393.456000 1.000000
471.739200 372.275200 248.822400 2278.704000 1.000000
452.401600 260.936000 252.307200 2165.984000 1.000000
447.668800 212.825600 255.275200 2125.424000 1.000000
795.123200 536.288000 521.238400 2325.504000 1.000000
737.313600 694.572800 579.163200 2956.256000 1.000000
875.348800 672.254400 636.376000 2477.536000 1.000000
872.233600 549.116800 642.187200 2327.504000 1.000000
881.656000 531.564800 653.320000 2307.520000 1.000000
941.979200 746.454400 670.724800 2813.840000 1.000000
931.308800 722.761600 676.920000 2574.160000 1.000000
967.819200 130.459200 783.606400 1916.512000 1.000000
1059.670400 54.614720 876.900800 1844.448000 1.000000
1549.329600 558.769600 1331.468800 2235.552000 1.000000
1680.496000 593.206400 1465.361600 2247.360000 1.000000
1729.344000 601.478400 1510.848000 2247.968000 1.000000
1779.360000 339.174400 1545.795200 2000.080000 1.000000
1768.656000 610.244800 1550.478400 2251.824000 1.000000
1785.552000 380.614400 1554.238400 2033.392000 1.000000
1998.976000 574.473600 1773.232000 2187.472000 1.000000
2018.960000 606.244800 1797.152000 2214.112000 1.000000
2067.968000 769.678400 1926.144000 2413.456000 1.000000
2169.856000 622.721600 1944.672000 2240.304000 1.000000
2178.112000 673.187200 1962.320000 2286.624000 1.000000
2213.840000 686.414400 2001.312000 2294.912000 1.000000
2208.528000 747.374400 2006.208000 2358.224000 1.000000
2224.032000 742.552000 2019.072000 2351.024000 1.000000
2221.616000 796.787200 2025.936000 2411.024000 1.000000
2256.256000 645.356800 2028.112000 2256.080000 1.000000
2239.936000 723.001600 2030.912000 2328.032000 1.000000
2233.184000 766.248000 2032.416000 2374.144000 1.000000
2229.664000 790.660800 2033.440000 2401.536000 1.000000
2238.880000 742.364800 2035.936000 2348.528000 1.000000
2248.096000 731.812800 2041.888000 2337.600000 1.000000
2245.392000 755.292800 2044.544000 2360.896000 1.000000
2243.200000 769.792000 2044.960000 2378.592000 1.000000
2241.808000 780.113600 2045.536000 2387.808000 1.000000
2258.416000 740.403200 2051.856000 2342.656000 1.000000
2261.024000 725.699200 2054.176000 2329.360000 1.000000
2243.312000 832.019200 2054.464000 2441.168000 1.000000
2271.024000 1001.200000 2114.160000 2568.416000 1.000000
