345.593600 1897.056000 271.368000 252.665600 1.000000
347.998400 1959.456000 275.608000 261.032000 1.000000
347.902400 1981.408000 278.576000 284.660800 1.000000
355.331200 1907.312000 278.820800 206.910400 1.000000
360.596800 1889.376000 282.019200 185.675200 1.000000
363.811200 1855.792000 283.955200 153.399200 1.000000
350.656000 2018.352000 285.059200 324.345600 1.000000
356.201600 2024.832000 291.051200 330.240000 1.000000
431.396800 2026.368000 324.155200 311.936000 1.000000
396.235200 2319.184000 347.180800 596.089600 1.000000
395.574400 2272.384000 354.872000 583.502400 1.000000
400.280000 2228.656000 356.361600 540.729600 1.000000
401.705600 2220.864000 356.976000 533.225600 1.000000
397.729600 2297.968000 359.387200 609.720000 1.000000
404.627200 2283.776000 364.676800 595.384000 1.000000
403.376000 2315.264000 365.956800 627.684800 1.000000
418.228800 2264.112000 381.862400 577.152000 1.000000
430.320000 2366.256000 398.592000 677.800000 1.000000
466.067200 2220.016000 424.040000 542.430400 1.000000
471.835200 2350.848000 437.846400 667.041600 1.000000
524.473600 2893.312000 525.358400 1152.369600 1.000000
522.936000 2876.064000 525.593600 1135.440000 1.000000
529.368000 2823.104000 526.297600 1088.065600 1.000000
547.984000 2929.696000 548.985600 1187.715200 1.000000
547.508800 2952.784000 549.483200 1204.696000 1.000000
581.827200 2747.680000 565.235200 1036.436800 1.000000
575.139200 2925.792000 575.582400 1188.812800 1.000000
583.184000 2948.464000 584.179200 1208.840000 1.000000
593.819200 2757.232000 584.352000 1048.406400 1.000000
594.068800 2991.488000 597.123200 1244.179200 1.000000
614.428800 2775.248000 604.814400 1067.070400 1.000000
628.518400 2992.880000 629.272000 1250.462400 1.000000
699.120000 2135.280000 654.596800 503.033600 1.000000
670.408000 2910.288000 664.609600 1194.348800 1.000000
728.835200 2140.688000 684.123200 512.961600 1.000000
785.092800 2175.728000 745.475200 558.179200 1.000000
791.737600 2073.856000 745.659200 452.451200 1.000000
814.648000 2120.352000 780.104000 510.662400 1.000000
866.054400 1864.768000 818.396800 319.179200 1.000000
869.398400 1844.480000 822.443200 300.492800 1.000000
876.043200 1819.664000 828.289600 275.323200 1.000000
880.352000 1867.264000 834.630400 320.065600 1.000000
880.936000 1901.472000 835.758400 353.184000 1.000000
889.212800 1861.968000 843.187200 317.788800 1.000000
890.952000 1800.192000 844.014400 257.545600 1.000000
893.254400 1809.136000 845.734400 267.158400 1.000000
894.011200 1742.928000 847.260800 197.507200 1.000000
895.688000 1734.352000 848.201600 189.211200 1.000000
896.227200 1792.752000 849.124800 250.651200 1.000000
892.091200 2683.504000 873.793600 1284.651200 1.000000
917.441600 2501.712000 893.195200 1115.238400 1.000000
914.828800 2640.448000 894.868800 1249.377600 1.000000
946.852800 1719.952000 903.336000 223.486400 1.000000
925.408000 2670.560000 904.731200 1279.865600 1.000000
929.996800 2728.592000 909.772800 1337.612800 1.000000
941.904000 2303.456000 912.275200 915.164800 1.000000
938.507200 2421.168000 912.467200 1040.112000 1.000000
936.753600 2799.712000 917.246400 1406.571200 1.000000
961.172800 1894.784000 921.851200 452.486400 1.000000
942.864000 2818.784000 922.536000 1425.400000 1.000000
948.348800 2581.360000 924.555200 1202.646400 1.000000
944.252800 2867.472000 924.675200 1467.355200 1.000000
946.414400 2692.960000 925.537600 1307.571200 1.000000
958.702400 2127.152000 925.544000 722.180800 1.000000
950.595200 2752.256000 928.358400 1366.984000 1.000000
964.676800 1953.040000 928.912000 523.019200 1.000000
957.366400 2413.568000 928.940800 1039.262400 1.000000
953.624000 2556.224000 929.280000 1180.443200 1.000000
967.782400 2114.448000 933.641600 711.249600 1.000000
959.144000 2434.320000 934.849600 1061.465600 1.000000
961.273600 2644.224000 935.236800 1266.670400 1.000000
955.489600 2851.776000 935.600000 1455.856000 1.000000
958.755200 2927.872000 937.910400 1527.334400 1.000000
963.452800 2536.608000 938.776000 1164.092800 1.000000
960.190400 2828.368000 939.476800 1437.326400 1.000000
971.259200 2260.800000 939.539200 879.561600 1.000000
971.974400 2200.336000 940.499200 813.022400 1.000000
967.643200 2468.080000 941.316800 1096.752000 1.000000
964.572800 2961.264000 943.368000 1556.480000 1.000000
965.532800 2884.240000 945.430400 1486.588800 1.000000
973.100800 2463.536000 945.947200 1091.704000 1.000000
967.750400 2948.592000 946.472000 1544.430400 1.000000
982.339200 2019.664000 947.056000 607.430400 1.000000
983.616000 1882.592000 947.084800 444.366400 1.000000
972.144000 2518.272000 947.254400 1148.230400 1.000000
978.163200 2251.872000 947.785600 868.689600 1.000000
985.123200 1915.568000 948.630400 484.507200 1.000000
974.673600 2574.032000 949.507200 1203.764800 1.000000
992.761600 1759.824000 953.211200 292.731200 1.000000
985.032000 2336.000000 955.283200 964.235200 1.000000
977.942400 2751.376000 955.417600 1370.440000 1.000000
980.051200 2647.072000 955.779200 1274.129600 1.000000
983.563200 2470.208000 955.912000 1103.492800 1.000000
990.860800 2059.648000 956.843200 654.081600 1.000000
983.353600 2599.152000 957.907200 1227.825600 1.000000
984.240000 2382.000000 958.062400 1009.880000 1.000000
983.326400 2818.528000 959.955200 1431.915200 1.000000
994.729600 2037.248000 959.968000 629.307200 1.000000
985.545600 2837.360000 961.526400 1448.612800 1.000000
985.673600 2632.144000 962.208000 1259.352000 1.000000
988.092800 2788.960000 963.360000 1407.832000 1.000000
990.916800 2448.464000 964.056000 1081.736000 1.000000
993.003200 2497.872000 965.507200 1132.220800 1.000000
1007.102400 1766.480000 969.364800 303.177600 1.000000
999.384000 2088.800000 969.612800 694.219200 1.000000
1004.568000 2049.920000 970.516800 644.740800 1.000000
996.233600 2802.032000 972.228800 1418.865600 1.000000
994.646400 2683.216000 972.312000 1310.595200 1.000000
1003.395200 2418.560000 974.897600 1054.868800 1.000000
1008.665600 2124.480000 974.915200 737.267200 1.000000
999.921600 2922.432000 976.139200 1527.931200 1.000000
1004.083200 2863.840000 977.140800 1480.403200 1.000000
1015.732800 1722.720000 978.825600 250.334400 1.000000
1015.392000 1885.376000 979.523200 456.667200 1.000000
1015.040000 2182.240000 983.438400 799.750400 1.000000
1013.472000 2430.240000 984.393600 1068.008000 1.000000
1011.214400 2999.184000 986.444800 1598.841600 1.000000
1021.624000 2171.008000 988.625600 790.188800 1.000000
1017.776000 2781.712000 989.934400 1405.508800 1.000000
1020.270400 2487.808000 991.332800 1128.363200 1.000000
1025.156800 2082.032000 992.099200 692.488000 1.000000
1028.273600 1696.176000 992.251200 219.630400 1.000000
1025.662400 1871.920000 992.363200 441.633600 1.000000
1029.379200 1675.856000 993.752000 192.001600 1.000000
1025.336000 1909.824000 994.188800 482.924800 1.000000
1027.660800 2291.888000 996.475200 929.124800 1.000000
1030.617600 2068.192000 997.931200 677.566400 1.000000
1032.107200 2055.168000 998.529600 662.473600 1.000000
1028.811200 2391.552000 998.580800 1032.276800 1.000000
1029.763200 2268.144000 998.584000 902.715200 1.000000
1028.905600 2438.576000 999.332800 1081.393600 1.000000
1029.846400 2842.512000 1001.841600 1466.790400 1.000000
1037.004800 1725.872000 1002.246400 260.627200 1.000000
1032.888000 2421.216000 1003.312000 1064.235200 1.000000
1036.051200 2120.896000 1005.625600 735.001600 1.000000
1035.094400 2352.864000 1005.952000 992.793600 1.000000
1035.241600 2520.112000 1006.153600 1163.824000 1.000000
1038.158400 2100.816000 1006.168000 716.140800 1.000000
1043.009600 1755.088000 1008.846400 296.176000 1.000000
1039.886400 2979.072000 1009.243200 1587.462400 1.000000
1041.464000 1602.784000 1009.776000 94.044000 1.000000
1040.208000 2964.720000 1011.059200 1574.742400 1.000000
1041.379200 2582.256000 1011.283200 1225.854400 1.000000
1043.731200 2053.312000 1011.449600 663.246400 1.000000
1046.052800 1942.224000 1012.251200 534.884800 1.000000
1045.427200 1961.744000 1012.264000 555.760000 1.000000
1043.508800 2279.536000 1013.424000 916.190400 1.000000
1044.195200 2259.856000 1013.433600 896.046400 1.000000
1045.000000 2549.200000 1014.392000 1192.769600 1.000000
1047.163200 2380.880000 1014.432000 1027.571200 1.000000
1044.056000 2873.360000 1014.508800 1495.524800 1.000000
1045.056000 2663.808000 1015.281600 1304.915200 1.000000
1049.100800 1743.216000 1015.889600 284.179200 1.000000
1046.657600 2607.824000 1016.993600 1253.368000 1.000000
1049.772800 2076.704000 1017.118400 690.811200 1.000000
1046.721600 2471.808000 1018.008000 1117.024000 1.000000
1050.280000 2096.624000 1018.774400 713.400000 1.000000
1052.804800 1727.696000 1018.864000 264.080000 1.000000
1053.648000 2057.552000 1020.361600 670.012800 1.000000
1053.545600 2324.192000 1023.462400 965.524800 1.000000
1052.374400 2572.112000 1023.472000 1219.939200 1.000000
1055.035200 2107.376000 1023.662400 724.739200 1.000000
1054.529600 2963.328000 1024.088000 1577.044800 1.000000
1056.768000 2155.136000 1024.620800 778.707200 1.000000
1059.251200 2101.632000 1027.868800 720.008000 1.000000
1065.880000 2465.136000 1032.707200 1114.555200 1.000000
1064.254400 2268.848000 1033.139200 910.726400 1.000000
1064.198400 2405.520000 1033.179200 1054.545600 1.000000
1063.520000 2587.680000 1033.200000 1236.190400 1.000000
1063.779200 2429.840000 1033.801600 1077.952000 1.000000
1066.980800 2548.976000 1035.593600 1198.348800 1.000000
1066.708800 2567.312000 1036.372800 1215.635200 1.000000
1068.470400 2204.448000 1036.755200 839.932800 1.000000
1068.059200 2396.448000 1039.766400 1046.752000 1.000000
1072.944000 1952.912000 1041.104000 553.230400 1.000000
1081.512000 2733.648000 1042.371200 1384.444800 1.000000
1074.761600 2863.760000 1042.808000 1493.356800 1.000000
1075.238400 2708.368000 1043.942400 1350.190400 1.000000
1073.484800 1606.208000 1043.982400 101.786400 1.000000
1076.302400 1956.208000 1044.312000 557.780800 1.000000
1075.496000 1798.608000 1044.766400 362.246400 1.000000
1077.667200 2590.576000 1046.636800 1243.729600 1.000000
1078.764800 2044.736000 1046.998400 661.222400 1.000000
1079.262400 2858.112000 1047.158400 1489.899200 1.000000
1080.715200 2536.496000 1049.873600 1188.836800 1.000000
1079.403200 2570.016000 1050.064000 1219.262400 1.000000
1083.092800 2658.672000 1051.777600 1303.792000 1.000000
1084.153600 2242.864000 1052.382400 886.460800 1.000000
1086.828800 2610.944000 1055.332800 1263.144000 1.000000
1087.104000 2403.568000 1056.118400 1058.697600 1.000000
1088.257600 1997.888000 1056.198400 609.075200 1.000000
1090.801600 2818.880000 1058.078400 1455.294400 1.000000
1095.483200 3000.960000 1059.464000 1613.760000 1.000000
1091.588800 2598.160000 1059.692800 1251.452800 1.000000
1091.038400 2590.000000 1060.398400 1241.721600 1.000000
1092.251200 2183.920000 1061.056000 821.040000 1.000000
1094.454400 2450.512000 1061.723200 1107.161600 1.000000
1093.518400 1689.664000 1062.262400 224.116800 1.000000
1094.956800 2257.744000 1062.526400 903.955200 1.000000
1095.278400 2547.776000 1062.921600 1204.304000 1.000000
1096.121600 2478.416000 1063.977600 1137.808000 1.000000
1092.953600 2153.696000 1064.371200 783.961600 1.000000
1097.099200 2523.840000 1064.966400 1179.921600 1.000000
1095.942400 1959.280000 1065.496000 564.264000 1.000000
1098.264000 2116.256000 1066.627200 743.804800 1.000000
1103.049600 2983.456000 1067.950400 1604.336000 1.000000
1102.643200 2627.168000 1069.382400 1280.044800 1.000000
1103.732800 2492.336000 1070.832000 1150.377600 1.000000
1103.998400 1795.232000 1071.676800 358.092800 1.000000
1103.208000 1978.032000 1071.702400 588.435200 1.000000
1105.036800 2572.704000 1072.035200 1230.808000 1.000000
1102.424000 1721.984000 1073.462400 266.364800 1.000000
1104.464000 1825.776000 1073.681600 400.123200 1.000000
1109.059200 2691.856000 1074.160000 1341.004800 1.000000
1111.412800 2866.240000 1075.820800 1501.913600 1.000000
1110.200000 2332.736000 1076.862400 990.547200 1.000000
1110.022400 2478.960000 1077.424000 1138.748800 1.000000
1110.328000 2590.352000 1077.502400 1247.225600 1.000000
1111.718400 2768.864000 1077.572800 1414.921600 1.000000
1114.656000 2938.032000 1078.950400 1562.124800 1.000000
1109.574400 1767.776000 1079.592000 326.582400 1.000000
1107.264000 1849.296000 1079.734400 431.670400 1.000000
1113.756800 2316.336000 1081.387200 972.918400 1.000000
1104.211200 1788.976000 1082.627200 367.612800 1.000000
1117.708800 2645.472000 1083.212800 1299.318400 1.000000
1119.379200 2552.064000 1083.787200 1216.902400 1.000000
1119.891200 2776.496000 1083.936000 1423.248000 1.000000
1114.027200 1966.272000 1084.060800 574.872000 1.000000
1119.907200 2729.024000 1084.545600 1381.886400 1.000000
1114.864000 1947.056000 1085.884800 552.587200 1.000000
1123.715200 2853.920000 1086.678400 1492.233600 1.000000
1112.598400 1559.883200 1087.982400 41.878240 1.000000
1121.731200 2362.432000 1088.772800 1020.742400 1.000000
1127.651200 2844.720000 1089.220800 1484.940800 1.000000
1124.747200 2524.992000 1090.771200 1189.532800 1.000000
1124.323200 1924.528000 1092.646400 521.475200 1.000000
1124.992000 1860.400000 1095.705600 447.537600 1.000000
1125.372800 1821.632000 1096.006400 398.550400 1.000000
1129.857600 2370.128000 1096.094400 1030.441600 1.000000
1127.568000 2091.040000 1096.326400 721.292800 1.000000
1125.704000 1710.496000 1098.350400 258.337600 1.000000
1132.435200 2428.112000 1098.777600 1092.558400 1.000000
1137.355200 2844.416000 1098.980800 1486.350400 1.000000
1126.504000 1660.896000 1099.707200 181.568000 1.000000
1126.432000 1621.712000 1100.262400 127.112480 1.000000
1138.697600 2837.088000 1101.505600 1480.377600 1.000000
1131.041600 1788.176000 1102.369600 354.508800 1.000000
1134.608000 2168.944000 1102.438400 815.041600 1.000000
1133.512000 1975.136000 1102.867200 589.201600 1.000000
1133.403200 2099.488000 1102.980800 731.521600 1.000000
1132.939200 1935.856000 1103.009600 540.945600 1.000000
1132.609600 1866.864000 1103.825600 455.313600 1.000000
1136.446400 2031.360000 1105.859200 655.496000 1.000000
1135.606400 1833.872000 1107.268800 413.755200 1.000000
1141.363200 2414.336000 1107.537600 1079.059200 1.000000
1147.883200 2850.752000 1107.638400 1491.886400 1.000000
1134.156800 1578.982400 1108.742400 67.993760 1.000000
1150.339200 2856.272000 1110.339200 1496.704000 1.000000
1146.220800 2524.832000 1111.441600 1192.974400 1.000000
1144.510400 2254.192000 1112.246400 912.652800 1.000000
1151.216000 2733.232000 1112.259200 1391.116800 1.000000
1143.297600 2048.336000 1112.736000 675.307200 1.000000
1146.376000 2338.960000 1112.956800 1001.748800 1.000000
1146.758400 2492.656000 1113.054400 1161.176000 1.000000
1142.836800 1892.816000 1113.267200 482.180800 1.000000
1143.321600 1992.560000 1114.132800 611.486400 1.000000
1150.404800 2533.696000 1114.550400 1201.520000 1.000000
1156.832000 2807.888000 1115.860800 1454.436800 1.000000
1150.862400 2461.824000 1116.385600 1131.980800 1.000000
1146.758400 1851.616000 1118.672000 439.424000 1.000000
1160.449600 2870.944000 1119.164800 1511.435200 1.000000
1152.299200 2271.632000 1119.299200 932.790400 1.000000
1156.620800 2526.176000 1121.016000 1194.742400 1.000000
1151.339200 2041.216000 1121.224000 669.251200 1.000000
1150.001600 1826.912000 1122.380800 409.075200 1.000000
1153.491200 2046.656000 1122.747200 674.585600 1.000000
1156.035200 2301.824000 1122.859200 965.126400 1.000000
1150.814400 1771.424000 1123.568000 338.918400 1.000000
1159.656000 2498.640000 1123.780800 1169.676800 1.000000
1154.316800 2057.408000 1124.219200 688.350400 1.000000
1166.044800 2956.640000 1124.729600 1586.174400 1.000000
1155.249600 2064.896000 1125.659200 695.996800 1.000000
1158.539200 2287.408000 1125.664000 950.561600 1.000000
1161.464000 2561.136000 1125.670400 1228.793600 1.000000
1160.697600 2402.960000 1126.108800 1072.256000 1.000000
1153.216000 1842.512000 1126.366400 428.441600 1.000000
1169.764800 2874.256000 1127.260800 1514.571200 1.000000
1170.366400 2726.352000 1129.299200 1385.731200 1.000000
1160.262400 1976.736000 1130.739200 594.688000 1.000000
1167.193600 2344.720000 1132.606400 1012.784000 1.000000
1170.752000 2450.384000 1134.216000 1123.910400 1.000000
1161.881600 1965.008000 1134.444800 581.750400 1.000000
1163.091200 2006.304000 1134.582400 629.094400 1.000000
1158.169600 1603.536000 1134.715200 101.992640 1.000000
1165.750400 2060.672000 1135.126400 692.633600 1.000000
1164.507200 1823.104000 1137.420800 405.329600 1.000000
1164.827200 1795.520000 1137.800000 371.032000 1.000000
1158.683200 1571.654400 1138.216000 61.337120 1.000000
1173.083200 2287.952000 1140.518400 954.508800 1.000000
1170.740800 2053.008000 1141.302400 685.712000 1.000000
1181.993600 2764.816000 1141.304000 1421.910400 1.000000
1174.728000 2336.240000 1141.484800 1005.830400 1.000000
1179.340800 2580.912000 1141.788800 1250.824000 1.000000
1188.300800 2960.624000 1141.811200 1596.417600 1.000000
1171.256000 1985.840000 1144.198400 607.244800 1.000000
1184.555200 2684.432000 1144.264000 1351.424000 1.000000
1174.619200 2034.528000 1145.446400 664.464000 1.000000
1177.772800 2206.688000 1146.016000 867.577600 1.000000
1174.393600 1948.192000 1146.558400 561.835200 1.000000
1174.576000 2021.520000 1147.358400 649.977600 1.000000
1181.243200 2408.272000 1147.419200 1081.193600 1.000000
1176.144000 1970.912000 1147.870400 590.059200 1.000000
1191.171200 2832.352000 1148.755200 1477.526400 1.000000
1168.347200 1578.844800 1149.102400 71.373600 1.000000
1185.187200 2427.840000 1149.500800 1103.086400 1.000000
1183.182400 2318.992000 1149.849600 986.881600 1.000000
1193.900800 2868.192000 1150.072000 1515.404800 1.000000
1180.040000 2162.832000 1150.214400 817.766400 1.000000
1181.452800 2119.632000 1151.710400 769.152000 1.000000
1185.633600 2350.784000 1152.032000 1021.955200 1.000000
1188.873600 2506.560000 1152.172800 1180.457600 1.000000
1189.889600 2565.856000 1152.747200 1236.051200 1.000000
1190.526400 2438.176000 1153.108800 1114.592000 1.000000
1185.856000 2101.056000 1153.875200 747.713600 1.000000
1201.908800 2925.488000 1154.238400 1566.705600 1.000000
1196.649600 2610.912000 1156.755200 1284.945600 1.000000
1185.140800 1985.520000 1157.440000 609.827200 1.000000
1197.192000 2644.704000 1157.520000 1315.856000 1.000000
1186.966400 1943.376000 1158.619200 556.300800 1.000000
1191.107200 2193.088000 1158.918400 856.216000 1.000000
1191.380800 2130.192000 1159.771200 782.752000 1.000000
1186.112000 1816.016000 1160.284800 398.065600 1.000000
1194.012800 2168.992000 1163.217600 828.060800 1.000000
1184.960000 1680.160000 1164.001600 195.286400 1.000000
1198.969600 2342.416000 1164.222400 1016.227200 1.000000
1193.817600 2025.808000 1165.185600 657.768000 1.000000
1190.294400 1852.208000 1165.267200 445.206400 1.000000
1204.724800 2531.600000 1166.227200 1207.112000 1.000000
1204.316800 2454.208000 1166.880000 1131.518400 1.000000
1204.020800 2513.776000 1167.400000 1190.131200 1.000000
1195.040000 1886.736000 1167.494400 489.680000 1.000000
1193.406400 1836.944000 1167.817600 425.358400 1.000000
1195.500800 1938.128000 1169.707200 554.038400 1.000000
1209.596800 2612.640000 1170.097600 1287.896000 1.000000
1208.766400 2523.616000 1170.835200 1199.870400 1.000000
1196.696000 1901.440000 1171.534400 508.062400 1.000000
1203.664000 2054.624000 1173.686400 694.176000 1.000000
1202.379200 1881.040000 1178.161600 485.641600 1.000000
1224.638400 2733.968000 1180.580800 1400.456000 1.000000
1225.952000 2766.960000 1180.809600 1428.536000 1.000000
1208.540800 1912.688000 1181.796800 524.734400 1.000000
1211.548800 2067.344000 1182.731200 712.153600 1.000000
1215.080000 2097.312000 1185.616000 750.635200 1.000000
1222.769600 2371.040000 1186.054400 1052.206400 1.000000
1219.529600 2150.000000 1187.001600 812.432000 1.000000
1212.820800 1900.128000 1187.742400 511.110400 1.000000
1218.083200 2080.576000 1188.646400 731.488000 1.000000
1239.224000 2881.856000 1189.032000 1533.953600 1.000000
1229.454400 2492.320000 1189.166400 1172.620800 1.000000
1208.688000 1671.840000 1189.547200 187.964800 1.000000
1221.760000 2188.032000 1190.236800 852.059200 1.000000
1241.454400 2900.640000 1190.518400 1550.627200 1.000000
1237.684800 2788.640000 1190.550400 1449.272000 1.000000
1235.248000 2647.744000 1191.756800 1322.422400 1.000000
1226.225600 2154.992000 1194.657600 820.225600 1.000000
1230.108800 2371.392000 1194.884800 1054.684800 1.000000
1235.233600 2464.240000 1195.244800 1147.321600 1.000000
1244.859200 2826.800000 1195.425600 1486.672000 1.000000
1224.337600 2024.032000 1195.788800 661.630400 1.000000
1241.699200 2757.328000 1196.339200 1421.990400 1.000000
1251.380800 2951.920000 1196.790400 1595.188800 1.000000
1251.950400 2939.120000 1197.888000 1583.692800 1.000000
1226.004800 2079.072000 1198.179200 731.235200 1.000000
1242.649600 2688.976000 1199.043200 1360.792000 1.000000
1219.188800 1754.160000 1199.403200 302.977600 1.000000
1234.630400 2303.424000 1199.521600 982.052800 1.000000
1238.790400 2427.008000 1199.601600 1110.608000 1.000000
1251.614400 2844.928000 1201.480000 1503.510400 1.000000
1247.164800 2713.776000 1201.857600 1383.990400 1.000000
1252.564800 2808.304000 1203.225600 1470.428800 1.000000
1230.206400 1968.864000 1203.249600 599.329600 1.000000
1234.782400 2131.392000 1204.702400 793.624000 1.000000
1229.484800 1897.104000 1205.468800 509.627200 1.000000
1257.244800 2829.088000 1206.204800 1491.244800 1.000000
1250.976000 2640.096000 1207.267200 1317.515200 1.000000
1236.822400 2076.288000 1207.566400 731.019200 1.000000
1238.404800 2146.480000 1207.688000 810.110400 1.000000
1264.582400 2947.376000 1208.140800 1592.166400 1.000000
1250.857600 2543.648000 1209.496000 1230.417600 1.000000
1249.112000 2465.696000 1209.548800 1150.336000 1.000000
1239.212800 2040.752000 1210.995200 689.129600 1.000000
1248.660800 2382.144000 1211.172800 1069.241600 1.000000
1267.585600 2843.888000 1214.240000 1504.894400 1.000000
1260.928000 2724.736000 1214.587200 1396.310400 1.000000
1255.160000 2482.016000 1214.982400 1167.824000 1.000000
1253.180800 2614.384000 1216.569600 1298.281600 1.000000
1243.284800 1947.808000 1219.105600 577.529600 1.000000
1271.899200 2812.528000 1220.312000 1477.958400 1.000000
1270.019200 2762.432000 1221.078400 1432.155200 1.000000
1245.185600 1920.000000 1221.579200 540.483200 1.000000
1247.070400 1975.088000 1221.588800 611.452800 1.000000
1249.019200 2039.616000 1221.627200 689.716800 1.000000
1260.150400 2408.128000 1221.784000 1093.756800 1.000000
1271.436800 2712.448000 1223.329600 1386.680000 1.000000
1259.240000 2284.480000 1224.958400 966.739200 1.000000
1263.222400 2331.072000 1226.094400 1016.481600 1.000000
1251.307200 1970.624000 1226.107200 605.164800 1.000000
1257.729600 2083.888000 1228.616000 741.348800 1.000000
1261.820800 2199.024000 1228.825600 870.017600 1.000000
1262.894400 2270.912000 1229.532800 952.385600 1.000000
1261.460800 2278.128000 1229.582400 960.432000 1.000000
1284.716800 2886.992000 1229.913600 1543.297600 1.000000
1258.307200 2061.616000 1230.091200 714.900800 1.000000
1273.665600 2534.352000 1231.132800 1222.616000 1.000000
1276.144000 2659.568000 1231.390400 1338.470400 1.000000
1256.163200 1983.680000 1231.467200 624.801600 1.000000
1252.028800 1790.208000 1232.928000 358.492800 1.000000
1284.012800 2706.624000 1235.313600 1383.731200 1.000000
1264.035200 2103.488000 1235.435200 764.646400 1.000000
1287.912000 2798.944000 1235.654400 1468.356800 1.000000
1274.740800 2399.584000 1235.809600 1087.811200 1.000000
1271.193600 2313.280000 1235.942400 999.872000 1.000000
1286.840000 2729.264000 1237.160000 1404.920000 1.000000
1268.984000 2151.968000 1238.491200 817.075200 1.000000
1287.590400 2696.352000 1238.624000 1373.915200 1.000000
1272.395200 2181.920000 1240.347200 852.723200 1.000000
1269.355200 2052.528000 1241.033600 706.323200 1.000000
1276.676800 2294.096000 1241.345600 979.419200 1.000000
1252.520000 1614.464000 1242.353600 117.077440 1.000000
1294.158400 2739.232000 1243.648000 1414.516800 1.000000
1264.003200 1837.600000 1243.848000 419.806400 1.000000
1283.312000 2417.024000 1243.857600 1105.712000 1.000000
1294.044800 2683.760000 1244.081600 1363.363200 1.000000
1294.774400 2714.720000 1244.254400 1392.292800 1.000000
1299.036800 2805.632000 1244.742400 1475.432000 1.000000
1288.601600 2579.248000 1244.950400 1268.177600 1.000000
1262.537600 1788.496000 1245.537600 358.531200 1.000000
1291.929600 2545.968000 1247.136000 1234.524800 1.000000
1295.283200 2664.672000 1247.283200 1346.520000 1.000000
1263.768000 1746.544000 1249.225600 302.174400 1.000000
1298.729600 2589.888000 1251.860800 1277.400000 1.000000
1286.409600 2250.256000 1252.633600 934.302400 1.000000
1295.744000 2503.680000 1252.715200 1195.308800 1.000000
1312.440000 2871.008000 1253.689600 1533.936000 1.000000
1273.486400 1853.440000 1254.070400 441.299200 1.000000
1284.444800 2160.080000 1254.070400 829.446400 1.000000
1297.302400 2493.520000 1254.121600 1186.289600 1.000000
1312.752000 2893.776000 1254.462400 1552.347200 1.000000
1295.492800 2421.024000 1255.412800 1112.761600 1.000000
1274.729600 1817.312000 1255.512000 398.049600 1.000000
1295.256000 2405.408000 1255.547200 1097.774400 1.000000
1284.220800 2080.112000 1255.716800 735.761600 1.000000
1309.385600 2742.752000 1257.846400 1421.060800 1.000000
1309.809600 2690.624000 1257.878400 1371.411200 1.000000
1307.496000 2642.448000 1258.867200 1327.564800 1.000000
1296.331200 2260.432000 1259.390400 946.680000 1.000000
1293.132800 2134.288000 1260.921600 803.214400 1.000000
1319.804800 2832.928000 1261.377600 1500.723200 1.000000
1310.004800 2616.672000 1261.915200 1303.721600 1.000000
1279.107200 1757.184000 1262.697600 319.686400 1.000000
1305.729600 2467.040000 1263.420800 1161.616000 1.000000
1312.209600 2606.928000 1264.470400 1293.312000 1.000000
1310.817600 2494.720000 1265.854400 1187.977600 1.000000
1288.558400 1880.176000 1266.099200 477.945600 1.000000
1315.894400 2626.784000 1267.372800 1314.524800 1.000000
1301.148800 2255.744000 1267.472000 937.041600 1.000000
1314.768000 2587.232000 1268.160000 1274.892800 1.000000
1284.659200 1782.032000 1268.254400 355.528000 1.000000
1290.420800 1967.776000 1268.883200 594.265600 1.000000
1307.608000 2362.256000 1269.057600 1055.188800 1.000000
1333.196800 2927.200000 1269.379200 1582.891200 1.000000
1328.568000 2833.936000 1270.292800 1502.742400 1.000000
1312.198400 2415.808000 1271.521600 1110.995200 1.000000
1288.368000 1809.008000 1272.136000 389.419200 1.000000
1308.920000 2273.776000 1272.488000 960.958400 1.000000
1289.593600 1774.592000 1274.177600 345.446400 1.000000
1332.964800 2812.752000 1274.822400 1484.689600 1.000000
1305.844800 2141.152000 1275.233600 811.979200 1.000000
1294.662400 1856.912000 1276.052800 450.822400 1.000000
1323.083200 2551.408000 1276.673600 1244.278400 1.000000
1314.617600 2236.624000 1279.091200 921.942400 1.000000
1299.796800 1869.728000 1280.006400 468.120000 1.000000
1308.662400 2108.160000 1280.089600 772.721600 1.000000
1300.496000 1920.496000 1280.148800 530.996800 1.000000
1319.784000 2341.168000 1281.342400 1034.241600 1.000000
1302.118400 1902.144000 1281.592000 509.996800 1.000000
1326.134400 2528.432000 1281.966400 1221.371200 1.000000
1344.000000 2871.920000 1282.337600 1536.572800 1.000000
1318.587200 2256.944000 1282.758400 943.936000 1.000000
1328.276800 2495.392000 1283.168000 1190.817600 1.000000
1319.006400 2194.080000 1283.601600 874.227200 1.000000
1335.859200 2674.016000 1283.670400 1360.897600 1.000000
1301.028800 1796.112000 1283.734400 375.747200 1.000000
1294.256000 1663.136000 1284.352000 193.956800 1.000000
1315.257600 2125.776000 1285.118400 794.712000 1.000000
1350.345600 2937.296000 1285.236800 1593.142400 1.000000
1318.460800 2138.848000 1286.409600 810.203200 1.000000
1342.236800 2694.576000 1287.958400 1381.912000 1.000000
1328.014400 2370.480000 1288.387200 1065.552000 1.000000
1340.843200 2652.528000 1289.438400 1340.368000 1.000000
1315.840000 2021.600000 1289.955200 657.307200 1.000000
1335.004800 2423.616000 1290.625600 1121.960000 1.000000
1354.958400 2915.120000 1291.403200 1574.088000 1.000000
1326.406400 2160.032000 1294.345600 836.603200 1.000000
1334.288000 2341.952000 1294.859200 1036.996800 1.000000
1313.404800 1836.064000 1297.473600 426.520000 1.000000
1341.481600 2478.160000 1298.436800 1176.140800 1.000000
1327.913600 2051.200000 1301.428800 694.790400 1.000000
1320.220800 1876.576000 1302.240000 481.147200 1.000000
1353.932800 2548.064000 1303.057600 1244.724800 1.000000
1319.112000 1812.592000 1303.321600 401.812800 1.000000
1340.054400 2279.584000 1303.787200 971.120000 1.000000
1369.593600 2882.240000 1304.171200 1547.931200 1.000000
1353.902400 2572.896000 1304.220800 1267.891200 1.000000
1327.398400 1908.624000 1304.694400 523.568000 1.000000
1323.236800 1826.960000 1306.416000 419.505600 1.000000
1357.240000 2606.768000 1306.780800 1299.636800 1.000000
1374.356800 2898.672000 1307.824000 1562.907200 1.000000
1376.168000 2931.680000 1308.244800 1591.352000 1.000000
1371.236800 2774.144000 1312.299200 1454.699200 1.000000
1340.382400 2056.384000 1313.331200 704.552000 1.000000
1333.745600 1933.472000 1313.550400 553.172800 1.000000
1340.440000 2024.112000 1313.710400 659.113600 1.000000
1349.369600 2251.552000 1313.732800 940.707200 1.000000
1364.123200 2542.368000 1313.753600 1239.769600 1.000000
1343.843200 2066.512000 1316.220800 717.052800 1.000000
1330.921600 1817.712000 1316.441600 409.753600 1.000000
1360.454400 2421.760000 1317.022400 1120.552000 1.000000
1333.113600 1828.176000 1317.878400 423.076800 1.000000
1360.233600 2371.328000 1319.230400 1068.518400 1.000000
1342.260800 1969.712000 1319.417600 608.171200 1.000000
1364.299200 2450.304000 1319.619200 1149.230400 1.000000
1380.115200 2743.024000 1320.280000 1427.204800 1.000000
1376.633600 2685.952000 1321.254400 1375.822400 1.000000
1372.324800 2513.856000 1322.902400 1213.390400 1.000000
1342.929600 1894.224000 1324.537600 506.854400 1.000000
1336.907200 1723.328000 1327.817600 284.104000 1.000000
1377.486400 2510.544000 1327.883200 1211.326400 1.000000
1358.339200 2141.712000 1328.696000 805.332800 1.000000
1394.398400 2810.016000 1329.208000 1487.990400 1.000000
1391.928000 2801.840000 1329.267200 1480.780800 1.000000
1397.112000 2876.976000 1329.617600 1545.524800 1.000000
1376.913600 2478.320000 1330.276800 1179.089600 1.000000
1365.659200 2236.256000 1331.081600 921.454400 1.000000
1380.372800 2499.744000 1331.616000 1199.424000 1.000000
1408.926400 2944.160000 1336.044800 1605.600000 1.000000
1406.684800 2903.664000 1336.313600 1570.224000 1.000000
1363.316800 2104.976000 1336.459200 764.094400 1.000000
1365.030400 2119.648000 1337.073600 781.001600 1.000000
1399.652800 2747.216000 1337.467200 1433.792000 1.000000
1398.625600 2733.312000 1337.899200 1419.865600 1.000000
1344.742400 1689.808000 1338.876800 239.219200 1.000000
1372.988800 2186.256000 1340.700800 856.865600 1.000000
1347.849600 1669.024000 1343.060800 212.132800 1.000000
1398.648000 2622.448000 1343.177600 1317.470400 1.000000
1352.158400 1721.344000 1344.270400 285.720000 1.000000
1371.832000 2095.568000 1344.462400 754.945600 1.000000
1380.916800 2237.488000 1345.363200 912.536000 1.000000
1370.062400 1998.592000 1346.028800 641.524800 1.000000
1405.833600 2661.136000 1347.515200 1353.979200 1.000000
1386.948800 2307.872000 1348.062400 992.342400 1.000000
1412.724800 2753.264000 1348.784000 1439.464000 1.000000
1372.336000 1933.888000 1353.568000 562.886400 1.000000
1368.684800 1826.064000 1354.008000 427.073600 1.000000
1429.684800 2939.344000 1354.163200 1602.032000 1.000000
1370.510400 1867.168000 1354.696000 480.921600 1.000000
1378.795200 1958.784000 1356.921600 594.494400 1.000000
1391.561600 2158.624000 1359.344000 829.020800 1.000000
1393.864000 2202.320000 1360.724800 877.560000 1.000000
1395.028800 2190.608000 1362.356800 865.427200 1.000000
1401.564800 2286.416000 1363.729600 969.092800 1.000000
1372.699200 1750.384000 1364.748800 327.352000 1.000000
1396.382400 2142.656000 1365.806400 813.500800 1.000000
1373.409600 1730.736000 1367.878400 302.342400 1.000000
1432.864000 2742.240000 1368.257600 1429.579200 1.000000
1404.203200 2219.040000 1369.662400 898.992000 1.000000
1443.299200 2852.160000 1370.659200 1526.822400 1.000000
1373.417600 1684.528000 1370.676800 237.835200 1.000000
1420.534400 2463.152000 1371.564800 1153.652800 1.000000
1417.624000 2389.696000 1372.656000 1079.756800 1.000000
1380.894400 1762.880000 1373.198400 344.228800 1.000000
1394.816000 1946.832000 1375.910400 581.664000 1.000000
1403.097600 2065.248000 1376.320000 725.062400 1.000000
1398.616000 1970.240000 1377.299200 609.296000 1.000000
1430.107200 2519.616000 1377.574400 1209.936000 1.000000
1373.408000 1550.737600 1377.790400 50.985920 1.000000
1397.128000 1959.616000 1378.302400 597.678400 1.000000
1424.928000 2395.856000 1380.108800 1088.112000 1.000000
1387.163200 1718.080000 1382.700800 286.395200 1.000000
1430.790400 2436.192000 1382.857600 1128.556800 1.000000
1397.931200 1841.392000 1384.329600 450.348800 1.000000
1414.204800 2123.184000 1385.478400 792.958400 1.000000
1417.672000 2170.208000 1386.441600 846.236800 1.000000
1396.523200 1792.752000 1387.270400 388.014400 1.000000
1417.323200 2145.808000 1387.291200 818.326400 1.000000
1423.219200 2230.064000 1388.179200 913.464000 1.000000
1404.443200 1889.280000 1388.464000 511.721600 1.000000
1439.956800 2498.464000 1388.552000 1191.377600 1.000000
1413.096000 2022.544000 1389.614400 674.910400 1.000000
1428.659200 2276.592000 1391.723200 964.118400 1.000000
1469.979200 2899.120000 1392.534400 1558.508800 1.000000
1431.672000 2296.352000 1392.603200 984.430400 1.000000
1443.006400 2474.512000 1393.526400 1168.092800 1.000000
1441.788800 2429.792000 1393.748800 1123.491200 1.000000
1472.928000 2916.768000 1393.816000 1572.644800 1.000000
1431.636800 2246.432000 1395.081600 932.163200 1.000000
1441.475200 2373.456000 1397.392000 1066.059200 1.000000
1399.499200 1679.568000 1397.830400 236.249600 1.000000
1443.182400 2358.976000 1399.849600 1052.352000 1.000000
1419.484800 1993.840000 1399.908800 641.579200 1.000000
1442.361600 2331.168000 1400.619200 1023.654400 1.000000
1461.164800 2627.776000 1401.820800 1318.062400 1.000000
1458.451200 2544.720000 1402.681600 1238.251200 1.000000
1452.116800 2445.312000 1403.414400 1141.256000 1.000000
1461.889600 2591.680000 1403.708800 1283.577600 1.000000
1465.369600 2652.528000 1403.864000 1340.232000 1.000000
1472.161600 2739.056000 1404.848000 1418.865600 1.000000
1408.444800 1703.856000 1405.732800 269.276800 1.000000
1400.684800 1606.560000 1406.305600 135.428480 1.000000
1418.084800 1830.128000 1406.932800 440.164800 1.000000
1483.121600 2849.904000 1407.705600 1517.672000 1.000000
1445.246400 2234.784000 1408.915200 920.350400 1.000000
1412.956800 1716.816000 1410.097600 288.368000 1.000000
1494.160000 2953.792000 1410.862400 1603.856000 1.000000
1476.398400 2679.104000 1411.646400 1363.939200 1.000000
1448.755200 2263.648000 1411.948800 950.169600 1.000000
1457.460800 2384.304000 1412.603200 1078.801600 1.000000
1435.457600 2032.432000 1413.012800 689.521600 1.000000
1453.113600 2284.896000 1413.457600 973.142400 1.000000
1404.510400 1552.302400 1414.756800 62.420320 1.000000
1431.500800 1945.120000 1415.060800 582.480000 1.000000
1468.329600 2446.960000 1417.342400 1141.329600 1.000000
1454.892800 2234.160000 1419.177600 919.622400 1.000000
1465.616000 2341.280000 1421.864000 1033.844800 1.000000
1473.812800 2417.728000 1425.563200 1114.256000 1.000000
1477.964800 2463.360000 1425.710400 1157.033600 1.000000
1478.683200 2486.416000 1425.964800 1181.531200 1.000000
1490.112000 2633.776000 1426.675200 1323.276800 1.000000
1452.825600 2071.872000 1427.224000 736.043200 1.000000
1484.385600 2535.616000 1427.662400 1230.385600 1.000000
1459.708800 2169.760000 1428.275200 848.710400 1.000000
1453.272000 2049.600000 1429.577600 713.984000 1.000000
1438.163200 1813.520000 1429.720000 421.579200 1.000000
1454.438400 1989.536000 1433.300800 639.723200 1.000000
1457.641600 2027.344000 1435.897600 685.644800 1.000000
1452.702400 1947.312000 1436.129600 588.700800 1.000000
1455.110400 1960.816000 1437.240000 605.137600 1.000000
1465.204800 2097.920000 1438.358400 766.489600 1.000000
1430.732800 1603.040000 1438.817600 137.668160 1.000000
1466.004800 2061.616000 1441.230400 728.200000 1.000000
1476.344000 2212.368000 1441.694400 896.788800 1.000000
1466.664000 2000.464000 1446.627200 654.744000 1.000000
1461.963200 1872.032000 1450.849600 496.640000 1.000000
1461.940800 1859.648000 1451.681600 481.131200 1.000000
1459.044800 1822.320000 1451.828800 433.107200 1.000000
1457.076800 1793.280000 1452.404800 397.884800 1.000000
1446.664000 1663.936000 1452.412800 222.657600 1.000000
1447.305600 1609.712000 1454.723200 148.086720 1.000000
1471.038400 1807.328000 1466.300800 417.838400 1.000000
1491.776000 2085.824000 1466.336000 755.792000 1.000000
1932.976000 1485.355200 2016.640000 104.244640 1.000000
2406.448000 1497.800000 2390.064000 1364.289600 1.000000
2164.320000 817.952000 2477.616000 699.952000 1.000000
2683.696000 1887.344000 2540.560000 1869.040000 1.000000
2556.176000 1315.347200 2583.568000 1226.102400 1.000000
2551.232000 1276.542400 2589.968000 1185.406400 1.000000
2596.720000 1317.656000 2614.624000 1223.806400 1.000000
2720.240000 1713.472000 2617.408000 1731.424000 1.000000
2604.160000 1297.332800 2634.160000 1225.268800 1.000000
2616.848000 1311.982400 2643.904000 1246.350400 1.000000
2748.144000 1692.048000 2649.392000 1722.464000 1.000000
2747.152000 1678.656000 2652.336000 1710.752000 1.000000
2638.160000 1337.169600 2658.064000 1280.220800 1.000000
2758.752000 1687.456000 2659.088000 1720.176000 1.000000
2773.264000 1701.008000 2668.512000 1741.568000 1.000000
2651.264000 1316.241600 2675.584000 1264.952000 1.000000
2766.272000 1653.696000 2676.976000 1694.656000 1.000000
2812.896000 1745.216000 2693.040000 1801.104000 1.000000
2665.040000 1272.851200 2702.512000 1223.700800 1.000000
2633.440000 1263.299200 2716.256000 1323.459200 1.000000
2822.288000 1599.433600 2722.176000 1591.952000 1.000000
2638.000000 1251.763200 2724.672000 1314.670400 1.000000
2778.240000 1488.006400 2737.904000 1516.577600 1.000000
2796.720000 1434.072000 2747.808000 1383.030400 1.000000
2878.800000 1681.168000 2766.560000 1771.728000 1.000000
2863.504000 1611.136000 2776.304000 1691.904000 1.000000
2891.280000 1651.136000 2787.040000 1749.600000 1.000000
2923.888000 1624.416000 2823.344000 1742.400000 1.000000
2958.496000 1586.836800 2865.328000 1732.704000 1.000000
