202.161600 2652.048000 130.989600 743.393600 1.000000
217.556800 2655.744000 143.602560 752.145600 1.000000
266.776000 2789.872000 217.505600 873.782400 1.000000
372.928000 2765.824000 327.590400 885.336000 1.000000
355.776000 2840.864000 327.779200 959.779200 1.000000
370.409600 2792.064000 330.579200 912.244800 1.000000
399.499200 2695.344000 338.483200 813.278400 1.000000
405.979200 2667.744000 339.788800 783.576000 1.000000
385.932800 2771.936000 342.928000 892.857600 1.000000
367.456000 2865.200000 345.443200 984.820800 1.000000
396.500800 2747.072000 347.412800 869.089600 1.000000
454.588800 2486.544000 348.545600 572.052800 1.000000
389.296000 2790.512000 349.473600 911.640000 1.000000
414.665600 2679.152000 350.427200 797.320000 1.000000
389.120000 2818.064000 355.540800 939.011200 1.000000
409.576000 2727.360000 356.308800 847.280000 1.000000
399.745600 2780.944000 357.280000 902.390400 1.000000
429.624000 2662.960000 358.172800 777.276800 1.000000
409.563200 2742.464000 358.809600 862.529600 1.000000
387.854400 2850.544000 361.889600 970.782400 1.000000
393.883200 2828.368000 363.292800 949.452800 1.000000
421.342400 2707.968000 364.329600 828.003200 1.000000
427.716800 2689.520000 365.504000 808.312000 1.000000
433.732800 2671.792000 368.579200 788.433600 1.000000
435.720000 2681.680000 372.665600 800.107200 1.000000
453.193600 2664.048000 384.275200 781.204800 1.000000
494.696000 2743.200000 445.177600 864.955200 1.000000
504.971200 2701.520000 445.931200 822.003200 1.000000
561.950400 2993.744000 462.296000 2015.056000 1.000000
653.824000 2195.632000 483.582400 471.110400 1.000000
557.788800 2690.416000 500.395200 817.732800 1.000000
562.692800 2798.352000 523.888000 956.886400 1.000000
569.144000 2811.168000 532.766400 968.944000 1.000000
566.955200 2977.280000 567.006400 1084.838400 1.000000
723.148800 2730.048000 668.377600 889.435200 1.000000
756.764800 2723.632000 728.571200 911.921600 1.000000
803.131200 2603.280000 734.676800 765.569600 1.000000
806.497600 2606.128000 775.878400 773.950400 1.000000
882.833600 2585.200000 809.628800 754.324800 1.000000
953.217600 2201.936000 812.777600 509.745600 1.000000
953.065600 2197.744000 813.659200 504.462400 1.000000
840.078400 2901.120000 821.345600 981.710400 1.000000
893.286400 2601.840000 821.492800 773.865600 1.000000
1177.913600 2150.496000 1054.550400 475.089600 1.000000
1205.019200 2199.600000 1087.910400 538.891200 1.000000
1203.520000 2216.192000 1092.556800 555.752000 1.000000
1248.724800 2143.264000 1132.158400 471.588800 1.000000
1256.648000 2163.888000 1143.609600 497.334400 1.000000
1233.272000 2934.928000 1184.110400 1169.012800 1.000000
1234.894400 2950.912000 1188.568000 1184.921600 1.000000
1243.616000 2975.168000 1195.636800 1209.454400 1.000000
1257.044800 2785.504000 1196.857600 1030.251200 1.000000
1271.368000 2997.584000 1220.628800 1226.030400 1.000000
1373.552000 2805.872000 1312.052800 1057.459200 1.000000
1492.443200 2913.616000 1423.603200 1164.128000 1.000000
1492.681600 2943.088000 1424.032000 1197.859200 1.000000
1505.417600 2944.048000 1435.035200 1196.611200 1.000000
1510.590400 2990.160000 1439.392000 1240.852800 1.000000
1513.444800 2933.424000 1443.552000 1190.401600 1.000000
1545.940800 2944.256000 1473.441600 1200.550400 1.000000
1649.696000 2815.760000 1571.379200 1081.004800 1.000000
1681.168000 2782.624000 1603.008000 1053.952000 1.000000
1686.096000 2791.472000 1606.048000 1062.755200 1.000000
1685.232000 2198.016000 1613.344000 589.832000 1.000000
1792.288000 2234.480000 1728.320000 638.499200 1.000000
1773.328000 1693.472000 1728.672000 91.873920 1.000000
1805.888000 2212.448000 1742.336000 617.009600 1.000000
1798.032000 2076.256000 1743.600000 455.083200 1.000000
1818.032000 2206.544000 1754.816000 611.084800 1.000000
1829.840000 2245.248000 1766.400000 649.908800 1.000000
1829.792000 2198.224000 1766.448000 600.252800 1.000000
1843.280000 2189.248000 1783.024000 592.168000 1.000000
1849.344000 2226.912000 1788.320000 636.147200 1.000000
1849.728000 1730.000000 1818.864000 152.859520 1.000000
1887.856000 2182.880000 1833.248000 592.254400 1.000000
1890.000000 2167.024000 1836.960000 572.795200 1.000000
1866.608000 1711.824000 1841.440000 130.754240 1.000000
1921.104000 2237.872000 1864.272000 657.240000 1.000000
1924.016000 2220.832000 1864.960000 640.102400 1.000000
1889.040000 1753.488000 1865.152000 183.128000 1.000000
1889.888000 1742.704000 1868.032000 172.825600 1.000000
1916.176000 2130.048000 1868.432000 528.961600 1.000000
1928.544000 2229.856000 1872.256000 649.873600 1.000000
1897.216000 1739.536000 1875.600000 169.038400 1.000000
1933.616000 2243.344000 1877.072000 664.553600 1.000000
1933.920000 2218.128000 1879.760000 637.745600 1.000000
1900.688000 1746.224000 1879.952000 177.542400 1.000000
1932.784000 2131.008000 1886.336000 532.329600 1.000000
1908.432000 1767.168000 1887.152000 200.072000 1.000000
1951.104000 2203.584000 1900.048000 624.139200 1.000000
1925.472000 1744.496000 1908.464000 179.243200 1.000000
2001.968000 2607.856000 1923.760000 877.494400 1.000000
2004.544000 2595.712000 1928.192000 866.905600 1.000000
1968.320000 2115.312000 1928.992000 518.577600 1.000000
1935.456000 1694.848000 1929.488000 117.650720 1.000000
1969.984000 2122.896000 1930.032000 528.657600 1.000000
1950.336000 1758.752000 1937.936000 198.352000 1.000000
1971.168000 2007.536000 1945.280000 396.476800 1.000000
1986.720000 2115.456000 1948.144000 521.689600 1.000000
2006.224000 2235.568000 1953.664000 663.582400 1.000000
2018.912000 2235.952000 1966.272000 665.308800 1.000000
2046.512000 2610.848000 1967.872000 886.299200 1.000000
1999.760000 2061.616000 1968.336000 460.595200 1.000000
1998.384000 2025.664000 1972.352000 418.921600 1.000000
2006.864000 2067.984000 1978.256000 468.620800 1.000000
2017.776000 2126.912000 1981.600000 542.380800 1.000000
2080.112000 2646.032000 1994.576000 923.726400 1.000000
2050.416000 2252.800000 1999.056000 683.048000 1.000000
2050.352000 2205.840000 2003.120000 635.942400 1.000000
2048.176000 2193.488000 2005.680000 622.217600 1.000000
2017.472000 1826.848000 2011.200000 264.198400 1.000000
2032.800000 2004.512000 2014.560000 398.083200 1.000000
2067.920000 2272.304000 2015.808000 702.131200 1.000000
2052.528000 2060.256000 2028.400000 467.046400 1.000000
2050.272000 2010.256000 2033.056000 409.760000 1.000000
2101.952000 2516.672000 2033.936000 797.996800 1.000000
2087.008000 2245.056000 2038.528000 678.540800 1.000000
2029.792000 1720.304000 2039.024000 164.563200 1.000000
2032.944000 1730.432000 2040.896000 176.704000 1.000000
2048.720000 1843.120000 2047.264000 281.939200 1.000000
2046.272000 1731.392000 2054.928000 179.907200 1.000000
2052.704000 1717.872000 2067.536000 163.809600 1.000000
2082.560000 1832.192000 2089.712000 277.876800 1.000000
2162.960000 2272.880000 2125.728000 613.873600 1.000000
2107.664000 1728.464000 2133.696000 179.881600 1.000000
2122.864000 1751.136000 2145.408000 211.164800 1.000000
2133.504000 1730.624000 2160.304000 189.579200 1.000000
2157.472000 1767.712000 2185.648000 231.352000 1.000000
2166.592000 1710.112000 2205.936000 167.358400 1.000000
2171.776000 1738.720000 2207.872000 202.905600 1.000000
2196.240000 1743.408000 2236.000000 209.798400 1.000000
2641.936000 1195.472000 2558.752000 1760.272000 1.000000
2678.208000 1055.006400 2641.424000 1657.584000 1.000000
2690.176000 1083.088000 2646.848000 1687.472000 1.000000
2696.576000 1074.060800 2655.792000 1681.824000 1.000000
2697.504000 1054.388800 2662.192000 1665.904000 1.000000
