192.064000 2862.320000 128.043680 562.115200 1.000000
192.593600 2874.240000 130.927840 575.251200 1.000000
211.064000 2814.208000 132.793440 514.748800 1.000000
315.830400 2648.480000 192.452800 335.065600 1.000000
342.603200 2872.080000 281.753600 588.385600 1.000000
350.929600 2866.112000 288.768000 583.075200 1.000000
376.872000 2769.568000 289.747200 481.248000 1.000000
378.259200 2763.936000 289.748800 476.046400 1.000000
367.456000 2865.200000 304.955200 584.808000 1.000000
389.296000 2790.512000 307.998400 505.854400 1.000000
406.848000 2722.352000 309.339200 431.856000 1.000000
405.588800 2735.792000 310.939200 446.579200 1.000000
393.865600 2786.480000 311.675200 501.243200 1.000000
409.576000 2727.360000 313.195200 436.835200 1.000000
429.624000 2662.960000 313.288000 360.624000 1.000000
389.120000 2818.064000 314.380800 535.088000 1.000000
381.448000 2839.664000 314.627200 558.955200 1.000000
421.342400 2707.968000 321.278400 416.457600 1.000000
387.854400 2850.544000 321.907200 569.574400 1.000000
427.716800 2689.520000 322.201600 394.859200 1.000000
393.883200 2828.368000 323.152000 546.664000 1.000000
408.966400 2772.272000 323.996800 487.032000 1.000000
435.720000 2681.680000 327.852800 385.451200 1.000000
394.384000 2850.960000 328.283200 569.588800 1.000000
453.193600 2664.048000 341.400000 366.881600 1.000000
446.390400 2707.440000 345.622400 418.620800 1.000000
494.766400 2711.568000 402.312000 432.875200 1.000000
499.012800 2698.512000 402.489600 418.934400 1.000000
512.425600 2664.992000 404.094400 359.414400 1.000000
504.971200 2701.520000 409.748800 423.225600 1.000000
511.238400 2694.048000 412.635200 412.064000 1.000000
482.480000 3004.464000 453.452800 765.214400 1.000000
557.788800 2690.416000 461.561600 392.275200 1.000000
575.601600 2790.240000 498.976000 552.729600 1.000000
647.022400 2753.104000 565.440000 520.264000 1.000000
803.131200 2603.280000 701.787200 361.800000 1.000000
810.856000 2721.936000 735.635200 515.273600 1.000000
1106.752000 2187.200000 961.537600 120.235680 1.000000
1203.520000 2216.192000 1075.704000 173.323200 1.000000
1248.724800 2143.264000 1122.097600 79.733760 1.000000
1256.648000 2163.888000 1132.161600 112.019200 1.000000
1233.272000 2934.928000 1168.420800 818.713600 1.000000
1257.044800 2785.504000 1184.697600 669.043200 1.000000
1331.750400 2931.312000 1263.270400 826.686400 1.000000
1373.552000 2805.872000 1302.790400 704.814400 1.000000
1492.443200 2913.616000 1416.523200 819.811200 1.000000
1505.417600 2944.048000 1427.238400 857.667200 1.000000
1616.512000 2199.632000 1548.622400 220.577600 1.000000
1647.568000 2825.920000 1571.140800 745.483200 1.000000
1266.934400 2975.280000 1598.812800 905.998400 1.000000
1278.123200 2766.624000 1602.768000 710.120000 1.000000
1736.640000 2137.888000 1694.144000 162.667200 1.000000
1754.912000 2234.912000 1701.488000 282.067200 1.000000
1778.736000 2250.288000 1728.736000 301.190400 1.000000
1805.888000 2212.448000 1761.552000 265.840000 1.000000
1818.032000 2206.544000 1775.952000 260.800000 1.000000
1819.248000 2176.304000 1780.784000 222.680000 1.000000
1830.912000 2265.504000 1784.560000 322.371200 1.000000
1829.840000 2245.248000 1787.088000 301.196800 1.000000
1829.792000 2198.224000 1789.808000 253.313600 1.000000
1886.432000 2154.496000 1860.080000 207.278400 1.000000
1921.104000 2237.872000 1887.280000 313.972800 1.000000
1914.368000 2168.144000 1891.408000 228.070400 1.000000
1924.016000 2220.832000 1892.048000 297.844800 1.000000
1928.544000 2229.856000 1896.432000 307.577600 1.000000
1943.120000 2231.712000 1911.232000 311.489600 1.000000
1960.064000 2208.688000 1934.496000 288.864000 1.000000
2001.968000 2607.856000 1941.168000 527.868800 1.000000
2004.544000 2595.712000 1942.720000 515.438400 1.000000
1959.376000 2122.896000 1951.808000 175.102400 1.000000
2028.720000 2616.208000 1968.256000 542.913600 1.000000
1999.984000 2242.240000 1974.768000 332.395200 1.000000
2005.600000 2252.256000 1978.944000 341.694400 1.000000
2058.576000 2595.040000 1996.608000 524.603200 1.000000
1986.096000 2016.080000 2000.640000 44.998240 1.000000
2024.528000 2211.872000 2006.256000 303.545600 1.000000
2080.112000 2646.032000 2013.648000 578.179200 1.000000
2037.312000 2185.888000 2025.504000 274.195200 1.000000
2031.936000 2129.920000 2031.136000 194.294400 1.000000
2032.800000 2004.512000 2057.696000 37.806400 1.000000
2101.952000 2516.672000 2059.088000 447.979200 1.000000
2050.272000 2010.256000 2077.536000 49.188320 1.000000
2104.672000 2107.552000 2120.304000 180.889600 1.000000
2673.376000 1036.526400 2634.544000 1709.824000 1.000000
2679.600000 1042.726400 2638.336000 1719.104000 1.000000
2679.824000 1036.915200 2640.752000 1713.696000 1.000000
2700.672000 1079.246400 2647.024000 1756.736000 1.000000
