5.057952 2865.216000 6.492944 2385.648000 1.000000
107.061760 1522.222400 19.639360 1160.961600 1.000000
119.008160 1523.531200 31.690080 1163.859200 1.000000
141.276000 1602.464000 64.874240 1248.500800 1.000000
96.002080 2179.344000 69.686560 1807.664000 1.000000
154.867360 1537.988800 71.118720 1178.246400 1.000000
105.977920 2096.208000 72.184640 1724.208000 1.000000
105.116960 2084.016000 72.991680 1711.616000 1.000000
112.050560 2157.440000 84.486880 1787.456000 1.000000
171.990400 1544.067200 89.339200 1184.800000 1.000000
168.126400 1606.784000 90.815680 1252.256000 1.000000
167.689600 1629.472000 92.135200 1276.660800 1.000000
63.590560 2856.016000 100.113120 2377.104000 1.000000
132.369920 2153.824000 104.910560 1782.912000 1.000000
73.004480 2866.080000 110.015200 2388.944000 1.000000
137.408480 2167.888000 112.017280 1797.680000 1.000000
165.843200 2070.576000 127.959680 1698.272000 1.000000
161.614400 2085.984000 127.998880 1713.488000 1.000000
164.176000 2100.704000 131.424640 1729.184000 1.000000
161.467200 2147.904000 133.038400 1777.216000 1.000000
108.269280 2746.976000 134.311840 2301.504000 1.000000
112.661760 2705.536000 134.539200 2265.184000 1.000000
169.051200 2092.464000 135.415680 1720.432000 1.000000
168.664000 2194.944000 135.945920 1823.168000 1.000000
173.299200 2162.032000 145.468960 1792.416000 1.000000
180.072000 2077.584000 149.207680 1706.432000 1.000000
198.462400 2124.864000 168.844800 1753.040000 1.000000
534.201600 9.617248 182.824000 8.831664 1.000000
160.137600 2770.656000 185.955200 2334.736000 1.000000
174.489600 2774.544000 201.427200 2338.656000 1.000000
198.971200 2634.320000 213.409600 2204.384000 1.000000
179.648000 2889.792000 213.497600 2446.688000 1.000000
252.096000 2106.736000 219.065600 1735.136000 1.000000
192.064000 2862.320000 223.892800 2422.448000 1.000000
225.593600 2652.736000 240.168000 2219.072000 1.000000
223.446400 2927.456000 258.406400 2485.904000 1.000000
231.633600 2953.744000 266.894400 2503.552000 1.000000
238.638400 2947.360000 272.392000 2499.328000 1.000000
234.070400 3003.280000 272.708800 2543.264000 1.000000
402.156800 951.550400 274.027200 579.152000 1.000000
266.776000 2789.872000 284.644800 2344.096000 1.000000
303.889600 2682.400000 320.068800 2251.088000 1.000000
321.955200 2624.480000 332.606400 2194.272000 1.000000
331.446400 2634.608000 342.008000 2203.376000 1.000000
338.409600 2693.840000 354.512000 2265.808000 1.000000
354.752000 2572.208000 362.406400 2143.088000 1.000000
359.996800 2623.152000 367.726400 2191.024000 1.000000
368.124800 2628.112000 377.003200 2195.920000 1.000000
498.684800 993.163200 380.097600 629.891200 1.000000
356.800000 2832.160000 380.366400 2393.840000 1.000000
360.075200 2836.960000 383.356800 2398.416000 1.000000
358.721600 2863.968000 383.825600 2424.032000 1.000000
366.990400 2803.296000 388.536000 2366.432000 1.000000
508.040000 982.840000 390.171200 617.958400 1.000000
370.409600 2792.064000 390.948800 2355.472000 1.000000
371.420800 2848.160000 395.334400 2408.432000 1.000000
381.448000 2839.664000 404.851200 2400.624000 1.000000
385.932800 2771.936000 404.987200 2336.176000 1.000000
389.120000 2818.064000 410.657600 2380.336000 1.000000
387.854400 2850.544000 410.836800 2410.944000 1.000000
393.220800 2756.624000 411.116800 2321.392000 1.000000
399.958400 2685.952000 414.081600 2252.512000 1.000000
403.275200 2709.248000 418.286400 2276.528000 1.000000
399.745600 2780.944000 418.955200 2345.824000 1.000000
408.190400 2615.568000 420.950400 2186.608000 1.000000
400.254400 2838.336000 422.472000 2400.432000 1.000000
405.588800 2735.792000 422.756800 2301.008000 1.000000
538.102400 1004.192000 423.048000 640.921600 1.000000
406.292800 2819.520000 425.134400 2382.192000 1.000000
409.563200 2742.464000 426.622400 2308.064000 1.000000
414.665600 2679.152000 427.203200 2246.560000 1.000000
413.347200 2717.904000 428.643200 2284.528000 1.000000
418.483200 2737.616000 434.366400 2302.656000 1.000000
421.342400 2707.968000 435.500800 2274.736000 1.000000
424.187200 2679.872000 438.428800 2246.800000 1.000000
424.987200 2719.072000 439.089600 2285.376000 1.000000
427.716800 2689.520000 441.331200 2256.640000 1.000000
435.720000 2681.680000 447.752000 2248.032000 1.000000
454.588800 2486.544000 454.078400 2057.296000 1.000000
443.715200 2698.336000 457.035200 2265.088000 1.000000
446.390400 2707.440000 461.123200 2276.496000 1.000000
462.811200 2564.624000 469.907200 2132.640000 1.000000
598.352000 1013.924800 487.987200 654.467200 1.000000
606.331200 1016.390400 496.876800 656.260800 1.000000
606.651200 1037.977600 499.470400 679.092800 1.000000
494.766400 2711.568000 506.390400 2276.368000 1.000000
612.145600 1066.036800 506.972800 710.140800 1.000000
522.104000 2452.688000 520.448000 2024.080000 1.000000
512.425600 2664.992000 523.105600 2237.888000 1.000000
627.753600 1080.912000 523.580800 726.006400 1.000000
628.248000 1115.816000 526.728000 763.043200 1.000000
636.648000 1075.699200 531.422400 721.540800 1.000000
641.254400 1116.756800 541.158400 764.800000 1.000000
645.454400 1056.728000 541.227200 701.641600 1.000000
654.067200 1056.344000 551.022400 700.801600 1.000000
629.238400 1591.891200 567.534400 1240.899200 1.000000
544.520000 2741.120000 572.489600 2243.648000 1.000000
575.524800 2494.944000 575.475200 2066.016000 1.000000
638.851200 1728.768000 584.665600 1381.260800 1.000000
584.104000 2532.704000 588.008000 2102.800000 1.000000
648.643200 1667.920000 590.200000 1320.108800 1.000000
615.963200 2192.112000 592.819200 1824.656000 1.000000
695.793600 1062.700800 594.430400 706.857600 1.000000
651.921600 1720.544000 596.825600 1375.300800 1.000000
696.288000 1127.161600 599.059200 775.712000 1.000000
700.897600 1040.745600 599.601600 684.558400 1.000000
667.553600 1660.912000 608.056000 1314.513600 1.000000
715.696000 1120.000000 619.526400 769.646400 1.000000
626.323200 2485.600000 624.561600 2062.192000 1.000000
627.342400 2565.952000 630.057600 2141.312000 1.000000
653.824000 2195.632000 631.236800 1827.264000 1.000000
631.116800 2580.352000 634.646400 2154.672000 1.000000
735.424000 1107.915200 640.880000 758.012800 1.000000
739.660800 1083.998400 642.835200 731.230400 1.000000
639.182400 2546.864000 643.049600 2117.888000 1.000000
643.096000 2573.088000 643.608000 2148.432000 1.000000
669.040000 2199.440000 646.432000 1831.104000 1.000000
701.329600 1739.600000 649.355200 1394.604800 1.000000
647.764800 2565.696000 650.668800 2141.440000 1.000000
712.152000 1623.632000 651.606400 1275.587200 1.000000
674.553600 2184.752000 652.416000 1817.984000 1.000000
714.048000 1736.912000 662.180800 1392.300800 1.000000
717.286400 1696.464000 662.627200 1350.273600 1.000000
725.289600 1709.088000 671.366400 1364.328000 1.000000
672.041600 2565.280000 673.996800 2140.944000 1.000000
806.651200 498.972800 681.344000 92.159680 1.000000
717.280000 2217.600000 696.948800 1850.896000 1.000000
829.963200 522.528000 707.976000 119.114240 1.000000
706.587200 2602.176000 709.404800 2176.928000 1.000000
734.561600 2182.128000 709.716800 1814.560000 1.000000
724.022400 2639.840000 727.907200 2214.176000 1.000000
723.148800 2730.048000 730.750400 2298.864000 1.000000
731.443200 2613.968000 734.020800 2190.080000 1.000000
730.110400 2629.376000 734.156800 2204.736000 1.000000
731.904000 2698.464000 740.611200 2272.512000 1.000000
741.960000 2597.216000 745.819200 2171.024000 1.000000
745.244800 2641.200000 746.272000 2209.152000 1.000000
789.992000 2595.216000 790.193600 2170.368000 1.000000
811.908800 2620.512000 815.185600 2193.056000 1.000000
818.065600 2689.904000 825.499200 2268.720000 1.000000
831.604800 2661.792000 838.956800 2234.416000 1.000000
837.190400 2773.520000 843.166400 2342.176000 1.000000
845.628800 2600.832000 847.872000 2174.240000 1.000000
846.705600 2780.064000 853.164800 2351.248000 1.000000
857.780800 2610.928000 857.673600 2185.680000 1.000000
860.272000 2738.736000 865.688000 2306.880000 1.000000
874.723200 2662.432000 876.086400 2235.088000 1.000000
896.078400 2590.768000 894.464000 2166.192000 1.000000
911.848000 2592.352000 910.472000 2166.976000 1.000000
949.294400 2610.336000 946.809600 2194.976000 1.000000
1084.934400 1714.832000 1042.035200 1372.929600 1.000000
1082.758400 2241.632000 1057.307200 1875.152000 1.000000
1108.376000 1712.512000 1065.209600 1373.446400 1.000000
1160.600000 1119.353600 1094.184000 777.004800 1.000000
1115.737600 2222.864000 1094.449600 1858.784000 1.000000
1135.534400 2216.912000 1112.489600 1854.208000 1.000000
1138.595200 2235.344000 1114.809600 1870.768000 1.000000
1175.776000 1679.456000 1132.129600 1341.993600 1.000000
1205.811200 1110.624000 1141.708800 766.739200 1.000000
1166.368000 2182.960000 1142.214400 1821.488000 1.000000
1171.828800 2174.496000 1146.257600 1813.168000 1.000000
1175.560000 2132.928000 1148.499200 1771.824000 1.000000
1177.257600 2124.720000 1151.024000 1763.136000 1.000000
1176.900800 2203.136000 1151.662400 1840.784000 1.000000
1216.376000 1095.750400 1151.772800 748.520000 1.000000
1183.892800 2186.912000 1160.340800 1825.936000 1.000000
1209.961600 1678.320000 1167.404800 1340.374400 1.000000
1195.793600 2191.392000 1172.334400 1829.184000 1.000000
1203.520000 2216.192000 1180.505600 1853.632000 1.000000
1224.187200 2196.640000 1199.436800 1836.048000 1.000000
1263.593600 1009.502400 1201.401600 652.696000 1.000000
1269.668800 1004.800000 1208.024000 646.936000 1.000000
1217.425600 2948.912000 1212.633600 2512.608000 1.000000
1275.832000 1023.334400 1214.344000 668.289600 1.000000
1242.404800 2172.784000 1219.468800 1813.344000 1.000000
1243.526400 2224.496000 1219.667200 1861.248000 1.000000
1256.648000 2163.888000 1230.736000 1802.944000 1.000000
1234.894400 2950.912000 1232.086400 2516.976000 1.000000
1246.556800 2963.680000 1241.332800 2527.552000 1.000000
1287.921600 1596.424000 1245.448000 1255.004800 1.000000
1257.044800 2785.504000 1248.230400 2360.672000 1.000000
1293.003200 1588.900800 1250.505600 1247.195200 1.000000
1283.067200 2438.800000 1264.918400 2020.272000 1.000000
1278.123200 2766.624000 1268.435200 2344.128000 1.000000
1330.852800 1063.384000 1274.867200 711.472000 1.000000
1284.995200 2813.376000 1275.880000 2386.672000 1.000000
1288.291200 2985.136000 1278.176000 2550.336000 1.000000
1348.284800 1105.243200 1293.395200 762.764800 1.000000
1351.016000 1096.467200 1295.395200 752.796800 1.000000
1374.483200 1102.286400 1322.398400 759.652800 1.000000
1373.552000 2805.872000 1358.515200 2377.536000 1.000000
1388.307200 2643.600000 1370.353600 2225.232000 1.000000
1472.350400 2540.496000 1451.046400 2126.688000 1.000000
1492.681600 2943.088000 1474.897600 2513.088000 1.000000
1492.443200 2913.616000 1475.259200 2480.816000 1.000000
1547.113600 2501.072000 1524.166400 2084.720000 1.000000
1588.243200 2172.912000 1560.940800 1815.808000 1.000000
1614.976000 2221.152000 1586.512000 1862.496000 1.000000
1685.232000 2198.016000 1656.432000 1841.936000 1.000000
1686.096000 2791.472000 1658.016000 2365.856000 1.000000
1690.848000 2962.384000 1659.952000 2526.288000 1.000000
1692.768000 2240.208000 1663.776000 1882.432000 1.000000
1695.200000 2925.936000 1665.728000 2491.488000 1.000000
1700.640000 1655.680000 1670.928000 1323.675200 1.000000
1702.384000 2204.048000 1672.528000 1849.104000 1.000000
1708.832000 2796.400000 1676.288000 2370.688000 1.000000
1721.008000 1101.932800 1691.040000 760.292800 1.000000
1729.600000 2838.016000 1698.208000 2411.104000 1.000000
1729.024000 2223.840000 1699.360000 1865.840000 1.000000
1736.640000 2137.888000 1708.384000 1782.128000 1.000000
1737.728000 1932.864000 1709.984000 1581.518400 1.000000
1754.912000 2234.912000 1723.328000 1877.696000 1.000000
1758.912000 1710.384000 1730.192000 1384.176000 1.000000
1766.096000 2419.248000 1741.584000 2014.624000 1.000000
1778.736000 2250.288000 1748.112000 1890.784000 1.000000
1778.144000 1131.817600 1749.984000 795.121600 1.000000
1789.920000 2200.240000 1758.048000 1843.776000 1.000000
1792.368000 2251.920000 1761.696000 1892.512000 1.000000
1792.288000 2234.480000 1765.504000 1877.520000 1.000000
1790.656000 1130.652800 1766.848000 795.584000 1.000000
1793.280000 1121.270400 1770.416000 785.380800 1.000000
1805.888000 2212.448000 1775.296000 1855.904000 1.000000
1819.248000 2176.304000 1787.760000 1818.368000 1.000000
1828.864000 2522.176000 1790.976000 2101.920000 1.000000
1829.840000 2245.248000 1798.480000 1886.288000 1.000000
1830.912000 2265.504000 1799.040000 1904.928000 1.000000
1833.728000 2501.504000 1799.952000 2080.000000 1.000000
1837.328000 1929.440000 1808.832000 1580.737600 1.000000
1845.344000 2491.728000 1811.120000 2071.696000 1.000000
1841.888000 1711.520000 1814.896000 1382.352000 1.000000
1849.344000 2226.912000 1817.728000 1870.032000 1.000000
1845.360000 1719.904000 1818.352000 1391.705600 1.000000
1849.888000 2272.704000 1818.688000 1910.736000 1.000000
1849.728000 1730.000000 1822.384000 1401.763200 1.000000
1856.624000 2401.328000 1822.672000 1994.080000 1.000000
1856.224000 2183.712000 1823.792000 1827.664000 1.000000
1860.784000 2380.336000 1827.408000 1976.240000 1.000000
1859.632000 1924.944000 1830.992000 1577.705600 1.000000
1866.944000 2240.528000 1834.432000 1883.744000 1.000000
1869.936000 1837.536000 1841.952000 1503.132800 1.000000
1872.160000 2167.040000 1842.016000 1812.752000 1.000000
1872.304000 1925.456000 1844.032000 1578.067200 1.000000
1870.464000 1699.200000 1845.024000 1371.830400 1.000000
1872.960000 1750.992000 1846.048000 1421.992000 1.000000
1881.312000 1934.480000 1852.320000 1586.545600 1.000000
1882.192000 1841.888000 1855.888000 1510.657600 1.000000
1894.528000 2200.096000 1863.680000 1842.080000 1.000000
1893.216000 1675.632000 1866.704000 1346.763200 1.000000
1892.528000 1377.292800 1870.976000 1040.134400 1.000000
1908.944000 2460.464000 1871.376000 2048.112000 1.000000
1898.240000 1710.480000 1872.128000 1382.953600 1.000000
1902.896000 1722.928000 1876.640000 1395.611200 1.000000
1908.432000 1767.168000 1880.784000 1440.046400 1.000000
1918.496000 2472.128000 1881.376000 2058.400000 1.000000
1918.432000 2438.224000 1882.336000 2028.592000 1.000000
1916.176000 2130.048000 1883.616000 1774.048000 1.000000
1918.912000 1940.576000 1889.440000 1593.496000 1.000000
1921.104000 2237.872000 1889.760000 1884.928000 1.000000
1924.016000 2220.832000 1891.296000 1865.984000 1.000000
1919.360000 1706.640000 1893.760000 1378.027200 1.000000
1928.544000 2229.856000 1895.616000 1874.416000 1.000000
1932.256000 2409.584000 1895.824000 2004.352000 1.000000
1909.424000 837.862400 1896.560000 475.348800 1.000000
1928.720000 2143.408000 1897.200000 1788.848000 1.000000
1936.048000 2486.160000 1899.184000 2070.576000 1.000000
1933.616000 2243.344000 1902.704000 1888.320000 1.000000
1920.400000 1170.296000 1902.784000 840.153600 1.000000
1924.672000 1402.651200 1904.208000 1064.542400 1.000000
1932.976000 1773.776000 1906.944000 1444.086400 1.000000
1943.120000 2231.712000 1910.720000 1876.256000 1.000000
1927.504000 1165.992000 1910.912000 836.737600 1.000000
1944.912000 2219.136000 1911.712000 1863.632000 1.000000
1930.288000 1179.417600 1912.896000 849.883200 1.000000
1943.584000 2157.168000 1913.856000 1799.904000 1.000000
1930.144000 1160.414400 1914.240000 830.350400 1.000000
1934.272000 1345.232000 1914.592000 1018.854400 1.000000
1951.440000 2100.032000 1919.776000 1746.256000 1.000000
1947.344000 1783.408000 1921.024000 1455.147200 1.000000
1968.496000 2573.872000 1926.416000 2159.680000 1.000000
1960.048000 2099.824000 1928.272000 1746.096000 1.000000
1951.120000 1074.363200 1935.792000 728.924800 1.000000
1977.424000 1911.536000 1946.384000 1567.766400 1.000000
1957.824000 925.742400 1948.608000 563.236800 1.000000
1964.912000 1174.411200 1948.976000 845.451200 1.000000
1976.288000 1772.512000 1950.864000 1444.387200 1.000000
1994.320000 2584.416000 1952.496000 2164.976000 1.000000
1969.936000 1212.956800 1953.152000 887.184000 1.000000
1979.056000 1758.848000 1954.224000 1431.356800 1.000000
1986.720000 2115.456000 1955.888000 1761.744000 1.000000
1988.144000 2070.528000 1955.952000 1717.456000 1.000000
2001.968000 2607.856000 1959.840000 2186.976000 1.000000
1986.480000 1737.040000 1960.336000 1409.204800 1.000000
2004.544000 2595.712000 1960.656000 2175.040000 1.000000
1985.328000 1692.016000 1961.168000 1365.604800 1.000000
1992.720000 2092.208000 1961.216000 1738.816000 1.000000
1976.128000 1151.740800 1961.376000 819.433600 1.000000
1999.392000 2298.880000 1964.384000 1935.344000 1.000000
1995.680000 2044.688000 1964.576000 1692.688000 1.000000
1972.144000 839.590400 1965.856000 478.718400 1.000000
1983.920000 1398.576000 1966.032000 1062.603200 1.000000
1973.248000 781.041600 1966.752000 419.500800 1.000000
1998.384000 2025.664000 1967.712000 1673.984000 1.000000
1981.392000 1145.200000 1967.840000 811.713600 1.000000
1983.264000 1219.723200 1968.080000 896.560000 1.000000
1994.176000 1804.000000 1969.392000 1472.622400 1.000000
2005.600000 2252.256000 1970.544000 1895.248000 1.000000
1983.840000 1174.990400 1970.848000 846.147200 1.000000
2002.400000 1906.448000 1971.056000 1565.169600 1.000000
2006.224000 2235.568000 1971.712000 1880.288000 1.000000
2014.496000 2615.456000 1972.800000 2195.584000 1.000000
1993.152000 1274.772800 1977.408000 953.812800 1.000000
1990.816000 1165.579200 1977.680000 835.316800 1.000000
1998.208000 1432.966400 1979.104000 1095.971200 1.000000
2008.992000 2022.656000 1979.648000 1672.736000 1.000000
1983.584000 777.065600 1979.664000 414.729600 1.000000
2003.552000 1665.984000 1980.768000 1336.828800 1.000000
1994.976000 1202.992000 1981.008000 877.080000 1.000000
2008.400000 1780.288000 1981.264000 1453.022400 1.000000
1988.352000 853.449600 1981.952000 491.334400 1.000000
2009.200000 1808.016000 1982.496000 1476.596800 1.000000
2010.656000 1865.024000 1982.960000 1530.492800 1.000000
1987.040000 766.979200 1983.248000 403.920000 1.000000
2020.512000 2147.312000 1985.936000 1796.288000 1.000000
2012.320000 1797.360000 1986.800000 1467.323200 1.000000
1997.248000 988.147200 1988.560000 633.483200 1.000000
2014.752000 1847.056000 1989.024000 1514.188800 1.000000
2033.312000 2607.200000 1990.080000 2187.072000 1.000000
1988.384000 449.403200 1990.960000 42.308160 1.000000
2004.480000 1204.385600 1991.328000 878.612800 1.000000
2036.496000 2597.392000 1991.648000 2176.992000 1.000000
2027.968000 2017.888000 1996.096000 1669.120000 1.000000
2023.104000 1836.720000 1996.848000 1503.670400 1.000000
2028.448000 1895.088000 1997.712000 1557.225600 1.000000
2031.936000 2129.920000 1997.904000 1772.240000 1.000000
2034.016000 2252.672000 1998.880000 1898.624000 1.000000
2018.064000 1406.904000 2000.896000 1070.003200 1.000000
2027.840000 1737.920000 2002.256000 1411.320000 1.000000
2037.488000 2235.168000 2002.832000 1879.984000 1.000000
2037.312000 2185.888000 2003.728000 1832.240000 1.000000
2041.360000 2298.128000 2006.000000 1933.904000 1.000000
2029.792000 1720.304000 2006.144000 1394.427200 1.000000
2031.584000 1817.520000 2007.952000 1484.860800 1.000000
2032.944000 1730.432000 2008.336000 1404.156800 1.000000
2019.952000 1131.740800 2009.360000 795.937600 1.000000
2035.184000 1870.304000 2009.744000 1535.945600 1.000000
2021.760000 1157.593600 2010.976000 826.451200 1.000000
2023.056000 1184.734400 2013.264000 857.280000 1.000000
2045.424000 1915.712000 2016.976000 1573.126400 1.000000
2047.536000 1933.952000 2019.440000 1589.169600 1.000000
2050.272000 2010.256000 2019.760000 1660.000000 1.000000
2021.104000 769.091200 2019.936000 408.028800 1.000000
2041.696000 1609.728000 2019.968000 1279.780800 1.000000
2052.528000 2060.256000 2020.672000 1707.216000 1.000000
2059.536000 2239.104000 2020.752000 1883.632000 1.000000
2046.272000 1731.392000 2021.056000 1405.628800 1.000000
2036.160000 1226.452800 2023.120000 904.563200 1.000000
2023.072000 854.611200 2023.392000 495.193600 1.000000
2034.784000 1234.371200 2023.952000 911.216000 1.000000
2050.896000 1869.408000 2024.032000 1535.126400 1.000000
2046.384000 1759.392000 2024.336000 1433.808000 1.000000
2061.600000 2175.952000 2025.488000 1823.216000 1.000000
2030.080000 844.150400 2026.624000 483.204800 1.000000
2060.512000 2190.976000 2027.456000 1838.112000 1.000000
2038.656000 1197.939200 2028.144000 871.707200 1.000000
2075.168000 2527.696000 2028.976000 2110.528000 1.000000
2061.152000 2082.192000 2029.184000 1729.728000 1.000000
2061.232000 2121.184000 2029.680000 1769.504000 1.000000
2052.704000 1717.872000 2029.936000 1391.830400 1.000000
2069.216000 2250.416000 2030.768000 1897.248000 1.000000
2054.496000 1609.440000 2033.280000 1278.171200 1.000000
2069.472000 2216.784000 2033.488000 1862.576000 1.000000
2080.112000 2646.032000 2034.128000 2227.952000 1.000000
2060.752000 1852.432000 2035.136000 1518.427200 1.000000
2054.160000 1539.491200 2036.544000 1205.854400 1.000000
2057.440000 1557.000000 2037.856000 1223.724800 1.000000
2063.056000 1758.304000 2039.552000 1432.219200 1.000000
2070.880000 1949.920000 2042.496000 1603.760000 1.000000
2064.176000 1593.376000 2042.896000 1261.958400 1.000000
2073.168000 1914.544000 2043.904000 1572.787200 1.000000
2081.504000 2265.584000 2045.072000 1907.552000 1.000000
2040.448000 458.588800 2048.896000 55.828320 1.000000
2086.560000 2183.280000 2048.992000 1830.928000 1.000000
2080.880000 1928.976000 2051.776000 1586.496000 1.000000
2087.008000 2245.056000 2051.840000 1889.504000 1.000000
2073.952000 1610.544000 2053.104000 1280.473600 1.000000
2072.528000 1541.902400 2054.464000 1209.078400 1.000000
2106.368000 2570.832000 2060.304000 2152.784000 1.000000
2086.832000 1841.136000 2061.456000 1509.804800 1.000000
2061.664000 846.348800 2061.968000 486.932800 1.000000
2080.384000 1469.214400 2063.168000 1135.217600 1.000000
2079.952000 1531.536000 2063.200000 1200.825600 1.000000
2062.912000 837.980800 2063.600000 479.115200 1.000000
2072.064000 1310.566400 2064.128000 990.483200 1.000000
2097.808000 2129.248000 2064.160000 1776.752000 1.000000
2069.424000 1131.774400 2064.352000 795.240000 1.000000
2065.216000 874.952000 2064.480000 516.187200 1.000000
2111.456000 2607.024000 2064.944000 2187.056000 1.000000
2092.576000 1926.000000 2065.536000 1583.360000 1.000000
2079.920000 1388.012800 2065.984000 1055.505600 1.000000
2078.672000 1276.763200 2068.656000 958.492800 1.000000
2098.752000 1918.528000 2069.648000 1576.776000 1.000000
2095.264000 1822.720000 2070.688000 1491.532800 1.000000
2070.496000 822.998400 2071.376000 464.729600 1.000000
2071.088000 842.291200 2071.824000 483.689600 1.000000
2080.064000 1152.713600 2072.672000 818.763200 1.000000
2083.120000 1264.555200 2072.768000 944.326400 1.000000
2083.216000 1214.577600 2074.560000 890.078400 1.000000
2092.960000 1531.345600 2075.264000 1197.739200 1.000000
2088.704000 1400.201600 2075.600000 1066.436800 1.000000
2079.040000 957.862400 2076.544000 605.240000 1.000000
2073.136000 721.438400 2077.616000 354.356800 1.000000
2110.624000 2114.112000 2078.064000 1761.776000 1.000000
2094.112000 1513.432000 2078.304000 1180.747200 1.000000
2078.544000 887.862400 2078.816000 529.393600 1.000000
2115.664000 2092.688000 2083.104000 1740.912000 1.000000
2081.184000 813.558400 2083.344000 454.360000 1.000000
2090.128000 1047.281600 2085.872000 699.400000 1.000000
2131.296000 2471.616000 2087.136000 2068.496000 1.000000
2109.744000 1540.931200 2093.104000 1206.788800 1.000000
2124.336000 1915.264000 2095.264000 1574.294400 1.000000
2138.640000 2237.632000 2096.208000 1859.568000 1.000000
2122.624000 1864.768000 2097.072000 1533.772800 1.000000
2098.480000 876.086400 2100.416000 517.478400 1.000000
2097.136000 901.740800 2101.328000 543.936000 1.000000
2098.784000 918.971200 2101.984000 562.494400 1.000000
2124.368000 1712.192000 2102.496000 1387.294400 1.000000
2132.144000 1898.240000 2104.256000 1559.708800 1.000000
2113.168000 1193.792000 2108.608000 866.737600 1.000000
2123.392000 1476.478400 2108.656000 1143.657600 1.000000
2158.912000 2573.168000 2109.056000 2157.424000 1.000000
2133.504000 1730.624000 2110.464000 1404.963200 1.000000
2098.432000 502.809600 2112.528000 106.220640 1.000000
2124.672000 1344.812800 2113.584000 1024.262400 1.000000
2133.904000 1597.097600 2113.840000 1266.571200 1.000000
2129.088000 1452.724800 2114.704000 1118.374400 1.000000
2122.144000 1236.624000 2115.008000 916.227200 1.000000
2100.496000 452.980800 2116.112000 49.413280 1.000000
2108.144000 680.382400 2117.088000 306.473600 1.000000
2113.280000 844.256000 2117.328000 486.473600 1.000000
2140.320000 1740.640000 2118.192000 1416.302400 1.000000
2135.824000 1529.704000 2118.784000 1198.000000 1.000000
2115.152000 859.083200 2119.296000 501.766400 1.000000
2138.016000 1475.332800 2125.040000 1143.240000 1.000000
2113.584000 558.352000 2126.512000 165.486400 1.000000
2141.184000 1417.515200 2128.384000 1085.099200 1.000000
2127.248000 948.328000 2129.120000 595.180800 1.000000
2150.304000 1688.832000 2130.160000 1363.297600 1.000000
2135.280000 1128.080000 2130.640000 791.441600 1.000000
2140.640000 1326.358400 2131.152000 1006.772800 1.000000
2113.264000 443.188800 2131.456000 41.710720 1.000000
2116.256000 510.233600 2132.016000 115.001440 1.000000
2116.064000 538.505600 2132.464000 146.402720 1.000000
2141.584000 1259.547200 2134.864000 940.140800 1.000000
2141.136000 1188.124800 2135.424000 862.356800 1.000000
2118.192000 488.212800 2135.696000 90.826080 1.000000
2149.152000 1479.201600 2136.000000 1144.811200 1.000000
2134.864000 889.169600 2139.232000 532.816000 1.000000
2161.120000 1694.304000 2139.920000 1370.040000 1.000000
2123.264000 506.944000 2140.368000 109.042880 1.000000
2123.360000 447.795200 2141.536000 47.571680 1.000000
2137.808000 911.292800 2142.688000 554.040000 1.000000
2154.176000 1315.152000 2144.048000 996.670400 1.000000
2143.296000 993.816000 2144.288000 641.776000 1.000000
2169.568000 1772.048000 2145.264000 1445.755200 1.000000
2166.592000 1710.112000 2145.488000 1385.112000 1.000000
2168.688000 1665.472000 2145.808000 1337.800000 1.000000
2151.120000 1190.481600 2145.936000 864.257600 1.000000
2126.848000 455.568000 2146.032000 55.083360 1.000000
2169.136000 1780.304000 2146.256000 1453.601600 1.000000
2168.480000 1761.456000 2147.248000 1434.441600 1.000000
2155.360000 1209.217600 2148.128000 882.016000 1.000000
2172.352000 1796.720000 2148.880000 1469.497600 1.000000
2153.536000 1183.569600 2149.056000 856.432000 1.000000
2158.160000 1341.289600 2150.208000 1021.632000 1.000000
2131.712000 544.881600 2150.224000 155.091200 1.000000
2132.240000 443.521600 2150.784000 42.834400 1.000000
2171.776000 1738.720000 2151.168000 1413.833600 1.000000
2152.336000 1047.214400 2152.416000 699.756800 1.000000
2173.840000 1716.560000 2153.104000 1391.107200 1.000000
2173.248000 1701.216000 2153.648000 1376.929600 1.000000
2174.032000 1690.128000 2154.064000 1365.072000 1.000000
2172.576000 1509.968000 2158.144000 1177.008000 1.000000
2182.496000 1770.688000 2159.872000 1445.593600 1.000000
2141.776000 467.977600 2160.528000 66.868480 1.000000
2180.320000 1686.464000 2160.832000 1361.604800 1.000000
2157.744000 957.070400 2163.776000 602.144000 1.000000
2185.680000 1696.432000 2165.936000 1372.644800 1.000000
2167.152000 1084.568000 2166.768000 742.131200 1.000000
2159.520000 825.488000 2168.096000 468.036800 1.000000
2157.968000 847.345600 2168.128000 486.912000 1.000000
2188.592000 1688.336000 2169.280000 1363.502400 1.000000
2166.512000 1064.884800 2170.032000 720.264000 1.000000
2165.200000 818.192000 2174.800000 459.400000 1.000000
2177.760000 1042.409600 2179.264000 697.092800 1.000000
2181.360000 1103.473600 2181.808000 765.212800 1.000000
2164.496000 524.659200 2184.720000 130.995520 1.000000
2183.984000 1017.054400 2189.536000 668.132800 1.000000
2166.048000 496.140800 2189.824000 100.287040 1.000000
2207.392000 1309.897600 2200.608000 991.585600 1.000000
2199.392000 1063.188800 2201.120000 720.387200 1.000000
2201.392000 1137.944000 2202.032000 802.742400 1.000000
2179.680000 488.124800 2203.952000 92.046080 1.000000
2204.672000 1047.827200 2209.088000 700.715200 1.000000
2201.024000 875.400000 2210.304000 520.532800 1.000000
2186.048000 541.336000 2210.768000 148.595840 1.000000
2187.600000 449.852800 2213.696000 51.059520 1.000000
2197.984000 653.651200 2214.864000 276.323200 1.000000
2220.368000 1315.793600 2215.920000 998.737600 1.000000
2213.952000 1095.550400 2216.160000 753.382400 1.000000
2206.992000 960.691200 2216.208000 608.105600 1.000000
2213.200000 1076.896000 2216.496000 733.985600 1.000000
2194.512000 567.792000 2217.248000 179.414400 1.000000
2213.696000 1053.136000 2217.776000 706.299200 1.000000
2193.104000 481.473600 2217.792000 84.957760 1.000000
2225.472000 1301.708800 2222.080000 985.694400 1.000000
2206.880000 706.896000 2222.384000 339.377600 1.000000
2215.648000 889.312000 2223.392000 534.184000 1.000000
2197.904000 452.512000 2225.216000 53.253120 1.000000
2201.552000 551.660800 2225.472000 160.980800 1.000000
2212.800000 867.476800 2225.616000 511.676800 1.000000
2231.648000 1320.427200 2226.944000 1003.174400 1.000000
2212.272000 777.980800 2228.864000 414.961600 1.000000
2226.816000 1098.345600 2230.544000 757.710400 1.000000
2216.976000 838.265600 2230.976000 481.920000 1.000000
2214.160000 793.336000 2231.248000 433.534400 1.000000
2207.760000 493.150400 2233.248000 99.080480 1.000000
2222.576000 871.270400 2233.840000 517.900800 1.000000
2207.664000 451.555200 2235.536000 52.679040 1.000000
2236.528000 1224.140800 2236.096000 904.171200 1.000000
2215.712000 577.827200 2237.920000 189.889600 1.000000
2211.872000 527.248000 2237.936000 138.326240 1.000000
2242.496000 1215.278400 2241.728000 891.932800 1.000000
2241.408000 1113.574400 2244.336000 776.937600 1.000000
2248.128000 1251.676800 2247.712000 933.475200 1.000000
2224.832000 528.753600 2252.160000 137.630880 1.000000
2235.920000 788.302400 2253.344000 428.251200 1.000000
2252.896000 1171.814400 2254.816000 842.368000 1.000000
2250.688000 1113.875200 2255.616000 777.387200 1.000000
2229.952000 554.796800 2256.048000 166.276800 1.000000
2256.176000 1190.769600 2256.848000 863.409600 1.000000
2250.128000 965.318400 2260.720000 613.308800 1.000000
2260.752000 1250.694400 2261.056000 932.342400 1.000000
2239.440000 618.452800 2263.696000 234.523200 1.000000
2251.648000 985.289600 2264.336000 634.563200 1.000000
2263.904000 1179.128000 2266.432000 850.080000 1.000000
2263.584000 1228.451200 2267.008000 911.283200 1.000000
2265.552000 1241.484800 2267.344000 924.084800 1.000000
2265.552000 1193.944000 2268.880000 868.652800 1.000000
2238.592000 599.499200 2268.992000 214.313600 1.000000
2272.352000 1222.000000 2273.424000 902.252800 1.000000
2250.096000 635.595200 2273.632000 257.840000 1.000000
2271.248000 1189.219200 2274.368000 861.966400 1.000000
2269.568000 1165.694400 2274.416000 833.648000 1.000000
2243.264000 450.353600 2275.056000 52.397440 1.000000
2244.256000 472.936000 2276.464000 75.300640 1.000000
2244.976000 433.990400 2280.528000 34.778880 1.000000
2269.440000 971.342400 2280.800000 622.403200 1.000000
2259.168000 705.459200 2280.928000 337.540800 1.000000
2281.360000 1271.814400 2281.040000 955.694400 1.000000
2258.912000 827.113600 2281.440000 467.355200 1.000000
2279.584000 1119.971200 2286.656000 782.265600 1.000000
2263.872000 641.704000 2286.736000 264.249600 1.000000
2285.984000 1194.468800 2288.288000 867.444800 1.000000
2286.528000 1015.587200 2298.112000 668.860800 1.000000
2283.568000 960.080000 2298.496000 611.891200 1.000000
2280.880000 833.228800 2298.896000 478.371200 1.000000
2276.944000 745.212800 2301.984000 380.697600 1.000000
2280.496000 761.969600 2304.240000 399.640000 1.000000
2295.904000 1052.660800 2307.760000 707.579200 1.000000
2296.288000 990.448000 2308.448000 642.782400 1.000000
2282.944000 575.465600 2315.632000 191.169600 1.000000
2289.392000 692.230400 2315.744000 319.224000 1.000000
2295.312000 840.867200 2316.176000 487.659200 1.000000
2296.272000 824.678400 2316.800000 468.873600 1.000000
2308.256000 1067.803200 2317.392000 725.694400 1.000000
2301.168000 896.699200 2318.928000 542.568000 1.000000
2298.736000 769.377600 2319.680000 409.676800 1.000000
2296.672000 730.851200 2322.224000 366.473600 1.000000
2297.664000 704.728000 2324.560000 335.164800 1.000000
2297.184000 676.147200 2325.952000 303.091200 1.000000
2296.224000 618.913600 2328.320000 239.190400 1.000000
2293.504000 476.403200 2328.544000 83.171840 1.000000
2312.064000 917.835200 2329.104000 564.857600 1.000000
2293.232000 495.291200 2329.216000 101.267200 1.000000
2304.512000 746.728000 2330.240000 383.139200 1.000000
2295.984000 510.444800 2330.880000 115.948160 1.000000
2320.800000 1080.891200 2331.152000 739.216000 1.000000
2311.024000 893.419200 2331.360000 543.156800 1.000000
2312.384000 830.435200 2333.920000 475.324800 1.000000
2302.304000 596.628800 2334.416000 214.342400 1.000000
2310.448000 776.564800 2334.464000 417.156800 1.000000
2308.608000 765.307200 2334.496000 403.569600 1.000000
2319.712000 940.680000 2334.496000 594.408000 1.000000
2321.968000 993.952000 2336.032000 649.385600 1.000000
2316.624000 864.400000 2336.896000 511.302400 1.000000
2321.840000 966.304000 2337.424000 617.332800 1.000000
2309.168000 683.012800 2338.032000 310.203200 1.000000
2326.224000 921.827200 2346.208000 569.748800 1.000000
2324.336000 889.180800 2347.408000 536.020800 1.000000
2318.160000 674.182400 2348.416000 300.318400 1.000000
2319.056000 626.121600 2349.888000 245.680000 1.000000
2320.560000 695.092800 2350.144000 326.596800 1.000000
2328.256000 812.969600 2352.464000 456.792000 1.000000
2317.792000 469.470400 2353.872000 76.445600 1.000000
2334.416000 902.649600 2353.968000 550.761600 1.000000
2317.504000 498.579200 2354.192000 105.252320 1.000000
2323.136000 646.044800 2354.336000 268.393600 1.000000
2322.944000 633.470400 2355.168000 251.612800 1.000000
2335.984000 926.484800 2355.600000 574.635200 1.000000
2345.696000 910.892800 2365.536000 558.596800 1.000000
2341.552000 808.185600 2366.352000 451.979200 1.000000
2340.032000 784.385600 2366.736000 427.073600 1.000000
2347.168000 917.678400 2367.296000 567.275200 1.000000
2390.336000 2344.944000 2369.344000 2378.496000 1.000000
2340.240000 641.148800 2372.368000 266.846400 1.000000
2351.856000 875.576000 2375.104000 523.544000 1.000000
2342.176000 654.529600 2375.312000 279.272000 1.000000
2355.568000 829.889600 2382.112000 475.700800 1.000000
2360.192000 887.753600 2383.856000 535.788800 1.000000
2363.008000 857.155200 2388.736000 505.011200 1.000000
2359.728000 769.256000 2389.232000 409.190400 1.000000
2356.416000 661.254400 2392.240000 286.956800 1.000000
2365.344000 823.784000 2392.432000 467.694400 1.000000
2358.736000 640.136000 2392.912000 263.945600 1.000000
2376.640000 879.532800 2402.160000 525.585600 1.000000
2402.816000 1683.328000 2404.432000 1792.032000 1.000000
2376.080000 817.936000 2404.752000 463.075200 1.000000
2381.952000 849.396800 2408.256000 496.395200 1.000000
2379.168000 639.443200 2416.352000 262.763200 1.000000
2377.808000 471.467200 2423.712000 79.276640 1.000000
2379.232000 497.620800 2425.200000 106.952640 1.000000
2393.600000 784.396800 2425.344000 427.232000 1.000000
2443.808000 2087.152000 2426.016000 2160.000000 1.000000
2394.976000 745.454400 2428.832000 382.601600 1.000000
2397.376000 733.494400 2431.264000 369.158400 1.000000
2455.424000 2262.032000 2431.584000 2331.696000 1.000000
2447.440000 2083.408000 2431.952000 2157.008000 1.000000
2454.192000 2097.184000 2438.160000 2173.888000 1.000000
2391.984000 461.566400 2439.328000 70.008480 1.000000
2452.736000 2031.056000 2439.472000 2112.816000 1.000000
2402.128000 616.260800 2443.456000 237.993600 1.000000
2410.064000 682.275200 2448.400000 310.206400 1.000000
2459.664000 1985.056000 2449.712000 2074.672000 1.000000
2400.944000 475.547200 2450.928000 83.386240 1.000000
2406.800000 545.526400 2452.720000 158.630880 1.000000
2467.280000 2042.240000 2453.648000 2123.248000 1.000000
2402.896000 433.366400 2455.008000 38.632960 1.000000
2476.976000 2098.752000 2460.512000 2174.400000 1.000000
2473.440000 2003.376000 2462.224000 2091.920000 1.000000
2434.320000 787.025600 2467.088000 431.264000 1.000000
2481.472000 1932.720000 2474.576000 2033.712000 1.000000
2491.920000 2107.344000 2476.144000 2185.216000 1.000000
2423.792000 440.734400 2478.528000 47.040960 1.000000
2481.248000 1908.208000 2478.896000 2010.272000 1.000000
2495.424000 2086.112000 2480.128000 2166.192000 1.000000
2485.152000 2003.968000 2483.136000 2070.768000 1.000000
2441.312000 642.414400 2485.184000 267.961600 1.000000
2434.336000 554.937600 2485.392000 170.556800 1.000000
2503.936000 2068.320000 2490.752000 2151.568000 1.000000
2442.608000 529.547200 2493.280000 143.805440 1.000000
2446.064000 577.872000 2494.768000 197.278400 1.000000
2509.776000 2098.832000 2495.680000 2179.136000 1.000000
2506.896000 2023.984000 2496.112000 2113.136000 1.000000
2499.488000 1843.248000 2498.848000 1956.608000 1.000000
2522.256000 1814.432000 2499.792000 2003.024000 1.000000
2448.096000 508.611200 2500.320000 122.636160 1.000000
2451.232000 570.209600 2500.848000 189.022400 1.000000
2448.096000 493.369600 2502.256000 104.121920 1.000000
2518.224000 2115.056000 2503.152000 2196.592000 1.000000
2445.936000 430.976000 2503.504000 37.152960 1.000000
2505.712000 1854.400000 2504.096000 1967.200000 1.000000
2455.952000 556.646400 2505.440000 173.840000 1.000000
2462.608000 570.446400 2512.880000 188.635200 1.000000
2459.024000 486.926400 2513.296000 98.172640 1.000000
2459.184000 510.968000 2513.344000 123.719040 1.000000
2529.168000 2111.808000 2513.520000 2194.928000 1.000000
2510.608000 1787.632000 2513.632000 1909.664000 1.000000
2512.944000 1822.112000 2513.936000 1939.584000 1.000000
2464.368000 559.600000 2514.768000 177.766400 1.000000
2461.168000 474.462400 2515.920000 85.965280 1.000000
2468.016000 463.300800 2522.592000 72.976800 1.000000
2520.432000 1791.952000 2523.712000 1914.736000 1.000000
2520.848000 1764.848000 2526.288000 1890.048000 1.000000
2471.232000 471.606400 2528.768000 82.505120 1.000000
2536.688000 1979.232000 2529.120000 2079.328000 1.000000
2477.136000 478.318400 2535.008000 88.380960 1.000000
2475.072000 432.040000 2535.456000 39.455200 1.000000
2543.312000 1857.216000 2538.016000 1988.512000 1.000000
2496.800000 1087.689600 2538.416000 1190.961600 1.000000
2483.776000 534.065600 2539.344000 150.756160 1.000000
2484.832000 512.252800 2541.264000 123.118720 1.000000
2543.824000 1727.952000 2552.064000 1859.888000 1.000000
2498.240000 440.161600 2561.984000 47.274080 1.000000
2553.744000 1622.016000 2569.936000 1765.072000 1.000000
2525.232000 1093.904000 2570.096000 1204.030400 1.000000
2509.440000 451.860800 2572.560000 62.608640 1.000000
2562.752000 1715.504000 2573.216000 1849.392000 1.000000
2530.864000 1082.035200 2575.840000 1190.276800 1.000000
2534.368000 1066.675200 2581.008000 1175.057600 1.000000
2563.760000 1602.896000 2581.088000 1747.568000 1.000000
2568.784000 1686.800000 2581.600000 1823.568000 1.000000
2571.904000 1564.508800 2591.856000 1711.744000 1.000000
2549.760000 1073.267200 2596.176000 1184.036800 1.000000
2547.248000 1017.081600 2598.464000 1124.286400 1.000000
2573.152000 1306.846400 2609.584000 1444.868800 1.000000
2561.840000 1017.956800 2614.256000 1126.190400 1.000000
2596.720000 1566.636800 2618.160000 1714.080000 1.000000
2591.760000 1351.092800 2626.736000 1497.260800 1.000000
2601.424000 1372.216000 2635.504000 1519.222400 1.000000
2599.328000 1310.332800 2636.704000 1453.776000 1.000000
2599.456000 1303.964800 2637.696000 1447.449600 1.000000
2605.776000 1405.203200 2638.736000 1553.566400 1.000000
2608.864000 1433.644800 2639.344000 1583.104000 1.000000
2589.888000 1059.723200 2642.112000 1176.540800 1.000000
2612.912000 1459.043200 2642.496000 1610.032000 1.000000
2607.088000 1341.856000 2642.992000 1488.124800 1.000000
2609.744000 1382.344000 2644.000000 1529.473600 1.000000
2605.200000 1286.395200 2644.592000 1430.412800 1.000000
2607.952000 1300.027200 2647.248000 1443.006400 1.000000
2597.904000 1087.160000 2648.992000 1208.515200 1.000000
2596.912000 1067.318400 2649.808000 1185.699200 1.000000
2604.656000 1036.884800 2661.040000 1154.364800 1.000000
2610.928000 1130.278400 2661.040000 1260.449600 1.000000
2629.072000 1429.435200 2661.520000 1579.686400 1.000000
2609.328000 1066.984000 2663.344000 1187.540800 1.000000
2624.192000 1271.720000 2665.584000 1414.971200 1.000000
2628.848000 1365.734400 2665.632000 1514.209600 1.000000
2627.360000 1324.912000 2666.208000 1471.624000 1.000000
2611.776000 1073.758400 2666.656000 1195.064000 1.000000
2624.704000 1227.152000 2670.624000 1366.512000 1.000000
2625.456000 1216.480000 2671.664000 1354.993600 1.000000
2628.496000 1255.526400 2672.528000 1397.688000 1.000000
2638.496000 1410.718400 2673.072000 1560.763200 1.000000
2640.272000 1392.508800 2676.176000 1542.513600 1.000000
2636.704000 1260.516800 2680.720000 1403.467200 1.000000
2628.256000 1060.734400 2684.144000 1184.115200 1.000000
2635.424000 1154.467200 2686.224000 1287.147200 1.000000
2638.528000 1217.265600 2686.432000 1356.203200 1.000000
2628.272000 1034.350400 2686.496000 1154.692800 1.000000
2634.256000 1087.603200 2688.704000 1215.771200 1.000000
2633.568000 1065.692800 2689.744000 1190.465600 1.000000
2643.120000 1219.027200 2690.736000 1359.072000 1.000000
2641.344000 1174.952000 2690.832000 1310.464000 1.000000
2640.608000 1148.832000 2691.504000 1285.137600 1.000000
2634.992000 1060.272000 2692.032000 1183.755200 1.000000
2633.232000 1027.385600 2692.192000 1146.840000 1.000000
2635.840000 1042.723200 2694.320000 1165.212800 1.000000
2643.712000 1155.472000 2695.360000 1288.825600 1.000000
2641.440000 1111.945600 2695.472000 1241.816000 1.000000
2639.456000 1074.056000 2695.616000 1199.544000 1.000000
2639.072000 1067.616000 2695.824000 1192.585600 1.000000
2638.560000 1031.752000 2697.280000 1151.248000 1.000000
2641.568000 1054.348800 2699.296000 1178.283200 1.000000
2641.776000 1048.222400 2700.160000 1171.560000 1.000000
2642.752000 1024.353600 2702.704000 1144.908800 1.000000
2660.784000 1277.243200 2705.376000 1420.294400 1.000000
2650.032000 1112.339200 2705.680000 1242.480000 1.000000
2647.760000 1054.350400 2706.128000 1178.444800 1.000000
2649.744000 1091.369600 2706.400000 1219.264000 1.000000
2647.984000 1047.584000 2706.672000 1171.772800 1.000000
2648.320000 1017.891200 2710.512000 1138.190400 1.000000
2650.496000 1024.712000 2711.552000 1145.932800 1.000000
2653.952000 1059.902400 2712.992000 1186.347200 1.000000
2653.232000 1048.491200 2713.664000 1172.364800 1.000000
2654.096000 1054.488000 2713.824000 1179.240000 1.000000
2659.024000 1114.985600 2714.896000 1245.948800 1.000000
2654.704000 1042.652800 2715.056000 1166.316800 1.000000
2662.192000 1148.121600 2715.664000 1283.224000 1.000000
2657.568000 1047.051200 2715.872000 1173.030400 1.000000
2656.576000 1030.601600 2717.376000 1153.480000 1.000000
2662.560000 1093.763200 2719.984000 1223.435200 1.000000
2662.416000 1024.265600 2725.296000 1146.892800 1.000000
2666.256000 1066.824000 2726.096000 1194.566400 1.000000
2666.864000 1072.956800 2726.688000 1201.163200 1.000000
2667.056000 1053.737600 2728.128000 1180.576000 1.000000
2670.304000 1093.356800 2728.576000 1223.643200 1.000000
2668.672000 1041.766400 2729.408000 1167.854400 1.000000
2672.032000 1073.750400 2731.328000 1202.227200 1.000000
2669.312000 1023.272000 2732.432000 1146.678400 1.000000
2671.984000 1067.048000 2732.496000 1195.321600 1.000000
2680.592000 1183.656000 2732.496000 1324.713600 1.000000
2672.144000 1060.939200 2733.408000 1188.616000 1.000000
2680.880000 1128.446400 2737.568000 1263.452800 1.000000
2675.136000 1024.683200 2738.976000 1148.545600 1.000000
2679.600000 1042.726400 2742.320000 1169.675200 1.000000
2680.144000 1058.953600 2743.232000 1184.808000 1.000000
2679.824000 1036.915200 2743.248000 1163.177600 1.000000
2681.712000 1024.585600 2745.632000 1149.812800 1.000000
2684.464000 1061.409600 2746.336000 1190.633600 1.000000
2685.904000 1048.145600 2748.864000 1176.012800 1.000000
2685.648000 1042.728000 2748.928000 1170.649600 1.000000
2684.032000 1017.209600 2749.520000 1141.505600 1.000000
2686.416000 1036.851200 2750.416000 1163.604800 1.000000
2690.448000 1066.371200 2751.728000 1197.731200 1.000000
2691.728000 1055.265600 2754.288000 1185.190400 1.000000
2691.360000 1030.622400 2756.816000 1157.241600 1.000000
2693.104000 1013.593600 2758.880000 1138.145600 1.000000
2694.176000 1021.080000 2759.712000 1146.800000 1.000000
2690.800000 986.896000 2759.920000 1111.508800 1.000000
2697.568000 1061.571200 2760.144000 1192.326400 1.000000
2697.504000 1054.388800 2760.432000 1184.857600 1.000000
2702.960000 1152.880000 2761.360000 1302.536000 1.000000
2698.368000 1049.076800 2762.128000 1178.742400 1.000000
2707.360000 1069.854400 2771.856000 1198.897600 1.000000
2709.408000 1018.545600 2777.280000 1146.094400 1.000000
2721.664000 1033.769600 2795.408000 1169.112000 1.000000
2765.424000 917.534400 2845.648000 1048.566400 1.000000
