94.296960 2142.256000 13.915296 1405.435200 1.000000
105.608640 2145.232000 25.850400 1409.046400 1.000000
113.183200 2089.552000 25.937920 1349.515200 1.000000
122.802400 2093.888000 36.621920 1353.828800 1.000000
165.843200 2070.576000 77.256480 1330.872000 1.000000
166.619200 2095.040000 81.813760 1356.620800 1.000000
169.051200 2092.464000 83.906240 1353.296000 1.000000
168.316800 2170.992000 94.052800 1437.363200 1.000000
173.299200 2162.032000 98.895520 1428.555200 1.000000
85.550080 2828.048000 105.136640 1976.736000 1.000000
183.750400 2162.256000 108.280480 1428.420800 1.000000
198.462400 2124.864000 118.907360 1387.379200 1.000000
140.168640 2720.416000 144.012160 1882.144000 1.000000
160.137600 2770.656000 168.568000 1944.848000 1.000000
139.058240 2876.640000 169.220800 2001.152000 1.000000
174.489600 2774.544000 185.726400 1948.912000 1.000000
180.638400 2868.272000 199.678400 2037.072000 1.000000
206.995200 2657.984000 202.204800 1834.128000 1.000000
192.593600 2874.240000 212.699200 2041.040000 1.000000
225.593600 2652.736000 219.596800 1830.544000 1.000000
257.132800 2730.800000 261.484800 1897.024000 1.000000
238.638400 2947.360000 262.417600 2107.168000 1.000000
266.776000 2789.872000 270.355200 1950.432000 1.000000
283.854400 2705.744000 283.488000 1880.384000 1.000000
303.889600 2682.400000 301.392000 1862.560000 1.000000
533.062400 988.169600 321.862400 229.681600 1.000000
338.409600 2693.840000 336.092800 1876.688000 1.000000
359.996800 2623.152000 348.747200 1805.488000 1.000000
356.800000 2832.160000 367.976000 2006.208000 1.000000
358.721600 2863.968000 371.716800 2035.696000 1.000000
366.990400 2803.296000 373.921600 1979.408000 1.000000
544.444800 2979.328000 382.672000 2812.960000 1.000000
375.316800 2806.896000 382.712000 1981.232000 1.000000
378.790400 2858.144000 390.188800 2030.256000 1.000000
385.932800 2771.936000 390.249600 1949.584000 1.000000
381.448000 2839.664000 391.988800 2013.552000 1.000000
393.220800 2756.624000 394.988800 1935.504000 1.000000
399.958400 2685.952000 395.414400 1866.944000 1.000000
399.499200 2695.344000 396.456000 1877.136000 1.000000
389.120000 2818.064000 396.790400 1993.488000 1.000000
396.500800 2747.072000 398.705600 1925.472000 1.000000
387.854400 2850.544000 398.782400 2023.216000 1.000000
403.275200 2709.248000 402.238400 1892.048000 1.000000
399.745600 2780.944000 403.297600 1958.832000 1.000000
405.588800 2735.792000 406.174400 1915.744000 1.000000
409.576000 2727.360000 409.665600 1907.360000 1.000000
409.563200 2742.464000 410.648000 1922.160000 1.000000
413.347200 2717.904000 411.371200 1898.608000 1.000000
406.292800 2819.520000 413.356800 1994.864000 1.000000
418.483200 2737.616000 418.593600 1917.168000 1.000000
421.342400 2707.968000 419.660800 1889.312000 1.000000
424.187200 2679.872000 420.076800 1861.664000 1.000000
424.987200 2719.072000 423.472000 1899.840000 1.000000
427.716800 2689.520000 423.483200 1871.536000 1.000000
435.720000 2681.680000 430.225600 1863.120000 1.000000
454.588800 2486.544000 430.577600 1667.856000 1.000000
452.142400 2479.280000 431.236800 1659.504000 1.000000
444.076800 2663.568000 436.667200 1846.864000 1.000000
443.715200 2698.336000 440.572800 1880.736000 1.000000
448.649600 2654.768000 441.664000 1836.336000 1.000000
469.539200 2477.632000 443.246400 1659.648000 1.000000
446.390400 2707.440000 444.304000 1891.472000 1.000000
641.553600 1026.200000 449.368000 282.321600 1.000000
641.939200 1124.936000 460.720000 393.649600 1.000000
654.067200 1056.344000 466.729600 319.384000 1.000000
479.425600 2687.104000 476.707200 1871.632000 1.000000
547.017600 2136.816000 481.865600 1414.955200 1.000000
551.179200 2167.552000 489.697600 1447.812800 1.000000
494.766400 2711.568000 491.614400 1891.840000 1.000000
556.872000 2147.664000 492.804800 1423.574400 1.000000
499.012800 2698.512000 493.904000 1879.680000 1.000000
494.696000 2743.200000 495.049600 1923.072000 1.000000
504.971200 2701.520000 500.592000 1881.008000 1.000000
568.456000 2157.728000 507.230400 1436.721600 1.000000
511.238400 2694.048000 507.398400 1874.336000 1.000000
590.606400 2179.920000 530.638400 1461.419200 1.000000
664.398400 1648.400000 548.822400 948.553600 1.000000
575.524800 2494.944000 551.870400 1682.448000 1.000000
662.126400 1719.792000 554.433600 1027.412800 1.000000
737.790400 995.729600 557.406400 243.896000 1.000000
584.104000 2532.704000 566.889600 1721.920000 1.000000
630.260800 2213.904000 575.019200 1495.939200 1.000000
636.473600 2195.616000 579.006400 1477.065600 1.000000
645.094400 2183.200000 589.072000 1464.694400 1.000000
653.824000 2195.632000 598.632000 1478.680000 1.000000
707.480000 1732.624000 603.284800 1042.014400 1.000000
717.286400 1696.464000 609.916800 1005.236800 1.000000
627.342400 2565.952000 610.619200 1763.152000 1.000000
669.040000 2199.440000 613.027200 1482.438400 1.000000
721.924800 1680.384000 614.104000 987.326400 1.000000
674.553600 2184.752000 617.616000 1468.305600 1.000000
721.072000 1724.560000 618.123200 1033.716800 1.000000
730.704000 1661.024000 620.070400 966.590400 1.000000
727.268800 1684.160000 620.475200 990.643200 1.000000
679.139200 2174.832000 621.686400 1458.643200 1.000000
643.096000 2573.088000 624.139200 1771.168000 1.000000
739.017600 1609.728000 624.489600 907.900800 1.000000
641.129600 2730.384000 633.188800 1939.680000 1.000000
691.806400 2174.256000 634.947200 1458.841600 1.000000
695.508800 2133.520000 635.955200 1417.110400 1.000000
697.332800 2148.928000 638.617600 1431.696000 1.000000
672.041600 2565.280000 654.571200 1764.864000 1.000000
717.280000 2217.600000 664.411200 1499.411200 1.000000
683.225600 2593.056000 668.193600 1794.640000 1.000000
724.969600 2227.904000 673.553600 1511.211200 1.000000
730.350400 2206.720000 676.838400 1491.619200 1.000000
703.732800 2584.384000 687.702400 1783.440000 1.000000
723.720000 2610.320000 710.086400 1810.192000 1.000000
724.022400 2639.840000 710.732800 1843.568000 1.000000
721.617600 2719.600000 713.540800 1915.456000 1.000000
723.148800 2730.048000 715.545600 1923.664000 1.000000
728.652800 2619.936000 715.606400 1819.440000 1.000000
730.110400 2629.376000 716.331200 1832.144000 1.000000
741.960000 2597.216000 727.833600 1797.568000 1.000000
775.654400 2622.304000 762.254400 1821.024000 1.000000
803.131200 2603.280000 787.689600 1806.144000 1.000000
799.134400 2744.240000 788.852800 1942.080000 1.000000
845.628800 2600.832000 828.984000 1804.384000 1.000000
837.190400 2773.520000 829.800000 1970.528000 1.000000
840.078400 2901.120000 837.564800 2105.056000 1.000000
846.705600 2780.064000 838.779200 1979.728000 1.000000
860.272000 2738.736000 850.664000 1936.464000 1.000000
893.286400 2601.840000 875.214400 1807.872000 1.000000
896.078400 2590.768000 876.795200 1796.560000 1.000000
899.059200 2617.984000 881.528000 1825.632000 1.000000
905.004800 2627.008000 888.168000 1833.392000 1.000000
911.848000 2592.352000 892.307200 1798.224000 1.000000
910.704000 2631.088000 893.972800 1837.168000 1.000000
1118.313600 1140.009600 1003.888000 439.076800 1.000000
1053.022400 2238.048000 1006.835200 1535.164800 1.000000
1060.491200 2245.936000 1014.828800 1542.713600 1.000000
1108.376000 1712.512000 1032.289600 1041.190400 1.000000
1160.600000 1119.353600 1050.915200 416.905600 1.000000
1126.148800 1701.712000 1051.012800 1031.305600 1.000000
1134.816000 1682.448000 1060.289600 1011.561600 1.000000
1111.692800 2241.824000 1065.648000 1541.948800 1.000000
1143.385600 1692.640000 1067.409600 1023.332800 1.000000
1115.737600 2222.864000 1071.256000 1523.435200 1.000000
1138.400000 2151.280000 1088.542400 1454.188800 1.000000
1135.534400 2216.912000 1089.683200 1520.905600 1.000000
1138.595200 2235.344000 1091.283200 1536.308800 1.000000
1204.636800 1098.888000 1101.123200 393.662400 1.000000
1176.156800 1714.848000 1102.761600 1048.830400 1.000000
1185.241600 1720.848000 1114.364800 1054.048000 1.000000
1171.828800 2174.496000 1123.604800 1479.776000 1.000000
1175.560000 2132.928000 1125.545600 1437.153600 1.000000
1177.257600 2124.720000 1127.654400 1428.236800 1.000000
1176.900800 2203.136000 1128.748800 1508.068800 1.000000
1177.913600 2150.496000 1130.313600 1455.920000 1.000000
1209.961600 1678.320000 1137.459200 1010.414400 1.000000
1183.892800 2186.912000 1137.843200 1491.659200 1.000000
1188.284800 2177.328000 1139.779200 1482.688000 1.000000
1195.793600 2191.392000 1148.587200 1497.696000 1.000000
1197.651200 2128.992000 1148.856000 1433.745600 1.000000
1261.292800 1027.105600 1164.625600 301.145600 1.000000
1263.593600 1009.502400 1166.289600 279.492800 1.000000
1241.067200 1595.595200 1168.707200 917.297600 1.000000
1243.483200 1683.840000 1174.376000 1016.803200 1.000000
1269.668800 1004.800000 1174.590400 273.568000 1.000000
1222.811200 2155.008000 1175.585600 1462.256000 1.000000
1225.550400 2229.712000 1181.038400 1535.424000 1.000000
1263.449600 1664.192000 1197.646400 995.500800 1.000000
1242.404800 2172.784000 1198.564800 1481.668800 1.000000
1243.526400 2224.496000 1199.134400 1529.875200 1.000000
1248.724800 2143.264000 1200.123200 1449.366400 1.000000
1267.609600 1677.120000 1201.176000 1011.163200 1.000000
1252.844800 2201.680000 1206.292800 1511.107200 1.000000
1277.374400 1598.913600 1208.516800 923.281600 1.000000
1256.648000 2163.888000 1208.704000 1470.811200 1.000000
1276.905600 1655.760000 1209.435200 987.940800 1.000000
1234.894400 2950.912000 1214.884800 2156.272000 1.000000
1287.921600 1596.424000 1220.052800 920.636800 1.000000
1289.636800 1610.208000 1223.344000 936.028800 1.000000
1293.003200 1588.900800 1224.116800 911.284800 1.000000
1257.044800 2785.504000 1230.438400 2004.592000 1.000000
1321.694400 1098.500800 1231.868800 399.112000 1.000000
1326.512000 1018.720000 1239.913600 294.235200 1.000000
1271.368000 2997.584000 1243.859200 2197.872000 1.000000
1330.852800 1063.384000 1247.846400 349.740800 1.000000
1278.123200 2766.624000 1251.254400 1988.752000 1.000000
1280.579200 2777.888000 1253.046400 1999.152000 1.000000
1284.995200 2813.376000 1256.974400 2030.192000 1.000000
1288.291200 2985.136000 1259.670400 2186.800000 1.000000
1348.284800 1105.243200 1267.795200 408.528000 1.000000
1351.016000 1096.467200 1270.078400 397.809600 1.000000
1350.977600 1082.723200 1270.376000 379.460800 1.000000
1353.025600 1070.057600 1271.779200 362.054400 1.000000
1360.688000 1063.488000 1281.689600 352.985600 1.000000
1361.825600 1055.584000 1282.137600 340.980800 1.000000
1367.264000 1061.452800 1287.737600 348.673600 1.000000
1319.374400 2903.408000 1293.000000 2113.424000 1.000000
1325.932800 2778.448000 1294.459200 1999.232000 1.000000
1374.483200 1102.286400 1298.392000 406.436800 1.000000
1329.331200 2864.224000 1301.004800 2080.960000 1.000000
1492.443200 2913.616000 1452.774400 2124.976000 1.000000
1505.417600 2944.048000 1464.052800 2154.272000 1.000000
1510.590400 2990.160000 1469.000000 2197.008000 1.000000
1513.444800 2933.424000 1472.334400 2146.144000 1.000000
1525.476800 2960.224000 1483.220800 2171.152000 1.000000
1551.867200 2978.064000 1507.208000 2186.800000 1.000000
1568.518400 1132.907200 1520.249600 454.465600 1.000000
1566.433600 2180.416000 1520.748800 1500.036800 1.000000
1588.243200 2172.912000 1542.368000 1494.870400 1.000000
1587.643200 1652.032000 1543.500800 998.624000 1.000000
1612.112000 2189.760000 1568.059200 1514.411200 1.000000
1614.976000 2221.152000 1569.614400 1543.089600 1.000000
1723.680000 2926.752000 1667.824000 2139.984000 1.000000
1727.696000 2866.384000 1669.184000 2092.624000 1.000000
1738.992000 2221.824000 1694.240000 1548.390400 1.000000
1736.640000 2137.888000 1694.848000 1465.982400 1.000000
1721.008000 1101.932800 1696.512000 418.494400 1.000000
1737.728000 1932.864000 1699.344000 1260.854400 1.000000
1729.520000 1123.113600 1705.568000 447.816000 1.000000
1754.912000 2234.912000 1707.888000 1561.334400 1.000000
1778.736000 2250.288000 1732.848000 1575.011200 1.000000
1773.328000 1693.472000 1739.088000 1055.216000 1.000000
1766.704000 1101.524800 1748.368000 420.017600 1.000000
1798.032000 2076.256000 1756.208000 1404.419200 1.000000
1778.144000 1131.817600 1758.976000 460.188800 1.000000
1805.888000 2212.448000 1759.680000 1541.977600 1.000000
1809.696000 2181.056000 1766.192000 1511.756800 1.000000
1816.512000 2480.464000 1768.688000 1715.440000 1.000000
1819.248000 2176.304000 1774.176000 1503.312000 1.000000
1790.656000 1130.652800 1775.520000 460.600000 1.000000
1821.232000 2044.144000 1779.872000 1369.246400 1.000000
1833.728000 2501.504000 1781.920000 1730.080000 1.000000
1830.912000 2265.504000 1783.232000 1590.302400 1.000000
1829.792000 2198.224000 1783.296000 1528.120000 1.000000
1838.224000 2518.800000 1784.256000 1752.768000 1.000000
1829.840000 2245.248000 1785.104000 1569.843200 1.000000
1843.280000 2189.248000 1795.984000 1516.315200 1.000000
1846.896000 2443.104000 1797.120000 1685.088000 1.000000
1830.752000 1719.840000 1800.256000 1085.230400 1.000000
1833.200000 1709.744000 1802.480000 1073.868800 1.000000
1852.688000 2417.232000 1802.656000 1667.904000 1.000000
1856.224000 2183.712000 1811.408000 1517.212800 1.000000
1841.888000 1711.520000 1811.936000 1077.060800 1.000000
1845.360000 1719.904000 1814.688000 1086.019200 1.000000
1866.944000 2240.528000 1819.696000 1570.488000 1.000000
1869.488000 2198.720000 1824.272000 1532.675200 1.000000
1856.480000 1720.992000 1827.504000 1086.505600 1.000000
1872.160000 2167.040000 1828.224000 1500.534400 1.000000
1886.112000 2277.552000 1837.376000 1603.200000 1.000000
1885.376000 2231.136000 1837.520000 1560.976000 1.000000
1869.936000 1837.536000 1837.776000 1200.422400 1.000000
1870.464000 1699.200000 1842.960000 1064.878400 1.000000
1890.000000 2167.024000 1845.952000 1499.256000 1.000000
1881.616000 1868.432000 1846.256000 1231.777600 1.000000
1882.192000 1841.888000 1850.608000 1203.385600 1.000000
1881.456000 1752.944000 1852.080000 1119.908800 1.000000
1885.024000 1853.632000 1852.480000 1215.803200 1.000000
1908.944000 2460.464000 1855.328000 1705.584000 1.000000
1890.960000 1759.856000 1860.496000 1127.457600 1.000000
1918.496000 2472.128000 1862.160000 1716.736000 1.000000
1889.680000 1688.928000 1863.520000 1054.760000 1.000000
1905.184000 1956.608000 1869.664000 1292.929600 1.000000
1896.112000 1692.480000 1870.128000 1058.556800 1.000000
1916.176000 2130.048000 1873.440000 1462.828800 1.000000
1921.104000 2237.872000 1874.304000 1571.163200 1.000000
1924.016000 2220.832000 1877.264000 1553.928000 1.000000
1936.048000 2486.160000 1880.112000 1727.040000 1.000000
1908.432000 1767.168000 1880.576000 1134.665600 1.000000
1928.544000 2229.856000 1881.776000 1563.204800 1.000000
1918.912000 1940.576000 1883.904000 1279.118400 1.000000
1928.720000 2143.408000 1886.512000 1478.340800 1.000000
1933.616000 2243.344000 1886.848000 1577.568000 1.000000
1933.920000 2218.128000 1887.456000 1551.228800 1.000000
1946.432000 2500.384000 1889.040000 1742.912000 1.000000
1945.568000 2444.528000 1890.304000 1693.872000 1.000000
1919.152000 1762.864000 1891.664000 1129.955200 1.000000
1943.760000 2242.912000 1895.536000 1575.284800 1.000000
1934.848000 2067.056000 1896.112000 1403.982400 1.000000
1943.120000 2231.712000 1896.448000 1564.968000 1.000000
1944.912000 2219.136000 1897.792000 1553.432000 1.000000
1954.432000 2474.896000 1898.320000 1718.176000 1.000000
1925.472000 1744.496000 1901.104000 1112.804800 1.000000
1968.496000 2573.872000 1904.464000 1816.992000 1.000000
1947.920000 2064.928000 1907.648000 1399.934400 1.000000
1944.832000 1935.664000 1910.384000 1277.358400 1.000000
1938.992000 1770.064000 1911.936000 1138.446400 1.000000
1935.456000 1694.848000 1913.088000 1063.371200 1.000000
1953.344000 2110.896000 1913.280000 1446.153600 1.000000
1924.672000 1402.651200 1914.848000 742.817600 1.000000
1938.816000 1708.640000 1915.696000 1078.555200 1.000000
1920.400000 1170.296000 1920.544000 515.961600 1.000000
1965.968000 1973.664000 1929.520000 1310.200000 1.000000
1957.376000 1721.504000 1931.968000 1093.907200 1.000000
1968.192000 1929.024000 1933.808000 1272.249600 1.000000
2001.968000 2607.856000 1936.192000 1844.160000 1.000000
1971.168000 2007.536000 1936.592000 1342.723200 1.000000
2004.544000 2595.712000 1938.336000 1833.488000 1.000000
1967.840000 1758.880000 1942.784000 1131.252800 1.000000
1986.720000 2115.456000 1945.936000 1450.891200 1.000000
1946.176000 1181.128000 1947.680000 530.222400 1.000000
2014.496000 2615.456000 1948.960000 1853.104000 1.000000
1976.288000 1772.512000 1950.960000 1143.286400 1.000000
2005.600000 2252.256000 1956.288000 1586.040000 1.000000
1995.680000 2044.688000 1956.912000 1381.043200 1.000000
2006.224000 2235.568000 1958.512000 1571.584000 1.000000
1962.864000 1324.737600 1959.824000 689.579200 1.000000
1998.384000 2025.664000 1960.304000 1362.225600 1.000000
2028.720000 2616.208000 1962.864000 1854.592000 1.000000
1986.480000 1737.040000 1963.024000 1108.132800 1.000000
1957.440000 1165.123200 1963.440000 511.257600 1.000000
2033.312000 2607.200000 1966.064000 1845.248000 1.000000
2017.360000 2252.976000 1968.080000 1587.654400 1.000000
2010.176000 2131.968000 1968.784000 1470.894400 1.000000
2018.912000 2235.952000 1969.952000 1572.700800 1.000000
1967.392000 1220.092800 1970.816000 578.681600 1.000000
1965.024000 1067.376000 1976.288000 382.550400 1.000000
1957.824000 925.742400 1979.248000 206.222400 1.000000
2046.512000 2611.360000 1979.984000 1852.720000 1.000000
2010.656000 1865.024000 1980.576000 1228.158400 1.000000
1988.624000 1427.849600 1983.488000 773.328000 1.000000
2003.552000 1665.984000 1984.016000 1033.467200 1.000000
2034.016000 2252.672000 1984.080000 1588.169600 1.000000
2009.200000 1808.016000 1984.288000 1173.875200 1.000000
2014.752000 1847.056000 1987.904000 1212.099200 1.000000
2031.936000 2129.920000 1988.000000 1467.737600 1.000000
2037.488000 2235.168000 1988.944000 1572.017600 1.000000
2037.312000 2185.888000 1991.984000 1524.750400 1.000000
1985.680000 1196.094400 1992.192000 550.057600 1.000000
1998.208000 1432.966400 1992.432000 777.832000 1.000000
1993.152000 1274.772800 1996.160000 645.171200 1.000000
2046.352000 2266.400000 1996.288000 1600.112000 1.000000
1966.880000 773.883200 1997.984000 46.968960 1.000000
2036.544000 2037.744000 1998.816000 1374.651200 1.000000
2050.416000 2252.800000 2001.360000 1587.545600 1.000000
2044.368000 2127.408000 2001.888000 1466.715200 1.000000
2050.352000 2205.840000 2002.368000 1544.208000 1.000000
2048.176000 2193.488000 2004.000000 1532.182400 1.000000
2054.576000 2222.832000 2006.224000 1560.545600 1.000000
2031.584000 1817.520000 2006.416000 1184.691200 1.000000
1977.664000 846.617600 2006.512000 124.895360 1.000000
2009.280000 1417.702400 2006.928000 767.657600 1.000000
2029.792000 1720.304000 2010.144000 1095.292800 1.000000
2037.440000 1854.016000 2011.152000 1218.598400 1.000000
1990.672000 1030.204800 2011.552000 329.152000 1.000000
2032.944000 1730.432000 2012.400000 1105.400000 1.000000
2050.272000 2010.256000 2013.776000 1351.264000 1.000000
2060.512000 2190.976000 2014.848000 1530.710400 1.000000
2047.536000 1933.952000 2015.744000 1280.876800 1.000000
1994.816000 1012.235200 2015.840000 311.486400 1.000000
2063.248000 2165.168000 2018.224000 1506.011200 1.000000
2061.232000 2121.184000 2018.640000 1460.481600 1.000000
2080.896000 2471.664000 2019.520000 1723.040000 1.000000
1988.352000 853.449600 2020.144000 132.101920 1.000000
2069.472000 2216.784000 2020.928000 1555.580800 1.000000
2048.720000 1843.120000 2022.304000 1208.540800 1.000000
2050.896000 1869.408000 2022.480000 1233.340800 1.000000
2096.496000 2627.904000 2023.008000 1866.128000 1.000000
1987.040000 766.979200 2024.144000 40.163040 1.000000
2046.272000 1731.392000 2024.960000 1107.217600 1.000000
1993.984000 773.139200 2030.176000 49.046560 1.000000
2010.496000 1010.912000 2032.752000 322.323200 1.000000
2052.704000 1717.872000 2034.176000 1093.180800 1.000000
2060.752000 1852.432000 2035.168000 1216.017600 1.000000
2023.056000 1184.734400 2035.344000 537.936000 1.000000
2101.952000 2516.672000 2035.376000 1766.528000 1.000000
2086.560000 2183.280000 2035.760000 1520.964800 1.000000
2106.368000 2570.832000 2036.080000 1812.304000 1.000000
2021.760000 1157.593600 2036.416000 502.054400 1.000000
2111.456000 2607.024000 2039.040000 1847.824000 1.000000
2076.064000 1962.496000 2042.176000 1306.736000 1.000000
2057.440000 1557.000000 2049.696000 913.987200 1.000000
2054.160000 1539.491200 2050.464000 895.803200 1.000000
2036.416000 1176.192000 2052.992000 527.393600 1.000000
2087.120000 2015.392000 2053.440000 1356.188800 1.000000
2014.528000 763.390400 2056.944000 38.051520 1.000000
2021.792000 869.128000 2056.960000 151.715840 1.000000
2023.072000 854.611200 2058.048000 134.868480 1.000000
2066.816000 1568.491200 2058.448000 927.472000 1.000000
2082.560000 1832.192000 2059.264000 1199.859200 1.000000
2065.248000 1481.825600 2062.256000 833.638400 1.000000
2085.856000 1796.960000 2064.048000 1168.302400 1.000000
2073.952000 1610.544000 2064.432000 976.550400 1.000000
2072.528000 1541.902400 2066.880000 898.836800 1.000000
2096.352000 1932.352000 2067.072000 1282.617600 1.000000
2030.080000 844.150400 2067.584000 124.217120 1.000000
2100.832000 1951.008000 2067.664000 1299.105600 1.000000
2107.696000 2077.936000 2068.448000 1418.216000 1.000000
2075.456000 1559.896000 2069.120000 918.342400 1.000000
2095.264000 1822.720000 2072.912000 1191.934400 1.000000
2053.552000 1137.612800 2074.224000 478.556800 1.000000
2115.664000 2092.688000 2074.816000 1434.488000 1.000000
2077.488000 1480.718400 2077.168000 832.022400 1.000000
2041.488000 861.486400 2080.336000 145.481120 1.000000
2104.304000 1798.976000 2082.928000 1171.315200 1.000000
2158.912000 2573.168000 2083.328000 1820.224000 1.000000
2094.128000 1574.792000 2087.120000 935.715200 1.000000
2110.080000 1829.744000 2087.344000 1197.708800 1.000000
2138.640000 2237.632000 2087.392000 1534.406400 1.000000
2092.960000 1531.345600 2089.264000 885.729600 1.000000
2094.112000 1513.432000 2092.912000 870.585600 1.000000
2088.704000 1400.201600 2093.232000 752.065600 1.000000
2078.672000 1276.763200 2093.616000 649.950400 1.000000
2124.336000 1915.264000 2095.456000 1270.052800 1.000000
2104.256000 1583.444800 2097.952000 944.260800 1.000000
2122.624000 1864.768000 2098.400000 1233.062400 1.000000
2083.344000 1230.329600 2099.952000 600.216000 1.000000
2083.216000 1214.577600 2102.080000 577.713600 1.000000
2080.064000 1152.713600 2103.744000 495.092800 1.000000
2132.144000 1898.240000 2105.344000 1257.097600 1.000000
2109.744000 1540.931200 2106.256000 899.180800 1.000000
2124.368000 1712.192000 2108.928000 1090.817600 1.000000
2092.912000 1238.595200 2109.344000 608.460800 1.000000
2065.216000 874.952000 2111.248000 157.991680 1.000000
2133.968000 1798.592000 2113.568000 1171.956800 1.000000
2089.056000 1128.187200 2113.728000 465.518400 1.000000
2071.088000 842.291200 2118.080000 127.094400 1.000000
2078.544000 887.862400 2122.320000 175.123200 1.000000
2107.472000 1268.547200 2124.768000 643.692800 1.000000
2140.320000 1740.640000 2125.072000 1120.648000 1.000000
2123.392000 1476.478400 2126.208000 833.478400 1.000000
2133.904000 1597.097600 2128.592000 964.806400 1.000000
2081.184000 813.558400 2132.096000 98.012960 1.000000
2084.352000 839.849600 2133.968000 125.960480 1.000000
2154.512000 1786.784000 2134.624000 1161.848000 1.000000
2135.824000 1529.704000 2136.112000 887.305600 1.000000
2150.304000 1688.832000 2138.064000 1066.276800 1.000000
2157.472000 1767.712000 2140.688000 1146.022400 1.000000
2138.016000 1475.332800 2142.512000 831.204800 1.000000
2122.144000 1236.624000 2145.280000 606.480000 1.000000
2098.480000 876.086400 2145.424000 164.979200 1.000000
2147.232000 1560.640000 2145.696000 921.984000 1.000000
2097.136000 901.740800 2145.984000 192.238400 1.000000
2130.768000 1293.292800 2146.784000 670.524800 1.000000
2161.120000 1694.304000 2149.984000 1072.163200 1.000000
2169.136000 1780.304000 2151.632000 1158.937600 1.000000
2169.568000 1772.048000 2151.904000 1150.568000 1.000000
2168.480000 1761.456000 2153.104000 1140.089600 1.000000
2172.352000 1796.720000 2153.472000 1173.886400 1.000000
2149.152000 1479.201600 2153.552000 835.219200 1.000000
2166.592000 1710.112000 2153.552000 1090.094400 1.000000
2109.648000 905.286400 2158.272000 197.536000 1.000000
2171.776000 1738.720000 2158.304000 1118.713600 1.000000
2134.608000 1194.113600 2160.496000 555.640000 1.000000
2177.664000 1765.040000 2161.264000 1145.228800 1.000000
2158.688000 1510.502400 2162.560000 872.961600 1.000000
2141.584000 1259.547200 2163.952000 635.492800 1.000000
2182.496000 1770.688000 2165.952000 1150.035200 1.000000
2146.896000 1285.963200 2167.808000 663.057600 1.000000
2127.248000 948.328000 2174.528000 245.854400 1.000000
2185.680000 1696.432000 2174.896000 1077.867200 1.000000
2172.576000 1509.968000 2176.672000 868.441600 1.000000
2188.592000 1688.336000 2179.152000 1068.966400 1.000000
2127.264000 857.310400 2180.816000 148.267840 1.000000
2143.296000 993.816000 2188.944000 299.483200 1.000000
2137.808000 911.292800 2190.064000 205.617600 1.000000
2174.368000 1301.051200 2196.720000 679.894400 1.000000
2150.432000 950.400000 2200.624000 251.033600 1.000000
2174.976000 1214.774400 2205.056000 583.827200 1.000000
2182.304000 1305.182400 2205.248000 684.163200 1.000000
2157.744000 957.070400 2208.288000 258.310400 1.000000
2157.040000 942.288000 2208.992000 241.672000 1.000000
2164.848000 1031.427200 2209.296000 345.420800 1.000000
2182.016000 1209.193600 2213.152000 577.995200 1.000000
2199.792000 1418.446400 2213.856000 778.593600 1.000000
2162.848000 857.864000 2223.280000 152.581600 1.000000
2159.520000 825.488000 2223.616000 115.426400 1.000000
2168.160000 941.076800 2225.152000 240.748800 1.000000
2207.392000 1309.897600 2229.024000 692.092800 1.000000
2165.200000 818.192000 2230.448000 109.386560 1.000000
2199.248000 1236.126400 2230.528000 610.772800 1.000000
2203.392000 1274.769600 2231.120000 653.779200 1.000000
2167.584000 829.673600 2232.496000 120.209280 1.000000
2183.984000 1017.054400 2233.568000 331.201600 1.000000
2214.544000 1327.987200 2237.952000 710.264000 1.000000
2199.392000 1063.188800 2244.992000 387.217600 1.000000
2195.232000 1033.136000 2245.136000 348.697600 1.000000
2195.024000 994.363200 2246.400000 298.288000 1.000000
2220.368000 1315.793600 2246.800000 697.827200 1.000000
2225.472000 1301.708800 2253.120000 684.716800 1.000000
2224.304000 1269.537600 2254.272000 649.784000 1.000000
2204.672000 1047.827200 2255.168000 365.788800 1.000000
2206.992000 960.691200 2267.424000 264.528000 1.000000
2236.528000 1224.140800 2272.496000 598.427200 1.000000
2226.816000 1098.345600 2275.072000 430.688000 1.000000
2234.624000 1126.374400 2281.280000 466.780800 1.000000
2215.648000 889.312000 2283.984000 187.219200 1.000000
2226.864000 973.894400 2287.024000 280.886400 1.000000
2251.744000 1240.844800 2287.856000 619.012800 1.000000
2216.976000 838.265600 2290.368000 135.168320 1.000000
2212.272000 777.980800 2290.992000 62.791520 1.000000
2240.688000 1091.227200 2291.696000 422.420800 1.000000
2222.576000 871.270400 2291.712000 170.568000 1.000000
2214.160000 793.336000 2292.464000 81.719200 1.000000
2356.656000 2235.936000 2292.960000 2136.320000 1.000000
2222.560000 878.740800 2293.568000 178.059200 1.000000
2256.336000 1203.366400 2295.792000 570.161600 1.000000
2252.896000 1171.814400 2295.904000 525.849600 1.000000
2260.752000 1250.694400 2297.904000 629.342400 1.000000
2250.688000 1113.875200 2300.304000 452.774400 1.000000
2265.552000 1241.484800 2303.824000 620.948800 1.000000
2263.584000 1228.451200 2304.400000 606.577600 1.000000
2257.744000 1162.004800 2306.656000 512.366400 1.000000
2263.904000 1179.128000 2307.024000 535.496000 1.000000
2232.880000 824.236800 2310.560000 118.765760 1.000000
2264.064000 1133.478400 2313.664000 476.206400 1.000000
2271.248000 1189.219200 2316.432000 550.355200 1.000000
2250.128000 965.318400 2317.184000 273.216000 1.000000
2281.360000 1271.814400 2317.840000 654.188800 1.000000
2271.136000 1116.265600 2323.072000 455.203200 1.000000
2278.800000 1178.974400 2324.672000 535.451200 1.000000
2246.512000 821.641600 2326.320000 116.127200 1.000000
2295.120000 1226.692800 2337.264000 603.484800 1.000000
2282.560000 1094.251200 2338.624000 428.536000 1.000000
2278.640000 972.505600 2346.496000 284.124800 1.000000
2304.736000 1228.838400 2348.640000 606.148800 1.000000
2295.904000 1052.660800 2359.216000 377.606400 1.000000
2412.432000 2361.312000 2360.352000 2385.744000 1.000000
2404.352000 2330.336000 2362.064000 2344.816000 1.000000
2296.288000 990.448000 2365.008000 307.929600 1.000000
2307.088000 1079.043200 2368.144000 411.780800 1.000000
2302.016000 1030.803200 2368.496000 353.838400 1.000000
2305.504000 961.982400 2378.656000 276.662400 1.000000
2314.000000 992.836800 2386.544000 310.396800 1.000000
2312.640000 969.112000 2386.896000 284.593600 1.000000
2298.736000 769.377600 2391.584000 58.496800 1.000000
2313.136000 937.915200 2391.728000 248.158400 1.000000
2319.632000 974.844800 2392.880000 293.886400 1.000000
2321.968000 993.952000 2394.640000 314.852800 1.000000
2321.840000 966.304000 2398.400000 281.516800 1.000000
2443.808000 2087.152000 2399.552000 2178.416000 1.000000
2319.712000 940.680000 2400.352000 249.795200 1.000000
2316.624000 864.400000 2403.776000 170.020800 1.000000
2321.376000 912.374400 2404.320000 220.216000 1.000000
2330.976000 961.814400 2409.104000 275.275200 1.000000
2324.480000 870.048000 2410.176000 177.196800 1.000000
2338.336000 994.627200 2414.000000 313.646400 1.000000
2319.296000 789.014400 2416.992000 80.670080 1.000000
2345.696000 910.892800 2431.904000 219.572800 1.000000
2343.760000 870.288000 2436.144000 177.395200 1.000000
2481.632000 2066.976000 2441.456000 2175.264000 1.000000
2351.856000 875.576000 2443.584000 183.260800 1.000000
2347.712000 833.592000 2445.520000 137.380480 1.000000
2360.192000 887.753600 2452.256000 196.531200 1.000000
2355.568000 829.889600 2454.704000 133.689600 1.000000
2363.008000 857.155200 2460.112000 164.576000 1.000000
2372.336000 875.707200 2465.712000 183.864000 1.000000
2365.344000 823.784000 2466.576000 125.089760 1.000000
2359.728000 769.256000 2467.424000 57.630720 1.000000
2509.776000 2098.832000 2468.624000 2204.672000 1.000000
2376.640000 879.532800 2474.096000 185.510400 1.000000
2374.560000 795.139200 2479.472000 93.322880 1.000000
2529.168000 2111.808000 2484.896000 2220.752000 1.000000
2381.568000 822.660800 2485.424000 127.470720 1.000000
2386.176000 808.827200 2493.856000 111.114080 1.000000
2536.688000 1979.232000 2508.176000 2125.680000 1.000000
2497.552000 1926.304000 2531.632000 1973.088000 1.000000
2516.176000 1850.240000 2537.712000 1962.272000 1.000000
2559.728000 359.534400 2563.408000 67.627360 1.000000
2504.848000 1064.312000 2589.552000 1254.070400 1.000000
2563.888000 1538.595200 2591.520000 1791.136000 1.000000
2567.840000 1428.329600 2611.200000 1683.856000 1.000000
2585.376000 1463.758400 2624.832000 1725.008000 1.000000
2596.112000 1456.342400 2638.560000 1716.096000 1.000000
2574.848000 1238.158400 2643.936000 1480.324800 1.000000
2558.016000 1094.972800 2645.024000 1305.766400 1.000000
2557.152000 1085.768000 2647.504000 1295.024000 1.000000
2603.536000 1362.243200 2660.976000 1621.520000 1.000000
2561.840000 1017.956800 2663.120000 1220.817600 1.000000
2605.200000 1286.395200 2673.616000 1541.516800 1.000000
2610.352000 1320.308800 2673.872000 1578.107200 1.000000
2618.384000 1323.704000 2682.752000 1582.731200 1.000000
2599.920000 1169.620800 2686.048000 1404.859200 1.000000
2638.128000 1420.800000 2690.416000 1685.072000 1.000000
2619.392000 1258.105600 2693.696000 1511.940800 1.000000
2597.904000 1087.160000 2694.640000 1311.089600 1.000000
2615.584000 1218.126400 2696.160000 1465.608000 1.000000
2623.232000 1235.235200 2701.648000 1487.865600 1.000000
2625.456000 1216.480000 2707.008000 1467.846400 1.000000
2603.936000 1044.360000 2708.304000 1262.948800 1.000000
2606.096000 1026.720000 2713.168000 1243.656000 1.000000
2629.024000 1195.192000 2713.904000 1443.817600 1.000000
2641.760000 1281.670400 2715.488000 1541.736000 1.000000
2669.104000 1452.300800 2720.416000 1717.888000 1.000000
2643.120000 1219.027200 2727.088000 1473.611200 1.000000
2641.936000 1195.472000 2728.768000 1447.211200 1.000000
2620.016000 1027.248000 2729.776000 1247.678400 1.000000
2630.976000 1097.833600 2730.448000 1334.332800 1.000000
2641.344000 1174.952000 2730.928000 1423.152000 1.000000
2628.256000 1060.734400 2733.664000 1290.587200 1.000000
2625.424000 1044.921600 2733.696000 1270.521600 1.000000
2634.256000 1087.603200 2735.552000 1323.288000 1.000000
2641.440000 1111.945600 2740.960000 1352.176000 1.000000
2648.832000 1166.475200 2741.072000 1415.121600 1.000000
2634.992000 1060.272000 2741.952000 1291.803200 1.000000
2664.176000 1276.652800 2742.272000 1541.606400 1.000000
2633.232000 1027.385600 2744.976000 1251.600000 1.000000
2653.104000 1155.992000 2747.552000 1404.312000 1.000000
2641.568000 1054.348800 2750.288000 1286.782400 1.000000
2638.560000 1031.752000 2750.672000 1256.928000 1.000000
2671.968000 1275.872000 2751.168000 1541.211200 1.000000
2650.032000 1112.339200 2751.280000 1353.808000 1.000000
2641.776000 1048.222400 2751.952000 1280.107200 1.000000
2642.752000 1024.353600 2756.384000 1251.083200 1.000000
2643.648000 1030.099200 2756.928000 1258.800000 1.000000
2647.760000 1054.350400 2757.968000 1287.908800 1.000000
2667.056000 1178.888000 2760.448000 1432.555200 1.000000
2659.024000 1114.985600 2761.248000 1358.411200 1.000000
2653.952000 1059.902400 2764.384000 1296.331200 1.000000
2654.096000 1054.488000 2765.008000 1289.220800 1.000000
2653.232000 1048.491200 2765.296000 1281.934400 1.000000
2650.496000 1024.712000 2765.872000 1253.540800 1.000000
2672.288000 1173.195200 2767.408000 1427.035200 1.000000
2661.584000 1085.651200 2768.448000 1325.992000 1.000000
2655.216000 1035.723200 2769.232000 1267.940800 1.000000
2666.864000 1072.956800 2777.168000 1312.947200 1.000000
2666.256000 1066.824000 2777.344000 1306.344000 1.000000
2670.304000 1093.356800 2777.728000 1336.830400 1.000000
2662.608000 1035.977600 2778.096000 1270.028800 1.000000
2662.416000 1024.265600 2780.224000 1256.155200 1.000000
2667.056000 1053.737600 2781.520000 1291.433600 1.000000
2671.984000 1067.048000 2784.016000 1307.740800 1.000000
2668.080000 1035.798400 2784.688000 1270.628800 1.000000
2680.880000 1128.446400 2785.360000 1378.787200 1.000000
2672.144000 1060.939200 2785.584000 1300.576000 1.000000
2673.424000 1054.472000 2788.096000 1293.784000 1.000000
2669.312000 1023.272000 2788.288000 1256.907200 1.000000
2672.752000 1048.526400 2789.232000 1286.736000 1.000000
2677.168000 1067.388800 2790.576000 1308.724800 1.000000
2673.376000 1036.526400 2790.880000 1272.475200 1.000000
2678.480000 1072.937600 2790.880000 1315.044800 1.000000
2684.896000 1085.488000 2793.904000 1330.099200 1.000000
2683.088000 1074.646400 2795.376000 1318.814400 1.000000
2679.520000 1048.772800 2796.032000 1288.552000 1.000000
2680.144000 1058.953600 2797.088000 1296.833600 1.000000
2679.600000 1042.726400 2797.408000 1281.456000 1.000000
2679.824000 1036.915200 2798.592000 1274.996800 1.000000
2681.712000 1024.585600 2802.672000 1260.588800 1.000000
2686.416000 1036.851200 2805.888000 1276.492800 1.000000
2684.032000 1017.209600 2807.424000 1251.395200 1.000000
2696.576000 1074.060800 2811.232000 1321.432000 1.000000
2697.568000 1061.571200 2814.688000 1307.092800 1.000000
2697.504000 1054.388800 2815.072000 1299.424000 1.000000
2693.104000 1013.593600 2817.536000 1249.736000 1.000000
2698.368000 1049.076800 2817.616000 1293.336000 1.000000
2699.936000 1024.729600 2823.792000 1264.656000 1.000000
2704.576000 979.145600 2838.480000 1216.499200 1.000000
2765.424000 917.534400 2920.000000 1174.827200 1.000000
