365.048000 2616.352000 252.900800 113.719360 1.000000
408.190400 2615.568000 280.971200 102.663040 1.000000
402.649600 2726.656000 313.668800 246.638400 1.000000
396.500800 2747.072000 313.843200 268.513600 1.000000
367.456000 2865.200000 315.939200 398.907200 1.000000
405.588800 2735.792000 320.206400 255.470400 1.000000
393.865600 2786.480000 321.848000 312.771200 1.000000
409.576000 2727.360000 322.489600 245.032000 1.000000
389.120000 2818.064000 324.892800 348.244800 1.000000
381.448000 2839.664000 325.350400 373.472000 1.000000
421.342400 2707.968000 329.835200 224.195200 1.000000
387.854400 2850.544000 332.387200 384.292800 1.000000
408.966400 2772.272000 333.868800 297.862400 1.000000
512.425600 2664.992000 410.241600 150.498080 1.000000
504.971200 2701.520000 419.864000 231.161600 1.000000
482.480000 3004.464000 462.718400 648.241600 1.000000
728.652800 2619.936000 636.516800 185.697600 1.000000
731.904000 2698.464000 652.580800 281.910400 1.000000
811.908800 2620.512000 725.854400 196.171200 1.000000
799.134400 2744.240000 728.843200 352.091200 1.000000
810.856000 2721.936000 745.307200 334.353600 1.000000
860.272000 2738.736000 797.032000 352.676800 1.000000
872.396800 2718.752000 807.553600 332.588800 1.000000
1271.368000 2997.584000 1220.102400 730.996800 1.000000
1373.552000 2805.872000 1327.926400 552.611200 1.000000
1505.417600 2944.048000 1449.856000 711.452800 1.000000
1829.840000 2245.248000 1825.792000 156.088800 1.000000
1829.792000 2198.224000 1829.472000 106.108480 1.000000
1856.224000 2183.712000 1862.624000 93.092800 1.000000
1921.104000 2237.872000 1928.976000 172.916800 1.000000
1928.544000 2229.856000 1938.032000 166.041600 1.000000
1933.920000 2218.128000 1947.232000 153.477120 1.000000
2001.968000 2607.856000 1979.456000 367.398400 1.000000
2004.544000 2595.712000 1983.152000 354.372800 1.000000
2028.720000 2616.208000 2007.872000 381.561600 1.000000
1968.320000 2115.312000 2009.584000 19.535200 1.000000
2058.576000 2595.040000 2039.888000 364.716800 1.000000
2080.112000 2646.032000 2051.808000 422.907200 1.000000
2037.312000 2185.888000 2071.840000 135.053920 1.000000
2139.200000 2694.416000 2096.144000 553.564800 1.000000
2104.672000 2107.552000 2171.552000 39.802720 1.000000
2159.536000 2247.040000 2219.280000 73.492800 1.000000
