217.556800 2655.744000 138.406720 973.756800 1.000000
266.776000 2789.872000 209.294400 1092.636800 1.000000
338.409600 2693.840000 268.382400 1024.102400 1.000000
374.499200 2740.688000 313.470400 1075.363200 1.000000
399.958400 2685.952000 328.348800 1019.681600 1.000000
399.499200 2695.344000 329.883200 1029.195200 1.000000
406.713600 2696.240000 337.160000 1030.316800 1.000000
378.790400 2858.144000 340.094400 1187.427200 1.000000
381.448000 2839.664000 341.070400 1171.075200 1.000000
389.120000 2818.064000 342.876800 1149.819200 1.000000
454.588800 2486.544000 344.532800 802.899200 1.000000
399.745600 2780.944000 346.004800 1115.248000 1.000000
409.576000 2727.360000 346.883200 1061.633600 1.000000
387.854400 2850.544000 348.041600 1180.273600 1.000000
409.563200 2742.464000 348.536000 1076.564800 1.000000
393.883200 2828.368000 350.144000 1159.972800 1.000000
424.187200 2679.872000 351.492800 1014.675200 1.000000
429.624000 2662.960000 352.929600 996.931200 1.000000
421.342400 2707.968000 354.499200 1043.598400 1.000000
427.716800 2689.520000 356.497600 1024.678400 1.000000
418.483200 2737.616000 357.779200 1072.827200 1.000000
435.720000 2681.680000 363.035200 1016.193600 1.000000
431.849600 2699.200000 363.142400 1034.896000 1.000000
443.715200 2698.336000 373.200000 1034.030400 1.000000
453.193600 2664.048000 377.192000 999.668800 1.000000
512.425600 2664.992000 436.081600 991.121600 1.000000
511.238400 2694.048000 440.849600 1020.052800 1.000000
717.286400 1696.464000 448.059200 174.731200 1.000000
653.824000 2195.632000 484.963200 669.577600 1.000000
557.788800 2690.416000 486.992000 1041.489600 1.000000
575.601600 2790.240000 521.488000 1152.830400 1.000000
697.332800 2148.928000 524.848000 619.233600 1.000000
698.097600 2158.272000 525.600000 632.299200 1.000000
734.561600 2182.128000 568.662400 663.163200 1.000000
721.617600 2719.600000 652.545600 1089.953600 1.000000
723.148800 2730.048000 655.073600 1100.785600 1.000000
731.904000 2698.464000 659.056000 1070.966400 1.000000
763.350400 2606.528000 680.606400 976.988800 1.000000
803.131200 2603.280000 720.937600 979.259200 1.000000
818.065600 2689.904000 750.288000 1084.347200 1.000000
857.780800 2610.928000 773.787200 992.528000 1.000000
893.286400 2601.840000 808.046400 986.616000 1.000000
1084.934400 1714.832000 884.836800 230.531200 1.000000
1108.376000 1712.512000 907.400000 231.598400 1.000000
1138.595200 2235.344000 1004.704000 757.708800 1.000000
1171.828800 2174.496000 1037.662400 699.004800 1.000000
1177.913600 2150.496000 1043.356800 671.728000 1.000000
1195.793600 2191.392000 1066.705600 719.403200 1.000000
1282.052800 1081.308800 1069.174400 175.598400 1.000000
1203.520000 2216.192000 1075.100800 746.251200 1.000000
1205.019200 2199.600000 1075.744000 728.457600 1.000000
1267.609600 1677.120000 1092.112000 204.220800 1.000000
1279.740800 1587.702400 1100.769600 79.808160 1.000000
1287.921600 1596.424000 1111.123200 92.911520 1.000000
1256.648000 2163.888000 1126.777600 692.320000 1.000000
1234.894400 2950.912000 1164.392000 1370.291200 1.000000
1246.556800 2963.680000 1174.283200 1384.124800 1.000000
1257.044800 2785.504000 1174.836800 1218.870400 1.000000
1280.579200 2777.888000 1196.856000 1214.510400 1.000000
1284.995200 2813.376000 1201.497600 1243.401600 1.000000
1331.750400 2931.312000 1251.096000 1357.220800 1.000000
1492.681600 2943.088000 1397.772800 1380.046400 1.000000
1507.713600 2611.888000 1415.345600 1075.081600 1.000000
1525.476800 2960.224000 1427.721600 1397.561600 1.000000
1612.112000 2189.760000 1505.507200 758.281600 1.000000
1656.288000 2957.376000 1546.790400 1396.676800 1.000000
1708.832000 2796.400000 1597.651200 1258.078400 1.000000
1729.600000 2838.016000 1614.352000 1294.600000 1.000000
1778.736000 2250.288000 1678.864000 833.088000 1.000000
1818.032000 2206.544000 1721.296000 794.644800 1.000000
1824.336000 2218.368000 1728.368000 806.016000 1.000000
1830.912000 2265.504000 1730.960000 850.848000 1.000000
1829.840000 2245.248000 1731.808000 830.900800 1.000000
1829.792000 2198.224000 1733.344000 785.660800 1.000000
1845.344000 2491.728000 1748.160000 941.894400 1.000000
1853.920000 2528.480000 1748.800000 986.884800 1.000000
1852.080000 2497.760000 1754.304000 949.134400 1.000000
1856.224000 2183.712000 1762.976000 774.809600 1.000000
1866.944000 2240.528000 1769.632000 833.598400 1.000000
1869.904000 2458.960000 1771.728000 922.324800 1.000000
1869.488000 2198.720000 1774.464000 793.576000 1.000000
1869.936000 1837.536000 1795.968000 451.468800 1.000000
1866.608000 1711.824000 1799.744000 317.457600 1.000000
1870.464000 1699.200000 1802.528000 299.422400 1.000000
1902.064000 2492.144000 1803.056000 951.748800 1.000000
1885.024000 1853.632000 1810.192000 467.984000 1.000000
1918.496000 2472.128000 1819.312000 937.889600 1.000000
1889.888000 1742.704000 1823.936000 356.595200 1.000000
1921.104000 2237.872000 1826.160000 837.451200 1.000000
1928.544000 2229.856000 1834.144000 829.412800 1.000000
1898.240000 1710.480000 1835.840000 318.598400 1.000000
1908.432000 1767.168000 1844.448000 382.865600 1.000000
1932.784000 2131.008000 1846.880000 719.028800 1.000000
1918.912000 1940.576000 1847.776000 516.732800 1.000000
1900.832000 1584.632000 1850.992000 149.470080 1.000000
1968.496000 2573.872000 1855.280000 1045.544000 1.000000
1919.152000 1762.864000 1856.544000 379.809600 1.000000
1943.584000 2157.168000 1857.104000 749.552000 1.000000
1951.104000 2203.584000 1858.736000 805.456000 1.000000
1907.440000 1570.476800 1860.672000 128.023840 1.000000
1920.064000 1716.352000 1861.856000 329.144000 1.000000
1980.480000 2584.240000 1866.464000 1048.990400 1.000000
1938.816000 1708.640000 1883.472000 320.955200 1.000000
2001.968000 2607.856000 1887.200000 1076.100800 1.000000
1939.840000 1681.600000 1887.520000 287.716800 1.000000
1971.168000 2007.536000 1902.240000 588.833600 1.000000
1986.720000 2115.456000 1907.040000 707.712000 1.000000
1988.144000 2070.528000 1911.760000 657.665600 1.000000
1967.840000 1758.880000 1912.208000 382.761600 1.000000
2005.600000 2252.256000 1912.400000 857.908800 1.000000
2006.224000 2235.568000 1913.664000 842.244800 1.000000
2028.720000 2616.208000 1913.680000 1087.844800 1.000000
2012.256000 2226.720000 1919.584000 835.273600 1.000000
2017.360000 2252.976000 1922.992000 859.080000 1.000000
1999.760000 2061.616000 1925.360000 650.835200 1.000000
2018.912000 2235.952000 1925.696000 842.816000 1.000000
2010.176000 2131.968000 1930.912000 731.619200 1.000000
2017.776000 2126.912000 1938.608000 725.910400 1.000000
1994.176000 1804.000000 1938.800000 424.950400 1.000000
2037.312000 2185.888000 1950.800000 794.416000 1.000000
2031.936000 2129.920000 1952.096000 726.211200 1.000000
2080.112000 2646.032000 1958.048000 1121.993600 1.000000
2027.968000 2017.888000 1960.784000 605.284800 1.000000
2050.352000 2205.840000 1961.408000 814.734400 1.000000
2054.576000 2222.832000 1964.896000 833.206400 1.000000
2032.800000 2004.512000 1965.840000 590.164800 1.000000
2096.496000 2627.904000 1977.488000 1102.086400 1.000000
2031.584000 1817.520000 1982.944000 440.475200 1.000000
2029.792000 1720.304000 1988.016000 347.628800 1.000000
2032.944000 1730.432000 1989.888000 358.430400 1.000000
2106.368000 2570.832000 1991.728000 1047.371200 1.000000
2087.008000 2245.056000 1995.664000 858.302400 1.000000
2043.120000 1749.552000 1998.848000 382.324800 1.000000
2046.272000 1731.392000 2003.264000 361.040000 1.000000
2126.272000 2398.640000 2030.224000 903.161600 1.000000
2104.672000 2107.552000 2032.272000 709.945600 1.000000
2082.560000 1832.192000 2038.016000 460.299200 1.000000
2057.440000 1557.000000 2044.960000 128.647520 1.000000
2095.264000 1822.720000 2051.632000 452.907200 1.000000
2077.488000 1480.718400 2078.736000 33.911360 1.000000
2162.960000 2272.880000 2079.504000 812.169600 1.000000
2124.368000 1712.192000 2097.408000 347.016000 1.000000
2109.744000 1540.931200 2108.960000 114.585760 1.000000
2157.072000 1779.440000 2127.728000 421.419200 1.000000
2157.472000 1767.712000 2128.816000 410.248000 1.000000
2150.304000 1688.832000 2131.296000 322.112000 1.000000
2169.136000 1780.304000 2139.104000 424.585600 1.000000
2168.480000 1761.456000 2141.888000 405.251200 1.000000
2171.776000 1738.720000 2149.600000 380.680000 1.000000
2173.248000 1701.216000 2155.952000 339.464000 1.000000
2149.152000 1479.201600 2168.192000 39.567520 1.000000
2196.240000 1743.408000 2176.752000 389.185600 1.000000
2587.840000 1539.297600 2524.240000 1528.244800 1.000000
2628.496000 1255.526400 2554.192000 1454.915200 1.000000
2614.656000 1088.132800 2554.720000 1337.238400 1.000000
2628.256000 1060.734400 2578.512000 1316.980800 1.000000
2635.728000 1020.251200 2599.088000 1274.984000 1.000000
2661.584000 1085.651200 2609.232000 1354.009600 1.000000
2680.880000 1128.446400 2609.632000 1423.920000 1.000000
2648.320000 1017.891200 2613.952000 1280.288000 1.000000
2672.032000 1073.750400 2624.080000 1346.664000 1.000000
2667.056000 1053.737600 2625.184000 1325.318400 1.000000
2671.984000 1067.048000 2626.432000 1340.316800 1.000000
2668.080000 1035.798400 2630.336000 1307.216000 1.000000
2673.200000 1042.180800 2635.616000 1316.177600 1.000000
2678.080000 1060.736000 2636.016000 1336.947200 1.000000
2673.376000 1036.526400 2636.944000 1308.849600 1.000000
2678.208000 1055.006400 2637.088000 1331.134400 1.000000
2679.520000 1048.772800 2640.768000 1325.256000 1.000000
2679.600000 1042.726400 2641.760000 1319.120000 1.000000
2690.448000 1066.371200 2647.200000 1348.032000 1.000000
2685.648000 1042.728000 2649.168000 1321.915200 1.000000
2695.616000 1067.164800 2652.528000 1350.737600 1.000000
2697.568000 1061.571200 2656.480000 1345.300800 1.000000
2697.504000 1054.388800 2657.376000 1338.680000 1.000000
2694.176000 1021.080000 2664.784000 1301.680000 1.000000
2707.472000 1024.086400 2678.544000 1310.619200 1.000000
2799.568000 944.947200 2804.288000 1314.468800 1.000000
3543.440000 1417.638400 3037.744000 1837.440000 1.000000
