505.481600 219.992000 158.768160 1979.472000 1.000000
745.792000 287.190400 410.244800 1996.160000 1.000000
832.795200 215.745600 507.630400 1909.616000 1.000000
1154.088000 417.635200 836.918400 2030.304000 1.000000
1224.715200 1112.484800 918.121600 2809.200000 1.000000
1282.052800 1081.308800 983.632000 2764.640000 1.000000
1323.214400 245.496000 1008.523200 1824.144000 1.000000
1326.771200 311.624000 1012.214400 1902.976000 1.000000
1323.195200 1136.249600 1039.060800 2813.264000 1.000000
1341.998400 1034.574400 1053.024000 2706.848000 1.000000
1386.884800 317.464000 1069.604800 1891.648000 1.000000
1407.227200 298.419200 1090.947200 1869.200000 1.000000
1414.054400 349.307200 1099.019200 1921.040000 1.000000
1412.768000 362.505600 1099.892800 1934.480000 1.000000
1428.088000 349.558400 1114.190400 1917.936000 1.000000
1729.520000 1123.113600 1517.147200 2691.760000 1.000000
1840.592000 403.857600 1519.744000 1887.360000 1.000000
1864.912000 435.014400 1546.416000 1914.384000 1.000000
1875.216000 440.931200 1556.897600 1918.048000 1.000000
1878.032000 430.001600 1559.982400 1904.480000 1.000000
1781.760000 1121.280000 1575.550400 2677.728000 1.000000
1982.608000 431.680000 1657.072000 1882.640000 1.000000
1990.384000 418.718400 1662.560000 1868.192000 1.000000
1992.240000 431.700800 1665.616000 1882.656000 1.000000
1988.384000 449.403200 1665.760000 1900.416000 1.000000
1999.536000 420.361600 1673.040000 1866.992000 1.000000
2055.904000 452.632000 1728.496000 1889.168000 1.000000
2010.608000 750.489600 1746.784000 2178.640000 1.000000
2014.528000 763.390400 1753.776000 2193.200000 1.000000
1935.360000 1171.614400 1762.512000 2689.808000 1.000000
2065.712000 592.737600 1767.424000 2029.136000 1.000000
2119.008000 353.406400 1769.040000 1767.504000 1.000000
2072.384000 601.753600 1774.976000 2035.040000 1.000000
1947.952000 1177.534400 1777.120000 2693.856000 1.000000
2108.880000 465.678400 1781.136000 1892.368000 1.000000
2136.288000 355.585600 1784.304000 1766.080000 1.000000
1990.672000 1030.204800 1788.464000 2546.512000 1.000000
2147.472000 321.217600 1789.056000 1730.784000 1.000000
2158.592000 329.259200 1799.056000 1739.408000 1.000000
2156.880000 353.345600 1803.200000 1759.856000 1.000000
2166.544000 337.385600 1807.840000 1743.504000 1.000000
1969.936000 1212.956800 1813.200000 2723.712000 1.000000
2161.648000 441.699200 1822.928000 1850.576000 1.000000
1990.816000 1165.579200 1823.680000 2670.528000 1.000000
1983.264000 1219.723200 1828.960000 2728.272000 1.000000
2007.344000 1185.558400 1845.792000 2687.920000 1.000000
2013.552000 1195.619200 1856.832000 2694.416000 1.000000
2186.048000 541.336000 1870.192000 1955.344000 1.000000
2201.552000 551.660800 1886.048000 1963.872000 1.000000
2194.512000 567.792000 1886.304000 1980.752000 1.000000
2211.872000 527.248000 1888.128000 1933.952000 1.000000
2216.880000 525.480000 1892.400000 1932.336000 1.000000
2237.984000 435.656000 1892.464000 1830.896000 1.000000
2244.976000 433.990400 1898.336000 1828.256000 1.000000
2243.264000 450.353600 1900.912000 1847.296000 1.000000
2224.832000 528.753600 1901.424000 1933.712000 1.000000
2069.424000 1131.774400 1902.288000 2626.560000 1.000000
2244.256000 472.936000 1906.608000 1874.752000 1.000000
2215.712000 577.827200 1906.944000 1988.272000 1.000000
2127.248000 948.328000 1910.704000 2415.024000 1.000000
2235.648000 528.104000 1913.056000 1932.288000 1.000000
2137.808000 911.292800 1913.088000 2365.376000 1.000000
2157.040000 848.808000 1915.712000 2272.720000 1.000000
2167.584000 829.673600 1920.944000 2248.096000 1.000000
2191.360000 789.091200 1933.616000 2190.656000 1.000000
2347.232000 210.472000 1937.216000 1614.032000 1.000000
2143.296000 993.816000 1940.592000 2471.584000 1.000000
2212.272000 777.980800 1951.920000 2175.216000 1.000000
2168.160000 941.076800 1952.880000 2397.072000 1.000000
2078.672000 1276.763200 1954.000000 2767.312000 1.000000
2293.232000 495.291200 1956.096000 1888.368000 1.000000
2214.160000 793.336000 1957.440000 2192.560000 1.000000
2381.184000 176.507200 1958.224000 1581.667200 1.000000
2201.024000 875.400000 1969.648000 2299.232000 1.000000
2317.792000 469.470400 1972.560000 1855.680000 1.000000
2216.976000 838.265600 1973.008000 2243.264000 1.000000
2393.232000 193.433600 1973.264000 1590.891200 1.000000
2187.856000 939.316800 1973.280000 2390.640000 1.000000
2308.512000 508.456000 1973.424000 1899.664000 1.000000
2235.920000 788.302400 1977.712000 2183.872000 1.000000
2373.072000 288.355200 1977.840000 1677.040000 1.000000
2259.168000 705.459200 1978.480000 2095.264000 1.000000
2320.224000 494.638400 1980.032000 1882.336000 1.000000
2233.392000 803.700800 1980.464000 2202.528000 1.000000
2225.408000 843.870400 1981.216000 2248.032000 1.000000
2414.928000 158.356800 1982.272000 1561.464000 1.000000
2232.880000 824.236800 1985.216000 2224.528000 1.000000
2254.608000 766.800000 1989.472000 2158.064000 1.000000
2249.616000 800.624000 1992.768000 2195.472000 1.000000
2246.640000 809.606400 1993.200000 2205.472000 1.000000
2397.168000 289.712000 1997.392000 1675.200000 1.000000
2387.872000 336.897600 2002.656000 1712.992000 1.000000
2126.960000 1263.080000 2003.136000 2741.264000 1.000000
2195.232000 1033.136000 2006.976000 2503.872000 1.000000
2129.568000 1283.478400 2014.096000 2765.264000 1.000000
2181.360000 1103.473600 2014.480000 2576.816000 1.000000
2395.120000 378.040000 2018.176000 1748.016000 1.000000
2204.672000 1047.827200 2020.944000 2516.448000 1.000000
2412.960000 330.147200 2021.504000 1707.120000 1.000000
2304.016000 711.889600 2023.232000 2096.592000 1.000000
2428.144000 285.409600 2023.552000 1666.784000 1.000000
2427.136000 296.521600 2025.184000 1674.592000 1.000000
2318.160000 674.182400 2025.440000 2060.848000 1.000000
2391.984000 461.566400 2034.208000 1831.888000 1.000000
2213.200000 1076.896000 2039.168000 2543.488000 1.000000
2250.128000 965.318400 2041.968000 2407.568000 1.000000
2342.176000 654.529600 2043.376000 2038.784000 1.000000
2412.912000 423.420800 2044.976000 1786.464000 1.000000
2257.072000 954.472000 2046.752000 2392.880000 1.000000
2422.928000 406.200000 2047.696000 1769.024000 1.000000
2296.272000 824.678400 2048.544000 2209.728000 1.000000
2449.936000 316.393600 2049.664000 1689.904000 1.000000
2396.560000 500.318400 2050.640000 1869.152000 1.000000
2417.840000 431.960000 2051.456000 1793.408000 1.000000
2301.712000 814.164800 2051.712000 2198.368000 1.000000
2329.920000 735.036800 2053.360000 2112.384000 1.000000
2358.736000 640.136000 2055.824000 2021.216000 1.000000
2402.144000 506.732800 2056.320000 1876.720000 1.000000
2444.976000 368.115200 2058.368000 1730.336000 1.000000
2226.816000 1098.345600 2060.064000 2563.376000 1.000000
2261.728000 988.212800 2062.544000 2427.440000 1.000000
2406.144000 518.526400 2064.256000 1885.616000 1.000000
2411.968000 498.392000 2064.608000 1863.808000 1.000000
2440.432000 410.454400 2064.736000 1770.176000 1.000000
2312.384000 830.435200 2065.616000 2211.712000 1.000000
2309.936000 841.852800 2066.608000 2227.520000 1.000000
2505.936000 204.940800 2068.624000 1588.070400 1.000000
2442.064000 422.654400 2068.688000 1782.400000 1.000000
2435.024000 459.534400 2074.704000 1818.240000 1.000000
2298.064000 915.203200 2075.024000 2333.008000 1.000000
2335.184000 818.972800 2082.288000 2198.464000 1.000000
2402.128000 616.260800 2087.952000 1990.096000 1.000000
2408.704000 595.422400 2088.048000 1966.512000 1.000000
2395.152000 647.286400 2089.808000 2021.504000 1.000000
2534.512000 198.209600 2091.120000 1576.923200 1.000000
2496.112000 319.539200 2091.280000 1687.248000 1.000000
2352.224000 792.174400 2091.856000 2162.400000 1.000000
2468.032000 420.227200 2093.568000 1772.944000 1.000000
2348.240000 818.515200 2095.648000 2193.808000 1.000000
2409.168000 624.964800 2096.544000 1996.688000 1.000000
2296.288000 990.448000 2096.848000 2421.520000 1.000000
2487.856000 375.832000 2097.888000 1734.352000 1.000000
2418.656000 600.704000 2098.464000 1970.144000 1.000000
2321.376000 912.374400 2098.992000 2324.368000 1.000000
2486.400000 399.382400 2103.264000 1752.912000 1.000000
2442.432000 540.488000 2104.976000 1900.352000 1.000000
2355.568000 829.889600 2106.576000 2204.912000 1.000000
2541.376000 232.372800 2107.008000 1605.072000 1.000000
2312.640000 969.112000 2107.392000 2391.696000 1.000000
2369.728000 787.758400 2107.552000 2156.848000 1.000000
2499.808000 373.988800 2107.728000 1728.832000 1.000000
2481.344000 436.859200 2109.216000 1787.904000 1.000000
2571.280000 159.262720 2113.280000 1544.900800 1.000000
2410.064000 682.275200 2114.384000 2052.256000 1.000000
2550.304000 244.390400 2116.304000 1610.240000 1.000000
2302.016000 1030.803200 2116.432000 2467.744000 1.000000
2335.984000 926.484800 2117.664000 2336.928000 1.000000
2451.232000 570.209600 2119.312000 1930.352000 1.000000
2378.384000 803.360000 2119.648000 2171.680000 1.000000
2493.648000 462.329600 2124.880000 1811.408000 1.000000
2498.240000 440.161600 2125.280000 1786.032000 1.000000
2347.168000 917.678400 2126.160000 2324.512000 1.000000
2464.368000 559.600000 2128.416000 1916.528000 1.000000
2360.192000 887.753600 2129.296000 2281.872000 1.000000
2484.832000 512.252800 2131.888000 1867.712000 1.000000
2513.136000 422.388800 2133.168000 1769.152000 1.000000
2499.056000 477.995200 2133.920000 1824.000000 1.000000
2514.608000 432.289600 2138.288000 1777.728000 1.000000
2320.800000 1080.891200 2152.944000 2523.872000 1.000000
2438.688000 740.883200 2158.976000 2098.384000 1.000000
2411.408000 1552.060800 2374.080000 1293.825600 1.000000
2426.400000 1556.315200 2389.856000 1293.931200 1.000000
2565.696000 1443.012800 2480.032000 1146.094400 1.000000
2517.696000 1592.521600 2492.592000 1284.067200 1.000000
2512.992000 1771.888000 2562.592000 1479.441600 1.000000
2609.280000 1552.668800 2562.688000 1217.424000 1.000000
2571.536000 1677.840000 2580.496000 1352.688000 1.000000
2499.488000 1843.248000 2583.088000 1571.716800 1.000000
2515.216000 1819.504000 2587.200000 1538.926400 1.000000
2562.752000 1715.504000 2587.984000 1393.593600 1.000000
2509.200000 1838.992000 2590.656000 1561.132800 1.000000
2544.832000 1841.248000 2620.224000 1501.876800 1.000000
2439.888000 2053.536000 2622.016000 1884.464000 1.000000
2543.312000 1857.216000 2634.336000 1563.694400 1.000000
2478.048000 2060.144000 2667.216000 1867.152000 1.000000
2483.680000 2069.600000 2675.744000 1874.960000 1.000000
2478.944000 2085.616000 2680.400000 1897.520000 1.000000
2347.888000 2030.832000 2683.568000 1929.952000 1.000000
2503.744000 2073.360000 2702.800000 1878.912000 1.000000
