108.444000 764.457600 19.570080 286.299200 1.000000
104.372320 1050.046400 28.089600 607.601600 1.000000
106.105280 1055.131200 30.024960 614.219200 1.000000
128.140640 728.067200 39.138240 248.856000 1.000000
126.998560 774.596800 40.234720 298.470400 1.000000
131.628000 720.937600 40.728480 241.590400 1.000000
131.880960 761.694400 45.657280 283.803200 1.000000
123.082240 1054.585600 47.848960 613.875200 1.000000
138.708000 737.464000 49.304160 260.049600 1.000000
125.376960 1041.680000 49.721280 600.688000 1.000000
143.575360 706.782400 54.287680 227.187200 1.000000
87.246400 2308.608000 62.351680 1940.800000 1.000000
158.643520 1049.310400 84.734080 611.950400 1.000000
160.960000 1061.184000 86.500800 624.817600 1.000000
180.252800 839.072000 101.500480 364.544000 1.000000
182.121600 862.747200 102.271360 396.612800 1.000000
186.684800 748.816000 103.291840 271.710400 1.000000
183.388800 1080.568000 112.306720 645.675200 1.000000
138.393760 2305.040000 113.706400 1938.352000 1.000000
190.326400 1077.984000 119.140000 643.176000 1.000000
192.132800 1056.403200 120.631520 620.692800 1.000000
150.309600 2303.104000 125.120000 1936.800000 1.000000
150.799680 2313.616000 125.345280 1946.816000 1.000000
202.843200 806.236800 127.555840 332.009600 1.000000
212.350400 706.779200 128.128160 207.862400 1.000000
210.849600 762.600000 130.539840 286.774400 1.000000
215.936000 758.780800 133.758720 285.096000 1.000000
205.532800 1076.417600 135.860480 641.291200 1.000000
160.633600 2325.248000 137.470080 1958.960000 1.000000
209.326400 1082.774400 139.799680 648.569600 1.000000
182.712000 2235.392000 156.399840 1874.400000 1.000000
181.926400 2337.296000 157.640480 1971.952000 1.000000
181.934400 2345.824000 158.768160 1979.472000 1.000000
183.500800 2305.552000 159.365600 1939.472000 1.000000
244.630400 764.947200 165.148800 292.428800 1.000000
191.926400 2335.584000 168.019200 1969.792000 1.000000
197.708800 2236.256000 168.620800 1873.488000 1.000000
233.923200 1249.761600 170.608000 855.923200 1.000000
255.510400 1276.468800 190.452800 886.984000 1.000000
214.000000 2509.744000 194.481600 2144.704000 1.000000
269.608000 1071.744000 202.272000 637.923200 1.000000
271.064000 1048.648000 203.236800 612.158400 1.000000
274.648000 1069.977600 207.132800 635.278400 1.000000
274.808000 1056.547200 207.174400 621.947200 1.000000
276.451200 1032.467200 208.113600 595.096000 1.000000
275.481600 1077.041600 208.225600 643.601600 1.000000
280.428800 1042.227200 212.972800 606.228800 1.000000
287.217600 1051.112000 219.780800 616.342400 1.000000
235.625600 2642.464000 219.955200 2270.944000 1.000000
292.635200 1043.840000 226.302400 608.580800 1.000000
292.718400 1068.433600 226.673600 635.299200 1.000000
253.940800 2321.856000 229.086400 1959.040000 1.000000
296.326400 1210.876800 229.449600 807.080000 1.000000
235.790400 2937.472000 231.136000 2525.584000 1.000000
300.590400 1295.379200 239.288000 910.822400 1.000000
267.337600 2446.032000 244.908800 2083.968000 1.000000
312.254400 1033.670400 245.134400 599.075200 1.000000
310.745600 1266.723200 248.144000 879.355200 1.000000
275.283200 2301.776000 248.940800 1940.880000 1.000000
271.208000 2457.904000 248.993600 2095.840000 1.000000
276.336000 2354.832000 250.494400 1993.360000 1.000000
277.424000 2341.824000 252.939200 1978.720000 1.000000
323.606400 850.467200 255.528000 372.616000 1.000000
279.814400 2377.728000 255.691200 2015.680000 1.000000
330.825600 783.577600 257.422400 307.659200 1.000000
279.702400 2449.872000 257.881600 2088.384000 1.000000
319.592000 1207.057600 259.982400 799.646400 1.000000
281.964800 2445.600000 260.644800 2085.104000 1.000000
333.348800 779.196800 262.448000 301.736000 1.000000
337.628800 775.076800 262.718400 299.534400 1.000000
288.996800 2371.504000 265.462400 2009.136000 1.000000
331.772800 1054.716800 267.184000 620.217600 1.000000
327.803200 1288.542400 267.214400 904.356800 1.000000
291.980800 2388.496000 268.028800 2026.992000 1.000000
334.168000 1069.547200 269.344000 638.484800 1.000000
337.576000 848.958400 269.718400 373.169600 1.000000
294.721600 2440.528000 272.209600 2079.808000 1.000000
297.185600 2380.176000 273.009600 2019.280000 1.000000
337.766400 1319.296000 277.072000 938.152000 1.000000
342.777600 1074.582400 277.446400 643.139200 1.000000
339.881600 1311.224000 278.374400 929.608000 1.000000
339.377600 1366.515200 281.616000 987.097600 1.000000
306.401600 2388.624000 282.504000 2026.880000 1.000000
341.795200 1373.126400 284.259200 993.694400 1.000000
357.195200 784.139200 289.329600 304.016000 1.000000
349.022400 1378.868800 291.715200 999.324800 1.000000
332.064000 1823.024000 292.667200 1434.299200 1.000000
356.611200 1079.502400 293.460800 650.590400 1.000000
355.088000 1325.707200 295.635200 945.651200 1.000000
336.270400 1835.536000 297.508800 1448.681600 1.000000
355.889600 1376.452800 298.438400 998.888000 1.000000
337.473600 1804.720000 298.760000 1415.537600 1.000000
369.875200 775.489600 301.889600 297.059200 1.000000
361.867200 1313.718400 302.715200 933.444800 1.000000
366.945600 1080.958400 304.006400 651.886400 1.000000
364.035200 1338.296000 305.075200 958.947200 1.000000
344.387200 1838.512000 305.627200 1451.809600 1.000000
344.510400 1830.128000 306.718400 1443.796800 1.000000
376.817600 752.339200 307.348800 271.038400 1.000000
331.584000 2396.256000 307.552000 2036.272000 1.000000
372.862400 1275.659200 311.910400 892.521600 1.000000
369.523200 1375.451200 311.942400 995.686400 1.000000
371.060800 1285.185600 312.593600 902.769600 1.000000
338.425600 2399.056000 313.777600 2039.872000 1.000000
376.864000 1068.131200 314.185600 638.710400 1.000000
345.931200 2356.960000 321.545600 1997.600000 1.000000
390.952000 773.705600 323.843200 294.081600 1.000000
354.273600 2337.760000 328.752000 1978.944000 1.000000
352.113600 2453.536000 328.883200 2095.312000 1.000000
391.792000 1277.987200 330.432000 894.116800 1.000000
396.120000 1078.649600 333.923200 649.892800 1.000000
404.100800 858.203200 338.985600 386.401600 1.000000
364.147200 2415.904000 340.139200 2056.464000 1.000000
411.084800 703.571200 344.408000 214.268800 1.000000
368.547200 2439.552000 344.723200 2081.648000 1.000000
372.795200 2311.248000 346.388800 1952.720000 1.000000
371.329600 2457.472000 348.496000 2099.200000 1.000000
406.368000 1340.843200 349.348800 962.160000 1.000000
413.952000 864.211200 349.992000 394.121600 1.000000
375.235200 2397.904000 350.948800 2038.896000 1.000000
375.870400 2437.616000 351.486400 2079.952000 1.000000
415.801600 1048.641600 353.217600 619.160000 1.000000
422.275200 1063.068800 360.462400 634.952000 1.000000
398.888000 1843.712000 362.148800 1459.548800 1.000000
388.428800 2317.808000 363.553600 1960.224000 1.000000
419.553600 1367.059200 364.548800 990.278400 1.000000
422.672000 1315.374400 365.057600 937.971200 1.000000
425.104000 1265.724800 366.603200 881.507200 1.000000
392.577600 2332.512000 366.761600 1975.184000 1.000000
425.625600 1321.616000 367.974400 944.604800 1.000000
425.528000 1304.966400 368.084800 927.056000 1.000000
430.283200 1051.284800 368.856000 624.110400 1.000000
433.070400 848.556800 369.664000 377.553600 1.000000
431.441600 936.646400 370.435200 473.177600 1.000000
426.331200 1373.622400 370.444800 998.356800 1.000000
394.667200 2449.792000 371.331200 2092.944000 1.000000
434.836800 852.977600 371.545600 382.145600 1.000000
427.742400 1381.412800 373.160000 1005.793600 1.000000
433.732800 1080.222400 373.614400 653.761600 1.000000
435.904000 875.329600 373.835200 406.476800 1.000000
430.785600 1362.702400 374.108800 987.984000 1.000000
435.576000 1054.694400 374.504000 625.896000 1.000000
444.436800 754.753600 381.916800 274.918400 1.000000
407.457600 2363.856000 382.097600 2006.208000 1.000000
407.464000 2374.752000 382.174400 2017.712000 1.000000
440.942400 1291.952000 383.014400 912.948800 1.000000
438.555200 1393.332800 384.208000 1017.457600 1.000000
449.849600 801.819200 385.859200 328.097600 1.000000
422.060800 1867.408000 386.272000 1483.672000 1.000000
447.520000 888.798400 386.323200 421.376000 1.000000
446.534400 1298.302400 387.832000 920.924800 1.000000
449.132800 1268.123200 391.105600 884.697600 1.000000
429.849600 1850.112000 391.192000 1468.099200 1.000000
428.713600 1885.344000 392.172800 1503.148800 1.000000
418.670400 2373.280000 392.619200 2015.696000 1.000000
421.049600 2337.680000 392.747200 1981.024000 1.000000
452.868800 1292.849600 394.643200 915.435200 1.000000
431.363200 1878.400000 394.651200 1496.313600 1.000000
455.284800 1060.980800 394.680000 634.955200 1.000000
458.473600 850.302400 396.956800 379.537600 1.000000
453.961600 1308.070400 397.726400 930.600000 1.000000
459.158400 886.326400 397.742400 419.236800 1.000000
459.145600 1293.891200 401.486400 915.870400 1.000000
465.352000 831.132800 402.366400 359.641600 1.000000
463.718400 1057.705600 403.348800 632.011200 1.000000
429.233600 2364.656000 404.147200 2007.360000 1.000000
443.174400 1877.104000 406.406400 1496.614400 1.000000
441.118400 1889.872000 406.585600 1507.979200 1.000000
469.100800 848.804800 407.155200 378.699200 1.000000
469.888000 867.920000 407.444800 399.251200 1.000000
448.035200 1841.200000 409.779200 1461.480000 1.000000
436.772800 2352.896000 410.244800 1996.160000 1.000000
447.907200 1869.488000 411.705600 1488.846400 1.000000
472.732800 882.657600 412.961600 416.593600 1.000000
469.926400 1296.339200 413.980800 916.867200 1.000000
475.788800 1089.688000 416.342400 666.248000 1.000000
479.376000 866.344000 418.876800 399.291200 1.000000
444.345600 2412.976000 420.900800 2056.080000 1.000000
459.339200 1875.632000 423.507200 1494.928000 1.000000
488.200000 816.041600 427.635200 344.878400 1.000000
492.494400 847.041600 428.169600 377.828800 1.000000
489.315200 893.187200 429.278400 427.924800 1.000000
490.713600 824.248000 429.457600 353.585600 1.000000
495.347200 1085.260800 434.100800 662.633600 1.000000
497.635200 897.806400 437.001600 432.704000 1.000000
498.144000 831.755200 437.412800 362.150400 1.000000
497.027200 1050.577600 437.433600 625.088000 1.000000
498.891200 790.052800 437.620800 318.019200 1.000000
497.862400 805.193600 437.702400 333.260800 1.000000
498.976000 840.385600 438.232000 371.078400 1.000000
460.729600 2603.392000 439.360000 2240.720000 1.000000
502.054400 798.096000 441.563200 325.606400 1.000000
503.740800 920.092800 443.988800 458.190400 1.000000
505.008000 1057.414400 446.009600 633.950400 1.000000
510.273600 849.737600 447.464000 381.632000 1.000000
509.385600 803.345600 447.611200 331.078400 1.000000
508.976000 809.460800 448.324800 336.942400 1.000000
513.860800 812.243200 453.704000 340.819200 1.000000
512.952000 1082.857600 455.268800 660.454400 1.000000
519.420800 1051.745600 462.305600 626.974400 1.000000
521.204800 1094.756800 466.492800 674.396800 1.000000
524.726400 824.131200 467.593600 353.008000 1.000000
503.864000 1847.168000 470.534400 1468.936000 1.000000
533.739200 831.929600 472.176000 362.662400 1.000000
496.241600 2548.896000 472.851200 2193.344000 1.000000
522.104000 2010.000000 485.489600 1673.184000 1.000000
543.347200 916.745600 486.760000 455.036800 1.000000
528.828800 2420.880000 501.443200 2069.824000 1.000000
557.918400 1065.300800 501.716800 641.305600 1.000000
560.646400 1086.155200 503.819200 664.896000 1.000000
540.793600 1855.792000 504.300800 1478.302400 1.000000
562.352000 907.051200 506.206400 444.206400 1.000000
537.393600 2250.064000 507.633600 1900.320000 1.000000
569.395200 699.492800 508.718400 216.956800 1.000000
570.004800 1087.966400 514.937600 667.747200 1.000000
569.483200 1081.241600 515.907200 659.835200 1.000000
574.168000 818.985600 518.145600 348.889600 1.000000
570.753600 873.268800 519.593600 411.145600 1.000000
576.452800 1041.140800 520.468800 615.320000 1.000000
580.803200 1086.868800 526.110400 666.736000 1.000000
589.491200 1078.664000 535.174400 658.096000 1.000000
589.987200 899.433600 537.508800 438.448000 1.000000
597.616000 1087.248000 542.875200 668.348800 1.000000
549.115200 544.268800 547.636800 33.050720 1.000000
605.428800 1077.641600 551.432000 657.043200 1.000000
609.612800 1061.657600 556.520000 640.086400 1.000000
611.716800 1098.459200 558.176000 681.371200 1.000000
616.240000 934.720000 562.249600 480.432000 1.000000
618.633600 1070.808000 563.580800 650.484800 1.000000
638.710400 788.368000 586.560000 324.024000 1.000000
642.171200 897.200000 590.248000 438.499200 1.000000
651.859200 1094.814400 600.395200 678.401600 1.000000
673.904000 893.672000 620.057600 435.963200 1.000000
675.875200 931.155200 623.976000 478.889600 1.000000
677.651200 923.507200 626.828800 468.668800 1.000000
682.832000 980.156800 633.478400 534.372800 1.000000
694.497600 886.476800 638.948800 429.723200 1.000000
694.835200 979.598400 645.606400 534.281600 1.000000
699.873600 560.081600 649.694400 66.549600 1.000000
710.264000 990.048000 662.195200 545.297600 1.000000
712.928000 964.211200 664.249600 520.406400 1.000000
696.260800 2313.264000 665.417600 1967.168000 1.000000
717.860800 1075.505600 668.803200 659.979200 1.000000
720.860800 714.624000 669.939200 239.652800 1.000000
722.990400 978.422400 675.264000 536.318400 1.000000
725.512000 1365.169600 678.528000 1002.369600 1.000000
728.497600 682.150400 679.768000 205.208000 1.000000
732.612800 950.524800 683.496000 504.476800 1.000000
732.768000 941.851200 685.126400 494.964800 1.000000
574.956800 539.897600 685.176000 42.302560 1.000000
732.480000 853.710400 685.240000 394.227200 1.000000
733.270400 1089.667200 685.313600 676.192000 1.000000
739.675200 707.091200 688.286400 232.948800 1.000000
742.716800 971.232000 695.713600 527.201600 1.000000
746.118400 856.601600 698.249600 396.987200 1.000000
748.099200 1093.841600 698.729600 681.616000 1.000000
750.976000 935.044800 702.707200 487.342400 1.000000
751.819200 915.494400 707.747200 463.278400 1.000000
760.225600 733.753600 712.848000 261.412800 1.000000
762.776000 1098.748800 715.283200 688.670400 1.000000
763.048000 866.992000 716.904000 408.500800 1.000000
776.348800 730.747200 730.273600 258.988800 1.000000
777.881600 890.728000 733.640000 438.369600 1.000000
787.366400 1083.235200 741.203200 673.598400 1.000000
786.577600 731.049600 741.496000 259.678400 1.000000
788.374400 789.112000 742.467200 331.654400 1.000000
794.355200 935.876800 747.139200 493.452800 1.000000
792.862400 736.048000 747.864000 265.099200 1.000000
794.841600 800.075200 749.612800 343.480000 1.000000
800.531200 770.747200 755.044800 311.028800 1.000000
799.304000 832.139200 755.712000 375.731200 1.000000
798.129600 856.025600 756.169600 399.539200 1.000000
799.673600 817.852800 757.716800 360.358400 1.000000
807.187200 970.699200 762.684800 533.028800 1.000000
810.729600 1101.945600 766.486400 694.867200 1.000000
814.576000 1090.028800 769.884800 682.603200 1.000000
817.881600 1106.550400 774.166400 699.750400 1.000000
821.891200 674.854400 779.360000 200.553600 1.000000
824.630400 1058.384000 780.780800 648.006400 1.000000
824.673600 1076.723200 781.451200 668.972800 1.000000
826.777600 857.814400 784.286400 402.488000 1.000000
841.878400 1107.998400 799.328000 703.481600 1.000000
853.516800 848.019200 812.771200 394.481600 1.000000
857.715200 862.188800 816.209600 409.232000 1.000000
864.198400 919.974400 824.107200 477.801600 1.000000
874.827200 719.784000 835.294400 252.312000 1.000000
888.204800 1287.174400 847.022400 929.257600 1.000000
892.916800 886.353600 851.172800 437.840000 1.000000
888.369600 2337.744000 854.011200 1999.680000 1.000000
898.030400 878.233600 858.220800 428.937600 1.000000
901.571200 1094.635200 860.668800 690.038400 1.000000
903.934400 915.505600 862.371200 472.768000 1.000000
902.555200 608.441600 864.600000 128.939040 1.000000
901.544000 616.668800 864.817600 138.601120 1.000000
909.024000 1105.648000 869.372800 703.233600 1.000000
913.355200 1317.209600 872.752000 964.508800 1.000000
918.160000 888.112000 879.404800 441.129600 1.000000
918.635200 864.033600 881.032000 414.152000 1.000000
917.864000 607.454400 881.302400 128.133280 1.000000
918.889600 734.720000 881.899200 270.017600 1.000000
918.795200 788.182400 881.936000 338.019200 1.000000
922.393600 969.939200 884.078400 538.720000 1.000000
924.046400 588.449600 887.899200 105.917280 1.000000
927.073600 683.744000 890.625600 214.072000 1.000000
929.120000 859.878400 891.948800 411.201600 1.000000
929.227200 726.436800 892.528000 261.603200 1.000000
929.083200 735.920000 892.678400 271.968000 1.000000
929.982400 580.326400 894.545600 97.394400 1.000000
940.064000 1114.048000 902.107200 714.470400 1.000000
938.403200 728.670400 902.491200 264.432000 1.000000
938.700800 593.568000 903.000000 111.690720 1.000000
948.243200 1281.163200 908.576000 923.676800 1.000000
954.283200 935.648000 912.596800 499.084800 1.000000
949.088000 980.384000 913.649600 551.870400 1.000000
952.697600 1296.580800 913.982400 941.336000 1.000000
954.940800 2287.936000 917.083200 1951.952000 1.000000
953.425600 1071.846400 917.572800 668.945600 1.000000
952.224000 608.627200 917.627200 132.272000 1.000000
953.505600 713.937600 918.371200 249.737600 1.000000
960.672000 607.748800 927.148800 130.321440 1.000000
962.310400 961.712000 927.172800 533.294400 1.000000
961.537600 636.870400 927.811200 163.817600 1.000000
965.104000 702.142400 930.532800 236.216000 1.000000
967.883200 1094.110400 931.929600 694.401600 1.000000
967.827200 649.222400 932.841600 178.070400 1.000000
971.851200 2268.864000 937.238400 1936.240000 1.000000
972.908800 934.521600 938.116800 500.787200 1.000000
975.310400 644.329600 942.072000 171.067200 1.000000
976.728000 651.841600 943.097600 180.481600 1.000000
977.718400 1087.272000 943.196800 687.782400 1.000000
977.166400 636.723200 943.665600 163.812800 1.000000
981.577600 976.848000 944.193600 547.683200 1.000000
982.016000 1298.148800 944.329600 945.964800 1.000000
979.643200 1008.348800 945.060800 581.115200 1.000000
980.798400 2340.064000 945.473600 2006.336000 1.000000
986.097600 981.694400 952.505600 554.110400 1.000000
986.081600 1005.219200 952.750400 580.928000 1.000000
988.472000 824.571200 954.092800 376.512000 1.000000
992.374400 2291.296000 957.441600 1958.784000 1.000000
992.875200 968.012800 959.707200 540.408000 1.000000
996.966400 2272.560000 961.256000 1939.952000 1.000000
993.897600 743.456000 962.584000 283.699200 1.000000
995.032000 735.430400 962.643200 274.347200 1.000000
1000.036800 1817.680000 965.715200 1461.574400 1.000000
999.158400 710.417600 967.257600 247.505600 1.000000
1003.574400 2289.968000 968.195200 1957.488000 1.000000
1004.227200 1111.956800 970.310400 714.369600 1.000000
1006.187200 2224.912000 971.408000 1895.248000 1.000000
1009.494400 2167.296000 972.960000 1843.824000 1.000000
1007.891200 1841.936000 974.297600 1486.200000 1.000000
1008.188800 1003.825600 975.374400 580.228800 1.000000
1007.540800 736.571200 978.636800 276.873600 1.000000
1010.841600 671.899200 980.059200 205.888000 1.000000
1011.227200 709.755200 980.198400 246.876800 1.000000
1016.134400 1817.712000 982.337600 1460.428800 1.000000
1020.612800 2175.440000 983.769600 1852.432000 1.000000
1025.241600 2287.936000 986.542400 1954.800000 1.000000
1022.843200 1115.171200 989.955200 719.912000 1.000000
1026.419200 740.496000 996.441600 283.296000 1.000000
1026.697600 750.921600 996.540800 294.036800 1.000000
1029.905600 1088.001600 996.633600 689.961600 1.000000
1028.812800 902.374400 997.260800 465.528000 1.000000
1030.323200 1098.660800 997.699200 700.438400 1.000000
1030.619200 878.595200 998.713600 435.897600 1.000000
1034.449600 1115.344000 1001.052800 719.808000 1.000000
1031.931200 1817.968000 1001.100800 1461.041600 1.000000
1037.920000 1084.851200 1004.867200 687.148800 1.000000
1045.336000 2144.064000 1008.523200 1824.144000 1.000000
1043.798400 1282.318400 1009.968000 930.624000 1.000000
1040.035200 957.142400 1011.185600 523.755200 1.000000
1047.080000 783.350400 1015.068800 331.827200 1.000000
1043.862400 746.377600 1015.204800 288.945600 1.000000
1044.305600 917.241600 1015.409600 482.742400 1.000000
1050.652800 1098.627200 1017.088000 702.124800 1.000000
1044.931200 937.515200 1017.345600 499.531200 1.000000
1046.604800 695.944000 1017.755200 233.422400 1.000000
1049.123200 905.833600 1019.841600 470.456000 1.000000
1049.982400 705.260800 1020.864000 243.691200 1.000000
1055.248000 702.430400 1027.046400 239.990400 1.000000
1055.345600 687.859200 1027.870400 224.838400 1.000000
1067.220800 2264.816000 1029.104000 1935.376000 1.000000
1068.254400 2333.168000 1030.224000 2002.864000 1.000000
1063.584000 779.728000 1033.360000 327.947200 1.000000
1061.448000 883.036800 1033.568000 440.987200 1.000000
1063.604800 695.224000 1036.628800 233.819200 1.000000
1070.670400 1785.744000 1038.561600 1431.411200 1.000000
1070.278400 1106.292800 1039.363200 711.467200 1.000000
1068.811200 977.888000 1040.656000 542.600000 1.000000
1070.744000 791.820800 1042.150400 342.680000 1.000000
1070.716800 722.566400 1043.056000 264.928000 1.000000
1075.262400 846.934400 1046.891200 404.624000 1.000000
1072.984000 973.465600 1046.977600 541.054400 1.000000
1077.750400 1101.544000 1047.470400 706.956800 1.000000
1082.008000 1315.280000 1048.756800 965.876800 1.000000
1087.358400 2250.160000 1049.233600 1922.448000 1.000000
1076.857600 778.627200 1049.750400 326.168000 1.000000
1091.160000 2291.072000 1051.494400 1960.320000 1.000000
1091.116800 2299.376000 1052.835200 1969.248000 1.000000
1080.075200 874.585600 1053.822400 433.534400 1.000000
1083.798400 1128.132800 1054.220800 736.168000 1.000000
1081.177600 763.489600 1054.273600 309.316800 1.000000
1084.692800 771.355200 1056.508800 318.396800 1.000000
1094.651200 2170.480000 1056.548800 1849.920000 1.000000
1084.105600 908.003200 1057.929600 468.384000 1.000000
1089.028800 1822.608000 1058.609600 1468.643200 1.000000
1095.340800 2182.672000 1058.881600 1860.896000 1.000000
1099.174400 2277.904000 1060.585600 1948.608000 1.000000
1098.664000 2259.728000 1060.611200 1931.728000 1.000000
1092.555200 1279.355200 1061.240000 929.040000 1.000000
1088.846400 786.075200 1061.331200 334.539200 1.000000
1088.452800 619.958400 1063.568000 150.174080 1.000000
1097.563200 1295.422400 1064.060800 947.979200 1.000000
1090.361600 745.417600 1064.542400 291.267200 1.000000
1107.417600 2217.312000 1069.604800 1891.648000 1.000000
1100.176000 1102.305600 1069.884800 709.254400 1.000000
1111.918400 2284.592000 1071.899200 1957.248000 1.000000
1102.996800 1094.265600 1073.390400 700.760000 1.000000
1102.017600 802.614400 1076.129600 354.595200 1.000000
1103.715200 841.766400 1077.835200 400.438400 1.000000
1102.340800 717.745600 1078.390400 262.262400 1.000000
1116.336000 763.009600 1089.187200 310.638400 1.000000
1128.944000 2270.560000 1089.857600 1944.352000 1.000000
1115.425600 808.793600 1090.585600 360.929600 1.000000
1123.774400 1734.928000 1092.958400 1379.539200 1.000000
1131.952000 2278.480000 1093.577600 1951.248000 1.000000
1121.116800 946.696000 1094.200000 505.769600 1.000000
1128.913600 1804.448000 1097.494400 1453.174400 1.000000
1137.296000 2246.512000 1099.019200 1921.040000 1.000000
1137.404800 2261.968000 1099.892800 1934.480000 1.000000
1124.353600 743.153600 1101.664000 289.556800 1.000000
1140.281600 1834.400000 1107.224000 1485.832000 1.000000
1148.283200 2190.336000 1109.942400 1870.400000 1.000000
1141.286400 1762.016000 1110.169600 1407.846400 1.000000
1150.204800 2177.296000 1111.614400 1856.784000 1.000000
1139.857600 1111.304000 1113.004800 720.254400 1.000000
1152.129600 2243.888000 1114.190400 1917.936000 1.000000
1145.454400 1102.300800 1118.489600 710.616000 1.000000
1151.017600 1764.272000 1120.185600 1411.316800 1.000000
1149.736000 1120.745600 1122.590400 732.499200 1.000000
1153.128000 749.723200 1132.209600 299.257600 1.000000
1163.974400 730.108800 1144.041600 278.788800 1.000000
1177.435200 1105.515200 1150.736000 715.444800 1.000000
1179.484800 1088.425600 1154.851200 697.692800 1.000000
1197.345600 2187.072000 1159.508800 1867.408000 1.000000
1190.025600 754.483200 1171.038400 307.544000 1.000000
1199.750400 726.560000 1182.460800 276.808000 1.000000
1204.867200 750.926400 1187.035200 304.110400 1.000000
1211.924800 726.179200 1194.771200 276.912000 1.000000
1218.766400 1111.784000 1195.411200 725.236800 1.000000
1219.987200 1071.427200 1196.356800 681.180800 1.000000
1219.574400 1085.080000 1196.609600 697.219200 1.000000
1226.644800 1091.057600 1204.096000 703.678400 1.000000
1233.464000 1119.779200 1210.672000 735.772800 1.000000
1244.315200 1086.953600 1222.179200 700.268800 1.000000
1250.883200 1099.955200 1229.416000 716.142400 1.000000
1256.796800 966.896000 1242.812800 536.584000 1.000000
1268.177600 934.724800 1243.321600 500.852800 1.000000
1276.400000 1115.912000 1255.145600 731.556800 1.000000
1271.540800 956.524800 1259.062400 525.020800 1.000000
1279.446400 1108.259200 1259.339200 722.977600 1.000000
1289.870400 729.484800 1270.404800 260.721600 1.000000
1293.104000 1098.968000 1272.299200 712.721600 1.000000
1295.817600 1085.545600 1276.174400 699.196800 1.000000
1281.089600 988.710400 1276.659200 566.632000 1.000000
1314.211200 1322.233600 1288.667200 986.620800 1.000000
1309.388800 1070.484800 1290.697600 682.801600 1.000000
1310.646400 1099.112000 1292.489600 713.564800 1.000000
1311.476800 1085.060800 1294.025600 698.936000 1.000000
1307.923200 930.814400 1296.993600 494.568000 1.000000
1323.083200 1106.595200 1304.739200 723.268800 1.000000
1322.988800 1085.803200 1305.854400 700.211200 1.000000
1326.211200 1100.628800 1309.404800 716.844800 1.000000
1349.844800 698.286400 1342.404800 236.832000 1.000000
1365.764800 1125.278400 1349.592000 747.192000 1.000000
1370.190400 1096.510400 1355.193600 716.668800 1.000000
1372.713600 1128.179200 1357.268800 750.556800 1.000000
1375.337600 869.088000 1368.499200 424.947200 1.000000
1381.628800 964.616000 1374.147200 539.225600 1.000000
1389.646400 1102.368000 1377.913600 722.758400 1.000000
1388.363200 951.140800 1381.918400 525.041600 1.000000
1403.524800 1117.921600 1390.011200 740.187200 1.000000
1406.195200 920.772800 1402.006400 487.315200 1.000000
1411.323200 942.035200 1405.212800 512.496000 1.000000
1420.052800 1093.344000 1407.123200 713.019200 1.000000
1406.212800 827.747200 1407.659200 378.360000 1.000000
1416.766400 954.508800 1411.281600 529.435200 1.000000
1424.361600 1107.969600 1411.776000 728.787200 1.000000
1417.795200 910.924800 1422.475200 473.500800 1.000000
1435.729600 1117.960000 1423.446400 741.731200 1.000000
1437.795200 1084.873600 1426.916800 704.022400 1.000000
1436.425600 975.787200 1428.828800 554.043200 1.000000
1451.764800 1127.140800 1439.526400 753.240000 1.000000
1450.275200 1093.062400 1440.200000 714.449600 1.000000
1460.166400 849.480000 1450.348800 405.161600 1.000000
1485.193600 1766.448000 1456.561600 1430.272000 1.000000
1472.803200 1090.859200 1462.640000 715.320000 1.000000
1490.964800 1759.360000 1463.420800 1423.704000 1.000000
1479.238400 1132.265600 1469.025600 760.654400 1.000000
1498.968000 1752.400000 1471.171200 1415.452800 1.000000
1475.758400 961.612800 1473.164800 540.894400 1.000000
1485.300800 1101.020800 1476.894400 725.670400 1.000000
1488.328000 1131.278400 1478.574400 760.275200 1.000000
1491.856000 1110.616000 1480.316800 736.172800 1.000000
1484.851200 966.729600 1484.840000 545.868800 1.000000
1481.563200 876.848000 1485.363200 440.806400 1.000000
1544.841600 2179.840000 1500.612800 1874.976000 1.000000
1565.296000 2193.328000 1519.744000 1887.360000 1.000000
1530.364800 1116.376000 1522.681600 744.568000 1.000000
1551.171200 1769.376000 1522.787200 1435.404800 1.000000
1569.936000 2203.792000 1525.417600 1897.376000 1.000000
1537.881600 1097.406400 1531.993600 724.779200 1.000000
1541.070400 1123.025600 1533.422400 753.304000 1.000000
1562.457600 1753.424000 1534.278400 1419.219200 1.000000
1590.384000 2133.376000 1545.462400 1831.888000 1.000000
1553.753600 1109.193600 1547.225600 738.012800 1.000000
1590.272000 2035.328000 1549.184000 1744.288000 1.000000
1558.179200 1124.016000 1552.350400 753.816000 1.000000
1580.019200 1769.280000 1553.852800 1440.118400 1.000000
1561.936000 1146.779200 1554.798400 782.419200 1.000000
1563.169600 1316.190400 1555.579200 990.537600 1.000000
1576.899200 1134.342400 1570.796800 766.558400 1.000000
1598.371200 1781.744000 1570.899200 1452.006400 1.000000
1578.192000 1097.635200 1573.934400 723.808000 1.000000
1587.633600 1097.008000 1585.308800 724.275200 1.000000
1589.969600 1125.988800 1585.651200 758.163200 1.000000
1592.699200 901.268800 1599.339200 475.043200 1.000000
1602.928000 1123.496000 1599.769600 756.915200 1.000000
1607.680000 1112.793600 1605.040000 744.108800 1.000000
1646.768000 1110.204800 1649.328000 741.800000 1.000000
1653.712000 1124.300800 1651.872000 758.436800 1.000000
1667.104000 1220.584000 1661.824000 873.070400 1.000000
1709.744000 2165.296000 1662.560000 1868.192000 1.000000
1712.944000 2182.864000 1665.616000 1882.656000 1.000000
1665.552000 1113.924800 1666.496000 747.659200 1.000000
1702.272000 1876.672000 1667.360000 1589.656000 1.000000
1698.768000 1792.064000 1669.728000 1468.083200 1.000000
1675.632000 1208.699200 1670.752000 859.014400 1.000000
1698.064000 1785.168000 1670.832000 1460.107200 1.000000
1676.832000 1220.073600 1672.288000 872.212800 1.000000
1676.544000 1144.304000 1674.496000 784.000000 1.000000
1703.888000 1782.528000 1677.216000 1458.536000 1.000000
1679.600000 1099.300800 1681.296000 733.336000 1.000000
1683.920000 1147.374400 1683.856000 787.400000 1.000000
1687.488000 1104.192000 1688.224000 738.747200 1.000000
1689.040000 1155.356800 1688.224000 796.432000 1.000000
1743.344000 2304.048000 1689.376000 1996.192000 1.000000
1692.496000 1149.382400 1692.576000 790.352000 1.000000
1702.832000 1293.395200 1694.128000 974.403200 1.000000
1697.088000 1122.198400 1697.248000 759.864000 1.000000
1695.984000 1131.166400 1697.264000 769.300800 1.000000
1720.480000 1683.536000 1698.400000 1351.432000 1.000000
1700.864000 1152.635200 1700.400000 793.233600 1.000000
1749.168000 2115.904000 1702.528000 1824.496000 1.000000
1702.416000 1089.131200 1704.064000 723.590400 1.000000
1720.944000 1484.073600 1706.576000 1152.382400 1.000000
1705.568000 1142.795200 1706.656000 783.395200 1.000000
1705.872000 1108.550400 1706.928000 744.428800 1.000000
1757.792000 2121.680000 1710.416000 1831.168000 1.000000
1739.936000 1776.640000 1713.200000 1453.372800 1.000000
1763.920000 2199.840000 1715.152000 1901.024000 1.000000
1713.440000 1113.387200 1715.184000 750.691200 1.000000
1741.504000 1762.704000 1715.408000 1437.860800 1.000000
1765.824000 2213.072000 1716.368000 1914.528000 1.000000
1718.512000 1144.651200 1719.216000 786.011200 1.000000
1768.096000 2104.336000 1721.344000 1815.680000 1.000000
1790.720000 2630.496000 1721.536000 2303.776000 1.000000
1748.832000 1757.040000 1722.944000 1432.252800 1.000000
1725.888000 1088.014400 1723.312000 726.563200 1.000000
1774.640000 2204.928000 1724.816000 1906.960000 1.000000
1721.616000 1102.480000 1725.392000 738.515200 1.000000
1724.080000 1110.580800 1725.520000 747.996800 1.000000
1795.872000 2636.304000 1726.240000 2309.264000 1.000000
1728.512000 1116.380800 1729.744000 754.801600 1.000000
1728.592000 1122.828800 1731.472000 760.923200 1.000000
1782.800000 2209.360000 1733.504000 1910.816000 1.000000
1770.400000 1905.968000 1734.576000 1621.504000 1.000000
1733.632000 1120.265600 1735.136000 759.374400 1.000000
1744.032000 1284.944000 1736.960000 966.752000 1.000000
1787.632000 2195.792000 1737.952000 1899.072000 1.000000
1734.608000 1088.942400 1739.504000 725.798400 1.000000
1807.408000 2578.112000 1739.840000 2259.360000 1.000000
1792.368000 2203.136000 1740.992000 1904.928000 1.000000
1785.472000 2090.432000 1741.920000 1800.752000 1.000000
1723.824000 824.163200 1744.208000 391.684800 1.000000
1814.320000 2637.648000 1744.304000 2310.128000 1.000000
1795.568000 2210.144000 1744.576000 1913.504000 1.000000
1751.040000 1278.640000 1744.736000 960.360000 1.000000
1742.944000 1102.120000 1746.496000 740.488000 1.000000
1772.464000 1743.040000 1746.720000 1417.070400 1.000000
1810.816000 2488.304000 1746.784000 2178.640000 1.000000
1800.816000 2336.528000 1747.008000 2032.768000 1.000000
1745.248000 1130.361600 1748.704000 770.374400 1.000000
1795.280000 2094.368000 1750.416000 1805.104000 1.000000
1738.000000 955.529600 1751.120000 544.052800 1.000000
1738.000000 975.324800 1751.184000 566.176000 1.000000
1757.360000 1276.289600 1751.296000 957.342400 1.000000
1826.512000 2659.088000 1753.040000 2329.136000 1.000000
1736.928000 733.372800 1754.096000 294.571200 1.000000
1727.360000 636.745600 1756.368000 180.635200 1.000000
1767.968000 1384.363200 1757.232000 1072.420800 1.000000
1809.296000 2207.424000 1758.208000 1911.040000 1.000000
1804.128000 2072.816000 1759.568000 1786.832000 1.000000
1826.464000 2509.584000 1761.376000 2200.400000 1.000000
1767.456000 1277.225600 1761.472000 959.278400 1.000000
1749.232000 999.540800 1761.744000 596.022400 1.000000
1740.800000 839.070400 1762.624000 409.832000 1.000000
1747.360000 937.044800 1762.800000 524.708800 1.000000
1759.680000 1136.955200 1763.312000 778.304000 1.000000
1743.680000 814.504000 1763.968000 382.104000 1.000000
1828.144000 2483.456000 1765.168000 2174.016000 1.000000
1845.472000 2815.008000 1765.936000 2466.880000 1.000000
1810.896000 2084.112000 1766.368000 1797.520000 1.000000
1813.184000 2053.456000 1769.040000 1767.504000 1.000000
1751.600000 895.091200 1769.184000 476.385600 1.000000
1751.152000 879.083200 1770.096000 457.001600 1.000000
1762.208000 1083.688000 1772.160000 717.763200 1.000000
1758.496000 969.313600 1773.376000 559.420800 1.000000
1817.568000 2066.992000 1773.680000 1781.680000 1.000000
1771.968000 1152.433600 1774.640000 796.548800 1.000000
1833.408000 2339.856000 1774.976000 2035.040000 1.000000
1790.400000 1473.313600 1777.184000 1146.803200 1.000000
1830.000000 2233.328000 1778.096000 1933.904000 1.000000
1777.984000 1177.056000 1778.992000 825.225600 1.000000
1747.376000 629.745600 1779.616000 173.520000 1.000000
1775.136000 1120.932800 1780.336000 761.977600 1.000000
1829.440000 2156.608000 1780.896000 1864.896000 1.000000
1829.984000 2188.320000 1781.136000 1892.368000 1.000000
1855.824000 2672.416000 1781.296000 2341.216000 1.000000
1780.784000 1194.507200 1782.160000 846.216000 1.000000
1798.640000 1500.068800 1783.040000 1172.302400 1.000000
1744.368000 538.779200 1783.216000 59.626400 1.000000
1867.712000 2854.112000 1784.416000 2501.648000 1.000000
1767.840000 931.380800 1784.432000 519.144000 1.000000
1766.320000 890.382400 1785.072000 472.916800 1.000000
1799.984000 1481.264000 1786.432000 1155.318400 1.000000
1840.432000 2236.512000 1787.664000 1938.736000 1.000000
1764.560000 803.648000 1788.992000 372.244800 1.000000
1831.136000 2010.160000 1789.056000 1730.784000 1.000000
1783.408000 1123.604800 1789.136000 765.460800 1.000000
1784.832000 1141.056000 1789.968000 785.128000 1.000000
1862.800000 2596.416000 1791.168000 2276.912000 1.000000
1840.464000 2158.704000 1791.264000 1867.568000 1.000000
1862.768000 2611.488000 1791.392000 2290.224000 1.000000
1867.120000 2673.552000 1791.680000 2344.048000 1.000000
1767.968000 790.692800 1792.112000 360.024000 1.000000
1786.160000 1104.646400 1792.576000 745.342400 1.000000
1755.968000 541.169600 1792.720000 66.314880 1.000000
1767.264000 764.875200 1792.976000 329.608000 1.000000
1771.712000 816.748800 1794.624000 387.769600 1.000000
1818.736000 1700.832000 1795.856000 1375.268800 1.000000
1869.040000 2611.968000 1795.872000 2290.224000 1.000000
1778.032000 918.544000 1796.048000 506.350400 1.000000
1764.640000 642.561600 1796.096000 190.875200 1.000000
1855.152000 2358.448000 1796.368000 2055.408000 1.000000
1850.080000 2235.760000 1796.736000 1937.808000 1.000000
1836.320000 1938.976000 1797.856000 1657.344000 1.000000
1774.544000 804.041600 1798.336000 374.796800 1.000000
1826.176000 1791.376000 1798.400000 1472.628800 1.000000
1842.656000 2020.320000 1799.056000 1739.408000 1.000000
1874.624000 2652.624000 1799.248000 2324.896000 1.000000
1812.192000 1504.152000 1799.344000 1175.220800 1.000000
1849.520000 2181.648000 1799.648000 1887.648000 1.000000
1831.968000 1787.264000 1803.904000 1468.475200 1.000000
1826.608000 1716.448000 1804.224000 1393.417600 1.000000
1773.024000 655.939200 1804.688000 206.878400 1.000000
1799.488000 1107.273600 1805.744000 749.329600 1.000000
1801.040000 1132.398400 1807.504000 775.302400 1.000000
1868.976000 2409.456000 1807.504000 2105.328000 1.000000
1881.168000 2638.688000 1808.000000 2313.520000 1.000000
1859.488000 2209.920000 1809.632000 1913.456000 1.000000
1806.912000 1103.230400 1813.888000 744.796800 1.000000
1785.968000 727.833600 1814.528000 292.993600 1.000000
1818.112000 1272.428800 1814.720000 956.292800 1.000000
1857.616000 1996.416000 1816.416000 1715.792000 1.000000
1841.184000 1738.352000 1816.736000 1415.916800 1.000000
1891.200000 2603.360000 1818.128000 2283.168000 1.000000
1843.056000 1723.392000 1819.024000 1401.481600 1.000000
1841.840000 1711.776000 1819.408000 1387.668800 1.000000
1814.976000 1100.339200 1822.736000 741.083200 1.000000
1836.112000 1537.556800 1822.928000 1209.006400 1.000000
1872.112000 2140.176000 1822.928000 1850.576000 1.000000
1896.000000 2589.840000 1822.960000 2271.984000 1.000000
1898.928000 2633.008000 1824.496000 2308.912000 1.000000
1849.440000 1725.584000 1825.536000 1405.281600 1.000000
1802.816000 803.019200 1827.536000 373.192000 1.000000
1906.320000 2662.304000 1829.648000 2334.208000 1.000000
1882.016000 2200.752000 1830.336000 1907.456000 1.000000
1906.960000 2642.864000 1831.504000 2317.024000 1.000000
1881.808000 2182.064000 1833.568000 1891.232000 1.000000
1865.392000 1820.144000 1833.712000 1536.510400 1.000000
1825.184000 1103.958400 1833.872000 746.768000 1.000000
1884.400000 2161.120000 1834.592000 1871.200000 1.000000
1810.144000 829.710400 1835.856000 404.907200 1.000000
1897.920000 2243.136000 1844.080000 1945.600000 1.000000
1943.424000 2991.776000 1846.608000 2635.392000 1.000000
1835.984000 1088.291200 1847.808000 729.832000 1.000000
1853.328000 1299.616000 1848.736000 989.059200 1.000000
1900.176000 2144.912000 1850.544000 1856.624000 1.000000
1847.552000 1176.606400 1852.176000 828.310400 1.000000
1849.216000 1220.184000 1852.736000 880.105600 1.000000
1950.896000 3008.544000 1853.104000 2654.944000 1.000000
1854.752000 1268.708800 1853.136000 956.147200 1.000000
1904.176000 2157.952000 1853.440000 1869.120000 1.000000
1832.048000 903.702400 1854.352000 491.374400 1.000000
1868.496000 1544.584000 1855.120000 1217.628800 1.000000
1828.128000 822.448000 1855.680000 399.692800 1.000000
1829.440000 810.411200 1856.624000 385.232000 1.000000
1872.848000 1590.894400 1856.784000 1265.158400 1.000000
1878.528000 1694.912000 1857.200000 1373.712000 1.000000
1848.672000 1121.675200 1858.208000 768.488000 1.000000
1830.064000 733.545600 1858.480000 301.796800 1.000000
1861.984000 1290.268800 1859.072000 980.030400 1.000000
1912.816000 2184.976000 1860.896000 1892.544000 1.000000
1935.504000 2584.512000 1861.520000 2267.088000 1.000000
1865.408000 1304.038400 1861.568000 993.499200 1.000000
1941.712000 2647.568000 1863.664000 2325.424000 1.000000
1838.400000 855.288000 1864.000000 437.683200 1.000000
1853.984000 1094.534400 1864.080000 738.200000 1.000000
1854.672000 1133.235200 1864.640000 780.472000 1.000000
1876.032000 1497.035200 1864.720000 1170.171200 1.000000
1838.128000 811.971200 1865.296000 387.782400 1.000000
1834.736000 727.723200 1866.768000 295.326400 1.000000
1917.904000 2168.480000 1867.680000 1875.840000 1.000000
1836.960000 767.854400 1868.144000 339.406400 1.000000
1840.208000 804.008000 1868.240000 379.387200 1.000000
1892.272000 1708.016000 1868.928000 1387.702400 1.000000
1890.656000 1723.216000 1868.944000 1399.768000 1.000000
1920.784000 2185.248000 1869.040000 1896.368000 1.000000
1944.496000 2597.136000 1869.696000 2279.248000 1.000000
1851.952000 999.360000 1869.920000 604.185600 1.000000
1925.520000 2252.128000 1870.192000 1955.344000 1.000000
1844.992000 865.440000 1870.544000 451.028800 1.000000
1849.488000 960.688000 1871.376000 582.515200 1.000000
1862.672000 1103.937600 1871.760000 747.998400 1.000000
1950.128000 2696.032000 1872.656000 2363.696000 1.000000
1940.560000 2357.392000 1873.680000 2057.296000 1.000000
1886.016000 1490.979200 1875.040000 1166.782400 1.000000
1873.520000 1221.699200 1875.248000 883.464000 1.000000
1870.096000 1150.454400 1876.192000 797.948800 1.000000
1959.632000 2720.320000 1877.520000 2386.240000 1.000000
1930.864000 2194.624000 1878.688000 1901.536000 1.000000
1870.496000 1131.910400 1879.616000 780.411200 1.000000
1896.976000 1607.216000 1880.240000 1283.849600 1.000000
1872.976000 1112.480000 1883.824000 758.632000 1.000000
1851.280000 733.648000 1883.920000 302.032000 1.000000
1945.232000 2260.912000 1886.048000 1963.872000 1.000000
1985.360000 3001.136000 1886.256000 2648.016000 1.000000
1942.032000 2280.768000 1886.304000 1980.752000 1.000000
1964.544000 2652.592000 1886.560000 2326.896000 1.000000
1904.960000 1578.779200 1886.800000 1254.897600 1.000000
1943.792000 2227.744000 1888.128000 1933.952000 1.000000
1859.984000 832.180800 1888.272000 411.241600 1.000000
1919.712000 1828.528000 1889.408000 1550.465600 1.000000
1914.816000 1775.040000 1889.440000 1458.438400 1.000000
1943.904000 2203.904000 1890.208000 1913.504000 1.000000
1907.760000 1600.320000 1891.712000 1277.203200 1.000000
1968.272000 2596.480000 1892.416000 2277.824000 1.000000
1941.088000 2116.192000 1892.464000 1830.896000 1.000000
1860.688000 781.264000 1893.024000 353.654400 1.000000
1852.624000 583.403200 1896.016000 136.614880 1.000000
1865.392000 811.529600 1896.528000 388.292800 1.000000
1996.592000 2997.072000 1897.072000 2645.648000 1.000000
1887.840000 1200.590400 1897.456000 859.681600 1.000000
1929.792000 1825.296000 1897.760000 1547.251200 1.000000
1945.888000 2101.696000 1897.760000 1818.144000 1.000000
1947.072000 2111.568000 1898.672000 1828.128000 1.000000
1982.016000 2717.248000 1899.888000 2385.856000 1.000000
1956.880000 2315.360000 1900.496000 2018.992000 1.000000
2002.000000 2978.320000 1902.288000 2626.560000 1.000000
1895.536000 1187.216000 1902.720000 842.627200 1.000000
1906.320000 1319.888000 1903.456000 1011.502400 1.000000
1983.392000 2664.208000 1903.648000 2337.344000 1.000000
1986.144000 2705.552000 1904.240000 2374.880000 1.000000
1872.512000 803.656000 1904.528000 379.564800 1.000000
1908.240000 1338.489600 1904.736000 1031.057600 1.000000
1870.080000 724.464000 1905.696000 293.985600 1.000000
1958.432000 2161.888000 1906.608000 1874.752000 1.000000
1955.792000 2115.792000 1906.704000 1832.640000 1.000000
1955.264000 2098.032000 1907.136000 1815.328000 1.000000
1967.744000 2360.096000 1907.712000 2060.688000 1.000000
1910.000000 1308.948800 1908.016000 1001.366400 1.000000
1901.136000 1160.145600 1908.256000 811.382400 1.000000
1913.632000 1327.939200 1909.584000 1021.224000 1.000000
1889.088000 977.204800 1910.256000 576.931200 1.000000
1877.856000 785.067200 1910.656000 358.712000 1.000000
1996.064000 2748.880000 1910.704000 2415.024000 1.000000
1917.376000 1401.516800 1911.424000 1093.806400 1.000000
1883.392000 866.686400 1911.728000 454.499200 1.000000
1986.032000 2553.552000 1911.808000 2242.704000 1.000000
1987.248000 2539.600000 1912.624000 2229.680000 1.000000
1980.000000 2434.160000 1914.192000 2129.840000 1.000000
1880.960000 751.059200 1914.416000 324.174400 1.000000
1926.352000 1516.227200 1914.528000 1195.014400 1.000000
1894.720000 1003.491200 1914.864000 610.088000 1.000000
1884.560000 791.603200 1916.512000 369.289600 1.000000
1929.376000 1539.792000 1917.056000 1217.952000 1.000000
1925.104000 1361.433600 1918.672000 1054.507200 1.000000
1928.128000 1479.835200 1920.288000 1156.185600 1.000000
1931.888000 1503.486400 1921.968000 1179.979200 1.000000
1900.816000 994.939200 1922.192000 601.571200 1.000000
1925.008000 1316.008000 1923.248000 1008.897600 1.000000
1994.432000 2403.776000 1926.080000 2107.376000 1.000000
1889.872000 720.953600 1927.328000 287.419200 1.000000
1914.720000 1121.459200 1927.328000 769.555200 1.000000
1941.344000 1569.545600 1927.648000 1247.889600 1.000000
1977.312000 2094.656000 1928.384000 1812.992000 1.000000
1944.208000 1550.772800 1931.504000 1227.164800 1.000000
2031.600000 2977.904000 1931.808000 2626.672000 1.000000
1931.328000 1271.832000 1931.936000 962.604800 1.000000
2005.872000 2495.520000 1933.616000 2190.656000 1.000000
1952.368000 1666.864000 1933.760000 1346.441600 1.000000
1948.976000 1533.193600 1935.248000 1212.720000 1.000000
1959.200000 1699.920000 1937.024000 1382.689600 1.000000
1973.936000 1889.904000 1937.216000 1614.032000 1.000000
2026.160000 2737.648000 1938.224000 2404.640000 1.000000
1926.256000 1101.003200 1938.352000 745.684800 1.000000
1942.880000 1364.745600 1939.312000 1059.212800 1.000000
1926.416000 1110.950400 1939.600000 757.876800 1.000000
1948.800000 1497.142400 1939.616000 1174.270400 1.000000
1957.632000 1653.760000 1939.696000 1334.459200 1.000000
1886.512000 558.172800 1940.176000 115.736960 1.000000
1995.344000 2221.568000 1940.224000 1931.712000 1.000000
2031.744000 2812.048000 1940.592000 2471.584000 1.000000
1976.576000 1874.400000 1941.120000 1599.264000 1.000000
1992.304000 2101.200000 1943.056000 1818.848000 1.000000
1930.192000 1125.833600 1943.184000 773.880000 1.000000
1957.152000 1536.252800 1943.232000 1218.003200 1.000000
2018.672000 2513.456000 1945.392000 2206.864000 1.000000
1979.984000 1837.760000 1945.696000 1562.268800 1.000000
1957.552000 1507.585600 1947.120000 1186.952000 1.000000
1958.320000 1519.928000 1947.344000 1198.760000 1.000000
2008.704000 2306.176000 1947.344000 2009.216000 1.000000
1939.456000 1205.548800 1947.856000 866.379200 1.000000
1959.936000 1549.361600 1948.240000 1227.241600 1.000000
2010.624000 2294.912000 1949.872000 1998.528000 1.000000
2003.072000 2158.784000 1950.672000 1871.616000 1.000000
2009.760000 2271.136000 1951.040000 1976.784000 1.000000
1973.376000 1689.552000 1951.792000 1372.561600 1.000000
2024.208000 2479.408000 1951.920000 2175.216000 1.000000
2003.968000 2119.680000 1953.296000 1837.040000 1.000000
1919.264000 785.310400 1954.368000 361.566400 1.000000
1941.104000 1119.334400 1954.976000 769.003200 1.000000
2039.184000 2710.800000 1955.376000 2381.840000 1.000000
2001.440000 2039.248000 1955.648000 1761.344000 1.000000
2037.472000 2627.472000 1955.792000 2310.240000 1.000000
1954.096000 1271.532800 1956.416000 961.684800 1.000000
1981.888000 1768.608000 1956.464000 1455.862400 1.000000
1986.224000 1782.832000 1957.376000 1469.384000 1.000000
1944.208000 1114.996800 1957.792000 763.192000 1.000000
1994.272000 1887.248000 1958.096000 1613.920000 1.000000
1992.080000 1857.296000 1958.224000 1581.667200 1.000000
1991.200000 1843.568000 1958.752000 1569.148800 1.000000
2028.240000 2412.000000 1960.080000 2111.680000 1.000000
1952.656000 1202.788800 1962.112000 863.364800 1.000000
2056.592000 2848.560000 1962.208000 2503.200000 1.000000
1974.864000 1550.512000 1963.088000 1230.276800 1.000000
2040.304000 2533.696000 1964.768000 2225.408000 1.000000
2022.352000 2261.840000 1965.040000 1971.296000 1.000000
1969.984000 1390.342400 1965.200000 1084.769600 1.000000
2019.936000 2196.192000 1965.200000 1905.920000 1.000000
1963.968000 1271.766400 1965.552000 962.572800 1.000000
1977.712000 1534.723200 1966.368000 1213.937600 1.000000
1988.496000 1697.904000 1967.264000 1380.816000 1.000000
2021.456000 2175.680000 1968.064000 1888.240000 1.000000
2013.616000 1987.424000 1969.344000 1710.992000 1.000000
1992.416000 1738.432000 1970.032000 1422.340800 1.000000
2010.800000 1964.000000 1970.320000 1687.264000 1.000000
2016.448000 2021.888000 1971.392000 1747.136000 1.000000
1999.056000 1779.136000 1972.240000 1467.953600 1.000000
2006.736000 1848.480000 1972.592000 1574.387200 1.000000
2050.512000 2552.448000 1973.008000 2243.264000 1.000000
2068.800000 2859.120000 1973.152000 2513.120000 1.000000
2007.920000 1863.792000 1973.264000 1590.891200 1.000000
2067.520000 2824.960000 1975.072000 2484.432000 1.000000
1984.512000 1489.753600 1975.888000 1170.822400 1.000000
1999.664000 1727.760000 1976.560000 1412.803200 1.000000
2003.408000 1765.824000 1977.472000 1453.681600 1.000000
2050.800000 2487.536000 1977.712000 2183.872000 1.000000
1990.208000 1548.707200 1978.352000 1229.361600 1.000000
2045.760000 2394.144000 1978.480000 2095.264000 1.000000
2017.120000 1937.696000 1978.720000 1661.648000 1.000000
2026.512000 2060.832000 1979.056000 1783.456000 1.000000
1963.536000 1110.801600 1979.504000 759.252800 1.000000
2059.184000 2556.288000 1981.216000 2248.032000 1.000000
1990.784000 1496.057600 1982.192000 1177.332800 1.000000
2043.344000 2292.944000 1982.208000 1996.848000 1.000000
2056.320000 2519.280000 1982.224000 2211.136000 1.000000
2008.352000 1751.168000 1983.936000 1438.009600 1.000000
2051.520000 2373.136000 1984.656000 2072.864000 1.000000
2062.096000 2530.864000 1985.216000 2224.528000 1.000000
2038.384000 2134.544000 1986.544000 1851.664000 1.000000
2028.928000 1959.536000 1986.800000 1685.600000 1.000000
2055.120000 2385.920000 1987.696000 2087.040000 1.000000
2011.872000 1764.336000 1988.032000 1451.747200 1.000000
2031.792000 1992.832000 1988.048000 1718.640000 1.000000
1998.576000 1519.128000 1988.720000 1199.084800 1.000000
2060.544000 2460.176000 1989.472000 2158.064000 1.000000
2083.792000 2832.608000 1989.728000 2489.184000 1.000000
1976.032000 1084.006400 1990.384000 731.510400 1.000000
2037.392000 2039.600000 1990.416000 1766.016000 1.000000
2058.848000 2402.864000 1991.248000 2102.448000 1.000000
2056.080000 2377.216000 1991.344000 2079.088000 1.000000
1989.248000 1302.337600 1991.712000 997.481600 1.000000
2013.536000 1714.864000 1991.776000 1398.494400 1.000000
1999.168000 1475.702400 1992.128000 1156.713600 1.000000
2092.864000 2911.936000 1992.240000 2563.904000 1.000000
2067.776000 2499.680000 1992.768000 2195.472000 1.000000
2045.840000 2154.000000 1993.024000 1869.072000 1.000000
2089.248000 2864.560000 1993.056000 2518.912000 1.000000
2008.880000 1614.784000 1993.232000 1296.097600 1.000000
2041.952000 2077.904000 1993.312000 1801.568000 1.000000
2008.128000 1600.384000 1993.568000 1283.451200 1.000000
2016.048000 1741.088000 1993.760000 1427.579200 1.000000
2091.680000 2848.208000 1995.040000 2506.688000 1.000000
1980.800000 1119.140800 1995.472000 769.752000 1.000000
2037.104000 1967.216000 1995.888000 1690.624000 1.000000
2105.360000 3000.608000 1996.656000 2656.384000 1.000000
2064.992000 2404.224000 1997.376000 2107.232000 1.000000
2037.024000 1949.312000 1997.392000 1675.200000 1.000000
2062.032000 2332.656000 1998.128000 2036.096000 1.000000
1997.456000 1313.876800 1999.088000 1010.401600 1.000000
2066.208000 2355.792000 1999.680000 2057.536000 1.000000
2072.784000 2426.064000 2000.960000 2124.144000 1.000000
2013.056000 1548.371200 2001.184000 1231.011200 1.000000
2069.008000 2377.616000 2002.032000 2079.712000 1.000000
1990.928000 1202.035200 2002.160000 865.603200 1.000000
2091.760000 2748.688000 2002.160000 2415.600000 1.000000
2053.616000 2126.288000 2003.248000 1841.968000 1.000000
2028.736000 1756.112000 2003.952000 1443.712000 1.000000
2095.344000 2764.464000 2005.664000 2430.704000 1.000000
2078.400000 2468.112000 2005.904000 2166.368000 1.000000
2103.680000 2845.840000 2006.976000 2503.872000 1.000000
2021.520000 1585.798400 2008.208000 1269.116800 1.000000
2078.656000 2411.872000 2008.208000 2113.744000 1.000000
2070.416000 2323.008000 2008.320000 2028.128000 1.000000
2033.568000 1737.184000 2010.320000 1423.985600 1.000000
2076.064000 2312.096000 2010.960000 2015.344000 1.000000
1995.024000 1166.638400 2012.448000 821.134400 1.000000
2036.560000 1731.456000 2013.184000 1417.704000 1.000000
2021.664000 1513.876800 2013.632000 1197.372800 1.000000
2054.896000 1963.664000 2013.936000 1689.104000 1.000000
2020.496000 1474.708800 2014.384000 1156.016000 1.000000
2109.696000 2814.384000 2014.864000 2474.864000 1.000000
2091.024000 2521.264000 2015.712000 2213.504000 1.000000
2075.184000 2260.672000 2016.144000 1971.424000 1.000000
2062.928000 2023.536000 2018.176000 1748.016000 1.000000
2086.128000 2365.536000 2018.496000 2068.672000 1.000000
2069.136000 2096.000000 2019.520000 1816.256000 1.000000
2123.168000 2899.376000 2020.448000 2555.408000 1.000000
2119.600000 2859.456000 2020.944000 2516.448000 1.000000
2063.072000 1982.176000 2021.504000 1707.120000 1.000000
2074.064000 2123.856000 2021.968000 1842.464000 1.000000
2088.816000 2332.160000 2022.528000 2036.016000 1.000000
2092.112000 2393.168000 2023.232000 2096.592000 1.000000
2049.824000 1774.704000 2023.664000 1466.312000 1.000000
2021.376000 1270.566400 2023.952000 964.568000 1.000000
2070.256000 2030.528000 2024.880000 1755.808000 1.000000
2065.184000 1948.592000 2025.184000 1674.592000 1.000000
2091.888000 2357.776000 2025.440000 2060.848000 1.000000
2086.384000 2263.136000 2025.776000 1971.472000 1.000000
2076.880000 2072.096000 2027.824000 1795.952000 1.000000
2024.432000 1259.192000 2029.568000 952.166400 1.000000
2064.480000 1849.648000 2030.384000 1577.268800 1.000000
2026.784000 1280.236800 2031.040000 975.876800 1.000000
2104.992000 2425.648000 2032.704000 2128.176000 1.000000
2088.576000 2154.304000 2035.040000 1871.088000 1.000000
1998.976000 858.228800 2035.472000 451.667200 1.000000
2088.064000 2138.624000 2036.064000 1856.096000 1.000000
2034.720000 1283.953600 2039.120000 977.902400 1.000000
2080.336000 1953.856000 2039.328000 1682.608000 1.000000
2115.104000 2445.424000 2039.552000 2148.384000 1.000000
2134.704000 2775.856000 2040.544000 2441.840000 1.000000
2074.432000 1835.616000 2041.248000 1563.833600 1.000000
1995.936000 734.811200 2041.904000 315.726400 1.000000
2049.056000 1485.683200 2041.936000 1169.281600 1.000000
2108.752000 2334.272000 2043.376000 2038.784000 1.000000
2088.000000 2008.384000 2043.392000 1733.872000 1.000000
2037.920000 1263.600000 2044.192000 958.126400 1.000000
2092.896000 2083.056000 2044.336000 1805.024000 1.000000
2153.808000 2955.296000 2045.520000 2608.048000 1.000000
2100.816000 2209.712000 2045.840000 1923.536000 1.000000
2042.384000 1281.579200 2046.192000 977.222400 1.000000
2006.576000 818.985600 2046.400000 407.116800 1.000000
2095.856000 2045.168000 2047.696000 1769.024000 1.000000
2139.888000 2703.808000 2048.240000 2377.648000 1.000000
2126.208000 2512.832000 2048.544000 2209.728000 1.000000
2103.632000 2169.856000 2048.704000 1886.112000 1.000000
2091.456000 1964.288000 2049.664000 1689.904000 1.000000
2106.768000 2189.888000 2050.496000 1904.688000 1.000000
2095.328000 2013.504000 2051.088000 1740.336000 1.000000
2100.080000 2068.960000 2051.456000 1793.408000 1.000000
2127.952000 2502.336000 2051.712000 2198.368000 1.000000
2033.792000 1113.577600 2052.224000 766.608000 1.000000
2053.776000 1378.278400 2052.736000 1076.579200 1.000000
2159.792000 2941.632000 2053.424000 2596.928000 1.000000
2106.800000 2135.440000 2054.464000 1854.400000 1.000000
2120.192000 2316.448000 2055.824000 2021.216000 1.000000
2111.808000 2178.672000 2056.096000 1894.912000 1.000000
2110.912000 2159.472000 2056.320000 1876.720000 1.000000
2130.304000 2452.416000 2056.528000 2157.072000 1.000000
2090.960000 1863.680000 2057.136000 1590.683200 1.000000
1996.000000 528.096000 2058.096000 85.335200 1.000000
2102.208000 2001.536000 2058.368000 1730.336000 1.000000
2056.224000 1300.115200 2058.496000 997.427200 1.000000
2022.688000 878.824000 2059.392000 476.702400 1.000000
2163.408000 2905.456000 2060.064000 2563.376000 1.000000
2040.432000 1085.283200 2060.560000 734.273600 1.000000
2062.272000 1382.696000 2060.704000 1082.193600 1.000000
2110.288000 2076.080000 2061.104000 1800.000000 1.000000
2154.464000 2736.368000 2063.424000 2407.792000 1.000000
2117.568000 2145.776000 2064.608000 1863.808000 1.000000
2115.312000 2042.608000 2064.736000 1770.176000 1.000000
2045.552000 1107.753600 2065.184000 761.076800 1.000000
2144.864000 2513.360000 2065.616000 2211.712000 1.000000
2028.432000 859.606400 2065.680000 454.828800 1.000000
2143.088000 2491.616000 2066.192000 2188.624000 1.000000
2122.896000 2205.568000 2066.336000 1921.360000 1.000000
2098.832000 1829.072000 2066.880000 1557.784000 1.000000
2020.192000 738.670400 2067.904000 321.577600 1.000000
2176.592000 2923.808000 2068.016000 2579.648000 1.000000
2102.816000 1859.568000 2068.624000 1588.070400 1.000000
2105.648000 1877.664000 2069.088000 1607.232000 1.000000
2048.768000 1098.536000 2070.352000 750.963200 1.000000
2129.728000 2201.152000 2071.520000 1914.080000 1.000000
2137.728000 2314.096000 2072.256000 2019.440000 1.000000
2033.328000 849.614400 2072.512000 446.928000 1.000000
2157.376000 2604.160000 2072.784000 2291.760000 1.000000
2037.184000 872.030400 2073.440000 472.118400 1.000000
2184.912000 2951.472000 2074.464000 2606.928000 1.000000
2161.472000 2625.920000 2074.880000 2309.792000 1.000000
2020.512000 637.259200 2074.912000 210.129600 1.000000
2164.624000 2651.456000 2075.024000 2333.008000 1.000000
2110.016000 1833.856000 2075.344000 1562.772800 1.000000
2154.608000 2501.488000 2075.408000 2200.288000 1.000000
2056.064000 1090.689600 2076.736000 741.995200 1.000000
2161.952000 2561.792000 2078.064000 2255.936000 1.000000
2038.416000 834.097600 2078.144000 430.014400 1.000000
2026.960000 648.284800 2078.576000 223.844800 1.000000
2164.272000 2581.328000 2079.808000 2271.600000 1.000000
2081.968000 1406.192000 2080.080000 1103.913600 1.000000
2159.424000 2475.168000 2081.392000 2176.208000 1.000000
2030.880000 638.889600 2083.232000 213.118400 1.000000
2141.120000 2204.720000 2084.128000 1921.808000 1.000000
2134.160000 2082.000000 2084.384000 1804.832000 1.000000
2141.232000 2190.400000 2084.432000 1906.448000 1.000000
2025.952000 554.881600 2084.928000 111.584800 1.000000
2060.896000 1077.675200 2086.400000 728.604800 1.000000
2124.160000 1893.760000 2086.800000 1621.376000 1.000000
2171.680000 2590.096000 2087.104000 2279.216000 1.000000
2151.216000 2279.392000 2087.952000 1990.096000 1.000000
2178.128000 2661.664000 2088.000000 2342.848000 1.000000
2140.720000 2145.440000 2088.032000 1864.976000 1.000000
2149.408000 2254.656000 2088.048000 1966.512000 1.000000
2030.880000 540.884800 2088.320000 95.562080 1.000000
2140.864000 2107.328000 2088.560000 1830.240000 1.000000
2178.768000 2650.752000 2089.184000 2331.584000 1.000000
2170.336000 2522.656000 2089.936000 2221.184000 1.000000
2133.152000 1957.376000 2091.280000 1687.248000 1.000000
2169.888000 2458.080000 2091.856000 2162.400000 1.000000
2071.632000 1102.832000 2092.080000 756.910400 1.000000
2141.792000 2076.144000 2092.192000 1802.608000 1.000000
2126.544000 1803.136000 2094.688000 1531.451200 1.000000
2181.728000 2601.760000 2095.472000 2289.600000 1.000000
2149.344000 2132.016000 2095.664000 1852.704000 1.000000
2193.184000 2768.816000 2095.872000 2440.336000 1.000000
2142.912000 2033.200000 2096.528000 1759.664000 1.000000
2160.592000 2285.952000 2096.544000 1996.688000 1.000000
2190.640000 2710.592000 2097.360000 2387.184000 1.000000
2179.984000 2545.248000 2097.536000 2240.704000 1.000000
2151.904000 2152.416000 2097.568000 1871.520000 1.000000
2188.288000 2678.704000 2097.728000 2357.200000 1.000000
2189.760000 2696.128000 2097.920000 2373.616000 1.000000
2160.224000 2257.664000 2098.464000 1970.144000 1.000000
2163.472000 2314.976000 2098.608000 2023.152000 1.000000
2187.872000 2641.376000 2098.992000 2324.368000 1.000000
2157.024000 2172.112000 2100.896000 1889.840000 1.000000
2159.200000 2202.608000 2101.072000 1918.672000 1.000000
2133.648000 1816.960000 2101.488000 1546.742400 1.000000
2153.936000 2104.976000 2101.888000 1828.512000 1.000000
2190.080000 2611.216000 2102.832000 2298.720000 1.000000
2146.704000 1981.872000 2103.104000 1710.704000 1.000000
2043.632000 578.257600 2103.872000 139.685920 1.000000
2182.272000 2488.320000 2104.416000 2189.088000 1.000000
2195.024000 2653.536000 2105.440000 2334.528000 1.000000
2170.032000 2291.408000 2105.840000 2000.464000 1.000000
2189.088000 2551.136000 2105.856000 2245.792000 1.000000
2206.304000 2802.000000 2106.960000 2468.608000 1.000000
2142.816000 1873.344000 2107.008000 1605.072000 1.000000
2151.936000 2001.552000 2107.728000 1728.832000 1.000000
2201.200000 2703.744000 2107.936000 2381.456000 1.000000
2154.032000 2015.312000 2108.736000 1743.504000 1.000000
2191.728000 2564.416000 2108.768000 2256.896000 1.000000
2140.880000 1801.888000 2110.672000 1531.121600 1.000000
2195.104000 2529.456000 2113.280000 2226.720000 1.000000
2190.992000 2460.192000 2113.376000 2164.208000 1.000000
2191.824000 2477.216000 2113.616000 2179.216000 1.000000
2192.848000 2492.192000 2113.664000 2193.024000 1.000000
2194.928000 2510.880000 2114.064000 2210.080000 1.000000
2156.080000 1934.912000 2115.344000 1664.128000 1.000000
2160.224000 1993.728000 2115.920000 1724.704000 1.000000
2168.080000 2104.688000 2116.000000 1828.688000 1.000000
2208.960000 2655.296000 2117.664000 2336.928000 1.000000
2203.792000 2574.848000 2119.040000 2266.944000 1.000000
2207.664000 2620.256000 2119.088000 2306.064000 1.000000
2179.136000 2214.528000 2119.312000 1930.352000 1.000000
2207.504000 2592.448000 2120.592000 2281.456000 1.000000
2204.672000 2539.744000 2121.504000 2235.808000 1.000000
2151.792000 1801.280000 2122.096000 1530.707200 1.000000
2202.368000 2486.032000 2122.720000 2187.184000 1.000000
2168.048000 1997.488000 2122.912000 1726.672000 1.000000
2173.344000 2061.792000 2123.328000 1791.488000 1.000000
2234.560000 2913.712000 2123.968000 2573.040000 1.000000
2214.048000 2626.576000 2124.672000 2312.016000 1.000000
2066.512000 602.476800 2124.880000 175.984000 1.000000
2176.896000 2084.272000 2124.880000 1811.408000 1.000000
2174.704000 2058.944000 2125.280000 1786.032000 1.000000
2217.136000 2642.352000 2126.160000 2324.512000 1.000000
2199.392000 2399.648000 2126.352000 2107.232000 1.000000
2084.624000 801.648000 2127.488000 411.897600 1.000000
2216.576000 2593.104000 2129.296000 2281.872000 1.000000
2170.976000 1932.288000 2130.784000 1663.600000 1.000000
2187.552000 2145.776000 2131.888000 1867.712000 1.000000
2238.656000 2871.600000 2131.984000 2533.888000 1.000000
2183.776000 2099.008000 2133.920000 1824.000000 1.000000
2234.544000 2784.016000 2134.000000 2453.824000 1.000000
2147.568000 1611.504000 2134.976000 1291.518400 1.000000
2195.616000 2225.184000 2137.312000 1940.768000 1.000000
2222.048000 2541.904000 2137.728000 2237.616000 1.000000
2187.680000 2066.000000 2138.416000 1792.368000 1.000000
2228.528000 2578.912000 2141.584000 2270.816000 1.000000
2249.760000 2835.520000 2144.288000 2499.808000 1.000000
2200.384000 2140.336000 2144.480000 1863.552000 1.000000
2234.560000 2661.168000 2145.312000 2343.792000 1.000000
2229.072000 2495.216000 2146.432000 2196.112000 1.000000
2271.232000 3010.672000 2150.304000 2675.520000 1.000000
2161.232000 1572.744000 2150.736000 1253.081600 1.000000
2207.744000 2155.488000 2151.952000 1876.816000 1.000000
2237.488000 2528.576000 2155.088000 2227.296000 1.000000
2242.960000 2451.104000 2165.024000 2155.536000 1.000000
2246.256000 2438.928000 2168.192000 2144.080000 1.000000
2249.280000 2481.504000 2169.872000 2182.224000 1.000000
2132.592000 835.616000 2177.520000 455.254400 1.000000
2304.464000 2998.304000 2184.976000 2663.808000 1.000000
2298.704000 1252.489600 2268.080000 1404.668800 1.000000
2304.528000 1212.416000 2280.288000 1360.078400 1.000000
2284.896000 887.161600 2292.736000 931.144000 1.000000
2316.752000 1157.187200 2293.760000 1291.684800 1.000000
2294.368000 973.772800 2294.656000 1033.849600 1.000000
2290.656000 933.116800 2295.808000 990.500800 1.000000
2331.552000 1281.064000 2300.976000 1441.275200 1.000000
2293.312000 888.398400 2301.328000 934.806400 1.000000
2298.992000 953.544000 2301.968000 1017.454400 1.000000
2339.456000 1221.262400 2313.536000 1376.064000 1.000000
2333.360000 880.182400 2343.088000 932.192000 1.000000
2260.944000 465.368000 2344.880000 53.595200 1.000000
2339.296000 860.067200 2351.520000 908.654400 1.000000
2342.240000 888.409600 2352.272000 944.718400 1.000000
2314.096000 926.638400 2362.048000 957.096000 1.000000
2350.288000 849.771200 2365.168000 897.472000 1.000000
2372.464000 1137.862400 2366.048000 1277.971200 1.000000
2411.296000 1431.030400 2369.152000 1602.160000 1.000000
2358.272000 843.816000 2374.176000 892.414400 1.000000
2365.120000 844.680000 2381.088000 894.348800 1.000000
2431.072000 1428.590400 2390.368000 1600.752000 1.000000
2440.160000 1501.736000 2396.128000 1691.952000 1.000000
2378.688000 828.169600 2396.736000 876.534400 1.000000
2423.600000 1205.804800 2402.992000 1362.539200 1.000000
2453.472000 1442.721600 2410.480000 1619.888000 1.000000
2448.464000 1310.668800 2417.328000 1479.838400 1.000000
2413.168000 806.193600 2432.944000 859.076800 1.000000
2413.024000 820.288000 2433.888000 872.480000 1.000000
2427.488000 846.353600 2445.696000 911.492800 1.000000
2437.408000 888.180800 2451.744000 972.672000 1.000000
2426.608000 732.344000 2455.776000 770.056000 1.000000
2467.504000 1073.984000 2458.672000 1225.992000 1.000000
2493.872000 1367.707200 2459.152000 1550.049600 1.000000
2497.968000 1361.766400 2464.304000 1543.784000 1.000000
2550.672000 1661.760000 2488.576000 1866.592000 1.000000
2556.272000 1679.408000 2492.544000 1886.496000 1.000000
2503.920000 1120.280000 2492.592000 1284.067200 1.000000
2562.880000 1700.224000 2496.880000 1908.848000 1.000000
2510.560000 1108.876800 2501.136000 1270.062400 1.000000
2489.040000 909.425600 2502.416000 1012.528000 1.000000
2564.800000 1658.304000 2503.104000 1864.656000 1.000000
2496.160000 853.966400 2515.008000 938.027200 1.000000
2528.176000 1111.940800 2518.336000 1278.065600 1.000000
2531.648000 1080.952000 2524.416000 1240.364800 1.000000
2591.456000 1693.216000 2525.360000 1909.296000 1.000000
2504.704000 854.118400 2525.424000 939.009600 1.000000
2552.160000 1254.067200 2528.000000 1438.032000 1.000000
2555.904000 1099.520000 2537.040000 1210.899200 1.000000
2518.784000 834.964800 2540.896000 926.419200 1.000000
2597.360000 1582.500800 2542.080000 1798.400000 1.000000
2519.376000 807.208000 2542.848000 900.979200 1.000000
2550.960000 1093.472000 2544.272000 1257.449600 1.000000
2559.664000 1141.828800 2548.176000 1314.268800 1.000000
2618.784000 1699.248000 2552.240000 1921.408000 1.000000
2572.656000 1106.420800 2561.504000 1255.464000 1.000000
2580.080000 1211.804800 2561.888000 1395.971200 1.000000
2567.248000 1078.009600 2563.168000 1239.961600 1.000000
2553.120000 866.968000 2568.688000 961.774400 1.000000
2593.776000 1274.564800 2569.552000 1467.076800 1.000000
2605.024000 1381.539200 2570.416000 1586.801600 1.000000
2586.128000 1180.481600 2571.232000 1360.764800 1.000000
2569.120000 1001.974400 2573.968000 1144.172800 1.000000
2601.568000 1281.388800 2576.640000 1477.180800 1.000000
2605.808000 1319.496000 2576.896000 1517.995200 1.000000
2597.392000 1224.366400 2578.496000 1412.014400 1.000000
2604.432000 1260.153600 2581.824000 1453.625600 1.000000
2602.800000 1223.868800 2583.968000 1412.323200 1.000000
2614.320000 1325.768000 2584.864000 1526.766400 1.000000
2606.800000 1246.811200 2585.552000 1438.958400 1.000000
2622.688000 1355.904000 2590.656000 1561.132800 1.000000
2607.456000 1199.108800 2591.040000 1383.508800 1.000000
2620.928000 1316.601600 2592.944000 1517.486400 1.000000
2596.752000 1084.126400 2593.696000 1250.305600 1.000000
2638.704000 1468.187200 2594.432000 1685.808000 1.000000
2619.024000 1276.481600 2595.200000 1473.203200 1.000000
2654.912000 1620.800000 2595.936000 1848.256000 1.000000
2616.560000 1213.028800 2599.616000 1400.584000 1.000000
2631.648000 1354.219200 2599.968000 1559.852800 1.000000
2646.304000 1485.539200 2601.280000 1702.096000 1.000000
2632.336000 1293.740800 2606.992000 1494.043200 1.000000
2654.512000 1360.721600 2607.344000 1593.644800 1.000000
2672.976000 1682.992000 2607.808000 1915.088000 1.000000
2659.840000 1549.760000 2608.048000 1772.720000 1.000000
2636.944000 1311.281600 2609.600000 1513.864000 1.000000
2618.816000 1143.937600 2609.664000 1321.563200 1.000000
2677.520000 1602.320000 2622.272000 1834.608000 1.000000
2652.640000 1308.851200 2626.416000 1513.083200 1.000000
2691.456000 1677.760000 2626.960000 1913.072000 1.000000
2694.528000 1690.304000 2628.416000 1925.808000 1.000000
2691.648000 1667.424000 2628.480000 1902.928000 1.000000
2679.312000 1537.694400 2629.536000 1764.224000 1.000000
2688.688000 1569.865600 2635.136000 1797.600000 1.000000
2698.784000 1672.976000 2635.296000 1908.944000 1.000000
2690.928000 1533.499200 2637.760000 1739.072000 1.000000
2686.960000 1464.649600 2644.864000 1687.376000 1.000000
2696.928000 1545.974400 2646.080000 1774.864000 1.000000
2719.232000 1694.592000 2649.552000 1934.416000 1.000000
2699.344000 1523.459200 2650.720000 1751.824000 1.000000
2710.576000 1565.139200 2658.272000 1796.432000 1.000000
2708.976000 1521.516800 2660.688000 1749.920000 1.000000
2721.456000 1626.128000 2662.288000 1862.656000 1.000000
2718.816000 1593.667200 2662.336000 1828.080000 1.000000
2726.768000 1629.136000 2667.216000 1867.152000 1.000000
2729.728000 1654.432000 2667.664000 1895.168000 1.000000
2730.064000 1622.720000 2671.600000 1860.400000 1.000000
2735.584000 1657.520000 2672.992000 1899.584000 1.000000
2725.776000 1558.691200 2673.968000 1792.080000 1.000000
2732.192000 1601.808000 2675.472000 1838.048000 1.000000
2732.096000 1612.256000 2675.744000 1849.872000 1.000000
2739.456000 1662.832000 2676.320000 1905.232000 1.000000
2730.512000 1569.448000 2677.696000 1803.744000 1.000000
2727.568000 1545.960000 2678.544000 1776.480000 1.000000
2737.408000 1620.688000 2678.992000 1858.928000 1.000000
2743.056000 1655.120000 2680.400000 1897.520000 1.000000
2737.312000 1589.276800 2682.064000 1824.928000 1.000000
2747.936000 1665.920000 2684.560000 1910.112000 1.000000
2743.216000 1618.320000 2684.720000 1857.200000 1.000000
2749.552000 1652.480000 2687.120000 1895.824000 1.000000
2748.416000 1615.360000 2690.864000 1855.280000 1.000000
2748.656000 1602.272000 2692.304000 1840.944000 1.000000
2728.576000 1331.572800 2697.360000 1500.833600 1.000000
2763.472000 1653.888000 2701.344000 1899.456000 1.000000
2758.624000 1593.172800 2703.840000 1832.608000 1.000000
2755.056000 1539.536000 2705.072000 1774.784000 1.000000
2806.304000 1657.136000 2743.872000 1910.064000 1.000000
3598.128000 1554.832000 3540.368000 2029.760000 1.000000
3607.648000 1559.595200 3549.168000 2034.880000 1.000000
3660.320000 1669.008000 3584.176000 2154.016000 1.000000
3683.248000 1704.336000 3603.024000 2193.056000 1.000000
3688.256000 1697.072000 3608.176000 2184.640000 1.000000
3700.784000 1704.688000 3618.736000 2196.160000 1.000000
