125.376960 1041.680000 146.431520 2800.064000 1.000000
90.350400 761.265600 174.068800 2516.000000 1.000000
125.685440 855.537600 189.465600 2610.528000 1.000000
119.160000 721.208000 218.315200 2467.776000 1.000000
131.137600 766.976000 218.801600 2521.360000 1.000000
152.775840 852.910400 223.617600 2610.960000 1.000000
142.337760 765.841600 229.180800 2518.896000 1.000000
81.443200 280.113600 272.126400 2138.592000 1.000000
251.921600 1038.684800 277.600000 2794.400000 1.000000
186.684800 748.816000 278.616000 2497.664000 1.000000
206.856000 760.425600 296.702400 2505.232000 1.000000
117.502400 279.340800 299.936000 2137.520000 1.000000
97.508160 78.071840 323.492800 1996.544000 1.000000
148.804960 314.630400 324.558400 2158.608000 1.000000
357.041600 1309.756800 345.371200 2969.936000 1.000000
156.918560 97.777600 371.641600 2005.200000 1.000000
192.769600 277.779200 374.784000 2129.104000 1.000000
203.244800 115.811040 409.414400 2011.568000 1.000000
263.856000 387.300800 421.624000 2207.440000 1.000000
369.875200 775.489600 451.384000 2547.632000 1.000000
301.777600 395.036800 454.644800 2211.408000 1.000000
355.152000 660.211200 462.472000 2438.960000 1.000000
469.926400 1296.339200 470.852800 2949.728000 1.000000
413.952000 864.211200 479.380800 2641.616000 1.000000
383.688000 702.371200 480.417600 2481.008000 1.000000
426.572800 866.830400 490.040000 2642.208000 1.000000
311.865600 254.195200 491.358400 2101.936000 1.000000
361.185600 369.683200 518.049600 2184.512000 1.000000
379.736000 407.848000 528.137600 2216.448000 1.000000
490.832000 764.027200 577.083200 2520.880000 1.000000
493.036800 711.947200 593.716800 2481.648000 1.000000
471.467200 398.593600 618.544000 2198.752000 1.000000
488.232000 368.473600 639.705600 2169.776000 1.000000
475.118400 262.089600 641.222400 2093.312000 1.000000
489.416000 207.329600 662.745600 2051.840000 1.000000
569.395200 699.492800 666.924800 2456.816000 1.000000
586.771200 412.132800 728.104000 2197.200000 1.000000
699.504000 961.747200 759.067200 2705.632000 1.000000
621.000000 391.550400 764.560000 2172.176000 1.000000
624.499200 320.406400 775.556800 2120.928000 1.000000
591.208000 66.318720 777.868800 1923.904000 1.000000
640.083200 412.556800 780.166400 2192.656000 1.000000
702.526400 719.278400 795.636800 2465.232000 1.000000
746.118400 856.601600 822.964800 2601.536000 1.000000
807.187200 970.699200 869.102400 2700.016000 1.000000
709.414400 187.974400 870.092800 2021.024000 1.000000
820.756800 959.427200 886.361600 2683.040000 1.000000
739.708800 270.251200 892.126400 2072.912000 1.000000
775.876800 400.769600 910.454400 2166.128000 1.000000
763.140800 288.689600 910.587200 2086.784000 1.000000
764.168000 257.897600 915.531200 2062.976000 1.000000
773.401600 195.875200 929.232000 2019.344000 1.000000
779.558400 216.392000 935.209600 2033.872000 1.000000
857.715200 862.188800 936.160000 2591.168000 1.000000
772.660800 59.611680 940.179200 1894.928000 1.000000
952.697600 1296.580800 1005.924800 2911.184000 1.000000
954.283200 935.648000 1032.608000 2641.696000 1.000000
907.076800 275.833600 1035.606400 2063.536000 1.000000
978.156800 999.864000 1050.361600 2704.352000 1.000000
942.155200 575.854400 1055.209600 2296.496000 1.000000
986.081600 1005.219200 1057.644800 2710.112000 1.000000
917.336000 125.652800 1066.588800 1938.128000 1.000000
923.180800 133.874560 1070.235200 1947.776000 1.000000
965.075200 380.937600 1091.809600 2134.880000 1.000000
972.592000 249.176000 1106.758400 2037.776000 1.000000
1027.896000 926.691200 1108.280000 2626.112000 1.000000
1023.900800 416.476800 1144.142400 2155.840000 1.000000
1050.404800 423.220800 1169.268800 2156.752000 1.000000
1071.571200 379.340800 1190.163200 2121.360000 1.000000
1057.729600 165.304000 1190.700800 1961.216000 1.000000
1102.664000 838.273600 1191.225600 2531.312000 1.000000
1103.715200 841.766400 1193.206400 2534.544000 1.000000
1075.718400 361.403200 1197.033600 2107.648000 1.000000
1113.292800 967.208000 1199.740800 2658.176000 1.000000
1091.204800 411.584000 1208.560000 2143.392000 1.000000
1093.523200 397.268800 1208.947200 2132.976000 1.000000
1087.371200 172.080000 1217.686400 1963.168000 1.000000
1103.214400 418.752000 1219.075200 2148.032000 1.000000
1086.560000 44.813120 1222.870400 1843.488000 1.000000
1108.412800 319.504000 1232.160000 2076.800000 1.000000
1116.478400 388.190400 1235.084800 2123.952000 1.000000
1163.974400 730.108800 1262.468800 2413.424000 1.000000
1164.732800 404.878400 1274.292800 2131.968000 1.000000
1163.540800 419.417600 1275.742400 2143.680000 1.000000
1171.796800 365.420800 1285.209600 2102.064000 1.000000
1166.840000 260.806400 1285.780800 2028.544000 1.000000
1176.673600 422.643200 1289.270400 2144.272000 1.000000
1184.865600 411.929600 1295.792000 2134.608000 1.000000
1190.990400 372.760000 1303.627200 2105.760000 1.000000
1211.651200 415.822400 1321.227200 2134.896000 1.000000
1204.819200 67.208960 1327.524800 1849.152000 1.000000
1228.289600 412.715200 1337.152000 2129.840000 1.000000
1222.491200 123.054720 1341.067200 1897.056000 1.000000
1222.080000 90.311200 1341.862400 1868.992000 1.000000
1238.867200 393.537600 1346.048000 2116.304000 1.000000
1246.260800 78.256800 1364.097600 1856.112000 1.000000
1252.956800 167.172800 1366.262400 1934.928000 1.000000
1261.190400 257.860800 1371.707200 2016.768000 1.000000
1260.291200 176.745600 1371.888000 1943.552000 1.000000
1264.689600 101.114880 1379.160000 1872.624000 1.000000
1273.971200 86.841280 1386.766400 1857.344000 1.000000
1284.196800 340.950400 1389.848000 2072.480000 1.000000
1283.856000 285.041600 1390.846400 2034.336000 1.000000
1282.870400 74.963680 1396.600000 1845.584000 1.000000
1320.816000 679.019200 1416.251200 2390.112000 1.000000
1310.075200 108.284160 1417.953600 1872.448000 1.000000
1320.273600 317.252800 1419.779200 2053.664000 1.000000
1321.996800 130.406720 1427.360000 1891.904000 1.000000
1318.744000 59.165440 1428.188800 1827.984000 1.000000
1323.841600 266.376000 1428.979200 2016.112000 1.000000
1328.435200 149.179200 1434.947200 1907.920000 1.000000
1349.844800 698.286400 1447.062400 2410.000000 1.000000
1361.467200 293.924800 1464.168000 2033.456000 1.000000
1364.692800 271.140800 1464.401600 2016.064000 1.000000
1375.169600 353.902400 1474.145600 2075.280000 1.000000
1384.708800 882.964800 1475.556800 2594.624000 1.000000
1385.376000 890.473600 1477.710400 2602.256000 1.000000
1403.451200 960.486400 1498.145600 2662.992000 1.000000
1403.246400 259.742400 1499.150400 2003.600000 1.000000
1412.076800 407.043200 1509.531200 2109.056000 1.000000
1422.771200 392.640000 1517.513600 2096.080000 1.000000
1429.027200 286.534400 1523.280000 2021.136000 1.000000
1432.104000 356.147200 1529.107200 2070.592000 1.000000
1441.355200 374.374400 1535.641600 2081.056000 1.000000
1448.761600 119.932480 1542.504000 1866.336000 1.000000
1453.321600 265.188800 1544.795200 2002.992000 1.000000
1460.315200 102.901920 1550.920000 1850.624000 1.000000
1458.835200 303.769600 1551.795200 2031.488000 1.000000
1459.870400 290.203200 1554.091200 2021.680000 1.000000
1466.236800 406.684800 1558.532800 2103.968000 1.000000
1467.785600 352.155200 1560.292800 2063.376000 1.000000
1471.809600 396.036800 1564.374400 2094.592000 1.000000
1484.969600 370.878400 1574.665600 2075.408000 1.000000
1486.745600 342.675200 1577.643200 2054.384000 1.000000
1481.563200 876.848000 1583.550400 2578.944000 1.000000
1499.408000 29.876480 1585.004800 1781.680000 1.000000
1506.244800 29.849920 1590.536000 1781.952000 1.000000
1521.760000 33.927200 1603.760000 1784.496000 1.000000
1595.574400 250.980800 1674.400000 1970.704000 1.000000
1685.232000 268.140800 1753.392000 1978.032000 1.000000
1684.768000 296.545600 1757.056000 2004.592000 1.000000
1717.984000 322.275200 1787.376000 2024.928000 1.000000
1736.928000 733.372800 1836.368000 2397.184000 1.000000
1783.056000 448.340800 1856.832000 2120.992000 1.000000
1747.360000 937.044800 1861.536000 2609.376000 1.000000
1757.600000 826.230400 1862.304000 2500.928000 1.000000
1767.264000 764.875200 1866.336000 2431.296000 1.000000
1774.544000 804.041600 1877.904000 2471.216000 1.000000
1838.528000 90.396960 1880.752000 1795.376000 1.000000
1785.968000 727.833600 1882.384000 2384.032000 1.000000
1769.952000 903.952000 1882.896000 2567.136000 1.000000
1767.840000 931.380800 1882.992000 2598.848000 1.000000
1781.152000 809.881600 1884.192000 2477.824000 1.000000
1851.856000 133.537920 1893.984000 1831.456000 1.000000
1794.112000 837.387200 1900.960000 2504.432000 1.000000
1802.816000 803.019200 1902.256000 2466.368000 1.000000
1744.032000 1284.944000 1903.712000 2831.120000 1.000000
1875.344000 100.923040 1913.824000 1798.688000 1.000000
1810.144000 829.710400 1916.528000 2494.288000 1.000000
1886.416000 129.193760 1924.768000 1821.920000 1.000000
1762.848000 1296.796800 1926.192000 2841.984000 1.000000
1834.736000 727.723200 1927.504000 2375.568000 1.000000
1829.440000 810.411200 1933.904000 2470.880000 1.000000
1760.592000 1409.116800 1935.952000 2994.672000 1.000000
1836.960000 767.854400 1937.328000 2422.912000 1.000000
1904.112000 167.764800 1945.616000 1854.192000 1.000000
1851.280000 733.648000 1948.944000 2383.824000 1.000000
1837.440000 907.876800 1952.560000 2560.256000 1.000000
1866.784000 637.552000 1953.184000 2300.944000 1.000000
1912.384000 200.219200 1953.520000 1882.560000 1.000000
1860.688000 781.264000 1962.624000 2435.952000 1.000000
1870.080000 724.464000 1966.432000 2373.504000 1.000000
1859.984000 832.180800 1967.728000 2487.712000 1.000000
1876.576000 744.057600 1970.368000 2392.224000 1.000000
1804.432000 1277.691200 1971.840000 2817.216000 1.000000
1953.984000 57.862720 1982.288000 1750.464000 1.000000
1884.560000 791.603200 1987.856000 2441.888000 1.000000
1899.136000 730.203200 1994.432000 2368.976000 1.000000
1889.584000 844.870400 1999.504000 2491.792000 1.000000
1891.664000 872.152000 2005.904000 2517.936000 1.000000
1881.184000 941.824000 2012.512000 2618.800000 1.000000
1919.264000 785.310400 2021.152000 2431.920000 1.000000
1846.336000 1297.232000 2023.008000 2835.696000 1.000000
1995.920000 278.726400 2037.104000 1948.256000 1.000000
2038.480000 231.648000 2070.656000 1897.072000 1.000000
2051.680000 245.606400 2085.632000 1905.280000 1.000000
1910.000000 1308.948800 2095.296000 2844.096000 1.000000
1908.240000 1338.489600 2099.568000 2883.872000 1.000000
2025.952000 554.881600 2099.728000 2182.160000 1.000000
2030.880000 540.884800 2102.336000 2167.456000 1.000000
1909.536000 1352.432000 2103.568000 2900.768000 1.000000
2108.512000 37.157760 2108.336000 1723.168000 1.000000
1998.976000 858.228800 2114.848000 2489.472000 1.000000
2020.192000 738.670400 2118.544000 2366.608000 1.000000
2043.632000 578.257600 2118.592000 2199.904000 1.000000
2125.360000 50.177120 2124.016000 1730.688000 1.000000
1971.072000 1147.678400 2134.720000 2730.928000 1.000000
1932.352000 1391.840000 2135.072000 2955.856000 1.000000
1980.800000 1119.140800 2140.096000 2702.928000 1.000000
2022.688000 878.824000 2143.536000 2506.064000 1.000000
2028.432000 859.606400 2144.576000 2481.984000 1.000000
1969.984000 1390.342400 2179.296000 2952.912000 1.000000
2099.792000 651.240000 2184.272000 2255.120000 1.000000
1989.248000 1302.337600 2187.872000 2827.760000 1.000000
2008.960000 1288.206400 2209.008000 2807.504000 1.000000
2014.368000 1305.054400 2216.880000 2829.200000 1.000000
2034.720000 1283.953600 2237.072000 2804.736000 1.000000
3171.408000 1785.584000 3082.784000 963.216000 1.000000
