138.393760 2305.040000 108.346080 2876.112000 1.000000
181.934400 2345.824000 149.721600 2920.400000 1.000000
183.500800 2305.552000 156.744480 2879.008000 1.000000
191.926400 2335.584000 161.712000 2911.152000 1.000000
185.960000 2257.360000 165.110400 2822.624000 1.000000
201.348800 2329.920000 171.707200 2903.856000 1.000000
197.708800 2236.256000 179.769600 2797.792000 1.000000
35.810560 760.336000 198.880000 1414.152000 1.000000
37.494240 743.678400 201.920000 1400.038400 1.000000
36.765120 737.209600 202.027200 1393.953600 1.000000
67.164960 944.588800 205.473600 1591.267200 1.000000
45.894720 743.064000 210.508800 1398.241600 1.000000
50.332960 765.006400 211.710400 1418.379200 1.000000
50.273280 748.283200 213.832000 1403.364800 1.000000
116.749600 1317.420800 214.563200 1874.192000 1.000000
60.208960 767.992000 220.363200 1420.656000 1.000000
62.087520 752.420800 225.449600 1407.524800 1.000000
106.105280 1055.131200 229.960000 1670.384000 1.000000
72.904320 775.902400 231.932800 1429.731200 1.000000
71.813280 727.568000 236.448000 1384.273600 1.000000
266.518400 2380.064000 236.736000 2955.248000 1.000000
111.966080 1043.028800 237.313600 1657.936000 1.000000
82.174240 760.817600 239.524800 1415.180800 1.000000
118.543040 1032.028800 246.320000 1649.088000 1.000000
123.082240 1054.585600 246.689600 1670.448000 1.000000
87.579040 748.118400 248.488000 1402.993600 1.000000
96.394080 849.846400 249.014400 1498.878400 1.000000
97.463680 810.220800 251.796800 1461.952000 1.000000
49.911040 378.664000 253.070400 1111.283200 1.000000
44.237120 303.688000 255.089600 1052.644800 1.000000
292.337600 2433.232000 255.843200 3011.568000 1.000000
40.814080 229.358400 259.172800 994.651200 1.000000
99.336800 729.603200 263.544000 1384.081600 1.000000
295.227200 2371.968000 265.483200 2948.352000 1.000000
116.572160 790.747200 270.217600 1446.940800 1.000000
304.025600 2398.784000 272.598400 2975.728000 1.000000
54.711520 203.912000 272.928000 975.459200 1.000000
287.185600 2156.192000 279.059200 2708.288000 1.000000
47.651680 96.432960 279.646400 893.280000 1.000000
160.960000 1061.184000 282.694400 1672.368000 1.000000
69.345760 230.998400 283.144000 994.912000 1.000000
55.218560 116.628000 283.252800 910.076800 1.000000
131.137600 766.976000 287.307200 1422.072000 1.000000
131.880960 761.694400 288.361600 1417.209600 1.000000
170.123200 1079.891200 289.643200 1691.632000 1.000000
300.129600 2188.032000 292.475200 2743.376000 1.000000
321.516800 2376.064000 292.616000 2953.040000 1.000000
129.952160 686.734400 292.990400 1344.649600 1.000000
142.337760 765.841600 297.905600 1420.851200 1.000000
74.253600 112.304640 297.908800 904.267200 1.000000
74.330720 180.416000 298.267200 955.070400 1.000000
179.600000 1061.254400 300.968000 1672.592000 1.000000
79.861600 142.792800 301.499200 928.104000 1.000000
331.584000 2396.256000 302.864000 2972.816000 1.000000
143.575360 706.782400 306.006400 1364.259200 1.000000
103.097120 271.318400 310.619200 1026.443200 1.000000
192.132800 1056.403200 314.340800 1668.176000 1.000000
96.173440 109.463840 318.857600 903.043200 1.000000
90.752320 66.762880 319.606400 870.110400 1.000000
345.931200 2356.960000 320.224000 2931.584000 1.000000
100.029920 140.863680 321.889600 926.521600 1.000000
105.529600 164.027200 322.396800 945.089600 1.000000
205.532800 1076.417600 322.697600 1688.240000 1.000000
180.252800 839.072000 324.441600 1493.742400 1.000000
117.502400 279.340800 325.126400 1032.134400 1.000000
345.732800 2296.800000 326.971200 2865.440000 1.000000
123.151200 287.601600 328.361600 1038.720000 1.000000
134.005920 357.798400 332.216000 1093.422400 1.000000
129.348960 292.958400 333.851200 1042.382400 1.000000
355.272000 2326.752000 334.254400 2900.144000 1.000000
125.819520 204.051200 337.748800 974.388800 1.000000
202.843200 806.236800 342.694400 1460.318400 1.000000
148.601280 351.036800 343.987200 1086.777600 1.000000
148.804960 314.630400 347.563200 1058.112000 1.000000
381.825600 2427.856000 351.740800 3006.800000 1.000000
323.766400 1818.640000 351.940800 2413.088000 1.000000
163.825600 392.595200 355.094400 1123.969600 1.000000
154.373440 283.859200 355.204800 1035.115200 1.000000
133.107360 85.850880 355.960000 884.624000 1.000000
382.088000 2373.744000 357.809600 2950.912000 1.000000
157.169600 275.105600 358.828800 1028.787200 1.000000
140.859840 108.750720 360.691200 901.540800 1.000000
142.713920 145.278880 361.025600 929.107200 1.000000
158.147680 248.374400 363.838400 1007.817600 1.000000
144.058880 87.273120 365.267200 886.048000 1.000000
158.835360 235.006400 365.764800 998.331200 1.000000
214.396800 766.190400 365.916800 1419.169600 1.000000
166.649600 299.724800 368.099200 1048.430400 1.000000
337.473600 1804.720000 369.065600 2399.872000 1.000000
173.531200 321.342400 370.483200 1064.334400 1.000000
170.686400 268.628800 373.024000 1023.369600 1.000000
156.918560 97.777600 373.740800 892.952000 1.000000
176.931200 243.363200 379.339200 1003.683200 1.000000
180.953600 272.988800 380.624000 1026.492800 1.000000
179.449600 262.156800 381.022400 1017.875200 1.000000
264.494400 1070.073600 381.252800 1683.376000 1.000000
261.891200 1047.998400 381.440000 1664.192000 1.000000
407.464000 2374.752000 384.160000 2952.176000 1.000000
266.057600 1053.739200 384.747200 1668.800000 1.000000
269.608000 1071.744000 385.678400 1684.672000 1.000000
407.680000 2339.552000 386.180800 2913.952000 1.000000
292.510400 1308.000000 386.518400 1863.296000 1.000000
189.784000 299.656000 386.996800 1047.006400 1.000000
174.595200 149.566080 388.476800 932.825600 1.000000
178.033600 161.916800 388.987200 941.990400 1.000000
418.926400 2418.592000 391.228800 2997.104000 1.000000
192.769600 277.779200 392.140800 1030.441600 1.000000
274.808000 1056.547200 392.681600 1670.448000 1.000000
198.396800 290.310400 395.966400 1039.860800 1.000000
214.713600 409.715200 398.878400 1140.649600 1.000000
425.499200 2395.872000 400.704000 2974.272000 1.000000
206.443200 301.587200 402.304000 1047.900800 1.000000
428.160000 2336.944000 410.961600 2910.256000 1.000000
429.475200 2343.952000 411.008000 2919.184000 1.000000
294.368000 1061.056000 411.883200 1674.816000 1.000000
204.054400 171.483200 412.689600 947.846400 1.000000
264.908800 775.862400 412.862400 1427.555200 1.000000
254.792000 707.489600 415.336000 1390.345600 1.000000
332.606400 1382.508800 415.555200 1938.896000 1.000000
222.568000 304.105600 416.001600 1049.275200 1.000000
436.772800 2352.896000 416.200000 2928.800000 1.000000
203.244800 115.811040 416.212800 905.579200 1.000000
229.750400 332.054400 418.904000 1072.715200 1.000000
217.680000 215.484800 418.931200 979.518400 1.000000
300.476800 1009.820800 422.755200 1627.312000 1.000000
216.105600 166.507200 422.760000 945.118400 1.000000
224.297600 234.281600 424.334400 995.208000 1.000000
215.304000 132.994080 424.377600 919.232000 1.000000
339.260800 1360.721600 424.478400 1916.128000 1.000000
339.377600 1366.515200 424.576000 1921.888000 1.000000
221.696000 178.267200 426.254400 953.576000 1.000000
334.072000 1301.392000 427.363200 1857.072000 1.000000
221.377600 157.340640 428.009600 937.150400 1.000000
345.043200 1376.142400 428.950400 1932.672000 1.000000
403.233600 1845.376000 429.209600 2438.624000 1.000000
339.881600 1311.224000 431.619200 1866.224000 1.000000
346.120000 1361.417600 432.001600 1916.560000 1.000000
349.022400 1378.868800 432.758400 1934.752000 1.000000
231.088000 193.702400 433.238400 964.820800 1.000000
227.945600 142.751360 436.816000 925.641600 1.000000
346.065600 1297.635200 438.979200 1852.752000 1.000000
361.432000 1376.601600 445.329600 1932.160000 1.000000
235.646400 86.412640 446.707200 885.486400 1.000000
352.337600 1285.328000 447.288000 1842.560000 1.000000
260.059200 336.571200 448.899200 1075.187200 1.000000
364.035200 1338.296000 451.913600 1891.968000 1.000000
260.470400 248.336000 457.334400 1007.417600 1.000000
246.454400 72.889600 458.819200 870.755200 1.000000
362.350400 1265.321600 459.153600 1826.048000 1.000000
266.056000 269.804800 459.171200 1023.097600 1.000000
342.515200 1036.993600 459.248000 1650.960000 1.000000
371.148800 1307.249600 463.064000 1862.464000 1.000000
372.787200 1298.800000 465.491200 1854.352000 1.000000
269.988800 234.540800 465.916800 996.260800 1.000000
371.060800 1285.185600 466.019200 1843.296000 1.000000
356.611200 1079.502400 468.510400 1690.288000 1.000000
290.808000 404.852800 469.720000 1131.216000 1.000000
285.481600 334.793600 470.926400 1075.044800 1.000000
286.592000 351.192000 471.795200 1086.502400 1.000000
291.057600 338.076800 475.720000 1075.297600 1.000000
300.139200 404.681600 478.440000 1131.048000 1.000000
331.753600 643.219200 485.216000 1326.472000 1.000000
373.544000 1057.180800 489.548800 1669.312000 1.000000
298.228800 239.451200 491.433600 998.913600 1.000000
401.428800 1277.734400 495.321600 1835.952000 1.000000
415.761600 1372.217600 497.656000 1926.880000 1.000000
311.865600 254.195200 500.419200 1010.936000 1.000000
320.790400 377.920000 501.108800 1107.054400 1.000000
323.326400 399.784000 501.118400 1126.571200 1.000000
422.401600 1389.854400 503.118400 1945.776000 1.000000
314.136000 244.481600 503.936000 1003.062400 1.000000
350.438400 606.497600 506.568000 1298.440000 1.000000
427.742400 1381.412800 509.782400 1934.640000 1.000000
369.875200 775.489600 509.804800 1446.686400 1.000000
319.763200 217.056000 511.777600 980.488000 1.000000
430.785600 1362.702400 514.968000 1917.760000 1.000000
341.304000 388.673600 517.891200 1116.430400 1.000000
308.366400 24.403680 518.568000 825.088000 1.000000
431.736000 1307.592000 521.492800 1861.616000 1.000000
397.115200 856.764800 528.456000 1520.777600 1.000000
438.283200 1297.548800 528.897600 1852.608000 1.000000
390.952000 773.705600 529.286400 1443.070400 1.000000
440.392000 1302.406400 529.753600 1857.264000 1.000000
398.244800 844.665600 530.190400 1508.996800 1.000000
404.100800 858.203200 534.779200 1521.435200 1.000000
362.460800 405.747200 535.499200 1131.216000 1.000000
446.681600 1306.152000 535.584000 1860.752000 1.000000
446.534400 1298.302400 536.276800 1853.232000 1.000000
449.969600 1332.995200 536.364800 1884.320000 1.000000
361.185600 369.683200 537.897600 1100.315200 1.000000
450.382400 1300.900800 539.809600 1855.856000 1.000000
510.905600 1813.568000 541.840000 2406.816000 1.000000
458.934400 1353.427200 541.852800 1905.648000 1.000000
452.868800 1292.849600 543.075200 1848.800000 1.000000
413.952000 864.211200 543.496000 1527.067200 1.000000
399.462400 690.971200 544.364800 1373.219200 1.000000
415.148800 863.337600 544.408000 1526.259200 1.000000
417.835200 872.171200 545.206400 1534.712000 1.000000
354.924800 133.973280 549.462400 919.284800 1.000000
428.408000 872.308800 550.785600 1532.561600 1.000000
426.572800 866.830400 553.580800 1528.041600 1.000000
559.230400 2239.312000 555.110400 2806.704000 1.000000
433.745600 899.129600 555.961600 1559.640000 1.000000
530.731200 1833.072000 560.371200 2425.632000 1.000000
469.926400 1296.339200 560.544000 1851.104000 1.000000
433.070400 848.556800 561.723200 1510.140800 1.000000
456.646400 1087.281600 562.694400 1694.832000 1.000000
370.451200 123.222400 563.740800 911.248000 1.000000
443.347200 862.385600 571.817600 1524.376000 1.000000
447.520000 888.798400 572.811200 1549.867200 1.000000
459.808000 880.384000 584.476800 1540.915200 1.000000
397.600000 186.635200 584.675200 958.414400 1.000000
458.473600 850.302400 586.329600 1511.174400 1.000000
414.977600 366.462400 586.625600 1097.096000 1.000000
416.398400 372.099200 588.563200 1102.289600 1.000000
453.886400 768.198400 589.873600 1435.614400 1.000000
423.230400 396.841600 593.224000 1121.179200 1.000000
469.100800 848.804800 596.067200 1510.718400 1.000000
472.732800 882.657600 596.465600 1542.174400 1.000000
428.510400 380.680000 597.606400 1108.766400 1.000000
429.739200 388.958400 599.238400 1115.491200 1.000000
479.376000 866.344000 604.788800 1526.825600 1.000000
502.456000 1076.121600 610.556800 1681.472000 1.000000
430.459200 208.088000 611.484800 975.425600 1.000000
505.008000 1057.414400 612.422400 1665.392000 1.000000
436.276800 258.536000 614.056000 1013.867200 1.000000
448.651200 380.875200 617.572800 1108.164800 1.000000
488.200000 816.041600 618.500800 1479.371200 1.000000
440.339200 177.716800 623.457600 950.904000 1.000000
521.204800 1094.756800 624.620800 1702.896000 1.000000
498.976000 840.385600 624.987200 1502.443200 1.000000
498.144000 831.755200 625.388800 1494.030400 1.000000
445.059200 191.430400 627.288000 962.763200 1.000000
440.123200 130.211680 627.404800 914.812800 1.000000
450.499200 299.419200 627.944000 1044.316800 1.000000
497.862400 805.193600 628.110400 1469.388800 1.000000
502.054400 798.096000 631.790400 1463.208000 1.000000
462.390400 350.374400 632.051200 1084.000000 1.000000
507.750400 864.680000 632.083200 1524.684800 1.000000
464.169600 364.755200 633.083200 1094.252800 1.000000
512.881600 887.046400 635.691200 1546.932800 1.000000
473.020800 417.856000 635.729600 1140.907200 1.000000
471.467200 398.593600 636.025600 1123.948800 1.000000
536.420800 1077.262400 640.025600 1685.616000 1.000000
463.046400 243.494400 640.873600 1001.244800 1.000000
513.860800 812.243200 641.705600 1475.844800 1.000000
516.441600 846.270400 642.700800 1507.654400 1.000000
520.843200 872.555200 643.278400 1531.792000 1.000000
461.075200 157.024960 644.680000 934.600000 1.000000
464.120000 209.817600 644.968000 975.334400 1.000000
470.307200 234.524800 646.699200 994.497600 1.000000
487.208000 416.934400 651.308800 1139.288000 1.000000
507.531200 639.198400 653.275200 1320.606400 1.000000
489.937600 400.435200 653.443200 1124.452800 1.000000
473.036800 152.515520 656.022400 932.019200 1.000000
494.187200 428.862400 656.147200 1152.251200 1.000000
533.739200 831.929600 657.403200 1495.756800 1.000000
553.593600 1078.032000 658.020800 1685.680000 1.000000
490.083200 341.558400 658.062400 1076.025600 1.000000
578.163200 1342.073600 660.556800 1893.728000 1.000000
481.459200 183.427200 660.697600 955.099200 1.000000
498.475200 404.512000 662.209600 1126.620800 1.000000
497.174400 366.403200 662.910400 1095.472000 1.000000
489.416000 207.329600 666.321600 972.833600 1.000000
501.856000 384.662400 666.566400 1111.163200 1.000000
494.472000 268.881600 668.318400 1021.132800 1.000000
502.704000 343.800000 668.785600 1078.924800 1.000000
495.926400 221.980800 671.988800 984.297600 1.000000
662.081600 2134.960000 672.793600 2681.792000 1.000000
497.790400 197.667200 674.113600 965.396800 1.000000
494.275200 141.118080 675.140800 922.371200 1.000000
513.369600 383.731200 676.542400 1109.739200 1.000000
501.952000 190.627200 677.480000 960.169600 1.000000
502.504000 232.076800 678.750400 991.955200 1.000000
505.568000 252.825600 679.291200 1008.832000 1.000000
501.048000 170.360000 679.408000 945.315200 1.000000
515.534400 346.908800 680.614400 1080.539200 1.000000
570.753600 873.268800 688.264000 1529.280000 1.000000
696.260800 2313.264000 693.177600 2888.960000 1.000000
523.993600 240.838400 696.588800 998.126400 1.000000
525.073600 252.142400 697.144000 1007.176000 1.000000
597.616000 1087.248000 698.585600 1692.720000 1.000000
526.272000 62.508640 708.332800 851.848000 1.000000
549.265600 412.016000 708.414400 1133.574400 1.000000
536.094400 180.809600 710.620800 952.816000 1.000000
529.078400 53.537600 711.292800 843.451200 1.000000
609.612800 1061.657600 712.838400 1669.664000 1.000000
582.632000 700.091200 714.769600 1378.068800 1.000000
544.771200 216.838400 715.196800 980.752000 1.000000
534.926400 79.362720 715.627200 868.288000 1.000000
557.180800 342.881600 719.905600 1076.924800 1.000000
539.729600 62.271520 723.209600 850.099200 1.000000
625.038400 1074.443200 726.768000 1681.824000 1.000000
568.334400 260.313600 733.795200 1013.540800 1.000000
571.835200 297.923200 737.291200 1041.248000 1.000000
555.819200 29.286240 738.577600 820.604800 1.000000
584.896000 420.144000 740.252800 1140.496000 1.000000
586.771200 412.132800 742.313600 1132.300800 1.000000
585.705600 394.756800 743.488000 1117.624000 1.000000
591.808000 424.870400 746.054400 1145.030400 1.000000
741.348800 2223.872000 746.384000 2788.704000 1.000000
586.252800 175.969600 753.614400 948.939200 1.000000
588.510400 244.227200 753.849600 1001.712000 1.000000
642.171200 897.200000 755.004800 1551.892800 1.000000
604.232000 416.814400 758.828800 1136.480000 1.000000
590.788800 212.641600 759.614400 977.857600 1.000000
603.966400 299.955200 765.076800 1044.772800 1.000000
591.208000 66.318720 767.966400 854.246400 1.000000
670.795200 1087.819200 768.556800 1692.160000 1.000000
615.862400 374.110400 771.416000 1101.536000 1.000000
606.987200 228.892800 771.902400 989.588800 1.000000
595.584000 38.247360 773.259200 829.830400 1.000000
668.043200 972.184000 773.467200 1615.264000 1.000000
621.000000 391.550400 774.531200 1114.188800 1.000000
671.265600 980.916800 775.222400 1624.544000 1.000000
614.753600 280.369600 776.409600 1027.408000 1.000000
671.550400 968.668800 776.614400 1612.224000 1.000000
599.257600 55.284640 776.619200 843.280000 1.000000
618.126400 305.841600 777.713600 1048.704000 1.000000
626.777600 415.393600 778.492800 1134.696000 1.000000
624.499200 320.406400 782.484800 1058.411200 1.000000
622.206400 290.275200 782.516800 1036.358400 1.000000
611.320000 92.315520 784.830400 878.449600 1.000000
618.267200 146.312160 785.838400 925.760000 1.000000
636.844800 424.764800 787.577600 1143.888000 1.000000
632.843200 355.785600 788.225600 1087.630400 1.000000
675.764800 882.644800 789.369600 1537.491200 1.000000
631.971200 272.088000 789.563200 1020.833600 1.000000
642.422400 406.372800 793.572800 1126.113600 1.000000
638.553600 303.497600 795.396800 1045.540800 1.000000
648.240000 431.635200 797.318400 1150.201600 1.000000
634.459200 212.006400 798.257600 976.051200 1.000000
691.680000 956.142400 798.401600 1599.201600 1.000000
648.553600 405.028800 799.660800 1125.252800 1.000000
633.662400 149.037280 801.795200 930.518400 1.000000
696.958400 925.171200 803.976000 1575.625600 1.000000
651.568000 307.179200 807.708800 1048.433600 1.000000
710.376000 1082.312000 807.968000 1686.752000 1.000000
643.700800 176.840000 808.291200 948.011200 1.000000
640.198400 130.304320 808.657600 912.364800 1.000000
640.556800 84.588160 811.328000 869.441600 1.000000
660.593600 394.104000 811.518400 1113.614400 1.000000
707.897600 960.745600 812.428800 1603.024000 1.000000
710.264000 990.048000 812.726400 1630.784000 1.000000
640.499200 37.666720 812.835200 829.617600 1.000000
651.592000 219.641600 812.886400 982.284800 1.000000
666.416000 426.500800 813.739200 1144.324800 1.000000
663.947200 379.204800 814.756800 1103.892800 1.000000
661.377600 311.980800 815.236800 1051.316800 1.000000
655.342400 189.328000 816.744000 958.787200 1.000000
671.281600 422.804800 817.710400 1140.238400 1.000000
668.632000 376.289600 818.401600 1100.593600 1.000000
668.241600 316.438400 821.116800 1056.022400 1.000000
704.376000 730.976000 825.603200 1403.262400 1.000000
663.739200 171.305600 826.990400 944.998400 1.000000
725.672000 958.113600 829.012800 1600.512000 1.000000
666.531200 134.686720 832.379200 915.216000 1.000000
685.214400 417.308800 832.878400 1135.811200 1.000000
732.612800 950.524800 836.081600 1593.435200 1.000000
677.308800 165.628800 839.643200 940.923200 1.000000
686.900800 243.027200 843.017600 999.225600 1.000000
687.998400 255.134400 843.062400 1007.937600 1.000000
720.860800 714.624000 844.633600 1386.217600 1.000000
743.174400 990.140800 844.979200 1627.872000 1.000000
754.270400 1072.864000 849.201600 1675.648000 1.000000
700.643200 307.612800 851.987200 1049.112000 1.000000
758.043200 1064.256000 853.720000 1667.456000 1.000000
685.886400 51.901600 854.312000 836.529600 1.000000
752.225600 882.220800 856.499200 1537.532800 1.000000
751.819200 915.494400 857.316800 1565.620800 1.000000
689.632000 23.682880 858.209600 812.888000 1.000000
715.600000 422.704000 859.550400 1140.185600 1.000000
693.296000 82.774560 860.067200 864.916800 1.000000
757.292800 891.952000 861.137600 1545.644800 1.000000
739.675200 707.091200 861.574400 1379.462400 1.000000
709.414400 187.974400 866.076800 957.425600 1.000000
703.867200 100.781120 866.227200 881.219200 1.000000
746.076800 725.166400 867.283200 1396.092800 1.000000
714.260800 175.259200 871.793600 947.558400 1.000000
763.048000 866.992000 872.204800 1523.592000 1.000000
871.558400 2351.568000 872.768000 2930.736000 1.000000
725.563200 297.848000 874.238400 1042.606400 1.000000
755.395200 730.305600 874.700800 1400.641600 1.000000
722.083200 243.948800 874.812800 999.782400 1.000000
783.664000 1104.920000 875.286400 1704.848000 1.000000
716.702400 173.627200 878.057600 942.105600 1.000000
787.366400 1083.235200 879.254400 1684.432000 1.000000
739.896000 414.550400 880.412800 1132.011200 1.000000
739.524800 423.432000 881.257600 1140.308800 1.000000
727.267200 310.638400 881.641600 1047.187200 1.000000
739.131200 404.372800 882.035200 1123.264000 1.000000
719.464000 57.173600 883.492800 841.416000 1.000000
765.644800 730.982400 883.499200 1400.809600 1.000000
794.908800 1104.446400 885.721600 1704.480000 1.000000
864.732800 2059.232000 887.636800 2597.120000 1.000000
776.932800 799.566400 890.358400 1452.696000 1.000000
739.708800 270.251200 892.289600 1017.953600 1.000000
753.363200 413.667200 894.308800 1130.580800 1.000000
733.419200 64.833920 895.688000 848.628800 1.000000
748.595200 182.256000 899.256000 953.059200 1.000000
810.729600 1101.945600 900.955200 1701.536000 1.000000
759.299200 320.110400 904.424000 1059.568000 1.000000
752.988800 172.904000 907.168000 945.246400 1.000000
747.596800 74.290560 907.492800 856.539200 1.000000
749.940800 90.956000 908.233600 870.043200 1.000000
763.140800 288.689600 909.590400 1034.308800 1.000000
764.168000 257.897600 912.835200 1009.275200 1.000000
761.104000 182.318400 912.955200 951.467200 1.000000
775.876800 400.769600 914.859200 1119.003200 1.000000
756.944000 80.856800 915.075200 862.265600 1.000000
826.793600 1096.609600 918.392000 1695.824000 1.000000
769.470400 180.696000 920.193600 950.288000 1.000000
783.953600 421.286400 921.089600 1136.220800 1.000000
915.324800 2326.048000 921.636800 2904.832000 1.000000
764.766400 106.407040 921.694400 883.529600 1.000000
773.401600 195.875200 926.379200 962.009600 1.000000
769.785600 86.413280 926.390400 866.264000 1.000000
779.558400 216.392000 929.187200 978.203200 1.000000
772.660800 59.611680 930.076800 842.286400 1.000000
773.832000 77.557440 930.619200 859.670400 1.000000
774.742400 101.338720 931.244800 880.142400 1.000000
796.312000 411.798400 934.446400 1127.273600 1.000000
787.025600 198.292800 935.584000 964.537600 1.000000
800.944000 428.284800 937.353600 1141.532800 1.000000
793.633600 245.100800 940.497600 1000.177600 1.000000
845.598400 962.022400 942.070400 1598.758400 1.000000
805.219200 326.049600 946.188800 1063.315200 1.000000
859.617600 1102.080000 947.182400 1700.976000 1.000000
844.017600 731.724800 957.400000 1398.312000 1.000000
825.180800 437.995200 958.939200 1150.462400 1.000000
813.086400 194.048000 959.302400 960.388800 1.000000
857.715200 862.188800 960.121600 1515.006400 1.000000
818.038400 239.888000 960.849600 994.289600 1.000000
864.198400 919.974400 961.028800 1562.308800 1.000000
819.244800 186.067200 961.790400 953.044800 1.000000
954.940800 2287.936000 964.784000 2863.936000 1.000000
839.688000 343.156800 976.427200 1075.308800 1.000000
840.976000 354.593600 977.627200 1083.691200 1.000000
825.268800 70.026240 978.523200 849.897600 1.000000
906.585600 1300.048000 981.492800 1848.032000 1.000000
971.851200 2268.864000 984.686400 2844.080000 1.000000
913.355200 1317.209600 985.316800 1866.288000 1.000000
903.564800 1112.894400 989.865600 1708.928000 1.000000
852.588800 313.523200 990.232000 1050.544000 1.000000
909.024000 1105.648000 994.409600 1702.544000 1.000000
897.318400 867.280000 997.180800 1519.054400 1.000000
864.364800 212.153600 1004.856000 973.867200 1.000000
896.660800 723.283200 1005.995200 1388.835200 1.000000
878.609600 407.217600 1008.049600 1123.080000 1.000000
878.134400 390.776000 1008.336000 1110.387200 1.000000
901.262400 718.678400 1010.072000 1384.716800 1.000000
874.942400 308.411200 1010.628800 1047.715200 1.000000
882.302400 366.260800 1014.147200 1091.521600 1.000000
922.393600 969.939200 1014.400000 1602.224000 1.000000
918.160000 888.112000 1015.806400 1537.416000 1.000000
1003.574400 2289.968000 1017.452800 2869.440000 1.000000
902.555200 608.441600 1018.171200 1287.257600 1.000000
927.700800 983.419200 1018.772800 1614.080000 1.000000
919.843200 881.256000 1019.747200 1530.254400 1.000000
1006.187200 2224.912000 1020.694400 2795.760000 1.000000
896.931200 445.732800 1022.460800 1156.374400 1.000000
891.520000 360.132800 1022.595200 1085.484800 1.000000
887.617600 283.980800 1022.843200 1027.780800 1.000000
948.243200 1281.163200 1024.625600 1830.192000 1.000000
952.697600 1296.580800 1026.753600 1844.048000 1.000000
900.347200 422.952000 1027.244800 1135.680000 1.000000
879.616000 21.770240 1028.166400 807.104000 1.000000
1013.614400 2244.960000 1031.459200 2818.464000 1.000000
917.864000 607.454400 1032.491200 1285.699200 1.000000
927.073600 683.744000 1035.696000 1352.342400 1.000000
900.512000 208.081600 1037.264000 969.891200 1.000000
910.427200 399.032000 1037.380800 1116.192000 1.000000
913.352000 417.212800 1038.878400 1130.561600 1.000000
955.801600 1108.995200 1039.532800 1704.784000 1.000000
912.620800 392.075200 1039.587200 1110.747200 1.000000
1025.241600 2287.936000 1040.027200 2866.096000 1.000000
918.603200 438.635200 1043.016000 1148.425600 1.000000
929.982400 580.326400 1045.502400 1263.828800 1.000000
1031.083200 2250.080000 1050.030400 2822.368000 1.000000
928.078400 434.177600 1051.611200 1143.716800 1.000000
928.747200 425.075200 1052.809600 1136.747200 1.000000
938.700800 593.568000 1053.288000 1273.000000 1.000000
962.310400 961.712000 1053.652800 1594.008000 1.000000
1030.812800 2179.040000 1053.873600 2736.832000 1.000000
969.489600 1101.033600 1054.030400 1696.256000 1.000000
1033.096000 2194.000000 1054.483200 2755.696000 1.000000
937.835200 569.952000 1054.972800 1255.700800 1.000000
982.016000 1298.148800 1055.152000 1843.040000 1.000000
915.188800 136.220960 1055.248000 906.912000 1.000000
1037.072000 2237.968000 1056.267200 2808.160000 1.000000
1033.169600 2172.976000 1056.558400 2728.992000 1.000000
942.155200 575.854400 1057.452800 1260.636800 1.000000
937.001600 447.409600 1059.416000 1156.617600 1.000000
923.180800 133.874560 1060.244800 905.752000 1.000000
936.921600 439.048000 1060.691200 1149.638400 1.000000
977.718400 1087.272000 1061.860800 1682.800000 1.000000
973.673600 990.768000 1062.401600 1619.696000 1.000000
926.705600 96.712960 1066.313600 871.192000 1.000000
972.908800 934.521600 1066.414400 1569.508800 1.000000
1044.316800 2170.592000 1069.569600 2725.968000 1.000000
1045.336000 2144.064000 1071.430400 2695.824000 1.000000
960.672000 607.748800 1072.560000 1284.777600 1.000000
989.803200 1087.356800 1072.856000 1684.384000 1.000000
967.601600 659.164800 1073.686400 1330.420800 1.000000
946.187200 252.270400 1077.696000 1003.209600 1.000000
967.827200 649.222400 1078.139200 1319.672000 1.000000
964.457600 448.892800 1083.915200 1156.640000 1.000000
993.139200 951.488000 1084.144000 1582.480000 1.000000
958.590400 251.102400 1087.904000 1002.584000 1.000000
1067.220800 2264.816000 1088.465600 2838.816000 1.000000
953.564800 134.179360 1088.513600 904.460800 1.000000
1070.483200 2283.184000 1089.659200 2861.264000 1.000000
955.219200 124.511520 1090.086400 894.665600 1.000000
1047.198400 1742.416000 1090.860800 2329.104000 1.000000
988.662400 711.857600 1092.886400 1376.344000 1.000000
1072.200000 2231.520000 1093.329600 2801.840000 1.000000
959.264000 116.957120 1093.742400 888.774400 1.000000
1077.526400 2274.320000 1096.904000 2852.048000 1.000000
972.592000 249.176000 1100.513600 1000.076800 1.000000
999.158400 710.417600 1101.316800 1374.132800 1.000000
1057.416000 1738.736000 1102.774400 2325.712000 1.000000
1080.116800 2158.960000 1106.636800 2712.288000 1.000000
1088.128000 2316.480000 1107.540800 2896.496000 1.000000
1012.406400 847.836800 1108.419200 1495.979200 1.000000
1091.160000 2291.072000 1110.356800 2869.488000 1.000000
1029.905600 1088.001600 1111.260800 1684.048000 1.000000
1030.323200 1098.660800 1111.388800 1693.936000 1.000000
1070.670400 1785.744000 1113.020800 2371.696000 1.000000
990.035200 290.816000 1113.843200 1031.657600 1.000000
1010.841600 671.899200 1114.145600 1339.507200 1.000000
1034.449600 1115.344000 1115.568000 1708.736000 1.000000
986.872000 101.395840 1118.776000 875.448000 1.000000
1099.174400 2277.904000 1118.860800 2854.816000 1.000000
1003.153600 441.609600 1119.241600 1150.873600 1.000000
1020.262400 738.620800 1120.203200 1398.542400 1.000000
994.195200 205.921600 1120.284800 965.785600 1.000000
1098.664000 2259.728000 1122.808000 2833.232000 1.000000
1167.320000 25.909920 1123.910400 304.724800 1.000000
1023.027200 669.448000 1124.720000 1337.972800 1.000000
1101.665600 2229.808000 1126.078400 2799.536000 1.000000
1103.361600 2236.032000 1126.644800 2806.608000 1.000000
1040.035200 957.142400 1127.067200 1594.697600 1.000000
1012.964800 390.660800 1130.905600 1106.860800 1.000000
1108.003200 2274.880000 1131.012800 2851.040000 1.000000
1111.918400 2284.592000 1134.339200 2862.160000 1.000000
1036.107200 732.707200 1135.156800 1391.497600 1.000000
1114.716800 2293.424000 1136.060800 2871.536000 1.000000
1021.161600 394.276800 1137.171200 1109.731200 1.000000
1049.123200 905.833600 1138.644800 1545.988800 1.000000
1023.900800 416.476800 1139.710400 1128.579200 1.000000
1051.977600 886.017600 1141.708800 1530.187200 1.000000
1043.862400 746.377600 1142.336000 1405.961600 1.000000
1061.656000 1083.324800 1143.481600 1679.040000 1.000000
1016.177600 104.521920 1145.371200 876.592000 1.000000
1025.094400 201.651200 1148.702400 962.696000 1.000000
1128.944000 2270.560000 1150.563200 2848.976000 1.000000
1034.115200 336.433600 1151.065600 1064.414400 1.000000
1054.884800 737.419200 1152.241600 1396.120000 1.000000
1041.014400 453.793600 1152.540800 1159.449600 1.000000
1029.729600 207.393600 1153.113600 969.075200 1.000000
1036.164800 345.483200 1153.689600 1072.200000 1.000000
1030.812800 219.388800 1153.833600 975.358400 1.000000
1025.505600 95.644320 1154.124800 867.548800 1.000000
1034.764800 305.966400 1155.472000 1042.380800 1.000000
1043.454400 432.657600 1156.668800 1139.987200 1.000000
1077.750400 1101.544000 1157.017600 1695.728000 1.000000
1044.819200 416.659200 1157.420800 1127.217600 1.000000
1033.993600 116.964960 1160.467200 888.320000 1.000000
1048.003200 440.472000 1161.225600 1147.724800 1.000000
1137.404800 2261.968000 1162.123200 2835.232000 1.000000
1117.281600 1734.624000 1162.862400 2320.608000 1.000000
1042.721600 255.148800 1164.169600 1004.216000 1.000000
1075.262400 846.934400 1165.400000 1493.438400 1.000000
1045.696000 211.329600 1166.089600 969.859200 1.000000
1097.563200 1295.422400 1167.713600 1839.472000 1.000000
1083.558400 893.900800 1168.865600 1540.147200 1.000000
1142.486400 2227.856000 1169.171200 2796.432000 1.000000
1123.774400 1734.928000 1169.344000 2320.976000 1.000000
1075.200000 754.489600 1169.604800 1412.444800 1.000000
1070.716800 722.566400 1169.646400 1382.996800 1.000000
1050.910400 260.761600 1170.512000 1008.195200 1.000000
1059.222400 431.889600 1170.659200 1139.164800 1.000000
1042.576000 53.691680 1170.849600 828.937600 1.000000
1043.363200 43.343840 1173.144000 818.876800 1.000000
1094.252800 1068.569600 1175.742400 1661.984000 1.000000
1148.777600 2224.848000 1175.888000 2794.000000 1.000000
1152.129600 2243.888000 1178.137600 2815.216000 1.000000
1079.728000 684.979200 1178.272000 1349.745600 1.000000
1085.929600 766.854400 1178.750400 1423.361600 1.000000
1057.729600 165.304000 1179.473600 929.788800 1.000000
1103.521600 1117.132800 1180.430400 1709.552000 1.000000
1067.505600 355.195200 1180.604800 1079.308800 1.000000
1102.996800 1094.265600 1180.651200 1686.912000 1.000000
1065.083200 272.105600 1182.467200 1015.366400 1.000000
1071.571200 379.340800 1183.281600 1097.097600 1.000000
1067.608000 278.787200 1184.636800 1020.291200 1.000000
1079.288000 408.748800 1188.219200 1120.248000 1.000000
1075.718400 361.403200 1188.902400 1083.188800 1.000000
1075.875200 343.289600 1188.931200 1069.198400 1.000000
1078.992000 417.364800 1189.576000 1127.889600 1.000000
1071.616000 250.723200 1190.204800 999.667200 1.000000
1076.707200 299.894400 1191.060800 1036.577600 1.000000
1102.664000 838.273600 1191.976000 1484.256000 1.000000
1102.017600 802.614400 1192.137600 1456.404800 1.000000
1077.148800 282.849600 1192.707200 1023.475200 1.000000
1151.017600 1764.272000 1196.652800 2350.016000 1.000000
1082.560000 251.902400 1199.001600 1000.256000 1.000000
1091.204800 411.584000 1199.473600 1121.939200 1.000000
1113.136000 833.412800 1201.729600 1481.209600 1.000000
1093.523200 397.268800 1205.380800 1110.939200 1.000000
1094.483200 294.131200 1206.804800 1031.678400 1.000000
1101.427200 428.382400 1209.534400 1135.824000 1.000000
1095.912000 275.731200 1209.796800 1016.945600 1.000000
1103.214400 418.752000 1210.468800 1127.598400 1.000000
1116.336000 763.009600 1210.494400 1420.643200 1.000000
1101.360000 337.161600 1210.553600 1064.633600 1.000000
1103.755200 358.304000 1213.446400 1080.558400 1.000000
1127.236800 638.158400 1215.204800 1328.324800 1.000000
1100.792000 230.782400 1215.782400 984.470400 1.000000
1109.398400 368.548800 1217.140800 1088.491200 1.000000
1124.353600 743.153600 1218.393600 1397.699200 1.000000
1108.518400 249.483200 1221.435200 998.036800 1.000000
1145.955200 1080.920000 1222.868800 1676.128000 1.000000
1116.478400 388.190400 1223.488000 1103.536000 1.000000
1116.878400 419.067200 1223.780800 1127.596800 1.000000
1114.752000 278.409600 1226.008000 1019.508800 1.000000
1197.345600 2187.072000 1229.707200 2747.792000 1.000000
1124.937600 413.177600 1230.310400 1122.545600 1.000000
1120.331200 230.892800 1231.665600 983.684800 1.000000
1120.324800 268.668800 1231.800000 1012.036800 1.000000
1155.331200 1086.481600 1232.376000 1680.672000 1.000000
1126.640000 354.819200 1235.046400 1076.996800 1.000000
1147.144000 713.820800 1239.784000 1372.481600 1.000000
1133.969600 365.283200 1241.088000 1085.420800 1.000000
1196.644800 1793.744000 1242.003200 2377.408000 1.000000
1134.211200 290.076800 1243.649600 1028.590400 1.000000
1136.649600 329.862400 1244.260800 1058.603200 1.000000
1134.668800 252.526400 1244.630400 999.356800 1.000000
1155.859200 729.945600 1245.393600 1386.148800 1.000000
1136.012800 270.491200 1245.611200 1013.689600 1.000000
1144.945600 360.652800 1250.436800 1081.916800 1.000000
1144.457600 326.942400 1251.416000 1056.044800 1.000000
1149.625600 421.830400 1252.620800 1129.750400 1.000000
1163.974400 730.108800 1253.817600 1385.912000 1.000000
1179.484800 1088.425600 1255.358400 1681.184000 1.000000
1145.891200 224.603200 1255.444800 978.470400 1.000000
1157.283200 363.779200 1261.947200 1083.736000 1.000000
1156.665600 290.347200 1263.555200 1027.851200 1.000000
1147.744000 17.664960 1263.955200 795.596800 1.000000
1163.540800 419.417600 1264.806400 1127.710400 1.000000
1201.188800 1319.665600 1268.016000 1859.552000 1.000000
1164.382400 231.656000 1272.326400 983.676800 1.000000
1171.796800 365.420800 1274.275200 1084.665600 1.000000
1170.857600 327.140800 1274.417600 1055.067200 1.000000
1190.025600 754.483200 1276.835200 1407.049600 1.000000
1176.673600 422.643200 1277.011200 1129.419200 1.000000
1174.315200 353.662400 1277.166400 1075.755200 1.000000
1174.369600 311.761600 1277.580800 1043.712000 1.000000
1177.960000 376.326400 1280.196800 1093.289600 1.000000
1183.132800 433.468800 1282.252800 1139.488000 1.000000
1180.345600 320.369600 1283.417600 1050.308800 1.000000
1184.865600 411.929600 1284.076800 1120.577600 1.000000
1181.443200 336.585600 1284.406400 1062.564800 1.000000
1211.388800 1105.699200 1284.491200 1696.656000 1.000000
1180.467200 264.700800 1285.664000 1007.616000 1.000000
1199.750400 726.560000 1287.316800 1381.344000 1.000000
1188.742400 402.128000 1288.371200 1112.718400 1.000000
1185.915200 311.811200 1288.811200 1043.289600 1.000000
1204.867200 750.926400 1290.307200 1403.049600 1.000000
1186.297600 253.588800 1290.465600 999.481600 1.000000
1190.990400 372.760000 1290.737600 1090.244800 1.000000
1204.894400 738.806400 1291.286400 1391.995200 1.000000
1222.265600 1077.134400 1295.411200 1668.944000 1.000000
1196.584000 387.265600 1295.734400 1100.787200 1.000000
1195.921600 364.318400 1296.657600 1083.480000 1.000000
1185.043200 26.337600 1297.041600 800.430400 1.000000
1197.708800 297.251200 1299.025600 1032.100800 1.000000
1199.348800 348.040000 1299.289600 1070.758400 1.000000
1199.828800 409.990400 1299.312000 1118.843200 1.000000
1201.689600 422.129600 1299.761600 1128.182400 1.000000
1226.644800 1091.057600 1299.828800 1681.616000 1.000000
1199.902400 313.580800 1301.011200 1044.611200 1.000000
1205.336000 321.584000 1304.760000 1050.974400 1.000000
1209.414400 440.795200 1305.964800 1145.865600 1.000000
1208.952000 367.270400 1307.284800 1084.526400 1.000000
1211.651200 415.822400 1308.563200 1123.131200 1.000000
1276.576000 2319.520000 1310.337600 2899.872000 1.000000
1209.102400 266.656000 1311.649600 1008.932800 1.000000
1211.977600 326.771200 1311.686400 1054.235200 1.000000
1204.819200 67.208960 1313.222400 837.249600 1.000000
1212.129600 259.059200 1313.888000 1003.040000 1.000000
1278.670400 2303.088000 1313.908800 2883.312000 1.000000
1206.553600 52.436000 1314.646400 823.324800 1.000000
1215.129600 289.956800 1315.609600 1025.992000 1.000000
1216.848000 342.222400 1316.240000 1066.494400 1.000000
1209.536000 83.366080 1316.656000 852.236800 1.000000
1219.225600 359.748800 1317.097600 1079.513600 1.000000
1218.228800 320.342400 1317.764800 1049.768000 1.000000
1217.976000 241.214400 1319.931200 988.755200 1.000000
1249.371200 1107.467200 1320.038400 1696.464000 1.000000
1218.654400 259.555200 1320.432000 1003.387200 1.000000
1224.304000 388.020800 1321.129600 1100.790400 1.000000
1223.240000 283.992000 1322.708800 1021.243200 1.000000
1216.185600 71.929120 1322.942400 840.600000 1.000000
1228.289600 412.715200 1323.272000 1120.644800 1.000000
1223.238400 267.372800 1323.721600 1009.340800 1.000000
1222.080000 90.311200 1327.654400 856.739200 1.000000
1234.057600 332.054400 1330.161600 1058.324800 1.000000
1234.556800 322.921600 1331.611200 1050.752000 1.000000
1231.352000 281.668800 1331.859200 1018.740800 1.000000
1234.172800 291.851200 1332.969600 1027.379200 1.000000
1234.304000 168.520000 1336.587200 923.608000 1.000000
1236.166400 267.584000 1336.601600 1009.500800 1.000000
1237.676800 135.428800 1338.220800 895.444800 1.000000
1242.764800 163.756800 1343.860800 920.182400 1.000000
1247.900800 294.136000 1345.102400 1029.312000 1.000000
1276.400000 1115.912000 1346.310400 1705.248000 1.000000
1245.836800 147.016320 1346.710400 904.987200 1.000000
1253.656000 246.910400 1350.113600 992.524800 1.000000
1256.395200 324.084800 1351.536000 1051.110400 1.000000
1257.859200 304.078400 1353.065600 1036.313600 1.000000
1258.924800 268.094400 1355.948800 1009.284800 1.000000
1261.190400 257.860800 1358.128000 1001.092800 1.000000
1265.420800 281.569600 1361.668800 1019.536000 1.000000
1262.676800 126.287680 1361.764800 885.964800 1.000000
1293.104000 1098.968000 1363.214400 1690.816000 1.000000
1268.974400 272.044800 1364.369600 1011.667200 1.000000
1266.603200 193.177600 1364.644800 945.928000 1.000000
1270.484800 301.387200 1365.014400 1033.561600 1.000000
1271.686400 334.726400 1365.086400 1059.616000 1.000000
1296.088000 1125.724800 1365.950400 1713.152000 1.000000
1298.361600 1104.507200 1368.000000 1695.872000 1.000000
1331.745600 2273.360000 1369.644800 2850.880000 1.000000
1273.971200 86.841280 1372.659200 851.096000 1.000000
1275.033600 71.154880 1375.339200 835.670400 1.000000
1284.196800 340.950400 1375.921600 1062.480000 1.000000
1279.078400 116.242560 1376.635200 876.350400 1.000000
1283.856000 285.041600 1377.150400 1022.112000 1.000000
1309.209600 1115.942400 1379.136000 1704.352000 1.000000
1310.646400 1099.112000 1379.689600 1690.560000 1.000000
1311.476800 1085.060800 1382.028800 1677.184000 1.000000
1290.427200 263.204800 1382.763200 1004.112000 1.000000
1288.777600 189.160000 1383.883200 941.009600 1.000000
1290.166400 137.250080 1386.299200 894.609600 1.000000
1295.974400 148.155840 1391.616000 904.556800 1.000000
1303.844800 415.504000 1391.899200 1122.852800 1.000000
1322.988800 1085.803200 1393.155200 1676.528000 1.000000
1301.865600 141.171360 1396.561600 898.339200 1.000000
1330.539200 1070.036800 1400.086400 1660.096000 1.000000
1319.539200 374.472000 1407.572800 1087.518400 1.000000
1313.169600 87.990880 1408.078400 851.694400 1.000000
1320.273600 317.252800 1408.414400 1045.289600 1.000000
1323.841600 266.376000 1413.233600 1005.883200 1.000000
1318.744000 59.165440 1413.566400 824.915200 1.000000
1321.241600 80.677760 1414.281600 844.174400 1.000000
1321.996800 130.406720 1415.520000 886.787200 1.000000
1324.646400 165.188800 1416.651200 919.617600 1.000000
1325.376000 152.865920 1417.252800 907.097600 1.000000
1328.435200 149.179200 1421.259200 903.001600 1.000000
1340.425600 430.672000 1425.524800 1135.070400 1.000000
1349.844800 698.286400 1426.747200 1376.416000 1.000000
1385.665600 2223.488000 1429.595200 2791.376000 1.000000
1346.179200 420.593600 1430.334400 1126.012800 1.000000
1346.984000 201.566400 1435.345600 950.587200 1.000000
1359.550400 219.196800 1444.540800 965.884800 1.000000
1363.256000 348.505600 1447.150400 1068.508800 1.000000
1361.467200 293.924800 1447.912000 1026.820800 1.000000
1364.692800 271.140800 1449.878400 1008.785600 1.000000
1381.628800 964.616000 1450.459200 1609.840000 1.000000
1365.534400 116.275520 1452.216000 873.558400 1.000000
1389.646400 1102.368000 1456.998400 1692.640000 1.000000
1373.632000 250.139200 1458.539200 992.816000 1.000000
1388.363200 951.140800 1458.665600 1597.032000 1.000000
1377.318400 337.939200 1459.147200 1057.977600 1.000000
1388.387200 904.825600 1462.955200 1562.160000 1.000000
1384.750400 406.244800 1463.048000 1113.785600 1.000000
1403.524800 1117.921600 1470.148800 1705.136000 1.000000
1403.451200 960.486400 1470.995200 1605.776000 1.000000
1402.332800 972.198400 1471.755200 1615.584000 1.000000
1406.627200 1091.521600 1472.542400 1681.904000 1.000000
1406.195200 920.772800 1475.544000 1574.062400 1.000000
1394.204800 286.993600 1476.732800 1021.680000 1.000000
1400.504000 341.139200 1481.865600 1060.712000 1.000000
1405.563200 356.110400 1484.904000 1073.179200 1.000000
1403.246400 259.742400 1485.193600 999.297600 1.000000
1404.096000 293.985600 1485.297600 1025.712000 1.000000
1420.052800 1093.344000 1486.673600 1682.160000 1.000000
1406.659200 281.156800 1487.747200 1016.182400 1.000000
1412.076800 407.043200 1491.492800 1111.944000 1.000000
1419.315200 299.260800 1498.048000 1029.345600 1.000000
1419.664000 270.689600 1498.769600 1007.788800 1.000000
1422.771200 392.640000 1499.929600 1100.484800 1.000000
1423.320000 379.110400 1500.041600 1087.972800 1.000000
1435.729600 1117.960000 1500.524800 1704.656000 1.000000
1420.332800 283.659200 1500.643200 1017.988800 1.000000
1435.283200 1098.896000 1501.001600 1686.192000 1.000000
1438.118400 1106.539200 1503.484800 1694.656000 1.000000
1437.795200 1084.873600 1503.838400 1674.624000 1.000000
1429.027200 286.534400 1507.795200 1020.030400 1.000000
1426.912000 112.208960 1507.862400 869.264000 1.000000
1431.417600 311.673600 1508.084800 1037.715200 1.000000
1433.873600 270.417600 1510.544000 1008.049600 1.000000
1432.104000 356.147200 1510.704000 1073.416000 1.000000
1438.142400 424.158400 1511.291200 1128.545600 1.000000
1441.867200 813.272000 1511.390400 1480.516800 1.000000
1450.275200 1093.062400 1516.294400 1680.336000 1.000000
1441.945600 386.040000 1517.320000 1094.569600 1.000000
1447.433600 372.547200 1523.448000 1085.584000 1.000000
1448.761600 119.932480 1526.022400 874.774400 1.000000
1454.000000 347.041600 1528.304000 1064.528000 1.000000
1459.870400 290.203200 1534.275200 1021.824000 1.000000
1472.803200 1090.859200 1537.345600 1678.592000 1.000000
1466.236800 406.684800 1539.184000 1111.588800 1.000000
1467.785600 352.155200 1540.526400 1068.526400 1.000000
1476.731200 1101.892800 1541.089600 1687.760000 1.000000
1475.758400 961.612800 1541.276800 1605.328000 1.000000
1471.558400 336.576000 1543.192000 1056.742400 1.000000
1481.707200 1072.044800 1543.862400 1659.360000 1.000000
1481.968000 1095.451200 1544.960000 1682.720000 1.000000
1481.241600 938.772800 1546.028800 1588.958400 1.000000
1490.964800 1759.360000 1546.097600 2340.592000 1.000000
1488.313600 1096.851200 1552.937600 1683.680000 1.000000
1491.856000 1110.616000 1554.596800 1696.368000 1.000000
1482.275200 20.148160 1557.014400 786.972800 1.000000
1491.547200 408.587200 1560.305600 1113.129600 1.000000
1486.812800 26.560000 1560.561600 793.134400 1.000000
1498.480000 1089.128000 1562.350400 1675.136000 1.000000
1492.371200 289.379200 1564.091200 1021.228800 1.000000
1499.465600 274.984000 1569.465600 1010.635200 1.000000
1499.408000 29.876480 1572.177600 793.744000 1.000000
1512.377600 1129.097600 1574.292800 1713.168000 1.000000
1514.096000 1104.428800 1575.480000 1688.976000 1.000000
1507.326400 346.843200 1576.555200 1064.782400 1.000000
1518.387200 1133.652800 1580.622400 1716.432000 1.000000
1514.353600 29.759680 1584.955200 793.852800 1.000000
1530.364800 1116.376000 1591.755200 1701.120000 1.000000
1526.494400 392.486400 1593.742400 1099.233600 1.000000
1526.169600 43.211840 1595.950400 806.720000 1.000000
1530.441600 337.590400 1597.120000 1056.409600 1.000000
1530.987200 79.008800 1598.908800 835.552000 1.000000
1532.099200 364.832000 1599.753600 1077.748800 1.000000
1537.881600 1097.406400 1600.112000 1682.816000 1.000000
1541.070400 1123.025600 1602.688000 1706.624000 1.000000
1538.721600 88.503360 1605.856000 844.280000 1.000000
1539.406400 77.757600 1606.880000 834.470400 1.000000
1543.238400 29.316320 1610.000000 793.008000 1.000000
1550.355200 79.118240 1616.640000 835.152000 1.000000
1552.969600 70.621280 1617.952000 828.779200 1.000000
1556.372800 383.980800 1620.912000 1091.212800 1.000000
1558.902400 37.694400 1624.000000 798.934400 1.000000
1604.224000 352.552000 1661.936000 1065.427200 1.000000
1602.928000 1123.496000 1662.688000 1706.304000 1.000000
1605.280000 233.227200 1665.760000 967.059200 1.000000
1607.680000 1112.793600 1666.800000 1697.152000 1.000000
1614.016000 169.624000 1672.416000 910.528000 1.000000
1615.632000 2176.080000 1678.032000 2738.368000 1.000000
1617.888000 2235.136000 1679.984000 2807.008000 1.000000
1647.152000 320.316800 1702.432000 1040.921600 1.000000
1671.840000 348.057600 1724.368000 1064.808000 1.000000
1674.800000 256.099200 1727.808000 982.390400 1.000000
1671.552000 1333.147200 1729.152000 1865.184000 1.000000
1665.360000 2145.232000 1729.616000 2700.144000 1.000000
1671.264000 1320.619200 1730.256000 1853.744000 1.000000
1674.496000 1140.740800 1733.088000 1720.320000 1.000000
1684.768000 296.545600 1734.880000 1022.411200 1.000000
1685.232000 268.140800 1736.320000 997.374400 1.000000
1679.600000 1099.300800 1737.120000 1681.152000 1.000000
1682.528000 1159.456000 1740.368000 1736.928000 1.000000
1685.216000 1331.244800 1744.624000 1864.128000 1.000000
1693.216000 909.315200 1747.584000 1557.984000 1.000000
1681.488000 2162.576000 1748.528000 2719.344000 1.000000
1692.496000 1149.382400 1748.816000 1727.440000 1.000000
1689.024000 1849.904000 1752.368000 2374.016000 1.000000
1701.936000 276.947200 1752.416000 1003.459200 1.000000
1695.984000 1131.166400 1752.496000 1712.000000 1.000000
1697.088000 1122.198400 1752.816000 1703.616000 1.000000
1691.360000 1888.320000 1755.920000 2412.384000 1.000000
1700.864000 1152.635200 1757.440000 1730.944000 1.000000
1709.760000 354.822400 1757.696000 1072.846400 1.000000
1697.760000 1847.408000 1761.088000 2373.040000 1.000000
1709.200000 959.500800 1763.360000 1602.608000 1.000000
1698.992000 2169.168000 1766.224000 2728.688000 1.000000
1717.984000 322.275200 1766.784000 1045.396800 1.000000
1701.456000 2154.704000 1768.016000 2709.024000 1.000000
1717.968000 960.128000 1771.168000 1602.624000 1.000000
1704.320000 2180.992000 1772.848000 2741.712000 1.000000
1716.736000 1078.276800 1773.104000 1660.944000 1.000000
1718.512000 1144.651200 1774.464000 1723.024000 1.000000
1714.208000 1886.784000 1774.800000 2408.928000 1.000000
1719.072000 1117.691200 1775.664000 1698.704000 1.000000
1723.824000 824.163200 1776.432000 1484.308800 1.000000
1722.736000 890.014400 1776.480000 1540.612800 1.000000
1726.160000 1129.884800 1781.216000 1710.544000 1.000000
1727.392000 1154.121600 1782.128000 1731.392000 1.000000
1728.512000 1116.380800 1784.384000 1697.120000 1.000000
1728.000000 1173.257600 1784.592000 1750.496000 1.000000
1740.432000 528.296000 1785.904000 1228.252800 1.000000
1733.216000 1101.428800 1787.888000 1681.520000 1.000000
1728.448000 1487.363200 1789.408000 2054.352000 1.000000
1734.608000 1088.942400 1789.968000 1669.936000 1.000000
1738.000000 955.529600 1790.192000 1598.009600 1.000000
1748.048000 173.865600 1791.008000 909.139200 1.000000
1739.472000 714.003200 1791.312000 1379.513600 1.000000
1744.368000 538.779200 1791.536000 1238.496000 1.000000
1740.800000 839.070400 1792.896000 1499.131200 1.000000
1735.296000 1484.553600 1795.024000 2051.168000 1.000000
1743.680000 814.504000 1796.272000 1474.326400 1.000000
1747.296000 450.812800 1798.064000 1149.310400 1.000000
1752.160000 507.889600 1799.056000 1204.288000 1.000000
1747.376000 629.745600 1799.360000 1311.344000 1.000000
1746.736000 964.091200 1799.760000 1605.152000 1.000000
1747.360000 937.044800 1799.808000 1580.014400 1.000000
1739.024000 1618.768000 1800.416000 2195.344000 1.000000
1744.032000 1284.944000 1800.688000 1818.976000 1.000000
1748.624000 905.608000 1800.736000 1553.630400 1.000000
1745.344000 1121.296000 1800.816000 1701.696000 1.000000
1754.608000 521.923200 1800.896000 1222.662400 1.000000
1751.152000 879.083200 1802.560000 1531.203200 1.000000
1760.768000 279.110400 1803.248000 1002.584000 1.000000
1757.584000 459.017600 1803.312000 1154.243200 1.000000
1751.600000 895.091200 1803.440000 1543.729600 1.000000
1745.936000 1411.915200 1804.976000 1949.744000 1.000000
1756.560000 919.099200 1807.904000 1564.390400 1.000000
1751.040000 1278.640000 1808.096000 1813.216000 1.000000
1760.976000 604.681600 1808.656000 1291.208000 1.000000
1755.648000 1131.016000 1811.424000 1709.408000 1.000000
1761.552000 910.228800 1812.688000 1554.851200 1.000000
1769.824000 466.131200 1814.864000 1159.868800 1.000000
1759.680000 1136.955200 1814.992000 1715.168000 1.000000
1766.320000 890.382400 1816.336000 1534.705600 1.000000
1767.264000 764.875200 1816.448000 1427.041600 1.000000
1767.840000 931.380800 1819.584000 1574.246400 1.000000
1773.024000 655.939200 1820.736000 1330.822400 1.000000
1762.848000 1296.796800 1820.896000 1830.912000 1.000000
1771.712000 816.748800 1820.944000 1473.622400 1.000000
1774.064000 700.982400 1821.120000 1366.009600 1.000000
1771.504000 990.120000 1823.728000 1625.792000 1.000000
1774.544000 804.041600 1824.064000 1462.574400 1.000000
1771.968000 1152.433600 1825.680000 1728.592000 1.000000
1767.120000 1485.486400 1826.224000 2050.192000 1.000000
1771.936000 1131.118400 1827.648000 1708.928000 1.000000
1778.032000 918.544000 1828.688000 1559.344000 1.000000
1777.984000 1177.056000 1832.000000 1750.064000 1.000000
1766.480000 1894.608000 1833.712000 2419.808000 1.000000
1779.840000 1109.174400 1833.856000 1688.672000 1.000000
1783.408000 1123.604800 1837.968000 1701.840000 1.000000
1770.400000 1905.968000 1838.128000 2431.616000 1.000000
1784.272000 1163.262400 1838.752000 1738.256000 1.000000
1765.824000 2213.072000 1839.792000 2780.896000 1.000000
1794.112000 837.387200 1842.192000 1491.392000 1.000000
1790.496000 1274.044800 1847.296000 1810.032000 1.000000
1801.040000 720.691200 1847.696000 1381.088000 1.000000
1780.400000 1901.360000 1849.504000 2425.376000 1.000000
1794.736000 1141.872000 1849.536000 1718.672000 1.000000
1802.816000 803.019200 1850.784000 1459.686400 1.000000
1794.016000 1290.646400 1851.008000 1824.144000 1.000000
1797.792000 1171.395200 1851.648000 1746.784000 1.000000
1801.040000 1132.398400 1856.048000 1710.368000 1.000000
1798.640000 1500.068800 1857.168000 2069.216000 1.000000
1810.144000 829.710400 1858.240000 1484.510400 1.000000
1804.352000 1117.918400 1858.592000 1694.736000 1.000000
1812.720000 812.782400 1859.888000 1468.590400 1.000000
1792.048000 1936.768000 1860.288000 2462.944000 1.000000
1793.008000 1919.728000 1861.392000 2445.520000 1.000000
1810.272000 1126.561600 1863.424000 1704.464000 1.000000
1792.368000 2203.136000 1868.560000 2769.616000 1.000000
1829.440000 810.411200 1875.456000 1466.299200 1.000000
1828.128000 822.448000 1875.744000 1476.281600 1.000000
1845.840000 78.007680 1876.080000 822.344000 1.000000
1804.128000 2072.816000 1877.760000 2613.696000 1.000000
1834.736000 727.723200 1878.960000 1388.201600 1.000000
1814.608000 1736.032000 1879.888000 2312.768000 1.000000
1832.048000 903.702400 1880.192000 1545.681600 1.000000
1810.208000 1919.616000 1880.832000 2444.912000 1.000000
1836.960000 767.854400 1881.392000 1427.097600 1.000000
1800.816000 2336.528000 1882.160000 2926.320000 1.000000
1818.736000 1700.832000 1883.920000 2277.936000 1.000000
1813.456000 1934.416000 1884.896000 2462.032000 1.000000
1837.440000 907.876800 1885.344000 1549.464000 1.000000
1840.208000 804.008000 1886.288000 1459.740800 1.000000
1828.400000 1483.275200 1888.416000 2048.096000 1.000000
1839.600000 947.462400 1888.464000 1582.915200 1.000000
1844.992000 865.440000 1890.112000 1511.950400 1.000000
1818.592000 1959.600000 1890.560000 2488.064000 1.000000
1826.608000 1716.448000 1894.160000 2294.528000 1.000000
1868.192000 119.790400 1897.616000 856.627200 1.000000
1836.112000 1537.556800 1897.712000 2109.344000 1.000000
1838.192000 1487.924800 1899.056000 2053.552000 1.000000
1847.552000 1176.606400 1899.104000 1747.824000 1.000000
1847.488000 1106.651200 1900.016000 1684.256000 1.000000
1846.336000 1297.232000 1903.520000 1827.744000 1.000000
1859.984000 832.180800 1905.296000 1483.948800 1.000000
1860.688000 781.264000 1905.904000 1438.444800 1.000000
1829.440000 2156.608000 1907.072000 2712.800000 1.000000
1836.320000 1938.976000 1907.840000 2466.832000 1.000000
1853.328000 1299.616000 1908.336000 1829.808000 1.000000
1865.392000 811.529600 1909.648000 1465.552000 1.000000
1839.104000 1879.776000 1910.080000 2405.840000 1.000000
1870.080000 724.464000 1911.824000 1384.011200 1.000000
1886.416000 129.193760 1913.344000 865.844800 1.000000
1862.832000 1139.654400 1915.936000 1716.512000 1.000000
1861.776000 1265.940800 1916.208000 1799.200000 1.000000
1876.576000 744.057600 1916.896000 1402.358400 1.000000
1842.656000 2020.320000 1917.280000 2552.976000 1.000000
1872.512000 803.656000 1917.328000 1458.715200 1.000000
1876.608000 767.329600 1918.416000 1425.612800 1.000000
1886.512000 558.172800 1918.512000 1234.691200 1.000000
1877.856000 785.067200 1920.992000 1440.593600 1.000000
1840.432000 2236.512000 1921.424000 2809.280000 1.000000
1880.960000 751.059200 1921.680000 1408.560000 1.000000
1870.496000 1131.910400 1922.048000 1708.272000 1.000000
1852.608000 2288.496000 1923.856000 2868.384000 1.000000
1870.096000 1150.454400 1924.032000 1726.768000 1.000000
1850.144000 2022.672000 1924.736000 2555.456000 1.000000
1843.328000 2241.728000 1925.216000 2816.080000 1.000000
1884.560000 791.603200 1926.336000 1446.612800 1.000000
1881.184000 941.824000 1929.072000 1578.590400 1.000000
1844.544000 2346.240000 1929.504000 2935.584000 1.000000
1889.872000 720.953600 1929.696000 1379.489600 1.000000
1904.112000 167.764800 1930.448000 897.819200 1.000000
1887.792000 818.131200 1930.608000 1470.356800 1.000000
1869.664000 1510.393600 1930.624000 2078.048000 1.000000
1850.080000 2235.760000 1931.408000 2809.456000 1.000000
1849.520000 2181.648000 1931.568000 2743.104000 1.000000
1857.616000 1996.416000 1932.656000 2528.304000 1.000000
1881.360000 1138.796800 1932.864000 1715.120000 1.000000
1869.984000 1527.425600 1932.960000 2095.232000 1.000000
1889.088000 977.204800 1935.952000 1605.696000 1.000000
1856.144000 2165.664000 1936.352000 2724.784000 1.000000
1872.848000 1590.894400 1936.512000 2165.024000 1.000000
1876.032000 1497.035200 1936.640000 2062.576000 1.000000
1912.384000 200.219200 1937.600000 926.409600 1.000000
1855.952000 2228.992000 1938.176000 2800.000000 1.000000
1899.136000 730.203200 1938.880000 1386.867200 1.000000
1888.224000 1128.910400 1939.488000 1706.944000 1.000000
1915.920000 183.772800 1942.416000 910.408000 1.000000
1859.488000 2209.920000 1942.752000 2777.600000 1.000000
1864.384000 2142.048000 1943.296000 2696.352000 1.000000
1880.912000 1609.888000 1945.200000 2184.240000 1.000000
1863.632000 2230.560000 1946.048000 2802.160000 1.000000
1865.616000 2193.840000 1948.960000 2758.064000 1.000000
1880.000000 1723.680000 1949.200000 2302.384000 1.000000
1895.536000 1187.216000 1949.264000 1758.032000 1.000000
1904.192000 955.124800 1949.808000 1585.683200 1.000000
1901.136000 1160.145600 1951.824000 1733.728000 1.000000
1872.112000 2140.176000 1952.368000 2695.120000 1.000000
1906.912000 987.964800 1952.944000 1613.952000 1.000000
1886.288000 1702.944000 1953.376000 2279.856000 1.000000
1901.136000 1171.915200 1953.776000 1744.000000 1.000000
1892.768000 1533.550400 1954.752000 2101.536000 1.000000
1918.672000 745.476800 1958.896000 1400.196800 1.000000
1919.264000 785.310400 1958.960000 1437.705600 1.000000
1892.272000 1708.016000 1959.952000 2284.736000 1.000000
1910.000000 1308.948800 1964.528000 1839.232000 1.000000
1882.016000 2200.752000 1964.864000 2767.664000 1.000000
1908.240000 1338.489600 1964.960000 1869.440000 1.000000
1884.400000 2161.120000 1965.792000 2719.856000 1.000000
1914.720000 1121.459200 1965.888000 1697.392000 1.000000
1913.632000 1327.939200 1968.640000 1859.536000 1.000000
1896.144000 1918.864000 1970.096000 2443.344000 1.000000
1904.960000 1578.779200 1971.312000 2151.888000 1.000000
1953.984000 57.862720 1971.824000 800.200000 1.000000
1923.600000 1139.758400 1972.128000 1714.880000 1.000000
1926.416000 1110.950400 1975.584000 1689.376000 1.000000
1911.984000 1615.776000 1978.112000 2188.272000 1.000000
1958.384000 235.425600 1978.864000 954.694400 1.000000
1939.552000 813.648000 1980.960000 1464.212800 1.000000
1925.008000 1316.008000 1982.288000 1846.736000 1.000000
1898.048000 2179.136000 1982.560000 2741.344000 1.000000
1897.632000 2212.032000 1983.120000 2780.048000 1.000000
1897.952000 2184.656000 1983.600000 2747.904000 1.000000
1900.320000 2193.472000 1983.920000 2759.008000 1.000000
1927.024000 1369.702400 1984.064000 1902.976000 1.000000
1897.424000 2244.000000 1984.368000 2819.952000 1.000000
1928.560000 1298.147200 1984.528000 1830.016000 1.000000
1926.352000 1516.227200 1988.000000 2085.664000 1.000000
1938.320000 1147.342400 1988.240000 1721.632000 1.000000
1931.616000 1397.278400 1988.544000 1933.696000 1.000000
1922.480000 1543.419200 1989.200000 2115.472000 1.000000
1932.352000 1391.840000 1989.312000 1926.512000 1.000000
1928.128000 1479.835200 1989.648000 2043.424000 1.000000
1933.808000 1377.616000 1991.600000 1911.024000 1.000000
1919.712000 1828.528000 1993.824000 2349.648000 1.000000
1958.224000 800.996800 1994.896000 1453.987200 1.000000
1938.528000 1401.651200 1995.520000 1937.728000 1.000000
1924.816000 1837.120000 1996.768000 2357.888000 1.000000
1912.816000 2184.976000 1998.112000 2746.096000 1.000000
1949.776000 1176.315200 2000.944000 1747.008000 1.000000
1913.456000 2227.824000 2001.648000 2799.056000 1.000000
1915.584000 2210.016000 2002.016000 2778.304000 1.000000
1929.792000 1825.296000 2002.224000 2345.696000 1.000000
1956.688000 1092.193600 2004.432000 1672.080000 1.000000
1958.400000 1101.214400 2006.528000 1679.344000 1.000000
1956.976000 1122.494400 2006.848000 1698.944000 1.000000
1990.384000 244.668800 2009.392000 963.304000 1.000000
1963.536000 1110.801600 2009.408000 1688.928000 1.000000
1924.704000 2152.704000 2010.336000 2708.496000 1.000000
1937.552000 1828.688000 2011.152000 2348.000000 1.000000
1948.800000 1497.142400 2011.168000 2062.768000 1.000000
1944.208000 1550.772800 2011.200000 2117.600000 1.000000
1953.488000 1397.614400 2011.280000 1931.600000 1.000000
1984.944000 470.827200 2012.624000 1176.665600 1.000000
1945.744000 1714.224000 2015.248000 2290.640000 1.000000
1930.864000 2194.624000 2018.768000 2757.776000 1.000000
1970.608000 1107.059200 2018.960000 1684.592000 1.000000
1958.192000 1420.347200 2019.648000 1959.376000 1.000000
1957.152000 1536.252800 2020.032000 2104.960000 1.000000
1958.320000 1519.928000 2021.520000 2086.928000 1.000000
1971.072000 1147.678400 2021.856000 1721.024000 1.000000
1969.616000 1267.259200 2022.176000 1798.304000 1.000000
1976.032000 1084.006400 2023.120000 1663.680000 1.000000
1959.936000 1549.361600 2025.328000 2115.616000 1.000000
1957.632000 1653.760000 2025.568000 2227.216000 1.000000
1980.800000 1119.140800 2029.584000 1694.992000 1.000000
1943.792000 2227.744000 2031.824000 2795.744000 1.000000
1977.520000 1318.547200 2031.920000 1848.192000 1.000000
1947.072000 2111.568000 2032.736000 2660.368000 1.000000
1970.240000 1518.729600 2033.504000 2085.232000 1.000000
1971.584000 1503.444800 2034.304000 2070.240000 1.000000
1998.976000 858.228800 2038.480000 1499.657600 1.000000
1974.864000 1550.512000 2039.792000 2117.104000 1.000000
1970.992000 1666.352000 2039.936000 2239.168000 1.000000
1983.040000 1402.875200 2041.328000 1938.784000 1.000000
1977.712000 1534.723200 2041.328000 2100.976000 1.000000
1973.376000 1689.552000 2042.336000 2265.584000 1.000000
1989.248000 1302.337600 2044.272000 1832.864000 1.000000
1984.512000 1489.753600 2045.984000 2055.568000 1.000000
1953.840000 2279.584000 2046.448000 2860.944000 1.000000
1992.144000 1350.158400 2048.704000 1881.744000 1.000000
1980.272000 1693.344000 2050.912000 2268.032000 1.000000
2025.952000 554.881600 2051.328000 1225.382400 1.000000
1973.936000 1889.904000 2051.632000 2410.448000 1.000000
1956.880000 2315.360000 2052.768000 2904.896000 1.000000
2025.872000 573.811200 2052.800000 1240.625600 1.000000
1997.456000 1313.876800 2053.056000 1844.128000 1.000000
2001.232000 1296.283200 2053.632000 1829.328000 1.000000
2020.192000 738.670400 2054.592000 1392.753600 1.000000
2034.848000 443.198400 2056.256000 1139.049600 1.000000
2026.960000 648.284800 2056.592000 1303.593600 1.000000
2025.216000 753.742400 2058.832000 1406.112000 1.000000
2029.920000 658.878400 2059.488000 1312.790400 1.000000
2030.880000 638.889600 2059.680000 1294.856000 1.000000
1999.168000 1475.702400 2060.208000 2039.120000 1.000000
2051.680000 245.606400 2061.872000 966.172800 1.000000
2022.688000 878.824000 2061.904000 1516.940800 1.000000
2008.960000 1288.206400 2062.016000 1819.504000 1.000000
2030.128000 731.398400 2062.768000 1385.041600 1.000000
1998.576000 1519.128000 2063.088000 2083.616000 1.000000
2030.384000 758.124800 2064.080000 1410.264000 1.000000
1994.000000 1679.712000 2064.608000 2253.072000 1.000000
2028.432000 859.606400 2065.296000 1497.172800 1.000000
1977.312000 2094.656000 2065.568000 2640.048000 1.000000
2003.712000 1572.384000 2069.008000 2142.448000 1.000000
2044.384000 576.600000 2069.920000 1242.380800 1.000000
2043.632000 578.257600 2070.016000 1244.811200 1.000000
2018.816000 1307.004800 2072.672000 1837.616000 1.000000
2044.960000 643.806400 2073.264000 1296.241600 1.000000
2038.416000 834.097600 2074.528000 1473.276800 1.000000
2037.184000 872.030400 2074.848000 1508.332800 1.000000
2008.128000 1600.384000 2075.824000 2171.440000 1.000000
2022.544000 1300.459200 2076.688000 1830.752000 1.000000
2013.056000 1548.371200 2077.360000 2115.216000 1.000000
2011.792000 1582.448000 2078.048000 2151.200000 1.000000
1992.304000 2101.200000 2079.184000 2651.088000 1.000000
2033.792000 1113.577600 2081.296000 1688.592000 1.000000
2017.328000 1528.336000 2081.456000 2093.008000 1.000000
2020.496000 1474.708800 2081.488000 2037.648000 1.000000
2058.000000 581.299200 2082.336000 1247.953600 1.000000
1998.448000 2064.016000 2083.680000 2604.304000 1.000000
2013.648000 1661.200000 2084.064000 2233.184000 1.000000
2021.456000 1552.240000 2086.912000 2118.352000 1.000000
2021.504000 1576.036800 2088.576000 2144.608000 1.000000
2082.576000 201.961600 2088.928000 925.932800 1.000000
2021.520000 1585.798400 2088.992000 2155.488000 1.000000
2026.432000 1533.964800 2091.200000 2099.456000 1.000000
2037.920000 1263.600000 2091.344000 1795.472000 1.000000
2045.552000 1107.753600 2092.624000 1682.896000 1.000000
2003.968000 2119.680000 2094.240000 2671.184000 1.000000
2042.384000 1281.579200 2094.304000 1812.544000 1.000000
2027.360000 1581.740800 2094.336000 2151.104000 1.000000
2010.800000 1964.000000 2094.672000 2492.976000 1.000000
2008.176000 2084.992000 2096.912000 2629.040000 1.000000
2017.120000 1937.696000 2098.368000 2464.944000 1.000000
2013.616000 1987.424000 2098.640000 2519.072000 1.000000
2041.056000 1453.443200 2099.856000 2009.280000 1.000000
2007.584000 2194.640000 2101.024000 2762.400000 1.000000
2106.448000 19.674720 2103.984000 764.723200 1.000000
2016.000000 2059.584000 2105.360000 2601.824000 1.000000
2027.648000 1970.688000 2112.240000 2501.632000 1.000000
2010.624000 2294.912000 2112.240000 2877.952000 1.000000
2019.936000 2196.192000 2114.384000 2762.256000 1.000000
2026.512000 2060.832000 2115.280000 2604.112000 1.000000
2027.760000 2073.584000 2117.824000 2615.376000 1.000000
2062.272000 1382.696000 2120.208000 1914.896000 1.000000
2075.104000 1100.888000 2121.184000 1675.936000 1.000000
2035.872000 1979.040000 2121.744000 2508.912000 1.000000
2125.360000 50.177120 2121.792000 790.467200 1.000000
2037.104000 1967.216000 2122.880000 2497.216000 1.000000
2032.928000 2167.696000 2127.968000 2728.560000 1.000000
2070.208000 1388.361600 2128.144000 1921.328000 1.000000
2129.040000 194.395200 2130.512000 912.636800 1.000000
2034.752000 2182.416000 2131.184000 2746.848000 1.000000
2138.864000 31.142400 2133.648000 772.451200 1.000000
2051.984000 1958.160000 2136.352000 2491.040000 1.000000
2077.984000 1395.808000 2137.120000 1928.688000 1.000000
2115.872000 648.380800 2137.200000 1299.708800 1.000000
2140.496000 283.425600 2140.576000 1002.040000 1.000000
2058.512000 1889.248000 2140.960000 2413.264000 1.000000
2045.840000 2154.000000 2141.712000 2711.408000 1.000000
2064.480000 1849.648000 2143.328000 2368.976000 1.000000
2057.456000 1971.456000 2145.088000 2502.608000 1.000000
2043.344000 2292.944000 2145.616000 2877.552000 1.000000
2061.264000 1956.224000 2146.992000 2486.768000 1.000000
2053.616000 2126.288000 2147.888000 2681.328000 1.000000
2063.072000 1982.176000 2149.744000 2514.352000 1.000000
2067.056000 1891.088000 2150.192000 2413.168000 1.000000
2065.184000 1948.592000 2150.464000 2475.232000 1.000000
2136.704000 569.713600 2150.896000 1236.236800 1.000000
2062.928000 2023.536000 2152.112000 2559.664000 1.000000
2074.432000 1835.616000 2155.616000 2353.808000 1.000000
2052.736000 2356.080000 2160.368000 2951.040000 1.000000
2070.256000 2030.528000 2162.160000 2565.968000 1.000000
2077.952000 1912.032000 2162.704000 2436.672000 1.000000
2080.336000 1953.856000 2166.640000 2486.608000 1.000000
2156.304000 488.387200 2168.096000 1140.283200 1.000000
2062.032000 2332.656000 2171.248000 2925.344000 1.000000
2140.528000 865.670400 2171.920000 1470.470400 1.000000
2081.984000 2023.776000 2172.880000 2559.312000 1.000000
2066.208000 2355.792000 2174.544000 2949.856000 1.000000
2081.696000 2084.528000 2176.080000 2631.888000 1.000000
2088.000000 2008.384000 2178.640000 2544.192000 1.000000
2069.008000 2377.616000 2179.216000 2974.400000 1.000000
2089.824000 2022.656000 2180.800000 2559.232000 1.000000
2098.832000 1829.072000 2182.336000 2346.368000 1.000000
2102.816000 1859.568000 2186.032000 2380.976000 1.000000
2092.640000 2063.280000 2187.296000 2603.184000 1.000000
2088.576000 2154.304000 2188.064000 2714.512000 1.000000
2090.144000 2176.864000 2190.912000 2739.920000 1.000000
2086.384000 2263.136000 2191.984000 2844.800000 1.000000
2090.176000 2239.264000 2194.416000 2812.368000 1.000000
2088.816000 2332.160000 2196.992000 2923.360000 1.000000
2113.568000 1867.952000 2198.384000 2390.144000 1.000000
2091.888000 2357.776000 2203.040000 2952.352000 1.000000
2103.632000 2169.856000 2205.168000 2731.056000 1.000000
2110.288000 2076.080000 2206.672000 2620.032000 1.000000
2126.544000 1803.136000 2208.032000 2322.880000 1.000000
2115.312000 2042.608000 2208.560000 2581.424000 1.000000
2110.912000 2159.472000 2212.736000 2718.752000 1.000000
2102.208000 2336.304000 2214.720000 2926.736000 1.000000
2148.496000 1568.424000 2219.152000 2145.888000 1.000000
2147.568000 1611.504000 2220.416000 2195.024000 1.000000
2119.152000 2168.368000 2221.616000 2729.504000 1.000000
2140.880000 1801.888000 2222.992000 2320.944000 1.000000
2141.552000 1843.568000 2225.232000 2361.408000 1.000000
2143.344000 1812.208000 2225.808000 2330.912000 1.000000
2154.656000 1600.192000 2227.376000 2179.632000 1.000000
2141.008000 1889.168000 2227.696000 2410.592000 1.000000
2110.496000 2394.064000 2227.984000 2992.464000 1.000000
2112.208000 2386.816000 2228.320000 2983.296000 1.000000
2142.816000 1873.344000 2229.072000 2396.480000 1.000000
2124.000000 2216.768000 2231.424000 2787.168000 1.000000
2161.232000 1572.744000 2232.576000 2150.768000 1.000000
2119.504000 2294.560000 2235.312000 2880.048000 1.000000
2142.912000 2033.200000 2238.896000 2570.592000 1.000000
2140.720000 2145.440000 2244.544000 2704.720000 1.000000
2141.120000 2204.720000 2249.408000 2773.952000 1.000000
2137.728000 2314.096000 2250.224000 2901.584000 1.000000
2160.176000 1926.864000 2250.624000 2454.624000 1.000000
2153.936000 2104.976000 2256.144000 2653.984000 1.000000
2151.904000 2152.416000 2258.384000 2710.848000 1.000000
2157.664000 2090.496000 2259.184000 2635.104000 1.000000
2155.552000 2125.616000 2259.280000 2679.248000 1.000000
2170.976000 1932.288000 2261.328000 2459.584000 1.000000
2152.400000 2234.640000 2263.024000 2808.768000 1.000000
2157.024000 2172.112000 2264.368000 2731.952000 1.000000
2164.336000 2121.712000 2268.512000 2674.000000 1.000000
2167.680000 2083.712000 2268.896000 2628.304000 1.000000
2159.200000 2202.608000 2269.072000 2770.032000 1.000000
2168.080000 2104.688000 2270.160000 2653.168000 1.000000
2173.344000 2061.792000 2272.416000 2607.328000 1.000000
2160.224000 2257.664000 2272.800000 2835.648000 1.000000
2158.816000 2300.064000 2274.336000 2886.624000 1.000000
2160.592000 2285.952000 2275.312000 2869.504000 1.000000
2170.336000 2145.616000 2276.368000 2700.960000 1.000000
2180.160000 2042.400000 2279.904000 2581.104000 1.000000
2180.496000 2063.808000 2282.192000 2605.568000 1.000000
2179.136000 2214.528000 2290.544000 2784.208000 1.000000
2177.936000 2224.192000 2290.832000 2796.384000 1.000000
2172.832000 2341.600000 2292.752000 2934.672000 1.000000
2195.184000 2011.184000 2293.136000 2544.512000 1.000000
2198.800000 1975.840000 2295.152000 2508.368000 1.000000
2177.664000 2298.656000 2295.584000 2882.384000 1.000000
2185.856000 2227.376000 2300.000000 2798.928000 1.000000
2293.312000 888.398400 2300.336000 981.033600 1.000000
2189.968000 2210.496000 2301.360000 2779.664000 1.000000
2201.200000 2174.496000 2311.904000 2737.312000 1.000000
2197.296000 2292.016000 2316.528000 2877.200000 1.000000
2199.392000 2399.648000 2326.064000 2999.616000 1.000000
2234.864000 2275.472000 2348.576000 2858.096000 1.000000
2375.584000 839.086400 2373.008000 934.409600 1.000000
2413.168000 806.193600 2402.256000 908.104000 1.000000
2392.416000 1334.609600 2415.888000 1247.883200 1.000000
2541.072000 809.932800 2520.448000 864.144000 1.000000
2516.672000 1188.550400 2522.608000 1108.852800 1.000000
2545.760000 1151.145600 2548.032000 1074.020800 1.000000
2559.152000 1072.696000 2617.200000 1127.459200 1.000000
2617.712000 1390.792000 2634.528000 1244.948800 1.000000
2657.536000 1189.299200 2655.504000 1093.240000 1.000000
2636.864000 1443.174400 2657.568000 1283.104000 1.000000
2595.152000 1859.216000 2660.816000 1751.552000 1.000000
2646.800000 1484.395200 2670.160000 1314.697600 1.000000
2659.840000 1549.760000 2688.560000 1365.641600 1.000000
2650.784000 1678.848000 2691.152000 1476.563200 1.000000
2663.232000 1613.520000 2697.504000 1419.600000 1.000000
2667.056000 1663.408000 2705.360000 1459.974400 1.000000
2677.520000 1602.320000 2710.272000 1407.776000 1.000000
2679.520000 1615.920000 2712.496000 1417.854400 1.000000
2675.344000 1661.744000 2713.104000 1457.054400 1.000000
2697.440000 1433.363200 2714.576000 1267.219200 1.000000
2691.648000 1667.424000 2728.752000 1458.801600 1.000000
2691.456000 1677.760000 2730.384000 1467.816000 1.000000
2698.784000 1672.976000 2736.576000 1461.435200 1.000000
2712.320000 1549.115200 2738.816000 1359.793600 1.000000
2706.816000 1655.088000 2743.104000 1445.744000 1.000000
2714.736000 1606.656000 2746.256000 1406.764800 1.000000
2714.592000 1615.392000 2747.216000 1413.766400 1.000000
2732.096000 1612.256000 2763.520000 1408.347200 1.000000
2729.728000 1654.432000 2764.800000 1440.825600 1.000000
2768.912000 1495.356800 2767.008000 1269.355200 1.000000
2743.216000 1618.320000 2775.216000 1411.630400 1.000000
2740.816000 1649.472000 2775.536000 1435.868800 1.000000
2704.400000 2175.152000 2780.736000 1994.336000 1.000000
2760.144000 1507.283200 2781.360000 1321.678400 1.000000
2758.624000 1593.172800 2786.960000 1388.025600 1.000000
2757.280000 1618.880000 2788.624000 1409.867200 1.000000
2770.256000 1519.364800 2791.520000 1330.576000 1.000000
2812.048000 1654.624000 2845.488000 1427.179200 1.000000
2832.704000 2224.864000 2901.952000 2005.568000 1.000000
3847.184000 460.462400 3681.632000 613.988800 1.000000
3700.784000 1704.688000 3687.280000 1188.187200 1.000000
3939.888000 788.904000 3817.024000 854.864000 1.000000
3954.880000 1106.016000 3893.040000 1118.872000 1.000000
