436.772800 2352.896000 745.792000 287.190400 1.000000
871.558400 2351.568000 1154.740800 399.960000 1.000000
875.633600 2341.184000 1160.625600 389.265600 1.000000
1580.427200 2197.456000 1855.216000 412.254400 1.000000
1833.408000 2339.856000 2072.384000 601.753600 1.000000
1785.472000 2090.432000 2084.368000 379.246400 1.000000
1829.984000 2188.320000 2108.880000 465.678400 1.000000
1817.200000 2076.912000 2115.536000 377.713600 1.000000
1813.184000 2053.456000 2119.008000 353.406400 1.000000
2031.744000 2812.048000 2143.296000 993.816000 1.000000
1831.136000 2010.160000 2147.472000 321.217600 1.000000
1992.592000 2589.088000 2157.040000 848.808000 1.000000
1872.112000 2140.176000 2161.648000 441.699200 1.000000
1850.144000 2022.672000 2166.544000 337.385600 1.000000
1836.656000 1968.480000 2170.304000 264.512000 1.000000
2153.808000 2955.296000 2201.392000 1137.944000 1.000000
1953.840000 2279.584000 2207.872000 570.731200 1.000000
1943.792000 2227.744000 2211.872000 527.248000 1.000000
2024.208000 2479.408000 2212.272000 777.980800 1.000000
2141.056000 2886.816000 2213.200000 1076.896000 1.000000
2040.304000 2533.696000 2213.520000 821.307200 1.000000
2050.512000 2552.448000 2216.976000 838.265600 1.000000
1943.904000 2203.904000 2217.760000 506.422400 1.000000
1949.072000 2213.440000 2221.760000 514.899200 1.000000
2163.408000 2905.456000 2226.816000 1098.345600 1.000000
2073.696000 2525.424000 2246.512000 821.641600 1.000000
2060.544000 2460.176000 2254.608000 766.800000 1.000000
2222.064000 2910.624000 2271.136000 1116.265600 1.000000
2226.752000 2923.664000 2271.408000 1128.350400 1.000000
2234.560000 2913.712000 2279.584000 1119.971200 1.000000
2003.072000 2158.784000 2293.504000 476.403200 1.000000
2091.888000 2410.928000 2296.672000 730.851200 1.000000
2127.952000 2502.336000 2301.712000 814.164800 1.000000
2100.000000 2407.808000 2305.536000 731.187200 1.000000
2070.416000 2323.008000 2308.368000 634.160000 1.000000
2099.744000 2351.984000 2327.264000 669.945600 1.000000
2161.920000 2510.912000 2330.832000 830.539200 1.000000
2208.960000 2655.296000 2335.984000 926.484800 1.000000
2108.752000 2334.272000 2342.176000 654.529600 1.000000
1990.816000 1933.424000 2349.680000 260.864000 1.000000
2053.616000 2126.288000 2350.912000 466.174400 1.000000
2169.888000 2458.080000 2352.224000 792.174400 1.000000
2059.728000 2129.280000 2357.664000 470.257600 1.000000
1984.720000 1886.960000 2359.536000 210.518400 1.000000
2058.240000 2116.272000 2361.504000 455.929600 1.000000
2194.928000 2510.880000 2361.648000 835.190400 1.000000
2191.824000 2477.216000 2370.544000 808.840000 1.000000
1992.080000 1857.296000 2381.184000 176.507200 1.000000
2103.632000 2169.856000 2390.704000 514.152000 1.000000
2084.592000 2113.024000 2391.984000 461.566400 1.000000
2155.536000 2314.800000 2395.152000 647.286400 1.000000
2037.024000 1949.312000 2397.168000 289.712000 1.000000
2189.600000 2396.128000 2397.376000 733.494400 1.000000
2151.216000 2279.392000 2402.128000 616.260800 1.000000
2149.408000 2254.656000 2408.704000 595.422400 1.000000
2063.072000 1982.176000 2412.960000 330.147200 1.000000
2170.032000 2291.408000 2416.992000 632.073600 1.000000
2100.080000 2068.960000 2417.840000 431.960000 1.000000
2160.224000 2257.664000 2418.656000 600.704000 1.000000
2061.264000 1956.224000 2420.112000 302.504000 1.000000
2095.856000 2045.168000 2422.928000 406.200000 1.000000
2054.848000 1917.408000 2428.192000 255.729600 1.000000
2694.528000 1690.304000 2432.880000 2076.352000 1.000000
2246.256000 2438.928000 2434.320000 787.025600 1.000000
2115.312000 2042.608000 2440.432000 410.454400 1.000000
2110.528000 2027.728000 2443.536000 392.576000 1.000000
2177.936000 2224.192000 2446.064000 577.872000 1.000000
2091.456000 1964.288000 2449.936000 316.393600 1.000000
2659.840000 1549.760000 2459.664000 1985.056000 1.000000
2189.968000 2210.496000 2462.608000 570.446400 1.000000
2695.680000 1611.264000 2463.280000 2034.752000 1.000000
2142.912000 2033.200000 2476.064000 406.275200 1.000000
2168.080000 2104.688000 2477.136000 478.318400 1.000000
2743.056000 1655.120000 2478.944000 2085.616000 1.000000
2730.064000 1622.720000 2483.168000 2057.040000 1.000000
2195.456000 2167.408000 2483.776000 534.065600 1.000000
2133.152000 1957.376000 2496.112000 319.539200 1.000000
2633.552000 1393.452800 2500.976000 1871.184000 1.000000
2757.280000 1618.880000 2503.936000 2068.320000 1.000000
2102.816000 1859.568000 2505.936000 204.940800 1.000000
2622.688000 1355.904000 2509.200000 1838.992000 1.000000
2627.984000 1364.192000 2510.768000 1847.056000 1.000000
2631.648000 1354.219200 2516.912000 1841.520000 1.000000
2753.872000 1566.795200 2521.072000 2034.048000 1.000000
2611.216000 1285.560000 2529.552000 1783.680000 1.000000
2135.216000 1873.280000 2533.584000 230.881600 1.000000
2141.008000 1889.168000 2535.328000 248.086400 1.000000
2142.816000 1873.344000 2541.376000 232.372800 1.000000
2680.720000 1412.497600 2544.832000 1841.248000 1.000000
2623.312000 1265.081600 2549.056000 1775.168000 1.000000
2186.288000 1960.752000 2551.744000 339.529600 1.000000
2606.800000 1246.811200 2551.808000 1715.920000 1.000000
2206.176000 1949.504000 2579.520000 333.108800 1.000000
2614.320000 1188.294400 2581.088000 1701.952000 1.000000
2618.816000 1143.937600 2665.280000 1357.798400 1.000000
