26.482880 736.763200 42.759840 1986.400000 1.000000
37.494240 743.678400 52.002560 1992.960000 1.000000
36.765120 737.209600 52.704000 1986.032000 1.000000
50.332960 765.006400 62.851360 2012.064000 1.000000
50.273280 748.283200 65.877760 1996.480000 1.000000
93.272000 940.976000 70.901280 2199.856000 1.000000
60.208960 767.992000 71.684960 2014.256000 1.000000
63.784000 774.840000 74.171840 2023.200000 1.000000
62.087520 752.420800 77.328320 1999.888000 1.000000
63.637120 737.836800 80.231520 1984.240000 1.000000
74.065600 769.374400 85.729280 2016.688000 1.000000
96.394080 849.846400 93.369280 2096.432000 1.000000
90.350400 761.265600 97.947040 2008.752000 1.000000
91.634720 774.964800 99.252320 2023.088000 1.000000
97.463680 810.220800 103.623520 2063.312000 1.000000
110.807520 801.944000 118.000640 2052.912000 1.000000
49.911040 378.664000 129.225600 1699.840000 1.000000
117.979840 762.342400 131.931840 2009.664000 1.000000
126.998560 774.596800 136.350240 2022.304000 1.000000
119.160000 721.208000 139.492160 1964.080000 1.000000
131.137600 766.976000 142.624000 2013.872000 1.000000
131.880960 761.694400 144.580640 2008.736000 1.000000
151.221440 877.560000 150.162720 2123.376000 1.000000
52.065760 249.568000 152.822240 1598.979200 1.000000
152.775840 852.910400 152.897760 2099.312000 1.000000
73.964960 267.160000 166.288000 1611.872000 1.000000
205.332800 883.697600 195.528000 2142.848000 1.000000
123.151200 287.601600 212.924800 1624.576000 1.000000
126.306560 251.726400 220.579200 1595.987200 1.000000
97.508160 78.071840 220.680000 1469.260800 1.000000
150.728000 379.835200 224.340800 1696.096000 1.000000
255.601600 890.961600 225.692800 2131.824000 1.000000
150.434560 261.299200 241.438400 1602.720000 1.000000
157.169600 275.105600 247.712000 1613.600000 1.000000
178.868800 385.606400 250.508800 1701.312000 1.000000
133.107360 85.850880 251.910400 1472.924800 1.000000
320.011200 1284.081600 253.411200 2451.536000 1.000000
142.713920 145.278880 255.472000 1516.078400 1.000000
339.377600 1366.515200 259.664000 2544.400000 1.000000
176.931200 243.363200 268.811200 1587.734400 1.000000
339.881600 1311.224000 269.518400 2479.408000 1.000000
156.918560 97.777600 272.632000 1481.457600 1.000000
174.595200 149.566080 279.180800 1517.412800 1.000000
192.769600 277.779200 280.673600 1613.312000 1.000000
351.174400 1307.992000 282.436800 2475.568000 1.000000
345.328000 1272.422400 283.387200 2436.608000 1.000000
212.158400 378.496000 284.452800 1691.168000 1.000000
364.035200 1338.296000 290.294400 2509.152000 1.000000
371.060800 1285.185600 307.750400 2449.616000 1.000000
386.584000 1357.635200 311.348800 2532.496000 1.000000
203.244800 115.811040 314.577600 1490.940800 1.000000
231.088000 193.702400 328.377600 1547.827200 1.000000
265.921600 410.894400 332.998400 1720.080000 1.000000
263.856000 387.300800 333.443200 1697.024000 1.000000
331.884800 776.945600 345.526400 2027.600000 1.000000
331.753600 643.219200 360.867200 1910.992000 1.000000
440.942400 1291.952000 380.084800 2452.368000 1.000000
369.875200 775.489600 381.147200 2036.624000 1.000000
292.819200 220.305600 383.232000 1564.356800 1.000000
446.534400 1298.302400 384.364800 2461.360000 1.000000
355.152000 660.211200 384.449600 1928.176000 1.000000
320.790400 377.920000 389.390400 1684.768000 1.000000
323.326400 399.784000 390.852800 1704.768000 1.000000
311.865600 254.195200 398.280000 1589.569600 1.000000
383.688000 702.371200 406.017600 1968.432000 1.000000
341.304000 388.673600 409.920000 1692.656000 1.000000
413.952000 864.211200 412.321600 2123.264000 1.000000
428.408000 872.308800 421.046400 2129.248000 1.000000
433.745600 899.129600 425.528000 2159.392000 1.000000
361.185600 369.683200 430.624000 1675.200000 1.000000
443.347200 862.385600 443.139200 2118.640000 1.000000
447.520000 888.798400 443.944000 2146.656000 1.000000
379.736000 407.848000 444.328000 1708.096000 1.000000
376.806400 389.092800 444.521600 1692.656000 1.000000
458.473600 850.302400 459.987200 2103.344000 1.000000
472.732800 882.657600 470.004800 2137.136000 1.000000
478.304000 889.769600 475.200000 2143.952000 1.000000
386.979200 113.277600 485.192000 1481.484800 1.000000
481.558400 812.051200 487.190400 2062.448000 1.000000
483.171200 703.966400 506.243200 1964.288000 1.000000
507.059200 868.668800 507.499200 2120.128000 1.000000
428.193600 226.452800 511.001600 1562.388800 1.000000
448.651200 380.875200 516.492800 1679.248000 1.000000
452.235200 347.217600 521.310400 1651.568000 1.000000
513.860800 812.243200 522.200000 2061.584000 1.000000
471.467200 398.593600 535.897600 1693.696000 1.000000
487.208000 416.934400 549.329600 1710.256000 1.000000
475.118400 262.089600 552.456000 1587.046400 1.000000
461.075200 157.024960 552.585600 1509.248000 1.000000
576.558400 1036.347200 558.560000 2242.736000 1.000000
570.753600 873.268800 568.652800 2116.080000 1.000000
489.416000 207.329600 573.361600 1544.046400 1.000000
591.281600 877.862400 591.801600 2123.152000 1.000000
569.395200 699.492800 592.443200 1951.760000 1.000000
611.166400 875.158400 607.032000 2118.448000 1.000000
536.094400 180.809600 619.851200 1523.513600 1.000000
534.926400 79.362720 630.368000 1437.878400 1.000000
638.844800 909.040000 638.147200 2153.760000 1.000000
554.526400 239.844800 643.281600 1560.510400 1.000000
671.265600 980.916800 659.708800 2216.160000 1.000000
590.140800 272.448000 666.700800 1588.078400 1.000000
725.512000 1365.169600 677.766400 2518.368000 1.000000
626.777600 415.393600 682.817600 1699.888000 1.000000
591.208000 66.318720 685.102400 1419.841600 1.000000
691.680000 956.142400 686.876800 2185.936000 1.000000
595.584000 38.247360 692.595200 1393.937600 1.000000
599.257600 55.284640 694.078400 1408.222400 1.000000
694.497600 886.476800 696.009600 2122.464000 1.000000
640.083200 412.556800 698.500800 1695.168000 1.000000
638.553600 303.497600 706.972800 1609.440000 1.000000
758.430400 1381.635200 711.550400 2539.808000 1.000000
651.568000 307.179200 718.801600 1610.912000 1.000000
643.660800 189.755200 722.798400 1523.836800 1.000000
728.105600 871.876800 731.372800 2110.848000 1.000000
655.342400 189.328000 732.184000 1523.145600 1.000000
670.892800 249.604800 742.547200 1566.249600 1.000000
685.214400 417.308800 743.078400 1696.672000 1.000000
746.118400 856.601600 752.752000 2092.416000 1.000000
739.675200 707.091200 759.891200 1947.296000 1.000000
700.643200 307.612800 764.091200 1608.992000 1.000000
685.886400 51.901600 776.120000 1397.332800 1.000000
777.881600 890.728000 781.526400 2123.040000 1.000000
714.260800 175.259200 789.560000 1510.819200 1.000000
739.524800 423.432000 793.324800 1697.616000 1.000000
711.833600 107.385120 794.902400 1449.505600 1.000000
785.084800 774.417600 802.419200 1996.832000 1.000000
753.363200 413.667200 807.052800 1687.632000 1.000000
799.304000 832.139200 813.480000 2057.504000 1.000000
763.140800 288.689600 827.172800 1593.160000 1.000000
764.168000 257.897600 829.539200 1568.440000 1.000000
783.953600 421.286400 836.358400 1692.000000 1.000000
778.420800 233.265600 846.009600 1549.705600 1.000000
767.307200 70.586880 848.398400 1408.840000 1.000000
853.516800 848.019200 861.478400 2069.792000 1.000000
857.715200 862.188800 865.222400 2086.256000 1.000000
813.790400 414.473600 865.972800 1684.544000 1.000000
815.832000 425.769600 866.048000 1693.344000 1.000000
906.585600 1300.048000 883.435200 2435.104000 1.000000
808.734400 69.268800 887.595200 1404.523200 1.000000
833.680000 252.716800 895.016000 1562.969600 1.000000
852.588800 313.523200 910.542400 1604.672000 1.000000
860.844800 306.164800 918.534400 1599.155200 1.000000
863.604800 294.988800 921.968000 1588.656000 1.000000
918.160000 888.112000 923.953600 2107.216000 1.000000
952.697600 1296.580800 933.220800 2430.560000 1.000000
951.321600 1273.833600 933.387200 2407.360000 1.000000
955.566400 1268.142400 939.905600 2400.304000 1.000000
930.876800 846.969600 940.385600 2063.440000 1.000000
896.931200 445.732800 941.824000 1706.944000 1.000000
961.009600 1277.513600 944.664000 2410.384000 1.000000
967.281600 1316.355200 945.809600 2452.064000 1.000000
927.073600 683.744000 950.859200 1906.768000 1.000000
907.731200 444.617600 952.366400 1704.256000 1.000000
879.616000 21.770240 956.673600 1358.156800 1.000000
907.076800 275.833600 957.784000 1573.304000 1.000000
982.016000 1298.148800 964.017600 2432.016000 1.000000
929.982400 580.326400 964.513600 1812.896000 1.000000
968.140800 997.987200 968.886400 2199.664000 1.000000
973.673600 990.768000 974.500800 2191.104000 1.000000
942.155200 575.854400 976.355200 1810.032000 1.000000
978.156800 999.864000 979.169600 2200.672000 1.000000
972.908800 934.521600 979.310400 2136.192000 1.000000
952.224000 608.627200 983.496000 1836.064000 1.000000
947.371200 438.505600 990.612800 1695.232000 1.000000
967.601600 659.164800 996.209600 1880.240000 1.000000
1024.675200 1335.344000 1005.636800 2471.040000 1.000000
977.166400 636.723200 1006.244800 1858.640000 1.000000
1024.155200 1279.832000 1011.211200 2409.424000 1.000000
953.564800 134.179360 1015.252800 1454.580800 1.000000
1022.843200 1115.171200 1018.945600 2283.216000 1.000000
1043.798400 1282.318400 1033.544000 2409.328000 1.000000
1028.812800 902.374400 1037.230400 2105.568000 1.000000
1040.035200 957.142400 1042.801600 2165.664000 1.000000
994.195200 205.921600 1047.291200 1515.379200 1.000000
1044.305600 917.241600 1051.600000 2120.240000 1.000000
1044.931200 937.515200 1051.785600 2139.280000 1.000000
1046.393600 869.931200 1056.995200 2077.728000 1.000000
1049.123200 905.833600 1057.716800 2108.176000 1.000000
1023.900800 416.476800 1063.875200 1673.696000 1.000000
1017.176000 86.480000 1076.835200 1403.939200 1.000000
1034.764800 305.966400 1082.264000 1587.870400 1.000000
1070.716800 722.566400 1091.619200 1931.216000 1.000000
1036.769600 146.959680 1092.761600 1453.720000 1.000000
1057.729600 165.304000 1109.246400 1476.360000 1.000000
1073.088000 425.684800 1111.502400 1678.000000 1.000000
1065.468800 236.518400 1113.632000 1534.532800 1.000000
1102.664000 838.273600 1116.350400 2038.976000 1.000000
1073.875200 309.075200 1117.606400 1587.947200 1.000000
1113.292800 967.208000 1122.368000 2150.432000 1.000000
1113.136000 833.412800 1126.913600 2034.816000 1.000000
1091.204800 411.584000 1128.953600 1663.360000 1.000000
1103.214400 418.752000 1140.700800 1668.192000 1.000000
1124.353600 743.153600 1144.867200 1944.784000 1.000000
1116.878400 419.067200 1152.352000 1667.936000 1.000000
1114.233600 288.604800 1155.968000 1570.632000 1.000000
1114.752000 278.409600 1156.948800 1562.968000 1.000000
1130.150400 424.180800 1165.880000 1671.264000 1.000000
1136.467200 412.779200 1170.382400 1661.760000 1.000000
1131.854400 281.512000 1171.856000 1564.092800 1.000000
1132.886400 243.684800 1174.417600 1536.916800 1.000000
1136.012800 270.491200 1177.121600 1555.918400 1.000000
1142.987200 350.582400 1179.254400 1614.416000 1.000000
1157.283200 363.779200 1193.609600 1623.168000 1.000000
1163.540800 419.417600 1197.136000 1665.712000 1.000000
1166.840000 260.806400 1205.702400 1547.387200 1.000000
1174.315200 353.662400 1207.254400 1614.304000 1.000000
1170.856000 250.080000 1208.920000 1538.780800 1.000000
1176.673600 422.643200 1209.208000 1667.616000 1.000000
1180.345600 320.369600 1214.704000 1589.942400 1.000000
1184.865600 411.929600 1215.880000 1657.664000 1.000000
1199.750400 726.560000 1220.088000 1923.248000 1.000000
1204.867200 750.926400 1222.796800 1946.256000 1.000000
1204.894400 738.806400 1222.960000 1934.512000 1.000000
1190.990400 372.760000 1224.660800 1628.192000 1.000000
1199.902400 313.580800 1234.392000 1583.459200 1.000000
1202.324800 331.235200 1235.387200 1596.177600 1.000000
1195.374400 37.613760 1240.068800 1350.326400 1.000000
1211.651200 415.822400 1242.419200 1659.696000 1.000000
1204.819200 67.208960 1246.968000 1375.596800 1.000000
1219.225600 359.748800 1250.993600 1616.208000 1.000000
1228.289600 412.715200 1258.881600 1654.448000 1.000000
1222.080000 90.311200 1262.131200 1394.329600 1.000000
1231.713600 357.776000 1263.323200 1615.328000 1.000000
1236.353600 346.604800 1267.195200 1604.576000 1.000000
1248.753600 282.860800 1279.657600 1558.222400 1.000000
1245.836800 147.016320 1282.105600 1440.118400 1.000000
1246.260800 78.256800 1285.982400 1383.036800 1.000000
1252.956800 167.172800 1287.555200 1458.480000 1.000000
1257.105600 276.945600 1287.868800 1554.092800 1.000000
1258.924800 268.094400 1290.856000 1546.958400 1.000000
1261.558400 190.089600 1296.968000 1476.393600 1.000000
1285.662400 1191.196800 1297.251200 2353.088000 1.000000
1289.870400 729.484800 1307.465600 1957.376000 1.000000
1273.971200 86.841280 1308.616000 1386.940800 1.000000
1284.196800 340.950400 1311.542400 1597.403200 1.000000
1283.856000 285.041600 1312.054400 1557.827200 1.000000
1290.427200 263.204800 1317.651200 1539.532800 1.000000
1295.974400 148.155840 1327.497600 1439.179200 1.000000
1320.273600 317.252800 1344.300800 1579.214400 1.000000
1324.646400 165.188800 1352.804800 1452.956800 1.000000
1323.841600 266.376000 1353.038400 1540.625600 1.000000
1328.435200 149.179200 1357.856000 1435.547200 1.000000
1349.844800 698.286400 1363.488000 1916.800000 1.000000
1361.467200 293.924800 1385.124800 1559.304000 1.000000
1362.140800 175.305600 1386.499200 1457.540800 1.000000
1364.692800 271.140800 1386.908800 1542.172800 1.000000
1365.534400 116.275520 1388.859200 1403.804800 1.000000
1366.267200 207.188800 1389.723200 1484.225600 1.000000
1375.169600 353.902400 1396.916800 1602.320000 1.000000
1376.435200 157.170240 1400.852800 1440.556800 1.000000
1394.204800 286.993600 1414.689600 1552.924800 1.000000
1403.451200 960.486400 1414.838400 2160.656000 1.000000
1393.641600 131.132480 1415.020800 1416.228800 1.000000
1405.563200 356.110400 1425.430400 1601.984000 1.000000
1403.246400 259.742400 1425.568000 1530.497600 1.000000
1426.912000 112.208960 1446.052800 1396.984000 1.000000
1432.104000 356.147200 1450.928000 1601.696000 1.000000
1436.848000 1092.416000 1454.696000 2232.224000 1.000000
1437.795200 1084.873600 1455.334400 2225.184000 1.000000
1442.396800 326.420800 1458.504000 1577.523200 1.000000
1460.166400 849.480000 1462.886400 2056.816000 1.000000
1447.433600 372.547200 1463.460800 1612.096000 1.000000
1448.761600 119.932480 1464.988800 1402.083200 1.000000
1453.321600 265.188800 1469.321600 1532.032000 1.000000
1456.150400 278.945600 1471.800000 1542.630400 1.000000
1459.870400 290.203200 1477.020800 1551.547200 1.000000
1467.785600 352.155200 1482.608000 1595.169600 1.000000
1473.144000 324.961600 1486.019200 1573.680000 1.000000
1482.275200 20.148160 1495.803200 1313.092800 1.000000
1492.371200 289.379200 1504.512000 1548.910400 1.000000
1481.563200 876.848000 1505.889600 2081.168000 1.000000
1499.465600 274.984000 1510.692800 1536.976000 1.000000
1499.408000 29.876480 1510.803200 1320.795200 1.000000
1530.987200 79.008800 1537.488000 1360.113600 1.000000
1532.099200 364.832000 1542.286400 1601.200000 1.000000
1543.828800 78.944800 1550.584000 1358.766400 1.000000
1545.956800 36.117440 1550.998400 1323.081600 1.000000
1563.865600 316.969600 1570.134400 1563.764800 1.000000
1574.235200 1154.646400 1601.088000 2282.016000 1.000000
1580.499200 1145.553600 1608.080000 2273.696000 1.000000
1614.016000 169.624000 1613.216000 1432.291200 1.000000
1616.352000 295.820800 1618.080000 1545.240000 1.000000
1624.912000 241.483200 1623.872000 1494.768000 1.000000
1651.120000 221.812800 1647.728000 1475.515200 1.000000
1655.424000 207.902400 1650.928000 1461.688000 1.000000
1672.800000 321.097600 1670.592000 1561.776000 1.000000
1685.232000 268.140800 1679.136000 1516.425600 1.000000
1684.768000 296.545600 1680.736000 1542.001600 1.000000
1700.160000 265.406400 1693.808000 1510.270400 1.000000
1701.936000 276.947200 1696.544000 1522.035200 1.000000
1717.664000 188.300800 1703.232000 1442.542400 1.000000
1774.320000 285.816000 1713.088000 1521.481600 1.000000
1686.288000 1131.412800 1716.064000 2252.528000 1.000000
1741.776000 281.958400 1730.912000 1523.998400 1.000000
1744.368000 538.779200 1742.528000 1762.112000 1.000000
1747.376000 629.745600 1752.688000 1834.800000 1.000000
1740.800000 839.070400 1752.880000 2031.808000 1.000000
1743.680000 814.504000 1753.232000 2007.056000 1.000000
1738.000000 955.529600 1754.256000 2135.872000 1.000000
1766.064000 311.195200 1757.168000 1552.675200 1.000000
1747.360000 937.044800 1763.328000 2115.728000 1.000000
1790.880000 155.999040 1769.744000 1404.923200 1.000000
1789.248000 168.315200 1773.264000 1414.278400 1.000000
1697.760000 1847.408000 1774.784000 2963.408000 1.000000
1767.840000 931.380800 1785.504000 2110.096000 1.000000
1782.928000 719.465600 1787.280000 1901.536000 1.000000
1708.016000 1855.568000 1789.328000 2969.936000 1.000000
1744.032000 1284.944000 1792.928000 2373.904000 1.000000
1785.968000 727.833600 1793.408000 1910.448000 1.000000
1759.680000 1136.955200 1795.328000 2251.712000 1.000000
1802.816000 803.019200 1809.856000 1986.080000 1.000000
1834.736000 727.723200 1839.008000 1905.856000 1.000000
1829.440000 810.411200 1839.376000 1990.544000 1.000000
1836.960000 767.854400 1844.608000 1947.904000 1.000000
1881.120000 87.540640 1847.984000 1338.961600 1.000000
1832.048000 903.702400 1848.352000 2074.592000 1.000000
1837.440000 907.876800 1853.360000 2077.088000 1.000000
1860.688000 781.264000 1868.768000 1958.480000 1.000000
1817.600000 1291.918400 1870.768000 2377.216000 1.000000
1859.984000 832.180800 1871.280000 2008.736000 1.000000
1904.112000 167.764800 1873.664000 1406.624000 1.000000
1870.080000 724.464000 1873.856000 1902.672000 1.000000
1865.392000 811.529600 1876.048000 1989.984000 1.000000
1912.384000 200.219200 1880.768000 1434.068800 1.000000
1872.512000 803.656000 1882.496000 1981.504000 1.000000
1889.872000 720.953600 1892.080000 1894.832000 1.000000
1884.560000 791.603200 1893.312000 1965.984000 1.000000
1812.064000 1712.960000 1893.776000 2882.000000 1.000000
1881.184000 941.824000 1900.368000 2104.864000 1.000000
1899.136000 730.203200 1902.160000 1901.184000 1.000000
1846.336000 1297.232000 1903.744000 2379.232000 1.000000
1942.624000 221.955200 1910.368000 1451.196800 1.000000
1861.984000 1290.268800 1920.048000 2374.512000 1.000000
1834.960000 1726.112000 1922.944000 2893.680000 1.000000
1958.384000 235.425600 1924.992000 1461.896000 1.000000
1960.320000 244.806400 1927.840000 1471.177600 1.000000
1843.056000 1723.392000 1930.880000 2891.024000 1.000000
1952.096000 733.064000 1954.848000 1901.968000 1.000000
1995.920000 278.726400 1963.184000 1497.198400 1.000000
1910.000000 1308.948800 1975.264000 2392.976000 1.000000
1909.536000 1352.432000 1977.200000 2442.128000 1.000000
1913.632000 1327.939200 1979.552000 2412.176000 1.000000
1938.320000 1147.342400 1981.552000 2243.856000 1.000000
1894.592000 1687.168000 1987.104000 2847.296000 1.000000
1917.376000 1401.516800 1988.320000 2501.280000 1.000000
1925.008000 1316.008000 1991.248000 2397.904000 1.000000
1951.584000 1115.878400 1995.232000 2215.744000 1.000000
1928.064000 1340.132800 1995.920000 2427.104000 1.000000
1949.776000 1176.315200 1997.744000 2271.776000 1.000000
1927.024000 1369.702400 1998.832000 2461.200000 1.000000
1932.352000 1391.840000 2004.800000 2490.784000 1.000000
1933.808000 1377.616000 2005.440000 2471.424000 1.000000
2051.680000 245.606400 2007.968000 1468.160000 1.000000
2025.952000 554.881600 2010.768000 1729.600000 1.000000
1998.976000 858.228800 2012.048000 2016.224000 1.000000
1954.096000 1271.532800 2018.416000 2349.040000 1.000000
1971.072000 1147.678400 2019.264000 2241.968000 1.000000
2020.192000 738.670400 2020.288000 1901.424000 1.000000
1980.800000 1119.140800 2025.808000 2215.760000 1.000000
2012.272000 904.001600 2028.400000 2055.648000 1.000000
2043.632000 578.257600 2030.112000 1747.968000 1.000000
1919.712000 1828.528000 2037.680000 2921.648000 1.000000
2028.432000 859.606400 2041.280000 2012.048000 1.000000
1990.928000 1202.035200 2042.544000 2286.560000 1.000000
1969.984000 1390.342400 2045.104000 2484.464000 1.000000
1929.792000 1825.296000 2047.488000 2916.816000 1.000000
2038.416000 834.097600 2048.944000 1984.944000 1.000000
1952.368000 1666.864000 2051.936000 2815.312000 1.000000
2105.968000 263.128000 2058.160000 1473.880000 1.000000
2125.360000 50.177120 2059.344000 1292.588800 1.000000
1989.248000 1302.337600 2061.600000 2379.888000 1.000000
2033.792000 1113.577600 2077.776000 2206.048000 1.000000
2140.496000 283.425600 2085.392000 1501.524800 1.000000
2099.792000 651.240000 2090.256000 1804.352000 1.000000
1973.152000 1825.088000 2099.152000 2913.072000 1.000000
2020.496000 1474.708800 2101.376000 2574.720000 1.000000
2011.792000 1582.448000 2106.080000 2707.488000 1.000000
1973.936000 1889.904000 2111.648000 2987.712000 1.000000
2021.504000 1576.036800 2115.424000 2699.520000 1.000000
2021.520000 1585.798400 2118.464000 2710.192000 1.000000
1998.752000 1836.288000 2131.280000 2922.224000 1.000000
1994.464000 1869.712000 2132.704000 2961.184000 1.000000
2197.232000 377.985600 2139.376000 1577.662400 1.000000
2006.736000 1848.480000 2142.144000 2934.624000 1.000000
2007.920000 1863.792000 2146.864000 2953.616000 1.000000
2220.480000 365.790400 2160.096000 1563.953600 1.000000
2077.984000 1395.808000 2166.656000 2484.416000 1.000000
2081.968000 1406.192000 2169.296000 2496.992000 1.000000
2042.912000 1877.920000 2191.216000 2971.584000 1.000000
2074.432000 1835.616000 2222.368000 2912.112000 1.000000
2102.816000 1859.568000 2259.248000 2945.344000 1.000000
2154.656000 1600.192000 2270.704000 2752.000000 1.000000
2113.568000 1867.952000 2272.272000 2954.016000 1.000000
2161.232000 1572.744000 2274.064000 2718.352000 1.000000
2151.792000 1801.280000 2305.376000 2870.416000 1.000000
2141.008000 1889.168000 2307.920000 2977.888000 1.000000
2586.128000 1180.481600 2804.688000 1420.371200 1.000000
