2430.448000 797.532800 8.365856 1869.104000 1.000000
622.996800 1009.585600 788.478400 1306.014400 1.000000
1444.617600 333.851200 838.345600 2816.160000 1.000000
1508.454400 628.508800 1048.801600 1842.160000 1.000000
2035.568000 2770.304000 2047.712000 54.837440 1.000000
2633.584000 1379.750400 2571.952000 1401.494400 1.000000
2625.024000 1275.438400 2577.440000 1445.939200 1.000000
2686.240000 1536.598400 2577.536000 1407.878400 1.000000
2627.104000 1341.883200 2585.312000 1384.332800 1.000000
2588.240000 1891.776000 2757.360000 1232.372800 1.000000
3149.696000 123.304320 3415.440000 121.003360 1.000000
