3111.920000 1710.368000 20.713600 2504.576000 1.000000
1914.816000 1775.040000 2179.920000 550.086400 1.000000
2031.744000 2812.048000 2188.944000 299.483200 1.000000
2050.512000 2552.448000 2290.368000 135.168320 1.000000
2062.096000 2530.864000 2310.560000 118.765760 1.000000
2249.760000 2835.520000 2385.264000 386.577600 1.000000
2217.136000 2642.352000 2433.440000 227.884800 1.000000
2163.328000 2485.424000 2439.232000 106.921600 1.000000
2234.560000 2661.168000 2444.560000 251.006400 1.000000
2194.928000 2510.880000 2460.992000 138.572160 1.000000
2192.848000 2492.192000 2466.576000 125.089760 1.000000
2190.992000 2460.192000 2479.472000 93.322880 1.000000
2229.072000 2495.216000 2508.048000 136.807360 1.000000
2593.776000 1274.564800 2517.952000 1966.064000 1.000000
2567.792000 1097.075200 2610.368000 1847.200000 1.000000
2692.752000 1517.444800 2712.784000 1534.286400 1.000000
2633.584000 1379.750400 2737.232000 1384.144000 1.000000
