1765.824000 2213.072000 2045.984000 69.031040 1.000000
1795.568000 2210.144000 2079.952000 76.616320 1.000000
2031.744000 2812.048000 2144.288000 641.776000 1.000000
2040.304000 2533.696000 2227.296000 463.601600 1.000000
2050.512000 2552.448000 2230.976000 481.920000 1.000000
2059.184000 2556.288000 2237.408000 490.105600 1.000000
1959.952000 2255.008000 2246.608000 159.288960 1.000000
1967.744000 2269.392000 2251.328000 179.160000 1.000000
2035.280000 2301.264000 2309.360000 226.968000 1.000000
2062.032000 2332.656000 2327.536000 263.636800 1.000000
2197.728000 2684.448000 2334.496000 594.408000 1.000000
2021.456000 2175.680000 2342.672000 104.556000 1.000000
2026.688000 2187.088000 2343.104000 113.726720 1.000000
2161.920000 2510.912000 2353.744000 475.713600 1.000000
2163.328000 2485.424000 2366.352000 451.979200 1.000000
2217.136000 2642.352000 2367.296000 567.275200 1.000000
2190.992000 2460.192000 2401.712000 439.051200 1.000000
2237.488000 2528.576000 2422.880000 502.358400 1.000000
2139.392000 2305.776000 2423.536000 256.073600 1.000000
2229.072000 2495.216000 2430.288000 476.664000 1.000000
2151.216000 2279.392000 2443.456000 237.993600 1.000000
2100.640000 2119.024000 2450.928000 83.386240 1.000000
2214.464000 2395.056000 2456.432000 377.921600 1.000000
2242.960000 2451.104000 2460.400000 440.281600 1.000000
2246.256000 2438.928000 2467.088000 431.264000 1.000000
2159.200000 2202.608000 2485.392000 170.556800 1.000000
2177.936000 2224.192000 2494.768000 197.278400 1.000000
2179.136000 2214.528000 2500.848000 189.022400 1.000000
2189.968000 2210.496000 2512.880000 188.635200 1.000000
2195.616000 2225.184000 2515.296000 204.769600 1.000000
2168.080000 2104.688000 2535.008000 88.380960 1.000000
