549.900800 1050.641600 190.742400 2585.936000 1.000000
148.804960 314.630400 320.825600 2654.032000 1.000000
133.107360 85.850880 347.544000 2494.832000 1.000000
260.598400 223.670400 446.128000 2571.712000 1.000000
320.790400 377.920000 481.649600 2677.072000 1.000000
488.232000 368.473600 647.900800 2641.936000 1.000000
489.416000 207.329600 669.067200 2524.320000 1.000000
591.208000 66.318720 785.996800 2379.152000 1.000000
624.499200 320.406400 788.619200 2583.504000 1.000000
763.140800 288.689600 926.052800 2542.944000 1.000000
749.940800 90.956000 932.659200 2368.480000 1.000000
882.302400 366.260800 1039.600000 2573.936000 1.000000
917.336000 125.652800 1083.995200 2371.808000 1.000000
965.104000 702.142400 1100.614400 2864.352000 1.000000
968.326400 94.034720 1134.740800 2325.344000 1.000000
1093.523200 397.268800 1244.761600 2559.424000 1.000000
1095.912000 275.731200 1248.662400 2471.024000 1.000000
1163.540800 419.417600 1312.968000 2565.856000 1.000000
1176.673600 422.643200 1326.912000 2565.344000 1.000000
1222.080000 90.311200 1368.156800 2270.720000 1.000000
1246.260800 78.256800 1389.060800 2255.152000 1.000000
1262.641600 159.880480 1405.726400 2331.120000 1.000000
1283.856000 285.041600 1426.232000 2447.968000 1.000000
1284.196800 340.950400 1427.448000 2484.240000 1.000000
1290.427200 263.204800 1432.233600 2429.216000 1.000000
1319.539200 374.472000 1462.838400 2501.712000 1.000000
1316.569600 400.995200 1463.304000 2522.528000 1.000000
1328.435200 149.179200 1466.094400 2306.544000 1.000000
1320.816000 679.019200 1473.252800 2831.104000 1.000000
1324.646400 165.188800 1481.688000 2025.184000 1.000000
1349.844800 698.286400 1506.062400 2848.224000 1.000000
1422.771200 392.640000 1564.364800 2497.952000 1.000000
1429.027200 286.534400 1566.016000 2424.224000 1.000000
1432.104000 356.147200 1574.427200 2473.184000 1.000000
1448.761600 119.932480 1575.142400 2252.432000 1.000000
1467.785600 352.155200 1608.848000 2460.592000 1.000000
1573.390400 150.156480 1687.856000 2256.848000 1.000000
1563.865600 316.969600 1695.808000 2421.568000 1.000000
1580.460800 252.048000 1702.384000 2363.632000 1.000000
1685.232000 268.140800 1800.672000 2360.624000 1.000000
1700.160000 265.406400 1817.712000 2348.944000 1.000000
1715.744000 208.060800 1823.552000 2285.600000 1.000000
1717.984000 322.275200 1839.440000 2408.384000 1.000000
1746.880000 437.212800 1883.072000 2500.976000 1.000000
1766.064000 311.195200 1885.152000 2391.488000 1.000000
1744.368000 538.779200 1897.408000 2641.344000 1.000000
1823.424000 135.885120 1911.952000 2194.240000 1.000000
1838.528000 90.396960 1918.656000 2146.096000 1.000000
1783.056000 448.340800 1921.712000 2502.832000 1.000000
1723.824000 824.163200 1922.192000 2932.112000 1.000000
1743.680000 814.504000 1940.480000 2917.088000 1.000000
1740.800000 839.070400 1943.312000 2948.976000 1.000000
1773.024000 655.939200 1945.712000 2731.056000 1.000000
1767.264000 764.875200 1956.736000 2842.688000 1.000000
1757.600000 826.230400 1959.664000 2925.024000 1.000000
1748.624000 905.608000 1960.976000 3006.688000 1.000000
1771.408000 777.864000 1965.536000 2854.400000 1.000000
1886.416000 129.193760 1967.680000 2173.008000 1.000000
1774.544000 804.041600 1972.672000 2889.136000 1.000000
1773.488000 819.400000 1977.248000 2908.640000 1.000000
1904.112000 167.764800 1989.680000 2205.696000 1.000000
1912.384000 200.219200 2000.064000 2236.944000 1.000000
1802.816000 803.019200 2002.768000 2882.000000 1.000000
1834.736000 727.723200 2018.944000 2777.376000 1.000000
1829.440000 810.411200 2034.256000 2882.544000 1.000000
1841.888000 841.128000 2054.416000 2910.416000 1.000000
1870.080000 724.464000 2059.024000 2772.464000 1.000000
1860.688000 781.264000 2060.896000 2840.864000 1.000000
1970.048000 264.500800 2064.400000 2295.552000 1.000000
1876.736000 732.392000 2069.472000 2777.584000 1.000000
1859.984000 832.180800 2070.240000 2897.424000 1.000000
2051.680000 245.606400 2137.840000 2256.672000 1.000000
2106.448000 19.674720 2139.952000 2037.536000 1.000000
1991.984000 558.076800 2145.440000 2557.248000 1.000000
2025.952000 554.881600 2181.824000 2547.376000 1.000000
2043.632000 578.257600 2203.072000 2563.984000 1.000000
2140.496000 283.425600 2218.720000 2294.864000 1.000000
1998.976000 858.228800 2229.424000 2884.784000 1.000000
2099.792000 651.240000 2277.520000 2614.320000 1.000000
2136.704000 569.713600 2293.824000 2547.184000 1.000000
