69.231840 1122.777600 28.870240 2211.104000 1.000000
25.442400 742.288000 33.725600 1874.896000 1.000000
114.307040 1380.560000 40.044320 2482.896000 1.000000
57.598080 875.278400 46.176000 2012.976000 1.000000
40.462560 755.995200 47.745120 1887.584000 1.000000
129.165440 1394.507200 51.321760 2497.072000 1.000000
93.003520 1090.382400 57.599520 2178.768000 1.000000
78.019680 875.238400 66.230560 2009.392000 1.000000
91.476960 889.020800 80.227200 2021.744000 1.000000
91.591840 880.070400 81.120800 2013.008000 1.000000
160.808000 1400.396800 83.511200 2504.304000 1.000000
130.382240 1185.931200 84.470080 2272.256000 1.000000
101.517920 884.334400 90.857760 2016.656000 1.000000
111.168640 953.750400 92.563680 2080.304000 1.000000
182.124800 1407.358400 107.614880 2510.944000 1.000000
127.618880 954.921600 109.197440 2080.160000 1.000000
99.971360 745.224000 110.639040 1871.472000 1.000000
119.314880 856.612800 112.663680 1989.552000 1.000000
99.350080 710.225600 114.324800 1833.776000 1.000000
116.899840 795.550400 117.554720 1924.192000 1.000000
108.629600 741.427200 118.970720 1866.816000 1.000000
41.226240 214.537600 122.511680 1358.984000 1.000000
116.943840 765.588800 123.040800 1891.232000 1.000000
198.880000 1414.152000 123.785440 2516.848000 1.000000
160.390400 1108.723200 125.590880 2195.216000 1.000000
133.130560 867.292800 125.706400 1999.296000 1.000000
202.244800 1427.214400 125.858560 2532.784000 1.000000
129.375040 793.841600 131.676800 1921.520000 1.000000
121.184320 723.697600 134.565440 1846.752000 1.000000
140.230880 909.441600 135.002560 2021.296000 1.000000
44.981600 136.010720 136.404480 1288.579200 1.000000
184.763200 1172.939200 137.773120 2261.328000 1.000000
126.511680 740.523200 138.095520 1864.496000 1.000000
75.230080 359.025600 138.628480 1491.062400 1.000000
213.832000 1403.364800 142.269760 2503.264000 1.000000
133.524480 744.148800 143.116640 1866.848000 1.000000
160.995200 924.913600 146.252000 2048.480000 1.000000
217.372800 1392.425600 147.422720 2490.064000 1.000000
167.476800 902.049600 153.394880 2027.904000 1.000000
225.449600 1407.524800 153.476320 2507.536000 1.000000
153.586080 792.350400 155.382880 1917.600000 1.000000
121.412960 558.024000 155.829920 1679.792000 1.000000
138.332320 568.596800 172.153600 1688.464000 1.000000
117.023200 416.838400 172.396800 1545.078400 1.000000
85.655680 167.724800 173.731200 1314.155200 1.000000
109.146880 324.368000 175.806400 1456.414400 1.000000
261.948800 1533.158400 176.148800 2651.392000 1.000000
248.488000 1402.993600 179.096000 2499.824000 1.000000
174.916800 800.960000 179.419200 1924.640000 1.000000
259.710400 1466.374400 182.433600 2581.008000 1.000000
193.086400 862.344000 184.724800 1987.888000 1.000000
170.243200 682.576000 189.648000 1799.536000 1.000000
207.708800 942.542400 191.556800 2061.520000 1.000000
185.094400 776.116800 192.641600 1895.328000 1.000000
174.400000 662.753600 196.403200 1778.496000 1.000000
217.446400 963.000000 199.254400 2080.384000 1.000000
225.022400 1015.683200 200.777600 2129.584000 1.000000
288.448000 1502.251200 209.067200 2613.120000 1.000000
232.636800 994.308800 210.660800 2108.864000 1.000000
229.182400 957.017600 213.936000 2074.080000 1.000000
285.184000 1409.494400 216.579200 2505.344000 1.000000
162.568000 393.171200 218.211200 1515.420800 1.000000
287.307200 1422.072000 218.801600 2521.360000 1.000000
288.361600 1417.209600 219.721600 2514.816000 1.000000
236.012800 928.507200 224.000000 2046.496000 1.000000
287.422400 1373.548800 225.897600 2462.944000 1.000000
255.089600 1052.644800 228.659200 2160.896000 1.000000
297.905600 1420.851200 229.180800 2518.896000 1.000000
156.870720 261.836800 229.187200 1394.494400 1.000000
292.777600 1376.185600 230.915200 2465.728000 1.000000
222.452800 717.892800 235.798400 1831.424000 1.000000
231.345600 779.374400 237.278400 1895.680000 1.000000
222.129600 708.835200 237.844800 1822.320000 1.000000
324.441600 1493.742400 248.944000 2605.472000 1.000000
260.000000 888.680000 251.772800 2008.656000 1.000000
278.910400 1067.585600 253.720000 2172.912000 1.000000
324.078400 1422.358400 258.659200 2519.216000 1.000000
199.924800 310.436800 265.520000 1436.446400 1.000000
259.736000 786.361600 266.120000 1900.416000 1.000000
264.347200 806.177600 267.534400 1921.696000 1.000000
296.296000 1076.747200 268.782400 2179.728000 1.000000
206.739200 335.254400 269.064000 1458.025600 1.000000
248.980800 660.371200 271.672000 1770.880000 1.000000
268.408000 791.768000 274.427200 1904.768000 1.000000
338.678400 1416.267200 274.688000 2510.544000 1.000000
309.086400 1104.702400 279.532800 2205.920000 1.000000
254.808000 612.905600 283.833600 1725.456000 1.000000
224.689600 347.136000 284.622400 1466.457600 1.000000
306.441600 1005.660800 286.761600 2112.768000 1.000000
310.619200 1026.443200 287.932800 2132.672000 1.000000
301.499200 928.104000 289.345600 2042.048000 1.000000
317.030400 1055.547200 293.382400 2158.096000 1.000000
217.382400 251.176000 293.550400 1378.888000 1.000000
223.384000 232.017600 297.422400 1360.681600 1.000000
222.531200 198.435200 299.126400 1332.272000 1.000000
323.214400 1022.761600 300.984000 2128.096000 1.000000
332.216000 1093.422400 304.267200 2193.072000 1.000000
233.044800 241.766400 304.760000 1369.329600 1.000000
297.299200 778.963200 305.764800 1890.448000 1.000000
328.361600 1038.720000 305.980800 2142.960000 1.000000
304.713600 851.792000 308.128000 1968.608000 1.000000
216.785600 75.021280 308.974400 1220.892800 1.000000
337.172800 1074.849600 310.260800 2175.056000 1.000000
322.396800 945.089600 312.731200 2055.136000 1.000000
322.131200 926.240000 312.955200 2038.208000 1.000000
247.027200 219.544000 321.508800 1348.897600 1.000000
429.012800 1874.560000 321.771200 2982.528000 1.000000
347.563200 1058.112000 324.558400 2158.608000 1.000000
436.153600 1861.872000 332.601600 2966.992000 1.000000
268.540800 260.281600 333.132800 1381.068800 1.000000
352.582400 1000.478400 335.697600 2107.632000 1.000000
355.384000 1023.854400 336.715200 2125.584000 1.000000
368.073600 1116.784000 337.804800 2215.456000 1.000000
443.230400 1863.024000 340.044800 2967.600000 1.000000
252.841600 76.122240 341.764800 1219.409600 1.000000
446.832000 1871.200000 341.948800 2978.064000 1.000000
358.828800 1028.787200 341.955200 2130.768000 1.000000
448.304000 1858.336000 345.420800 2961.648000 1.000000
370.657600 1030.712000 354.112000 2131.952000 1.000000
268.009600 86.996960 355.612800 1228.769600 1.000000
261.590400 29.968960 355.742400 1178.857600 1.000000
339.236800 723.057600 355.828800 1828.016000 1.000000
379.339200 1003.683200 364.851200 2104.992000 1.000000
395.966400 1119.355200 366.548800 2214.832000 1.000000
282.440000 108.008480 368.112000 1244.539200 1.000000
466.019200 1843.296000 368.792000 2943.312000 1.000000
312.144000 149.349920 390.500800 1280.491200 1.000000
387.318400 814.118400 394.496000 1918.992000 1.000000
416.001600 1049.275200 399.736000 2147.728000 1.000000
316.422400 108.744320 399.836800 1243.104000 1.000000
495.321600 1835.952000 401.097600 2932.048000 1.000000
378.033600 624.246400 401.472000 1727.392000 1.000000
435.036800 1133.548800 407.668800 2227.792000 1.000000
416.212800 905.579200 409.414400 2011.568000 1.000000
426.465600 1029.064000 409.811200 2125.472000 1.000000
424.334400 995.208000 410.232000 2094.752000 1.000000
421.281600 965.369600 411.176000 2066.832000 1.000000
325.180800 44.071040 413.963200 1185.960000 1.000000
338.209600 134.055040 418.376000 1263.662400 1.000000
447.238400 1116.496000 421.624000 2207.440000 1.000000
433.238400 964.820800 423.129600 2065.120000 1.000000
448.704000 1087.928000 425.404800 2179.120000 1.000000
471.476800 1371.996800 426.212800 2471.264000 1.000000
420.892800 794.105600 428.944000 1894.304000 1.000000
423.523200 805.288000 430.841600 1907.072000 1.000000
485.216000 1326.472000 437.046400 2418.096000 1.000000
412.523200 637.624000 438.249600 1735.216000 1.000000
398.422400 508.494400 439.560000 1608.352000 1.000000
429.646400 781.054400 440.507200 1881.920000 1.000000
499.857600 1406.726400 444.508800 2508.048000 1.000000
505.129600 1453.348800 449.630400 2558.928000 1.000000
509.804800 1446.686400 451.384000 2547.632000 1.000000
413.398400 519.020800 454.276800 1616.784000 1.000000
468.489600 1042.196800 456.316800 2137.056000 1.000000
449.620800 818.368000 457.387200 1917.664000 1.000000
458.819200 870.755200 458.801600 1973.984000 1.000000
487.328000 1131.878400 461.441600 2221.392000 1.000000
548.521600 1848.768000 461.606400 2945.088000 1.000000
378.049600 82.804800 462.457600 1213.833600 1.000000
506.568000 1298.440000 467.553600 2391.040000 1.000000
385.900800 40.143840 472.056000 1177.240000 1.000000
395.164800 150.264800 474.520000 1274.060800 1.000000
499.755200 1092.267200 478.441600 2178.528000 1.000000
543.496000 1527.067200 479.380800 2641.616000 1.000000
420.689600 313.329600 481.910400 1419.739200 1.000000
469.841600 773.873600 482.019200 1869.456000 1.000000
550.785600 1532.561600 485.168000 2647.408000 1.000000
457.315200 640.452800 485.662400 1734.256000 1.000000
504.764800 1077.900800 486.468800 2163.600000 1.000000
480.804800 825.393600 487.236800 1921.600000 1.000000
508.862400 1098.147200 487.457600 2184.336000 1.000000
553.580800 1528.041600 490.040000 2642.208000 1.000000
555.961600 1559.640000 491.136000 2681.792000 1.000000
500.419200 1010.936000 491.358400 2101.936000 1.000000
494.496000 896.164800 493.428800 1992.416000 1.000000
517.891200 1116.430400 493.528000 2200.832000 1.000000
437.022400 329.300800 496.238400 1434.067200 1.000000
563.264000 1500.966400 499.294400 2609.952000 1.000000
475.510400 659.582400 500.632000 1751.376000 1.000000
561.723200 1510.140800 500.732800 2620.720000 1.000000
493.814400 798.988800 502.112000 1893.792000 1.000000
569.819200 1483.440000 511.147200 2587.904000 1.000000
535.499200 1131.216000 513.091200 2216.112000 1.000000
438.568000 146.264960 515.392000 1266.763200 1.000000
491.968000 659.862400 515.672000 1751.120000 1.000000
577.764800 1519.179200 517.886400 2629.680000 1.000000
537.897600 1100.315200 518.049600 2184.512000 1.000000
510.192000 805.595200 519.486400 1896.832000 1.000000
506.049600 764.985600 519.918400 1857.312000 1.000000
584.476800 1540.915200 522.364800 2654.544000 1.000000
501.160000 668.176000 526.966400 1757.808000 1.000000
586.329600 1511.174400 527.835200 2619.984000 1.000000
552.041600 1132.672000 528.137600 2216.448000 1.000000
502.862400 660.555200 528.664000 1750.352000 1.000000
488.438400 488.062400 530.750400 1581.059200 1.000000
523.331200 784.496000 535.718400 1874.000000 1.000000
478.312000 303.937600 538.726400 1408.089600 1.000000
541.604800 916.518400 540.720000 2009.568000 1.000000
525.361600 743.969600 541.777600 1831.376000 1.000000
547.771200 961.547200 542.321600 2052.672000 1.000000
604.788800 1526.825600 546.260800 2634.528000 1.000000
608.246400 1535.849600 548.510400 2646.832000 1.000000
549.529600 897.859200 549.580800 1994.160000 1.000000
524.553600 638.580800 551.352000 1726.832000 1.000000
527.547200 674.505600 551.512000 1762.576000 1.000000
579.811200 1126.736000 558.801600 2205.632000 1.000000
529.427200 611.337600 560.292800 1698.384000 1.000000
539.451200 678.348800 562.396800 1765.968000 1.000000
616.001600 1457.172800 564.649600 2551.408000 1.000000
618.500800 1479.371200 566.241600 2579.280000 1.000000
588.563200 1102.289600 567.763200 2180.960000 1.000000
588.819200 1081.254400 571.017600 2160.016000 1.000000
624.987200 1502.443200 571.435200 2606.240000 1.000000
558.358400 753.542400 573.022400 1842.976000 1.000000
631.422400 1520.368000 575.475200 2626.160000 1.000000
559.267200 716.131200 576.174400 1803.232000 1.000000
635.691200 1546.932800 578.163200 2657.584000 1.000000
503.932800 105.721280 578.529600 1226.515200 1.000000
584.675200 958.414400 578.956800 2048.336000 1.000000
592.412800 1030.492800 580.008000 2114.336000 1.000000
506.132800 149.798720 580.481600 1265.182400 1.000000
603.844800 1122.158400 584.236800 2198.288000 1.000000
640.403200 1523.049600 586.121600 2628.672000 1.000000
533.214400 367.846400 586.844800 1463.779200 1.000000
602.875200 1087.097600 586.979200 2164.544000 1.000000
639.545600 1463.601600 589.516800 2559.152000 1.000000
598.243200 993.059200 590.371200 2078.384000 1.000000
641.705600 1475.844800 591.612800 2573.408000 1.000000
612.627200 1131.158400 593.980800 2208.640000 1.000000
617.572800 1108.164800 600.694400 2183.088000 1.000000
584.081600 691.393600 605.548800 1776.112000 1.000000
614.056000 1013.867200 605.870400 2094.912000 1.000000
611.484800 975.425600 605.958400 2059.776000 1.000000
609.360000 933.427200 606.238400 2021.872000 1.000000
627.355200 1114.014400 609.630400 2190.736000 1.000000
636.025600 1123.948800 618.544000 2198.752000 1.000000
627.944000 1044.316800 621.371200 2119.760000 1.000000
637.147200 1075.960000 623.945600 2150.624000 1.000000
627.404800 914.812800 626.729600 2003.152000 1.000000
632.449600 970.027200 628.473600 2052.128000 1.000000
640.873600 1001.244800 632.977600 2081.472000 1.000000
649.888000 1076.763200 636.715200 2149.952000 1.000000
646.699200 994.497600 639.881600 2074.064000 1.000000
648.283200 1008.387200 641.126400 2086.544000 1.000000
658.062400 1076.025600 644.657600 2148.720000 1.000000
621.616000 659.278400 647.760000 1738.896000 1.000000
696.859200 1498.652800 648.928000 2597.008000 1.000000
663.825600 1102.452800 649.531200 2173.376000 1.000000
668.785600 1078.924800 656.393600 2150.992000 1.000000
659.606400 941.001600 659.736000 2023.920000 1.000000
676.542400 1109.739200 661.564800 2180.352000 1.000000
666.321600 972.833600 662.745600 2051.840000 1.000000
596.356800 150.260800 665.633600 1262.166400 1.000000
688.300800 1140.211200 671.566400 2211.072000 1.000000
688.073600 1123.110400 671.974400 2195.392000 1.000000
684.073600 1026.216000 675.747200 2100.096000 1.000000
688.793600 956.022400 687.596800 2033.744000 1.000000
686.108800 926.094400 687.846400 2007.616000 1.000000
642.688000 435.817600 689.656000 1519.438400 1.000000
672.216000 753.243200 689.825600 1827.824000 1.000000
678.267200 797.040000 691.233600 1872.192000 1.000000
697.144000 1007.176000 691.454400 2081.264000 1.000000
697.131200 981.864000 692.270400 2058.416000 1.000000
646.412800 418.764800 694.600000 1502.696000 1.000000
697.992000 932.059200 698.419200 2012.496000 1.000000
751.161600 1540.998400 702.240000 2640.752000 1.000000
634.240000 99.323360 704.278400 1213.400000 1.000000
719.905600 1076.924800 709.678400 2144.400000 1.000000
671.670400 467.638400 714.859200 1547.976000 1.000000
773.467200 1615.264000 724.188800 2721.488000 1.000000
740.252800 1140.496000 724.289600 2206.768000 1.000000
663.272000 177.539200 727.560000 1279.393600 1.000000
742.313600 1132.300800 728.104000 2197.200000 1.000000
737.291200 1041.248000 728.297600 2109.488000 1.000000
743.488000 1117.624000 730.788800 2182.400000 1.000000
746.054400 1145.030400 731.313600 2210.912000 1.000000
723.209600 850.099200 731.899200 1923.616000 1.000000
733.795200 1013.540800 732.676800 2083.072000 1.000000
690.164800 393.416000 738.702400 1475.766400 1.000000
689.369600 373.265600 738.944000 1456.438400 1.000000
790.014400 1613.712000 741.206400 2720.640000 1.000000
788.955200 1559.118400 745.126400 2659.808000 1.000000
758.828800 1136.480000 745.481600 2201.392000 1.000000
751.089600 1027.204800 745.625600 2095.840000 1.000000
699.988800 426.987200 745.808000 1510.088000 1.000000
696.120000 365.833600 745.992000 1449.585600 1.000000
699.080000 385.776000 747.350400 1467.740800 1.000000
749.243200 954.404800 749.126400 2027.392000 1.000000
753.614400 948.939200 751.804800 2023.888000 1.000000
706.372800 419.705600 753.987200 1500.464000 1.000000
706.505600 372.601600 755.481600 1454.961600 1.000000
759.614400 977.857600 758.316800 2049.312000 1.000000
749.536000 841.718400 758.832000 1912.336000 1.000000
778.492800 1134.696000 764.145600 2196.848000 1.000000
774.531200 1114.188800 764.560000 2172.176000 1.000000
706.878400 213.499200 766.702400 1310.830400 1.000000
710.316800 231.356800 768.737600 1326.908800 1.000000
761.094400 803.222400 772.840000 1870.592000 1.000000
773.454400 978.518400 774.566400 2047.072000 1.000000
782.484800 1058.411200 775.556800 2120.928000 1.000000
767.966400 854.246400 777.868800 1923.904000 1.000000
782.516800 1036.358400 778.854400 2100.928000 1.000000
788.225600 1087.630400 780.528000 2149.120000 1.000000
824.924800 1618.912000 780.672000 2718.784000 1.000000
824.084800 1517.065600 785.731200 2605.056000 1.000000
741.923200 408.366400 787.036800 1485.288000 1.000000
797.217600 1115.782400 788.608000 2175.424000 1.000000
785.838400 925.760000 790.369600 1997.648000 1.000000
796.360000 1037.176000 790.828800 2099.392000 1.000000
828.979200 1511.910400 792.251200 2599.712000 1.000000
802.401600 1072.868800 795.264000 2136.272000 1.000000
797.484800 965.011200 798.420800 2034.112000 1.000000
798.257600 976.051200 798.724800 2044.048000 1.000000
807.708800 1048.433600 803.350400 2110.544000 1.000000
838.529600 1397.304000 810.342400 2470.736000 1.000000
813.448000 996.132800 815.955200 2061.392000 1.000000
821.116800 1056.022400 817.600000 2114.928000 1.000000
857.316800 1565.620800 819.092800 2660.256000 1.000000
802.812800 774.747200 819.540800 1836.768000 1.000000
856.502400 1514.281600 822.964800 2601.536000 1.000000
824.966400 1012.806400 825.286400 2074.976000 1.000000
829.369600 1003.382400 828.424000 2065.392000 1.000000
831.499200 957.928000 832.760000 2024.272000 1.000000
872.204800 1523.592000 837.486400 2612.656000 1.000000
840.948800 1003.307200 841.297600 2064.896000 1.000000
846.313600 1059.308800 843.488000 2115.792000 1.000000
851.987200 1049.112000 848.078400 2106.416000 1.000000
883.563200 1544.491200 851.574400 2631.776000 1.000000
849.238400 945.624000 852.523200 2011.440000 1.000000
849.265600 875.649600 856.273600 1937.840000 1.000000
883.499200 1400.809600 857.971200 2470.224000 1.000000
846.868800 817.867200 863.046400 1875.760000 1.000000
817.452800 281.160000 866.278400 1363.019200 1.000000
904.672000 1609.392000 869.102400 2700.016000 1.000000
808.880000 77.162080 871.800000 1182.412800 1.000000
832.102400 426.339200 871.963200 1494.368000 1.000000
845.243200 625.452800 872.182400 1683.920000 1.000000
851.035200 703.256000 872.963200 1758.976000 1.000000
874.812800 999.782400 874.192000 2059.072000 1.000000
846.211200 613.280000 874.816000 1673.824000 1.000000
871.793600 947.558400 874.966400 2011.680000 1.000000
858.371200 715.227200 878.920000 1770.576000 1.000000
863.299200 738.331200 881.521600 1793.840000 1.000000
833.176000 273.705600 883.912000 1353.172800 1.000000
834.795200 311.752000 884.016000 1389.852800 1.000000
866.886400 756.456000 884.808000 1811.600000 1.000000
918.728000 1596.291200 886.361600 2683.040000 1.000000
872.363200 807.617600 886.745600 1862.048000 1.000000
894.308800 1130.580800 888.334400 2180.416000 1.000000
852.488000 498.940800 889.088000 1562.104000 1.000000
845.780800 338.214400 891.572800 1412.787200 1.000000
892.289600 1017.953600 892.126400 2072.912000 1.000000
897.342400 1113.534400 892.768000 2160.640000 1.000000
898.521600 1095.065600 894.112000 2147.792000 1.000000
928.003200 1587.280000 894.217600 2673.360000 1.000000
927.852800 1650.048000 894.593600 2748.784000 1.000000
854.038400 409.958400 895.944000 1477.137600 1.000000
881.345600 800.816000 896.771200 1855.792000 1.000000
845.576000 273.505600 896.785600 1353.390400 1.000000
906.412800 1140.076800 900.620800 2189.968000 1.000000
883.985600 746.419200 903.545600 1798.512000 1.000000
881.886400 676.792000 905.550400 1731.744000 1.000000
903.188800 961.033600 905.641600 2020.928000 1.000000
898.668800 810.611200 906.408000 1863.280000 1.000000
939.942400 1669.584000 906.435200 2773.760000 1.000000
895.688000 848.628800 907.216000 1902.560000 1.000000
897.824000 862.888000 909.084800 1918.192000 1.000000
914.859200 1119.003200 910.454400 2166.128000 1.000000
891.656000 758.556800 910.568000 1810.336000 1.000000
909.590400 1034.308800 910.587200 2086.784000 1.000000
896.609600 768.275200 912.220800 1821.024000 1.000000
912.835200 1009.275200 915.531200 2062.976000 1.000000
903.040000 841.201600 915.580800 1893.840000 1.000000
875.972800 448.232000 915.753600 1510.132800 1.000000
900.072000 782.817600 916.470400 1834.784000 1.000000
921.089600 1136.220800 916.675200 2183.216000 1.000000
866.088000 214.088000 918.083200 1298.643200 1.000000
919.732800 1024.276800 918.483200 2078.512000 1.000000
948.995200 1614.640000 918.745600 2701.024000 1.000000
907.492800 856.539200 919.089600 1909.376000 1.000000
904.603200 702.758400 926.532800 1754.480000 1.000000
926.379200 962.009600 929.232000 2019.344000 1.000000
926.940800 991.067200 931.284800 2046.256000 1.000000
929.187200 978.203200 935.209600 2033.872000 1.000000
960.121600 1515.006400 936.160000 2591.168000 1.000000
930.076800 842.286400 940.179200 1894.928000 1.000000
968.806400 1675.872000 940.715200 2778.688000 1.000000
931.244800 880.142400 941.246400 1932.992000 1.000000
924.916800 753.296000 942.497600 1802.976000 1.000000
948.441600 1152.614400 943.636800 2199.280000 1.000000
946.188800 1063.315200 945.780800 2109.040000 1.000000
952.768000 1161.323200 945.920000 2211.392000 1.000000
938.505600 856.744000 948.700800 1908.512000 1.000000
981.492800 1848.032000 954.030400 2918.416000 1.000000
979.246400 1466.584000 959.846400 2527.328000 1.000000
981.636800 1515.532800 960.740800 2591.248000 1.000000
960.849600 994.289600 963.870400 2045.952000 1.000000
966.734400 966.011200 971.171200 2020.016000 1.000000
953.600000 744.908800 973.740800 1790.336000 1.000000
972.856000 1007.673600 975.891200 2058.144000 1.000000
997.180800 1519.054400 976.054400 2593.408000 1.000000
981.340800 1052.857600 983.299200 2098.256000 1.000000
987.449600 1102.020800 986.731200 2141.104000 1.000000
978.523200 849.897600 991.252800 1895.776000 1.000000
998.985600 1072.206400 998.884800 2117.456000 1.000000
998.872000 1045.254400 1000.912000 2089.872000 1.000000
1003.524800 1129.729600 1006.232000 2170.672000 1.000000
989.696000 783.737600 1006.657600 1826.784000 1.000000
1020.483200 1132.540800 1020.745600 2169.648000 1.000000
1022.460800 1156.374400 1021.609600 2195.376000 1.000000
1035.696000 1352.342400 1025.513600 2395.408000 1.000000
1022.843200 1027.780800 1026.675200 2073.216000 1.000000
1038.744000 1254.433600 1035.380800 2291.712000 1.000000
1022.043200 799.982400 1037.657600 1839.904000 1.000000
1044.632000 1286.593600 1040.424000 2324.544000 1.000000
1037.264000 969.891200 1042.516800 2016.880000 1.000000
1018.566400 515.982400 1048.748800 1561.147200 1.000000
1053.288000 1273.000000 1049.708800 2309.200000 1.000000
1037.308800 837.396800 1050.651200 1874.928000 1.000000
1057.452800 1260.636800 1055.209600 2296.496000 1.000000
1051.902400 965.886400 1057.596800 2011.504000 1.000000
1060.691200 1149.638400 1061.836800 2184.048000 1.000000
1078.907200 1573.065600 1064.628800 2636.736000 1.000000
1080.246400 1558.947200 1067.259200 2620.304000 1.000000
1068.326400 1146.811200 1069.680000 2180.416000 1.000000
1060.244800 905.752000 1070.235200 1947.776000 1.000000
1067.380800 1123.857600 1071.614400 2158.112000 1.000000
1082.886400 1452.800000 1074.476800 2500.032000 1.000000
1079.496000 1311.081600 1076.041600 2350.304000 1.000000
1066.313600 871.192000 1077.246400 1907.840000 1.000000
1075.116800 975.321600 1079.664000 2016.800000 1.000000
1097.211200 1674.512000 1088.089600 2766.240000 1.000000
1082.148800 995.782400 1088.852800 2034.896000 1.000000
1100.513600 1000.076800 1106.758400 2037.776000 1.000000
1105.379200 1151.644800 1109.126400 2182.624000 1.000000
1119.668800 1542.510400 1110.318400 2603.728000 1.000000
1122.809600 1524.403200 1115.480000 2584.528000 1.000000
1112.152000 1142.635200 1115.550400 2172.592000 1.000000
1114.275200 1037.454400 1120.862400 2071.456000 1.000000
1120.284800 965.785600 1128.020800 2003.408000 1.000000
1137.190400 1537.145600 1128.937600 2597.888000 1.000000
1138.644800 1545.988800 1132.288000 2606.512000 1.000000
1126.624000 1001.164800 1132.424000 2038.064000 1.000000
1138.048000 1828.784000 1134.267200 2886.672000 1.000000
1131.422400 1158.873600 1134.820800 2189.232000 1.000000
1138.201600 1831.920000 1135.993600 2890.128000 1.000000
1143.264000 1399.624000 1142.121600 2440.224000 1.000000
1118.200000 559.449600 1143.272000 1593.564800 1.000000
1139.710400 1128.579200 1144.142400 2155.840000 1.000000
1152.241600 1396.120000 1151.684800 2434.928000 1.000000
1148.702400 962.696000 1156.315200 2001.232000 1.000000
1166.480000 1520.822400 1159.368000 2578.864000 1.000000
1156.668800 1139.987200 1162.555200 2165.376000 1.000000
1153.833600 975.358400 1162.985600 2012.080000 1.000000
1154.452800 925.896000 1164.110400 1960.128000 1.000000
1162.958400 1358.963200 1164.790400 2392.288000 1.000000
1161.225600 1147.724800 1165.814400 2173.200000 1.000000
1160.512000 889.883200 1167.097600 1924.192000 1.000000
1167.713600 1839.472000 1169.014400 2897.056000 1.000000
1169.604800 1412.444800 1169.196800 2452.720000 1.000000
1175.742400 1661.984000 1174.481600 2739.696000 1.000000
1175.187200 1400.982400 1175.492800 2439.296000 1.000000
1170.659200 1139.164800 1177.540800 2162.960000 1.000000
1156.678400 647.003200 1177.563200 1675.088000 1.000000
1170.094400 1111.292800 1178.366400 2136.320000 1.000000
1146.136000 312.896000 1178.568000 1364.672000 1.000000
1173.872000 1000.968000 1184.011200 2033.584000 1.000000
1170.849600 828.937600 1185.681600 1854.736000 1.000000
1183.281600 1097.097600 1190.163200 2121.360000 1.000000
1179.473600 929.788800 1190.700800 1961.216000 1.000000
1191.976000 1484.256000 1191.225600 2531.312000 1.000000
1171.436800 665.785600 1192.614400 1691.136000 1.000000
1195.033600 1651.712000 1193.041600 2724.448000 1.000000
1196.064000 1509.753600 1195.771200 2560.144000 1.000000
1188.902400 1083.188800 1197.033600 2107.648000 1.000000
1189.576000 1127.889600 1198.243200 2150.976000 1.000000
1175.060800 552.368000 1198.995200 1582.392000 1.000000
1191.411200 1010.140800 1199.705600 2040.016000 1.000000
1195.627200 1063.216000 1204.774400 2088.112000 1.000000
1199.473600 1121.939200 1208.560000 2143.392000 1.000000
1202.260800 1088.940800 1212.158400 2111.536000 1.000000
1209.534400 1135.824000 1217.424000 2157.600000 1.000000
1206.846400 933.881600 1217.686400 1963.168000 1.000000
1209.796800 1016.945600 1218.182400 2044.704000 1.000000
1210.553600 1064.633600 1219.195200 2088.720000 1.000000
1218.393600 1397.699200 1222.361600 2429.184000 1.000000
1202.897600 540.140800 1225.512000 1568.777600 1.000000
1220.812800 1074.051200 1231.126400 2096.256000 1.000000
1221.209600 1052.649600 1232.160000 2076.800000 1.000000
1214.587200 697.952000 1232.803200 1717.712000 1.000000
1230.684800 1385.822400 1234.780800 2415.440000 1.000000
1222.553600 934.228800 1235.054400 1962.144000 1.000000
1223.488000 1103.536000 1235.084800 2123.952000 1.000000
1208.489600 373.880000 1235.681600 1414.032000 1.000000
1222.507200 722.640000 1240.835200 1742.976000 1.000000
1235.046400 1076.996800 1243.510400 2098.512000 1.000000
1232.456000 931.600000 1243.985600 1958.608000 1.000000
1235.024000 1131.128000 1244.593600 2149.728000 1.000000
1235.107200 1101.419200 1245.441600 2120.688000 1.000000
1236.636800 1017.318400 1246.324800 2042.272000 1.000000
1239.784000 1372.481600 1246.945600 2399.872000 1.000000
1233.531200 740.142400 1250.808000 1758.688000 1.000000
1225.564800 179.147200 1254.444800 1242.804800 1.000000
1237.900800 753.990400 1254.550400 1773.104000 1.000000
1245.561600 1138.568000 1255.070400 2157.392000 1.000000
1251.416000 1056.044800 1261.120000 2077.184000 1.000000
1237.844800 427.057600 1261.942400 1461.166400 1.000000
1253.817600 1385.912000 1262.468800 2413.424000 1.000000
1252.620800 1129.750400 1262.632000 2146.944000 1.000000
1263.555200 1027.851200 1273.276800 2049.264000 1.000000
1262.576000 993.880000 1274.488000 2018.608000 1.000000
1251.316800 400.659200 1275.600000 1434.076800 1.000000
1264.806400 1127.710400 1275.742400 2143.680000 1.000000
1266.705600 1091.646400 1278.257600 2109.456000 1.000000
1256.619200 451.411200 1279.276800 1481.923200 1.000000
1271.059200 1104.824000 1282.144000 2120.976000 1.000000
1274.275200 1084.665600 1285.209600 2102.064000 1.000000
1275.636800 1388.488000 1285.483200 2413.328000 1.000000
1274.417600 1055.067200 1285.737600 2074.144000 1.000000
1277.580800 1043.712000 1288.115200 2062.624000 1.000000
1277.011200 1129.419200 1289.270400 2144.272000 1.000000
1282.252800 1139.488000 1293.392000 2154.864000 1.000000
1284.076800 1120.577600 1295.792000 2134.608000 1.000000
1291.286400 1391.995200 1301.217600 2415.984000 1.000000
1289.932800 753.584000 1305.904000 1767.168000 1.000000
1297.886400 1019.444800 1309.940800 2039.184000 1.000000
1301.011200 1044.611200 1313.179200 2061.920000 1.000000
1293.496000 448.772800 1313.432000 1476.324800 1.000000
1301.761600 1133.032000 1314.670400 2145.856000 1.000000
1301.158400 754.969600 1316.601600 1767.472000 1.000000
1304.873600 1090.563200 1317.520000 2106.016000 1.000000
1308.563200 1123.131200 1321.227200 2134.896000 1.000000
1300.700800 512.729600 1321.809600 1536.211200 1.000000
1300.894400 148.610880 1323.281600 1212.801600 1.000000
1311.868800 1114.344000 1324.446400 2125.808000 1.000000
1305.051200 74.323520 1328.561600 1148.697600 1.000000
1317.097600 1079.513600 1329.958400 2092.640000 1.000000
1318.632000 1082.171200 1330.179200 2093.952000 1.000000
1317.889600 986.990400 1331.478400 2009.488000 1.000000
1320.065600 922.577600 1332.651200 1937.920000 1.000000
1321.129600 1100.790400 1333.393600 2112.000000 1.000000
1319.707200 832.233600 1334.977600 1844.448000 1.000000
1324.344000 1037.796800 1336.998400 2054.160000 1.000000
1318.752000 82.057120 1340.476800 1155.048000 1.000000
1330.040000 992.444800 1340.588800 2012.048000 1.000000
1327.654400 856.739200 1341.862400 1868.992000 1.000000
1329.611200 1080.176000 1342.185600 2092.144000 1.000000
1322.036800 94.253120 1342.833600 1166.145600 1.000000
1338.220800 895.444800 1349.955200 1908.512000 1.000000
1337.142400 1120.996800 1350.792000 2131.392000 1.000000
1334.158400 712.435200 1351.382400 1721.440000 1.000000
1340.825600 1056.734400 1354.147200 2070.624000 1.000000
1340.716800 930.678400 1354.760000 1943.088000 1.000000
1345.316800 1066.252800 1358.051200 2077.712000 1.000000
1346.710400 904.987200 1360.408000 1915.888000 1.000000
1349.380800 947.340800 1362.048000 1961.872000 1.000000
1351.536000 1051.110400 1364.832000 2062.720000 1.000000
1353.867200 1060.404800 1365.979200 2072.112000 1.000000
1354.268800 913.526400 1368.401600 1924.112000 1.000000
1355.948800 1009.284800 1368.508800 2024.400000 1.000000
1357.793600 931.808000 1371.888000 1943.552000 1.000000
1364.369600 1011.667200 1377.593600 2024.976000 1.000000
1362.092800 665.611200 1377.716800 1672.864000 1.000000
1365.496000 715.940800 1380.552000 1723.104000 1.000000
1372.395200 943.784000 1385.734400 1955.936000 1.000000
1372.659200 851.096000 1386.766400 1857.344000 1.000000
1375.921600 1062.480000 1389.848000 2072.480000 1.000000
1377.150400 1022.112000 1390.846400 2034.336000 1.000000
1386.299200 894.609600 1399.977600 1902.000000 1.000000
1389.691200 935.576000 1402.648000 1945.472000 1.000000
1400.848000 406.870400 1416.491200 1429.758400 1.000000
1408.414400 1045.289600 1419.779200 2053.664000 1.000000
1408.078400 851.694400 1422.432000 1854.240000 1.000000
1415.520000 886.787200 1427.360000 1891.904000 1.000000
1413.566400 824.915200 1428.188800 1827.984000 1.000000
1413.233600 1005.883200 1428.979200 2016.112000 1.000000
1421.259200 903.001600 1434.947200 1907.920000 1.000000
1425.440000 349.529600 1438.390400 1376.865600 1.000000
1426.059200 963.035200 1438.772800 1972.192000 1.000000
1425.475200 1538.960000 1445.622400 2595.152000 1.000000
1426.747200 1376.416000 1447.062400 2410.000000 1.000000
1434.958400 438.878400 1448.531200 1455.756800 1.000000
1436.248000 307.966400 1449.678400 1339.425600 1.000000
1431.507200 1358.065600 1451.756800 2386.960000 1.000000
1444.179200 1528.542400 1461.398400 2582.592000 1.000000
1451.371200 305.654400 1463.673600 1336.086400 1.000000
1447.912000 1026.820800 1464.168000 2033.456000 1.000000
1450.590400 909.579200 1464.361600 1911.664000 1.000000
1449.878400 1008.785600 1464.401600 2016.064000 1.000000
1461.729600 296.240000 1472.748800 1326.348800 1.000000
1460.299200 679.873600 1473.198400 1679.872000 1.000000
1457.289600 1071.692800 1474.145600 2075.280000 1.000000
1464.344000 306.480000 1475.324800 1335.772800 1.000000
1451.995200 1546.971200 1477.710400 2602.256000 1.000000
1463.412800 909.628800 1477.920000 1909.280000 1.000000
1463.964800 1130.044800 1482.100800 2131.168000 1.000000
1463.048000 1113.785600 1482.225600 2112.464000 1.000000
1476.732800 1021.680000 1491.572800 2025.520000 1.000000
1476.091200 896.891200 1491.590400 1894.352000 1.000000
1484.374400 301.684800 1493.425600 1329.491200 1.000000
1485.278400 311.075200 1494.462400 1339.339200 1.000000
1470.995200 1605.776000 1498.145600 2662.992000 1.000000
1481.865600 1060.712000 1499.064000 2060.176000 1.000000
1485.193600 999.297600 1499.150400 2003.600000 1.000000
1490.636800 339.492800 1499.740800 1362.531200 1.000000
1484.904000 1073.179200 1502.822400 2072.128000 1.000000
1488.001600 1046.841600 1504.577600 2046.288000 1.000000
1475.544000 1574.062400 1505.014400 2629.696000 1.000000
1488.203200 1096.896000 1505.424000 2093.184000 1.000000
1484.550400 1598.619200 1512.473600 2655.520000 1.000000
1500.494400 876.790400 1514.652800 1872.272000 1.000000
1500.580800 1046.880000 1515.454400 2046.160000 1.000000
1499.929600 1100.484800 1517.513600 2096.080000 1.000000
1499.752000 1070.504000 1518.668800 2068.592000 1.000000
1507.795200 1020.030400 1523.280000 2021.136000 1.000000
1486.673600 1682.160000 1526.348800 2742.592000 1.000000
1511.291200 1128.545600 1527.297600 2127.232000 1.000000
1510.704000 1073.416000 1529.107200 2070.592000 1.000000
1520.897600 408.043200 1529.404800 1421.512000 1.000000
1521.128000 378.161600 1529.505600 1393.635200 1.000000
1515.080000 883.054400 1529.665600 1876.400000 1.000000
1526.113600 289.291200 1532.201600 1315.752000 1.000000
1525.147200 394.692800 1533.041600 1409.193600 1.000000
1518.350400 1049.187200 1535.008000 2047.216000 1.000000
1502.737600 1577.558400 1535.057600 2632.784000 1.000000
1500.524800 1704.656000 1541.067200 2766.736000 1.000000
1526.022400 874.774400 1542.504000 1866.336000 1.000000
1530.969600 1078.324800 1550.472000 2073.840000 1.000000
1508.084800 1037.715200 1551.795200 2031.488000 1.000000
1516.294400 1680.336000 1558.179200 2735.360000 1.000000
1539.184000 1111.588800 1558.532800 2103.968000 1.000000
1540.526400 1068.526400 1560.292800 2063.376000 1.000000
1543.192000 1056.742400 1560.588800 2051.632000 1.000000
1557.014400 786.972800 1569.953600 1775.616000 1.000000
1564.091200 1021.228800 1581.873600 2017.776000 1.000000
1594.232000 487.694400 1599.571200 1488.163200 1.000000
1599.115200 495.478400 1605.344000 1493.148800 1.000000
1588.660800 1067.913600 1608.416000 2058.160000 1.000000
1604.336000 485.811200 1609.056000 1484.635200 1.000000
1597.873600 792.116800 1609.520000 1777.504000 1.000000
1650.032000 209.787200 1646.064000 1237.307200 1.000000
1672.688000 165.763200 1663.264000 1199.907200 1.000000
1676.208000 151.674880 1666.016000 1186.782400 1.000000
1654.256000 1017.913600 1674.192000 2007.200000 1.000000
1694.176000 156.900960 1681.312000 1191.904000 1.000000
1667.136000 889.619200 1682.208000 1870.864000 1.000000
1672.416000 910.528000 1689.264000 1892.384000 1.000000
1703.328000 451.248000 1701.376000 1444.844800 1.000000
1688.928000 943.486400 1704.704000 1924.512000 1.000000
1717.568000 625.265600 1721.536000 1604.224000 1.000000
1711.968000 967.598400 1730.352000 1946.672000 1.000000
1741.728000 291.032000 1731.536000 1299.504000 1.000000
1718.432000 999.832000 1736.048000 1981.472000 1.000000
1725.792000 1041.956800 1747.488000 2023.280000 1.000000
1736.320000 997.374400 1753.392000 1978.032000 1.000000
1734.880000 1022.411200 1757.056000 2004.592000 1.000000
1758.480000 696.305600 1764.448000 1669.472000 1.000000
1757.696000 1072.846400 1779.520000 2055.760000 1.000000
1766.784000 1045.396800 1787.376000 2024.928000 1.000000
1707.568000 1852.080000 1799.280000 2880.896000 1.000000
1813.360000 367.313600 1800.768000 1360.979200 1.000000
1824.336000 378.166400 1810.352000 1371.227200 1.000000
1766.560000 1484.318400 1815.328000 2506.272000 1.000000
1858.496000 48.958080 1824.960000 1090.438400 1.000000
1798.512000 1140.988800 1825.184000 2117.360000 1.000000
1791.536000 1238.496000 1825.824000 2235.584000 1.000000
1798.416000 1280.624000 1834.864000 2274.224000 1.000000
1870.432000 45.777760 1836.432000 1084.926400 1.000000
1783.872000 1606.128000 1844.336000 2638.720000 1.000000
1790.192000 1598.009600 1848.976000 2628.928000 1.000000
1812.608000 1319.899200 1853.392000 2314.128000 1.000000
1809.504000 1419.136000 1857.712000 2423.584000 1.000000
1845.952000 883.625600 1861.536000 1845.104000 1.000000
1799.808000 1580.014400 1861.536000 2609.376000 1.000000
1808.416000 1484.355200 1862.304000 2500.928000 1.000000
1799.760000 1605.152000 1863.472000 2636.288000 1.000000
1820.736000 1330.822400 1864.816000 2322.032000 1.000000
1816.448000 1427.041600 1866.336000 2431.296000 1.000000
1859.168000 802.416000 1868.576000 1764.768000 1.000000
1821.344000 1396.937600 1869.648000 2393.664000 1.000000
1812.688000 1554.851200 1872.752000 2576.768000 1.000000
1814.960000 1530.107200 1874.304000 2551.312000 1.000000
1810.544000 1608.576000 1875.584000 2639.952000 1.000000
1829.024000 1378.134400 1877.024000 2374.032000 1.000000
1824.064000 1462.574400 1877.904000 2471.216000 1.000000
1870.352000 834.000000 1880.752000 1795.376000 1.000000
1833.648000 1389.481600 1882.384000 2384.032000 1.000000
1819.584000 1574.246400 1882.992000 2598.848000 1.000000
1853.904000 1213.814400 1883.632000 2193.600000 1.000000
1922.448000 89.604160 1885.904000 1117.366400 1.000000
1891.216000 632.177600 1889.040000 1595.891200 1.000000
1842.192000 1491.392000 1900.960000 2504.432000 1.000000
1850.784000 1459.686400 1902.256000 2466.368000 1.000000
1800.688000 1818.976000 1903.712000 2831.120000 1.000000
1897.616000 856.627200 1909.792000 1813.728000 1.000000
1808.096000 1813.216000 1910.672000 2823.360000 1.000000
1902.640000 840.662400 1913.824000 1798.688000 1.000000
1858.240000 1484.510400 1916.528000 2494.288000 1.000000
1812.608000 1818.464000 1916.640000 2828.560000 1.000000
1905.440000 866.000000 1918.224000 1822.400000 1.000000
1913.344000 865.844800 1924.768000 1821.920000 1.000000
1821.344000 1808.160000 1925.872000 2816.640000 1.000000
1820.896000 1830.912000 1926.192000 2841.984000 1.000000
1875.456000 1466.299200 1933.904000 2470.880000 1.000000
1943.568000 577.545600 1936.048000 1538.976000 1.000000
1881.392000 1427.097600 1937.328000 2422.912000 1.000000
1930.448000 897.819200 1945.616000 1854.192000 1.000000
1884.832000 1478.846400 1946.144000 2485.120000 1.000000
1958.304000 578.848000 1950.064000 1540.244800 1.000000
1885.344000 1549.464000 1952.560000 2560.256000 1.000000
1963.536000 558.945600 1953.184000 1522.353600 1.000000
1945.888000 832.304000 1954.720000 1786.944000 1.000000
1890.112000 1511.950400 1956.240000 2519.520000 1.000000
1918.512000 1234.691200 1956.656000 2209.488000 1.000000
1942.416000 910.408000 1957.168000 1866.256000 1.000000
1965.984000 606.036800 1957.776000 1563.060800 1.000000
1993.264000 223.635200 1958.208000 1221.688000 1.000000
1905.904000 1438.444800 1962.624000 2435.952000 1.000000
1911.824000 1384.011200 1966.432000 2373.504000 1.000000
1975.120000 598.036800 1966.976000 1554.548800 1.000000
1905.296000 1483.948800 1967.728000 2487.712000 1.000000
1916.896000 1402.358400 1970.368000 2392.224000 1.000000
1948.480000 996.894400 1970.944000 1955.504000 1.000000
1981.904000 593.939200 1973.872000 1550.963200 1.000000
1922.624000 1393.096000 1977.184000 2381.072000 1.000000
1921.680000 1408.560000 1977.504000 2399.296000 1.000000
1917.328000 1458.715200 1977.856000 2460.016000 1.000000
2017.168000 211.422400 1978.752000 1209.974400 1.000000
1987.392000 600.814400 1980.016000 1557.596800 1.000000
1990.752000 611.675200 1983.168000 1567.966400 1.000000
1925.568000 1420.960000 1983.904000 2415.392000 1.000000
1926.336000 1446.612800 1987.856000 2441.888000 1.000000
1928.016000 1461.385600 1993.360000 2463.296000 1.000000
1938.880000 1386.867200 1994.432000 2368.976000 1.000000
1934.256000 1453.400000 1998.688000 2449.856000 1.000000
2032.960000 263.417600 1999.056000 1253.793600 1.000000
1945.232000 1407.150400 2003.872000 2391.008000 1.000000
2029.904000 504.979200 2012.144000 1465.960000 1.000000
1958.960000 1437.705600 2021.152000 2431.920000 1.000000
2060.736000 309.249600 2026.464000 1289.401600 1.000000
2043.776000 534.227200 2028.256000 1494.419200 1.000000
2019.904000 957.057600 2038.912000 1908.352000 1.000000
2086.384000 203.441600 2040.144000 1198.427200 1.000000
2022.640000 989.369600 2041.392000 1941.104000 1.000000
2065.168000 495.742400 2044.832000 1454.790400 1.000000
2086.560000 342.992000 2052.000000 1317.384000 1.000000
2060.064000 751.486400 2060.256000 1696.832000 1.000000
2065.344000 731.289600 2063.184000 1677.536000 1.000000
2107.632000 221.905600 2065.648000 1205.161600 1.000000
2036.320000 1121.491200 2069.952000 2085.280000 1.000000
2046.528000 1089.571200 2077.040000 2051.632000 1.000000
2058.656000 942.716800 2078.128000 1887.232000 1.000000
2135.568000 159.937600 2080.192000 1156.683200 1.000000
1964.528000 1839.232000 2095.296000 2844.096000 1.000000
2051.328000 1225.382400 2099.728000 2182.160000 1.000000
2052.800000 1240.625600 2102.432000 2197.856000 1.000000
2131.376000 458.368000 2102.656000 1417.134400 1.000000
1968.640000 1859.536000 2104.048000 2867.840000 1.000000
2103.984000 764.723200 2104.912000 1706.976000 1.000000
2029.264000 1504.252800 2105.776000 2495.104000 1.000000
1975.856000 1868.544000 2113.040000 2878.480000 1.000000
2038.480000 1499.657600 2114.848000 2489.472000 1.000000
2059.680000 1294.856000 2115.600000 2251.520000 1.000000
2059.488000 1312.790400 2116.032000 2272.000000 1.000000
2069.920000 1242.380800 2119.264000 2196.416000 1.000000
2121.680000 762.870400 2120.944000 1703.408000 1.000000
2121.792000 790.467200 2124.016000 1730.688000 1.000000
2058.832000 1406.112000 2124.464000 2380.032000 1.000000
2137.616000 655.425600 2124.688000 1599.888000 1.000000
2075.392000 1262.513600 2128.432000 2215.856000 1.000000
2111.856000 969.739200 2131.648000 1912.144000 1.000000
2064.080000 1410.264000 2131.728000 2384.880000 1.000000
2172.496000 398.475200 2133.504000 1362.691200 1.000000
2021.856000 1721.024000 2134.720000 2730.928000 1.000000
2136.704000 756.478400 2134.768000 1700.784000 1.000000
1989.312000 1926.512000 2135.072000 2955.856000 1.000000
2028.256000 1674.288000 2136.112000 2683.392000 1.000000
2169.280000 447.796800 2136.240000 1406.171200 1.000000
2029.584000 1694.992000 2140.096000 2702.928000 1.000000
2061.904000 1516.940800 2143.536000 2506.064000 1.000000
2065.296000 1497.172800 2144.576000 2481.984000 1.000000
2187.856000 360.249600 2146.000000 1326.051200 1.000000
2179.728000 510.060800 2152.832000 1461.880000 1.000000
2188.416000 438.459200 2154.976000 1396.328000 1.000000
2186.848000 476.937600 2157.296000 1430.384000 1.000000
2011.280000 1931.600000 2160.320000 2961.824000 1.000000
2195.408000 408.859200 2161.168000 1365.150400 1.000000
2201.920000 416.352000 2166.352000 1372.100800 1.000000
2200.144000 483.473600 2168.848000 1436.478400 1.000000
2203.632000 457.540800 2171.008000 1410.238400 1.000000
2228.112000 308.753600 2178.048000 1270.019200 1.000000
2217.792000 427.452800 2178.160000 1387.214400 1.000000
2208.704000 507.075200 2180.112000 1454.761600 1.000000
2037.712000 1836.880000 2180.352000 2834.656000 1.000000
2227.088000 352.886400 2180.448000 1319.286400 1.000000
2203.280000 554.937600 2182.688000 1482.299200 1.000000
2044.272000 1832.864000 2187.872000 2827.760000 1.000000
2242.992000 371.286400 2197.360000 1336.950400 1.000000
2271.104000 138.546080 2201.072000 1135.812800 1.000000
2256.944000 357.428800 2209.200000 1322.033600 1.000000
2292.896000 48.176320 2210.960000 1059.990400 1.000000
2267.296000 345.369600 2217.312000 1310.948800 1.000000
2091.104000 1868.496000 2249.344000 2875.264000 1.000000
2092.064000 1887.488000 2251.616000 2898.240000 1.000000
2331.424000 134.499360 2254.848000 1126.513600 1.000000
2107.984000 1819.696000 2262.192000 2809.184000 1.000000
2185.120000 1440.390400 2270.272000 2371.568000 1.000000
2187.248000 1469.016000 2279.136000 2400.736000 1.000000
2136.304000 1901.552000 2305.296000 2913.136000 1.000000
2550.304000 1544.020800 2783.104000 1737.888000 1.000000
2544.576000 1603.072000 2787.904000 1825.392000 1.000000
2479.904000 1669.984000 2848.576000 2044.304000 1.000000
2575.280000 1067.929600 2868.880000 1447.924800 1.000000
2682.080000 1481.510400 2870.528000 1611.904000 1.000000
2624.480000 1542.716800 2871.664000 1686.192000 1.000000
2597.856000 1094.606400 2903.856000 1465.872000 1.000000
2680.768000 1441.404800 2910.912000 1575.686400 1.000000
2689.408000 1478.155200 2929.856000 1605.424000 1.000000
2710.272000 1407.776000 2935.968000 1541.288000 1.000000
2704.144000 1448.152000 2938.256000 1575.120000 1.000000
2813.552000 1348.491200 2964.464000 1416.873600 1.000000
2736.576000 1461.435200 2978.256000 1576.940800 1.000000
2458.032000 1646.320000 3270.384000 2081.792000 1.000000
3962.352000 161.169600 3806.784000 582.987200 1.000000
3958.608000 215.974400 3819.136000 623.912000 1.000000
3279.232000 2679.808000 4027.856000 2902.752000 1.000000
