120.013600 708.155200 16.083520 1300.592000 1.000000
109.647040 534.476800 16.584000 1126.248000 1.000000
133.130560 867.292800 18.826400 1465.291200 1.000000
99.560800 347.488000 19.291520 941.579200 1.000000
26.753120 2094.880000 20.995040 2762.272000 1.000000
173.304000 1407.932800 21.402080 2002.976000 1.000000
175.793600 1419.520000 24.564320 2015.792000 1.000000
144.701600 928.172800 27.112480 1523.796800 1.000000
122.011040 549.836800 28.500800 1140.086400 1.000000
133.937440 718.916800 29.837600 1311.016000 1.000000
126.641600 561.580800 31.056960 1152.294400 1.000000
182.204800 1398.051200 31.295360 1991.792000 1.000000
182.124800 1407.358400 31.297600 2002.080000 1.000000
109.146880 324.368000 31.358240 917.609600 1.000000
155.644000 941.201600 36.607840 1537.313600 1.000000
140.759360 690.078400 38.705440 1281.366400 1.000000
138.332320 568.596800 43.613920 1157.630400 1.000000
160.995200 924.913600 44.004000 1520.009600 1.000000
129.178240 394.728000 45.344960 985.300800 1.000000
183.209600 1190.163200 48.330400 1774.432000 1.000000
198.880000 1414.152000 48.694560 2008.432000 1.000000
158.211840 798.731200 48.803520 1392.859200 1.000000
124.162720 257.584000 49.740480 852.937600 1.000000
157.360160 772.467200 50.439040 1365.228800 1.000000
167.476800 902.049600 52.148160 1498.289600 1.000000
123.264800 199.209600 52.610400 795.558400 1.000000
136.851040 383.054400 54.227520 973.286400 1.000000
207.580800 1427.683200 56.321120 2023.072000 1.000000
133.983040 292.726400 58.033280 886.614400 1.000000
133.278880 253.520000 59.375520 848.624000 1.000000
139.970240 368.678400 60.010240 960.001600 1.000000
213.108800 1411.848000 64.307840 2005.824000 1.000000
143.276000 357.942400 64.587040 949.779200 1.000000
144.262880 339.889600 65.857440 930.712000 1.000000
213.832000 1403.364800 65.877760 1996.480000 1.000000
169.312000 734.212800 66.160160 1325.512000 1.000000
161.830400 544.078400 68.320960 1132.185600 1.000000
174.916800 800.960000 68.500320 1394.496000 1.000000
170.243200 682.576000 69.992320 1272.214400 1.000000
165.499200 593.084800 70.908800 1181.884800 1.000000
220.363200 1420.656000 71.684960 2014.256000 1.000000
148.234240 300.048000 71.889440 892.390400 1.000000
147.641760 280.048000 72.394080 874.465600 1.000000
152.188640 312.864000 74.648480 906.075200 1.000000
153.647040 302.625600 76.561120 894.897600 1.000000
174.400000 662.753600 76.791680 1250.624000 1.000000
225.449600 1407.524800 77.328320 1999.888000 1.000000
185.094400 776.116800 78.877600 1367.249600 1.000000
172.588800 556.009600 80.599200 1144.291200 1.000000
201.369600 992.331200 81.763840 1584.321600 1.000000
231.932800 1429.731200 83.192640 2024.144000 1.000000
158.749920 272.478400 84.136000 866.307200 1.000000
159.139520 262.030400 85.641600 855.260800 1.000000
233.988800 1422.870400 85.729280 2016.688000 1.000000
155.547520 192.398400 85.847040 788.446400 1.000000
206.500800 1009.212800 86.513120 1600.400000 1.000000
166.052800 352.675200 87.037760 943.176000 1.000000
200.934400 932.008000 87.302080 1524.940800 1.000000
213.168000 1069.384000 87.577600 1659.232000 1.000000
156.139360 178.961600 88.009760 776.051200 1.000000
239.872000 1453.244800 88.917120 2049.216000 1.000000
210.048000 1109.214400 89.377760 1700.528000 1.000000
189.323200 678.886400 89.480640 1268.252800 1.000000
207.708800 942.542400 90.859680 1534.636800 1.000000
249.014400 1498.878400 93.369280 2096.432000 1.000000
242.923200 1394.582400 97.101920 1985.392000 1.000000
219.305600 995.412800 97.970400 1586.003200 1.000000
251.796800 1461.952000 103.341600 2057.184000 1.000000
252.720000 1481.268800 103.763840 2079.120000 1.000000
225.022400 1015.683200 104.922400 1606.752000 1.000000
214.512000 806.558400 108.508960 1398.574400 1.000000
187.264000 327.745600 109.173600 918.305600 1.000000
223.009600 917.083200 110.099840 1510.262400 1.000000
188.195200 338.145600 110.360320 929.176000 1.000000
259.710400 1466.374400 111.155840 2063.824000 1.000000
189.184000 319.436800 111.604960 909.931200 1.000000
187.001600 295.676800 112.700160 887.872000 1.000000
229.182400 957.017600 113.274720 1549.201600 1.000000
190.140800 323.440000 113.369280 914.032000 1.000000
218.464000 782.251200 114.387040 1372.297600 1.000000
232.636800 994.308800 114.647040 1585.753600 1.000000
263.544000 1384.081600 120.050080 1972.416000 1.000000
193.521600 237.227200 121.151360 829.702400 1.000000
217.246400 633.203200 121.901440 1221.520000 1.000000
236.012800 928.507200 121.991040 1520.227200 1.000000
222.129600 708.835200 122.534080 1297.068800 1.000000
275.291200 1478.299200 123.757920 2078.736000 1.000000
230.094400 807.441600 124.521920 1398.918400 1.000000
217.988800 613.934400 124.616160 1200.678400 1.000000
236.604800 917.648000 124.784320 1509.542400 1.000000
203.726400 328.120000 126.180000 918.398400 1.000000
205.520000 341.529600 127.224000 931.195200 1.000000
231.345600 779.374400 127.293920 1369.777600 1.000000
239.110400 887.292800 127.986080 1480.401600 1.000000
200.448000 241.760000 128.308480 835.420800 1.000000
253.070400 1111.283200 129.225600 1699.840000 1.000000
206.739200 335.254400 129.472800 924.499200 1.000000
248.377600 998.366400 130.520640 1588.804800 1.000000
228.374400 692.950400 130.531200 1279.958400 1.000000
202.057600 229.777600 130.842880 823.416000 1.000000
278.302400 1447.620800 132.853440 2034.640000 1.000000
211.596800 352.052800 133.426560 942.456000 1.000000
257.787200 1091.864000 133.913280 1679.392000 1.000000
230.083200 650.057600 134.284480 1236.715200 1.000000
236.486400 698.248000 136.825120 1286.068800 1.000000
252.268800 935.011200 139.833280 1526.115200 1.000000
235.552000 655.201600 139.935200 1241.670400 1.000000
255.259200 946.144000 140.824160 1537.606400 1.000000
244.056000 788.502400 141.207840 1379.958400 1.000000
259.172800 994.651200 141.928480 1583.803200 1.000000
287.307200 1422.072000 142.624000 2013.872000 1.000000
217.382400 251.176000 142.676960 843.358400 1.000000
245.236800 751.516800 144.129600 1339.752000 1.000000
288.361600 1417.209600 144.580640 2008.736000 1.000000
224.689600 347.136000 146.483840 934.779200 1.000000
244.899200 686.531200 146.964960 1272.875200 1.000000
219.988800 264.931200 147.981280 856.331200 1.000000
260.000000 888.680000 150.575360 1481.006400 1.000000
292.777600 1376.185600 151.798240 1963.200000 1.000000
297.337600 1391.409600 153.691360 1980.304000 1.000000
263.836800 894.838400 154.898400 1486.030400 1.000000
247.524800 608.441600 154.975840 1195.068800 1.000000
225.257600 209.342400 155.380480 801.860800 1.000000
232.944000 355.496000 156.406240 942.982400 1.000000
217.929600 56.262560 156.422400 656.873600 1.000000
259.736000 786.361600 156.600640 1375.603200 1.000000
257.713600 718.990400 158.292800 1306.723200 1.000000
264.347200 806.177600 159.891200 1395.532800 1.000000
255.377600 665.702400 159.908640 1251.537600 1.000000
252.688000 598.289600 162.672000 1181.969600 1.000000
254.808000 612.905600 163.083200 1200.166400 1.000000
235.700800 251.036800 164.857600 841.732800 1.000000
270.078400 800.667200 165.694400 1388.865600 1.000000
283.144000 994.912000 168.113600 1583.627200 1.000000
267.688000 728.820800 168.232000 1316.139200 1.000000
282.888000 1002.819200 168.851200 1591.680000 1.000000
275.102400 812.417600 170.009600 1402.321600 1.000000
277.489600 871.732800 170.096000 1464.110400 1.000000
239.771200 203.849600 170.510400 796.572800 1.000000
271.988800 767.616000 171.016000 1356.212800 1.000000
252.315200 408.684800 171.385600 994.172800 1.000000
242.384000 269.456000 171.595200 859.308800 1.000000
235.800000 59.801600 175.372800 659.489600 1.000000
296.296000 1076.747200 176.776000 1663.056000 1.000000
247.027200 219.544000 177.704000 810.944000 1.000000
250.056000 245.843200 177.905600 836.204800 1.000000
249.491200 205.923200 178.796800 799.283200 1.000000
324.441600 1493.742400 179.507200 2091.088000 1.000000
284.404800 808.558400 183.224000 1396.665600 1.000000
309.086400 1104.702400 186.302400 1688.544000 1.000000
257.251200 210.318400 188.004800 801.940800 1.000000
255.683200 274.206400 188.182400 862.924800 1.000000
289.451200 738.787200 190.313600 1324.334400 1.000000
268.540800 260.281600 191.633600 847.225600 1.000000
301.499200 928.104000 191.806400 1517.411200 1.000000
252.841600 76.122240 192.270400 674.339200 1.000000
281.579200 560.379200 193.200000 1144.244800 1.000000
317.392000 1266.707200 195.152000 1859.792000 1.000000
310.619200 1026.443200 195.270400 1613.184000 1.000000
342.825600 1539.729600 195.528000 2142.848000 1.000000
345.326400 1557.331200 196.705600 2166.288000 1.000000
336.923200 1423.526400 197.001600 2012.928000 1.000000
342.592000 1448.598400 199.609600 2042.928000 1.000000
298.308800 744.424000 199.993600 1329.737600 1.000000
296.659200 708.267200 200.400000 1292.932800 1.000000
338.678400 1416.267200 200.715200 2004.704000 1.000000
342.694400 1460.318400 200.843200 2056.880000 1.000000
290.992000 591.940800 201.380800 1175.152000 1.000000
322.892800 1076.435200 204.270400 1661.984000 1.000000
303.974400 763.592000 204.388800 1349.792000 1.000000
318.320000 993.305600 205.432000 1581.131200 1.000000
325.126400 1032.134400 209.950400 1618.288000 1.000000
306.956800 747.276800 210.232000 1332.492800 1.000000
277.028800 164.558400 210.488000 757.582400 1.000000
353.819200 1455.088000 212.814400 2050.304000 1.000000
277.296000 123.368640 213.158400 717.705600 1.000000
277.419200 99.049600 214.620800 695.520000 1.000000
318.857600 903.043200 215.048000 1492.491200 1.000000
322.396800 945.089600 215.414400 1532.241600 1.000000
274.169600 41.279680 215.436800 641.491200 1.000000
310.716800 739.328000 216.118400 1324.387200 1.000000
327.268800 960.939200 216.134400 1548.502400 1.000000
327.249600 974.390400 216.492800 1560.496000 1.000000
282.440000 108.008480 219.923200 703.012800 1.000000
331.408000 1010.420800 220.579200 1595.987200 1.000000
325.932800 879.704000 220.680000 1469.260800 1.000000
288.324800 163.809600 222.137600 756.609600 1.000000
306.662400 469.627200 223.680000 1053.377600 1.000000
320.974400 717.748800 224.860800 1301.830400 1.000000
337.748800 974.388800 226.555200 1561.310400 1.000000
365.590400 1413.414400 230.089600 2000.880000 1.000000
331.300800 746.420800 234.435200 1330.790400 1.000000
366.700800 1328.724800 236.273600 1919.696000 1.000000
353.824000 1042.860800 239.505600 1626.352000 1.000000
379.003200 1457.052800 240.073600 2052.272000 1.000000
323.588800 463.713600 241.942400 1046.544000 1.000000
380.376000 1433.177600 242.446400 2022.320000 1.000000
304.329600 80.411680 243.192000 675.478400 1.000000
304.344000 60.754240 243.448000 658.704000 1.000000
339.236800 723.057600 243.880000 1307.022400 1.000000
332.481600 591.633600 244.089600 1173.481600 1.000000
312.144000 149.349920 246.433600 741.617600 1.000000
307.344000 62.757440 247.052800 659.161600 1.000000
349.998400 894.526400 247.291200 1484.408000 1.000000
313.444800 161.220800 247.480000 753.656000 1.000000
358.828800 1028.787200 247.712000 1613.600000 1.000000
342.281600 717.313600 247.977600 1298.380800 1.000000
415.555200 1938.896000 248.020800 2565.472000 1.000000
414.700800 1862.000000 250.918400 2475.472000 1.000000
369.144000 1107.174400 251.233600 1690.384000 1.000000
355.960000 884.624000 251.910400 1472.924800 1.000000
318.228800 144.205440 252.902400 736.089600 1.000000
416.232000 1841.616000 253.009600 2451.936000 1.000000
363.838400 1007.817600 253.955200 1592.144000 1.000000
347.404800 717.052800 254.147200 1299.244800 1.000000
358.694400 870.921600 255.100800 1459.912000 1.000000
366.291200 1033.766400 255.318400 1619.040000 1.000000
365.764800 998.331200 255.481600 1583.052800 1.000000
319.030400 63.689120 259.534400 659.561600 1.000000
424.576000 1921.888000 259.664000 2544.400000 1.000000
425.699200 1929.312000 259.721600 2552.960000 1.000000
356.876800 751.009600 259.964800 1334.801600 1.000000
322.803200 93.254080 260.393600 687.364800 1.000000
373.024000 1023.369600 260.545600 1607.088000 1.000000
370.657600 1030.712000 260.652800 1615.040000 1.000000
344.704000 520.985600 260.878400 1103.344000 1.000000
326.163200 119.690400 261.955200 712.881600 1.000000
365.267200 886.048000 261.998400 1474.152000 1.000000
432.001600 1916.560000 267.324800 2538.544000 1.000000
333.481600 166.683200 267.507200 757.380800 1.000000
373.844800 921.352000 268.576000 1508.323200 1.000000
379.339200 1003.683200 268.811200 1587.734400 1.000000
355.878400 614.931200 269.260800 1195.756800 1.000000
359.156800 645.169600 269.590400 1227.195200 1.000000
336.488000 182.636800 270.681600 773.073600 1.000000
373.740800 892.952000 272.632000 1481.457600 1.000000
338.209600 134.055040 272.891200 724.137600 1.000000
370.670400 763.883200 274.457600 1347.652800 1.000000
342.435200 161.448000 276.556800 752.054400 1.000000
438.979200 1852.752000 277.188800 2463.632000 1.000000
360.494400 530.763200 277.764800 1110.849600 1.000000
383.142400 917.187200 279.001600 1502.814400 1.000000
361.798400 481.968000 279.806400 1063.529600 1.000000
430.353600 1689.232000 280.067200 2296.016000 1.000000
380.025600 807.140800 281.681600 1389.972800 1.000000
388.987200 941.990400 283.102400 1527.654400 1.000000
366.108800 501.646400 283.315200 1083.276800 1.000000
399.720000 1109.126400 284.452800 1691.168000 1.000000
350.411200 163.507200 284.904000 754.011200 1.000000
382.555200 766.268800 286.612800 1350.003200 1.000000
448.304000 1858.336000 288.340800 2468.752000 1.000000
393.710400 924.454400 289.849600 1509.518400 1.000000
358.931200 171.403200 292.713600 761.268800 1.000000
374.688000 492.003200 294.248000 1073.219200 1.000000
401.985600 991.956800 294.548800 1575.134400 1.000000
403.603200 954.516800 297.323200 1539.889600 1.000000
394.166400 803.761600 297.960000 1386.544000 1.000000
448.236800 1682.544000 298.430400 2290.496000 1.000000
362.593600 119.019680 298.708800 711.305600 1.000000
384.129600 505.246400 303.032000 1085.880000 1.000000
387.131200 514.355200 305.089600 1094.809600 1.000000
440.288000 1438.276800 307.622400 2025.152000 1.000000
466.019200 1843.296000 307.750400 2449.616000 1.000000
372.187200 77.003520 311.100800 670.851200 1.000000
471.440000 1913.376000 311.348800 2532.496000 1.000000
407.382400 775.424000 311.632000 1357.096000 1.000000
418.931200 979.518400 312.548800 1564.019200 1.000000
429.072000 1118.739200 313.643200 1699.600000 1.000000
400.713600 635.697600 313.820800 1216.500800 1.000000
410.777600 808.809600 314.200000 1391.804800 1.000000
416.212800 905.579200 314.577600 1490.940800 1.000000
463.105600 1684.704000 315.457600 2289.856000 1.000000
421.281600 965.369600 315.795200 1548.587200 1.000000
398.422400 508.494400 316.708800 1088.230400 1.000000
424.334400 995.208000 317.512000 1577.518400 1.000000
412.694400 773.460800 317.708800 1354.984000 1.000000
417.203200 801.584000 319.995200 1383.953600 1.000000
468.510400 1690.288000 321.398400 2296.080000 1.000000
482.590400 1918.544000 324.684800 2538.832000 1.000000
385.900800 40.143840 325.731200 635.043200 1.000000
388.134400 111.809600 328.635200 703.768000 1.000000
419.532800 649.012800 329.174400 1228.995200 1.000000
485.396800 1861.536000 329.806400 2471.536000 1.000000
434.897600 950.340800 330.084800 1532.848000 1.000000
395.164800 150.264800 330.873600 739.067200 1.000000
391.761600 62.057440 331.572800 656.193600 1.000000
413.398400 519.020800 331.654400 1098.460800 1.000000
427.430400 767.505600 332.521600 1348.790400 1.000000
420.756800 669.177600 332.896000 1248.537600 1.000000
446.289600 1139.419200 332.998400 1720.080000 1.000000
438.822400 962.923200 333.894400 1545.564800 1.000000
436.816000 925.641600 334.974400 1508.649600 1.000000
429.646400 781.054400 335.516800 1362.536000 1.000000
440.038400 938.193600 337.211200 1520.984000 1.000000
437.076800 884.960000 337.214400 1469.772800 1.000000
448.899200 1075.187200 338.808000 1654.656000 1.000000
497.656000 1926.880000 339.123200 2546.944000 1.000000
426.209600 640.998400 340.443200 1219.092800 1.000000
498.161600 1941.184000 341.113600 2563.584000 1.000000
437.694400 810.011200 342.243200 1391.457600 1.000000
471.476800 1371.996800 342.404800 1959.664000 1.000000
456.088000 1089.638400 344.958400 1668.496000 1.000000
407.116800 89.441600 345.761600 678.611200 1.000000
446.707200 885.486400 346.812800 1471.052800 1.000000
409.393600 157.691840 347.008000 746.656000 1.000000
428.766400 537.446400 347.587200 1117.886400 1.000000
430.564800 528.227200 349.625600 1107.299200 1.000000
444.185600 765.126400 351.168000 1345.584000 1.000000
508.012800 1927.216000 351.497600 2546.976000 1.000000
483.305600 1435.750400 352.792000 2024.208000 1.000000
449.620800 818.368000 353.147200 1399.662400 1.000000
511.723200 1914.704000 354.230400 2533.264000 1.000000
447.262400 650.260800 359.372800 1227.841600 1.000000
471.795200 1086.502400 360.742400 1664.656000 1.000000
485.216000 1326.472000 360.867200 1910.992000 1.000000
470.926400 1075.044800 361.302400 1653.120000 1.000000
431.438400 255.801600 363.147200 838.934400 1.000000
468.572800 938.244800 363.600000 1521.369600 1.000000
519.728000 1887.536000 365.452800 2499.344000 1.000000
478.440000 1131.048000 365.916800 1710.192000 1.000000
449.819200 531.998400 367.483200 1111.158400 1.000000
448.638400 552.790400 368.054400 1130.875200 1.000000
432.121600 155.586400 370.030400 743.232000 1.000000
448.822400 510.491200 370.915200 1088.315200 1.000000
482.065600 1069.884800 371.768000 1648.032000 1.000000
457.315200 640.452800 372.022400 1219.379200 1.000000
499.857600 1406.726400 372.699200 1994.560000 1.000000
440.774400 164.128000 373.190400 750.785600 1.000000
449.417600 421.153600 373.568000 1000.016000 1.000000
433.758400 56.753600 373.729600 649.344000 1.000000
451.884800 462.035200 374.281600 1040.979200 1.000000
469.099200 802.284800 375.100800 1382.420800 1.000000
487.328000 1131.878400 376.128000 1711.360000 1.000000
438.568000 146.264960 376.387200 733.939200 1.000000
457.726400 518.150400 377.129600 1096.716800 1.000000
444.774400 232.921600 377.788800 817.694400 1.000000
469.841600 773.873600 378.555200 1353.171200 1.000000
532.513600 1896.384000 378.894400 2510.912000 1.000000
456.260800 425.660800 380.379200 1005.643200 1.000000
509.804800 1446.686400 381.147200 2036.624000 1.000000
475.960000 807.662400 381.980800 1387.444800 1.000000
440.505600 38.358880 382.124800 630.883200 1.000000
477.262400 837.307200 382.920000 1418.427200 1.000000
461.430400 491.164800 383.451200 1068.878400 1.000000
443.478400 70.097120 384.072000 660.734400 1.000000
536.276800 1853.232000 384.364800 2461.360000 1.000000
476.892800 732.937600 386.736000 1311.563200 1.000000
472.097600 588.819200 388.976000 1166.499200 1.000000
480.473600 786.753600 389.216000 1366.288000 1.000000
501.108800 1107.054400 389.390400 1684.768000 1.000000
450.504000 50.997440 389.547200 642.654400 1.000000
541.852800 1905.648000 389.673600 2522.304000 1.000000
506.568000 1298.440000 389.795200 1881.408000 1.000000
500.112000 1134.292800 389.923200 1712.160000 1.000000
500.011200 1151.876800 390.073600 1729.104000 1.000000
501.118400 1126.571200 390.852800 1704.768000 1.000000
523.697600 1524.907200 392.504000 2122.752000 1.000000
518.611200 1432.961600 393.048000 2022.064000 1.000000
454.974400 84.087360 393.452800 673.976000 1.000000
459.961600 183.000000 394.214400 769.145600 1.000000
474.582400 531.264000 394.336000 1107.931200 1.000000
456.881600 91.028000 395.264000 681.078400 1.000000
476.414400 544.395200 396.148800 1119.763200 1.000000
493.814400 798.988800 397.488000 1379.652800 1.000000
479.171200 566.913600 397.643200 1143.243200 1.000000
504.764800 1077.900800 398.220800 1654.208000 1.000000
500.419200 1010.936000 398.280000 1589.569600 1.000000
509.604800 1130.033600 398.851200 1708.096000 1.000000
508.862400 1098.147200 399.027200 1676.320000 1.000000
475.824000 473.488000 399.110400 1049.668800 1.000000
487.969600 729.216000 399.344000 1306.137600 1.000000
470.644800 294.262400 400.680000 874.982400 1.000000
463.096000 41.245280 402.200000 634.264000 1.000000
481.713600 530.393600 402.246400 1107.536000 1.000000
494.188800 787.947200 402.371200 1366.425600 1.000000
494.496000 896.164800 402.422400 1470.827200 1.000000
515.644800 1134.363200 405.475200 1711.376000 1.000000
492.366400 637.140800 406.699200 1212.832000 1.000000
498.630400 796.884800 407.228800 1374.889600 1.000000
493.164800 648.612800 408.190400 1224.345600 1.000000
486.950400 520.718400 408.376000 1096.548800 1.000000
517.891200 1116.430400 409.920000 1692.656000 1.000000
511.777600 980.488000 410.059200 1558.900800 1.000000
543.496000 1527.067200 412.321600 2123.264000 1.000000
498.515200 654.027200 414.118400 1230.508800 1.000000
501.160000 668.176000 415.259200 1243.889600 1.000000
496.126400 570.174400 416.001600 1145.812800 1.000000
525.190400 1112.516800 417.161600 1688.784000 1.000000
498.076800 591.843200 417.990400 1166.393600 1.000000
550.785600 1532.561600 421.046400 2129.248000 1.000000
549.809600 1449.099200 423.702400 2037.968000 1.000000
553.580800 1528.041600 423.936000 2123.776000 1.000000
550.457600 1488.296000 424.371200 2080.448000 1.000000
555.961600 1559.640000 425.528000 2159.392000 1.000000
535.499200 1131.216000 426.278400 1707.024000 1.000000
510.227200 600.710400 428.622400 1176.304000 1.000000
537.897600 1100.315200 430.624000 1675.200000 1.000000
523.331200 784.496000 432.067200 1360.801600 1.000000
557.184000 1419.835200 433.196800 2006.672000 1.000000
561.723200 1510.140800 435.297600 2103.392000 1.000000
533.126400 914.032000 437.315200 1493.686400 1.000000
522.432000 647.588800 439.704000 1222.099200 1.000000
538.233600 905.156800 441.939200 1485.524800 1.000000
571.817600 1524.376000 443.139200 2118.640000 1.000000
572.811200 1549.867200 443.944000 2146.656000 1.000000
569.819200 1483.440000 443.963200 2074.416000 1.000000
573.182400 1541.712000 444.321600 2137.696000 1.000000
552.041600 1132.672000 444.328000 1708.096000 1.000000
541.604800 916.518400 445.532800 1495.465600 1.000000
526.768000 550.403200 447.249600 1125.683200 1.000000
529.427200 611.337600 447.608000 1185.942400 1.000000
532.972800 641.081600 450.465600 1216.564800 1.000000
577.764800 1519.179200 450.928000 2113.088000 1.000000
558.364800 1133.888000 451.180800 1710.320000 1.000000
600.024000 1857.408000 453.059200 2459.968000 1.000000
534.360000 573.408000 454.096000 1147.913600 1.000000
548.870400 879.508800 454.116800 1459.273600 1.000000
584.476800 1540.915200 454.720000 2135.616000 1.000000
581.428800 1425.628800 458.176000 2012.128000 1.000000
545.041600 705.001600 458.329600 1280.448000 1.000000
586.329600 1511.174400 459.987200 2103.344000 1.000000
558.872000 1004.664000 460.529600 1580.216000 1.000000
533.214400 367.846400 463.169600 944.803200 1.000000
569.321600 1101.284800 465.059200 1675.696000 1.000000
533.308800 170.241600 467.979200 753.630400 1.000000
595.096000 1528.004800 468.889600 2120.656000 1.000000
558.358400 753.542400 469.750400 1331.899200 1.000000
596.465600 1542.174400 470.004800 2137.136000 1.000000
596.067200 1510.718400 470.177600 2102.288000 1.000000
557.761600 655.771200 473.739200 1228.339200 1.000000
571.864000 976.409600 474.448000 1552.451200 1.000000
536.384000 113.287040 474.609600 700.689600 1.000000
551.937600 548.656000 474.785600 1122.400000 1.000000
578.945600 1098.596800 475.017600 1671.920000 1.000000
553.012800 542.660800 477.040000 1115.313600 1.000000
606.211200 1568.689600 478.246400 2166.576000 1.000000
580.297600 1029.737600 478.923200 1603.952000 1.000000
608.246400 1535.849600 480.566400 2129.984000 1.000000
583.358400 1022.816000 482.147200 1597.588800 1.000000
609.340800 1551.864000 483.360000 2146.352000 1.000000
586.625600 1097.096000 484.236800 1670.048000 1.000000
588.819200 1081.254400 487.084800 1654.448000 1.000000
580.787200 909.859200 487.630400 1488.236800 1.000000
584.675200 958.414400 487.872000 1536.043200 1.000000
571.774400 621.971200 489.345600 1195.358400 1.000000
598.243200 993.059200 497.870400 1568.643200 1.000000
602.875200 1087.097600 500.689600 1658.384000 1.000000
603.844800 1122.158400 501.595200 1694.960000 1.000000
584.081600 691.393600 501.739200 1263.540800 1.000000
627.660800 1531.625600 501.840000 2123.344000 1.000000
585.584000 680.740800 503.140800 1253.524800 1.000000
607.315200 1113.584000 503.401600 1684.912000 1.000000
625.388800 1494.030400 503.547200 2081.904000 1.000000
624.987200 1502.443200 503.652800 2091.552000 1.000000
562.422400 49.523040 503.990400 638.824000 1.000000
585.868800 648.155200 504.952000 1220.072000 1.000000
599.121600 899.276800 507.268800 1477.190400 1.000000
588.424000 662.273600 507.483200 1235.510400 1.000000
628.110400 1469.388800 509.124800 2055.552000 1.000000
640.025600 1685.616000 509.161600 2284.000000 1.000000
612.627200 1131.158400 509.256000 1703.248000 1.000000
569.316800 67.242560 509.337600 653.577600 1.000000
590.366400 636.600000 511.144000 1208.608000 1.000000
635.691200 1546.932800 511.329600 2139.808000 1.000000
588.473600 556.942400 511.342400 1129.862400 1.000000
571.216000 48.511840 512.132800 637.352000 1.000000
614.960000 1083.129600 513.908800 1654.288000 1.000000
573.912000 54.669760 516.121600 643.076800 1.000000
617.572800 1108.164800 516.492800 1679.248000 1.000000
609.360000 933.427200 516.715200 1509.465600 1.000000
619.732800 1125.739200 516.918400 1697.328000 1.000000
614.056000 1013.867200 517.478400 1586.158400 1.000000
612.729600 961.550400 518.020800 1536.012800 1.000000
640.403200 1523.049600 518.030400 2113.184000 1.000000
641.705600 1475.844800 522.200000 2061.584000 1.000000
653.792000 1693.952000 522.761600 2291.712000 1.000000
589.516800 326.416000 523.080000 903.014400 1.000000
627.355200 1114.014400 526.184000 1683.216000 1.000000
595.598400 334.905600 528.688000 910.948800 1.000000
659.924800 1658.608000 530.438400 2256.096000 1.000000
623.457600 950.904000 530.572800 1524.976000 1.000000
632.051200 1084.000000 532.033600 1654.720000 1.000000
657.428800 1597.665600 532.051200 2193.072000 1.000000
599.800000 346.798400 532.059200 923.374400 1.000000
627.288000 962.763200 533.169600 1535.542400 1.000000
629.824000 995.552000 533.537600 1568.107200 1.000000
604.204800 337.076800 535.156800 913.729600 1.000000
636.025600 1123.948800 535.897600 1693.696000 1.000000
627.404800 914.812800 536.113600 1490.132800 1.000000
621.616000 659.278400 539.102400 1231.537600 1.000000
622.393600 545.195200 545.435200 1116.625600 1.000000
621.281600 555.958400 546.372800 1127.203200 1.000000
672.883200 1474.977600 549.100800 2059.808000 1.000000
651.308800 1139.288000 549.329600 1710.256000 1.000000
646.699200 994.497600 550.513600 1566.700800 1.000000
644.968000 975.334400 552.144000 1547.814400 1.000000
625.852800 533.683200 552.435200 1104.649600 1.000000
644.680000 934.600000 552.585600 1509.248000 1.000000
656.784000 1140.609600 552.942400 1713.376000 1.000000
622.409600 347.161600 554.856000 918.993600 1.000000
654.211200 1097.798400 555.134400 1666.656000 1.000000
634.792000 641.796800 556.062400 1211.862400 1.000000
654.171200 1026.657600 556.369600 1596.875200 1.000000
682.942400 1647.728000 558.560000 2242.736000 1.000000
639.225600 630.147200 561.899200 1200.640000 1.000000
642.852800 641.344000 563.990400 1209.710400 1.000000
663.825600 1102.452800 564.355200 1670.464000 1.000000
636.883200 453.270400 565.912000 1025.619200 1.000000
627.443200 167.476800 566.182400 751.070400 1.000000
666.240000 1136.278400 566.662400 1704.768000 1.000000
647.172800 615.145600 568.294400 1185.236800 1.000000
688.264000 1529.280000 568.652800 2116.080000 1.000000
643.632000 529.040000 569.032000 1100.740800 1.000000
685.190400 1498.534400 569.654400 2084.640000 1.000000
638.822400 334.380800 570.196800 910.104000 1.000000
691.804800 1646.240000 570.593600 2245.424000 1.000000
668.318400 1021.132800 571.094400 1590.900800 1.000000
655.425600 752.923200 571.769600 1322.995200 1.000000
637.966400 280.619200 572.776000 858.737600 1.000000
666.321600 972.833600 573.361600 1544.046400 1.000000
673.158400 1091.169600 574.652800 1660.032000 1.000000
634.240000 99.323360 574.670400 684.422400 1.000000
652.208000 540.851200 576.937600 1110.376000 1.000000
646.412800 418.764800 578.259200 991.275200 1.000000
648.403200 405.211200 578.619200 977.828800 1.000000
650.595200 443.025600 580.270400 1014.876800 1.000000
653.574400 453.329600 583.812800 1026.054400 1.000000
679.291200 1008.832000 585.443200 1578.105600 1.000000
711.846400 1702.544000 588.164800 2297.792000 1.000000
688.073600 1123.110400 588.409600 1692.976000 1.000000
687.956800 1113.900800 589.136000 1681.744000 1.000000
683.348800 985.150400 589.420800 1555.729600 1.000000
653.668800 281.224000 589.838400 858.459200 1.000000
672.216000 753.243200 589.995200 1321.374400 1.000000
706.963200 1379.492800 592.443200 1951.760000 1.000000
665.672000 453.358400 595.153600 1024.988800 1.000000
688.793600 956.022400 597.628800 1526.606400 1.000000
682.649600 775.792000 599.288000 1345.808000 1.000000
669.123200 385.507200 600.459200 959.552000 1.000000
697.144000 1007.176000 602.110400 1576.332800 1.000000
668.414400 238.968000 604.622400 818.497600 1.000000
697.131200 981.864000 605.217600 1551.712000 1.000000
668.865600 102.491680 608.062400 686.152000 1.000000
676.393600 363.652800 608.976000 936.563200 1.000000
690.800000 670.878400 609.984000 1240.694400 1.000000
725.723200 1501.563200 610.572800 2085.440000 1.000000
697.992000 932.059200 611.179200 1503.124800 1.000000
735.881600 1689.152000 613.209600 2284.336000 1.000000
680.171200 304.155200 614.628800 878.579200 1.000000
714.649600 1143.073600 615.979200 1710.464000 1.000000
739.665600 1578.136000 619.086400 2168.704000 1.000000
685.070400 346.691200 619.337600 917.937600 1.000000
710.620800 952.816000 619.851200 1523.513600 1.000000
689.369600 373.265600 622.620800 945.134400 1.000000
690.164800 393.416000 623.521600 966.465600 1.000000
722.254400 1143.073600 624.924800 1710.032000 1.000000
762.126400 182.193600 626.240000 813.876800 1.000000
700.956800 605.995200 626.556800 1172.579200 1.000000
711.292800 843.451200 627.492800 1411.385600 1.000000
698.088000 507.710400 627.852800 1076.916800 1.000000
696.120000 365.833600 629.523200 937.686400 1.000000
715.627200 868.288000 630.368000 1437.878400 1.000000
699.080000 385.776000 633.350400 957.152000 1.000000
719.924800 833.396800 634.721600 1399.582400 1.000000
705.640000 515.568000 634.750400 1085.444800 1.000000
708.500800 554.608000 635.449600 1124.092800 1.000000
702.174400 373.646400 636.108800 945.304000 1.000000
705.348800 396.732800 638.379200 969.054400 1.000000
706.372800 419.705600 638.627200 990.027200 1.000000
710.974400 526.628800 640.350400 1095.696000 1.000000
714.793600 561.689600 641.960000 1128.988800 1.000000
705.460800 193.716800 643.916800 773.115200 1.000000
706.878400 213.499200 645.315200 791.619200 1.000000
733.795200 1013.540800 645.654400 1579.283200 1.000000
729.814400 803.892800 646.803200 1371.416000 1.000000
718.240000 520.252800 647.308800 1088.758400 1.000000
743.488000 1117.624000 647.617600 1680.720000 1.000000
715.980800 184.080000 655.582400 762.924800 1.000000
737.155200 794.942400 655.793600 1361.705600 1.000000
739.940800 848.177600 656.008000 1415.332800 1.000000
728.224000 513.489600 657.905600 1082.121600 1.000000
740.113600 806.340800 658.222400 1372.817600 1.000000
736.648000 717.040000 659.272000 1282.299200 1.000000
726.179200 364.035200 659.667200 935.361600 1.000000
766.424000 1467.686400 660.480000 2044.192000 1.000000
722.659200 229.388800 660.766400 806.553600 1.000000
749.243200 954.404800 661.243200 1522.574400 1.000000
754.888000 1096.166400 661.339200 1660.704000 1.000000
753.614400 948.939200 662.046400 1517.876800 1.000000
724.016000 216.920000 662.195200 795.422400 1.000000
751.009600 972.555200 662.955200 1540.377600 1.000000
744.803200 780.806400 663.017600 1345.052800 1.000000
758.828800 1136.480000 663.372800 1702.240000 1.000000
752.937600 962.248000 664.236800 1529.649600 1.000000
749.536000 841.718400 666.168000 1407.446400 1.000000
749.011200 809.564800 668.265600 1375.657600 1.000000
743.681600 563.563200 671.032000 1131.072000 1.000000
759.614400 977.857600 671.078400 1544.980800 1.000000
735.201600 313.345600 671.670400 887.126400 1.000000
741.923200 408.366400 674.411200 977.470400 1.000000
739.483200 238.729600 677.539200 815.305600 1.000000
800.859200 1911.376000 677.766400 2518.368000 1.000000
788.955200 1559.118400 677.873600 2144.656000 1.000000
761.094400 803.222400 679.036800 1368.180800 1.000000
805.046400 1934.832000 680.086400 2547.232000 1.000000
750.265600 536.089600 680.560000 1102.411200 1.000000
764.536000 841.318400 681.526400 1407.254400 1.000000
774.531200 1114.188800 681.548800 1676.496000 1.000000
771.902400 989.588800 683.446400 1555.435200 1.000000
750.686400 396.160000 684.660800 965.668800 1.000000
767.966400 854.246400 685.102400 1419.841600 1.000000
776.409600 1027.408000 686.723200 1592.688000 1.000000
798.401600 1599.201600 686.876800 2185.936000 1.000000
766.040000 730.926400 686.913600 1294.208000 1.000000
773.454400 978.518400 687.137600 1543.860800 1.000000
796.761600 1500.417600 689.720000 2080.288000 1.000000
772.139200 817.488000 692.172800 1381.000000 1.000000
773.259200 829.830400 692.595200 1393.937600 1.000000
779.224000 871.267200 693.820800 1438.624000 1.000000
782.516800 1036.358400 693.956800 1601.152000 1.000000
776.619200 843.280000 694.078400 1408.222400 1.000000
771.315200 714.876800 694.128000 1278.774400 1.000000
785.838400 925.760000 700.606400 1493.219200 1.000000
767.414400 390.934400 701.766400 959.910400 1.000000
765.004800 239.641600 704.083200 815.390400 1.000000
790.627200 962.416000 704.224000 1527.329600 1.000000
795.396800 1045.540800 706.972800 1609.440000 1.000000
798.257600 976.051200 712.212800 1541.310400 1.000000
804.716800 1116.905600 713.508800 1679.520000 1.000000
816.900800 1424.248000 714.467200 1996.768000 1.000000
824.432000 1561.107200 716.547200 2145.104000 1.000000
824.084800 1517.065600 718.310400 2096.528000 1.000000
807.708800 1048.433600 718.801600 1610.912000 1.000000
806.708800 958.897600 722.798400 1523.836800 1.000000
784.801600 270.824000 723.787200 844.884800 1.000000
814.756800 1103.892800 725.336000 1663.440000 1.000000
802.812800 774.747200 725.636800 1336.835200 1.000000
813.448000 996.132800 726.595200 1559.844800 1.000000
838.963200 1679.888000 727.164800 2268.272000 1.000000
834.563200 1540.465600 727.878400 2122.368000 1.000000
819.321600 1131.131200 728.521600 1692.800000 1.000000
835.073600 1532.873600 729.548800 2113.056000 1.000000
816.744000 958.787200 732.184000 1523.145600 1.000000
821.116800 1056.022400 733.054400 1617.328000 1.000000
819.356800 931.145600 734.646400 1497.398400 1.000000
816.545600 850.529600 735.470400 1412.574400 1.000000
809.836800 602.670400 738.310400 1164.657600 1.000000
816.787200 808.499200 738.411200 1368.753600 1.000000
826.990400 944.998400 740.083200 1509.916800 1.000000
842.603200 1404.294400 740.385600 1974.800000 1.000000
851.580800 1683.664000 741.696000 2271.744000 1.000000
824.966400 1012.806400 741.833600 1576.011200 1.000000
854.744000 1699.024000 742.403200 2286.176000 1.000000
829.369600 1003.382400 742.547200 1566.249600 1.000000
832.878400 1135.811200 743.078400 1696.672000 1.000000
853.720000 1667.456000 744.576000 2254.848000 1.000000
831.499200 957.928000 746.193600 1522.131200 1.000000
854.216000 1581.854400 748.187200 2164.704000 1.000000
827.825600 815.990400 748.814400 1377.465600 1.000000
832.846400 932.488000 749.649600 1496.985600 1.000000
857.316800 1565.620800 750.299200 2148.736000 1.000000
823.441600 633.084800 751.252800 1195.697600 1.000000
852.177600 1423.228800 752.668800 1992.000000 1.000000
856.502400 1514.281600 752.752000 2092.416000 1.000000
851.716800 1367.979200 753.108800 1934.784000 1.000000
852.619200 1402.251200 753.425600 1973.072000 1.000000
808.880000 77.162080 754.337600 656.014400 1.000000
840.948800 1003.307200 757.659200 1565.652800 1.000000
846.313600 1059.308800 758.715200 1619.680000 1.000000
861.574400 1379.462400 759.891200 1947.296000 1.000000
822.627200 69.173120 762.892800 652.280000 1.000000
851.987200 1049.112000 764.091200 1608.992000 1.000000
834.891200 593.214400 764.164800 1155.835200 1.000000
832.102400 426.339200 765.641600 992.384000 1.000000
872.204800 1523.592000 767.889600 2102.848000 1.000000
858.449600 1129.950400 769.084800 1688.560000 1.000000
830.990400 314.972800 769.262400 885.001600 1.000000
849.265600 875.649600 770.443200 1437.041600 1.000000
859.550400 1140.185600 770.884800 1699.056000 1.000000
833.176000 273.705600 771.849600 844.412800 1.000000
845.243200 625.452800 773.081600 1186.248000 1.000000
869.641600 1423.825600 773.235200 1991.696000 1.000000
857.486400 953.876800 773.240000 1517.219200 1.000000
854.905600 887.800000 774.275200 1450.105600 1.000000
846.211200 613.280000 775.366400 1176.030400 1.000000
838.393600 312.390400 776.193600 882.438400 1.000000
851.035200 703.256000 777.233600 1262.960000 1.000000
837.422400 197.100800 778.083200 772.417600 1.000000
837.969600 214.772800 778.155200 789.489600 1.000000
839.067200 268.339200 778.576000 840.574400 1.000000
885.608000 1575.398400 779.692800 2155.792000 1.000000
868.617600 1131.497600 779.908800 1689.104000 1.000000
883.563200 1544.491200 781.526400 2123.040000 1.000000
846.755200 412.140800 782.073600 977.489600 1.000000
862.291200 875.672000 782.084800 1436.313600 1.000000
845.780800 338.214400 782.208000 905.064000 1.000000
858.371200 715.227200 783.683200 1274.918400 1.000000
843.667200 230.710400 783.921600 804.718400 1.000000
845.428800 262.256000 784.934400 832.865600 1.000000
844.947200 284.427200 784.963200 856.660800 1.000000
883.499200 1400.809600 786.454400 1968.544000 1.000000
894.353600 1859.056000 788.646400 2446.736000 1.000000
886.574400 1425.144000 789.646400 1990.656000 1.000000
854.369600 398.993600 789.835200 963.801600 1.000000
854.038400 409.958400 790.110400 974.433600 1.000000
853.646400 318.132800 790.294400 886.844800 1.000000
874.812800 999.782400 792.292800 1559.827200 1.000000
881.257600 1140.308800 793.324800 1697.616000 1.000000
889.835200 1411.404800 794.331200 1979.744000 1.000000
872.363200 807.617600 796.131200 1367.388800 1.000000
893.382400 1400.584000 796.609600 1967.888000 1.000000
861.046400 402.936000 796.756800 967.529600 1.000000
875.558400 767.427200 799.499200 1326.892800 1.000000
906.995200 1679.600000 801.148800 2262.704000 1.000000
862.920000 78.317760 805.048000 660.396800 1.000000
881.345600 800.816000 805.355200 1359.644800 1.000000
893.454400 1151.123200 805.680000 1708.672000 1.000000
894.308800 1130.580800 807.052800 1687.632000 1.000000
883.985600 746.419200 808.608000 1305.673600 1.000000
910.878400 1581.252800 810.452800 2160.624000 1.000000
881.886400 676.792000 810.897600 1237.107200 1.000000
897.342400 1113.534400 811.009600 1668.848000 1.000000
869.328000 72.356160 812.371200 653.908800 1.000000
892.601600 893.716800 813.408000 1454.134400 1.000000
895.020800 933.016000 814.606400 1495.142400 1.000000
887.740800 692.870400 814.832000 1251.403200 1.000000
916.624000 1587.524800 815.923200 2166.464000 1.000000
918.251200 1660.512000 816.496000 2243.152000 1.000000
891.220800 790.587200 816.819200 1349.576000 1.000000
891.656000 758.556800 817.078400 1316.417600 1.000000
895.688000 848.628800 817.641600 1406.662400 1.000000
874.985600 74.430240 817.691200 656.491200 1.000000
880.960000 304.640000 817.990400 873.558400 1.000000
913.040000 1399.588800 819.204800 1965.552000 1.000000
906.412800 1140.076800 819.288000 1697.648000 1.000000
892.921600 717.854400 820.217600 1275.139200 1.000000
895.363200 744.124800 821.883200 1300.161600 1.000000
900.072000 782.817600 825.883200 1339.881600 1.000000
907.168000 945.246400 825.985600 1506.507200 1.000000
900.424000 747.710400 826.262400 1304.806400 1.000000
898.686400 708.035200 826.297600 1265.217600 1.000000
909.590400 1034.308800 827.172800 1593.160000 1.000000
912.835200 1009.275200 829.539200 1568.440000 1.000000
907.492800 856.539200 830.225600 1414.184000 1.000000
931.230400 1598.472000 831.286400 2176.608000 1.000000
913.310400 939.822400 835.110400 1502.592000 1.000000
921.089600 1136.220800 836.358400 1692.000000 1.000000
896.768000 61.976320 838.419200 643.171200 1.000000
911.033600 706.163200 838.972800 1263.728000 1.000000
915.993600 796.494400 839.457600 1353.627200 1.000000
940.337600 1413.216000 842.868800 1977.280000 1.000000
903.531200 23.951040 846.534400 608.404800 1.000000
926.379200 962.009600 848.592000 1521.491200 1.000000
907.036800 56.644960 850.510400 639.900800 1.000000
924.916800 753.296000 851.004800 1309.062400 1.000000
934.446400 1127.273600 851.310400 1681.456000 1.000000
931.244800 880.142400 852.784000 1436.929600 1.000000
945.364800 1526.656000 852.894400 2099.904000 1.000000
924.968000 732.622400 853.273600 1287.123200 1.000000
946.609600 1389.465600 855.092800 1950.704000 1.000000
922.017600 439.726400 857.784000 1001.796800 1.000000
923.302400 431.404800 859.387200 992.883200 1.000000
938.505600 856.744000 861.736000 1413.089600 1.000000
948.441600 1152.614400 863.998400 1707.216000 1.000000
961.028800 1562.308800 864.188800 2137.776000 1.000000
960.121600 1515.006400 865.222400 2086.256000 1.000000
968.806400 1675.872000 871.990400 2257.984000 1.000000
973.017600 1688.608000 875.560000 2272.000000 1.000000
932.500800 88.404960 875.889600 669.926400 1.000000
958.939200 1150.462400 876.838400 1703.264000 1.000000
960.849600 994.289600 880.107200 1551.240000 1.000000
957.708800 837.688000 881.587200 1393.121600 1.000000
939.235200 84.117120 882.438400 665.817600 1.000000
965.771200 974.102400 884.987200 1531.633600 1.000000
945.678400 82.216000 888.640000 662.774400 1.000000
963.790400 806.403200 888.777600 1361.104000 1.000000
966.734400 966.011200 890.518400 1523.296000 1.000000
978.523200 849.897600 903.108800 1404.972800 1.000000
997.180800 1519.054400 905.804800 2088.736000 1.000000
976.664000 700.486400 905.939200 1253.929600 1.000000
982.203200 791.232000 909.056000 1343.958400 1.000000
1001.523200 1595.596800 909.406400 2167.856000 1.000000
990.232000 1050.544000 910.542400 1604.672000 1.000000
971.828800 151.324960 912.832000 725.544000 1.000000
979.067200 387.872000 916.049600 950.390400 1.000000
998.872000 1045.254400 918.534400 1599.155200 1.000000
989.696000 783.737600 918.675200 1338.156800 1.000000
991.755200 774.539200 919.148800 1326.684800 1.000000
994.710400 769.944000 922.824000 1318.886400 1.000000
998.019200 848.856000 923.864000 1402.859200 1.000000
1015.939200 1665.280000 924.529600 2244.176000 1.000000
1003.524800 1129.729600 924.736000 1681.504000 1.000000
982.628800 149.244160 925.601600 724.411200 1.000000
1016.894400 1515.758400 927.113600 2084.592000 1.000000
1015.312000 1134.476800 934.942400 1684.656000 1.000000
1015.588800 1147.129600 935.339200 1697.776000 1.000000
1030.004800 1689.584000 939.046400 2268.608000 1.000000
1032.456000 1596.049600 941.796800 2166.192000 1.000000
1022.460800 1156.374400 941.824000 1706.944000 1.000000
1014.105600 793.200000 942.804800 1344.243200 1.000000
1017.644800 814.350400 944.241600 1365.910400 1.000000
1019.032000 977.524800 944.265600 1533.300800 1.000000
1022.843200 1027.780800 945.841600 1580.891200 1.000000
1026.089600 1063.164800 947.392000 1614.864000 1.000000
1017.411200 645.049600 949.312000 1196.305600 1.000000
1035.696000 1352.342400 950.859200 1906.768000 1.000000
1010.190400 164.417600 951.628800 737.520000 1.000000
1041.172800 1425.323200 955.422400 1981.936000 1.000000
1035.289600 1260.432000 955.923200 1811.472000 1.000000
1027.721600 794.299200 956.214400 1344.476800 1.000000
1028.166400 807.104000 956.673600 1358.156800 1.000000
1033.344000 960.313600 956.798400 1515.204800 1.000000
1038.744000 1254.433600 957.555200 1805.248000 1.000000
1037.264000 969.891200 962.084800 1524.912000 1.000000
1043.016000 1148.425600 964.036800 1697.344000 1.000000
1045.502400 1263.828800 964.513600 1812.896000 1.000000
1052.563200 1572.459200 965.336000 2139.760000 1.000000
1049.691200 1123.211200 970.433600 1671.136000 1.000000
1060.145600 1579.390400 972.830400 2147.040000 1.000000
1061.860800 1682.800000 973.440000 2257.472000 1.000000
1057.452800 1260.636800 976.355200 1810.032000 1.000000
1042.625600 518.364800 978.083200 1074.497600 1.000000
1066.414400 1569.508800 979.310400 2136.192000 1.000000
1063.796800 1389.494400 980.467200 1945.312000 1.000000
1064.384000 1286.827200 983.496000 1836.064000 1.000000
1044.723200 219.944000 985.006400 787.982400 1.000000
1073.900800 1613.504000 986.851200 2182.016000 1.000000
1047.233600 233.801600 987.942400 800.929600 1.000000
1068.929600 1274.772800 989.699200 1824.624000 1.000000
1068.326400 1146.811200 990.612800 1695.232000 1.000000
1063.396800 862.518400 991.395200 1412.928000 1.000000
1072.361600 1118.403200 992.764800 1660.688000 1.000000
1072.604800 1255.548800 993.169600 1804.864000 1.000000
1066.313600 871.192000 993.480000 1420.844800 1.000000
1070.249600 1137.392000 993.984000 1686.928000 1.000000
1078.139200 1319.672000 995.441600 1871.296000 1.000000
1079.496000 1311.081600 998.537600 1862.816000 1.000000
1085.852800 1704.176000 999.276800 2279.616000 1.000000
1069.172800 586.020800 1003.537600 1137.136000 1.000000
1095.257600 2334.672000 1004.118400 2993.200000 1.000000
1091.672000 1692.080000 1006.273600 2268.432000 1.000000
1102.774400 2325.712000 1011.198400 2981.296000 1.000000
1097.211200 1674.512000 1013.944000 2249.536000 1.000000
1087.904000 1002.584000 1014.760000 1553.579200 1.000000
1088.513600 904.460800 1015.252800 1454.580800 1.000000
1096.340800 1403.924800 1015.369600 1958.976000 1.000000
1108.334400 2334.400000 1017.158400 2992.160000 1.000000
1104.132800 1869.872000 1017.636800 2457.648000 1.000000
1090.318400 856.984000 1017.884800 1407.740800 1.000000
1093.742400 888.774400 1020.561600 1438.356800 1.000000
1105.220800 1507.609600 1023.481600 2069.696000 1.000000
1091.062400 573.838400 1025.059200 1124.156800 1.000000
1100.513600 1000.076800 1025.622400 1549.520000 1.000000
1100.283200 1018.953600 1027.828800 1567.835200 1.000000
1102.849600 866.628800 1031.499200 1414.473600 1.000000
1106.606400 1069.971200 1031.992000 1617.520000 1.000000
1099.064000 627.078400 1032.321600 1177.742400 1.000000
1116.132800 1664.768000 1032.744000 2237.392000 1.000000
1094.886400 279.904000 1033.273600 844.059200 1.000000
1119.668800 1542.510400 1037.230400 2105.568000 1.000000
1114.275200 1037.454400 1040.480000 1585.060800 1.000000
1122.809600 1524.403200 1040.644800 2085.712000 1.000000
1114.235200 899.811200 1041.945600 1448.473600 1.000000
1127.067200 1594.697600 1042.801600 2165.664000 1.000000
1119.241600 1150.873600 1044.608000 1695.728000 1.000000
1120.284800 965.785600 1047.291200 1515.379200 1.000000
1132.937600 1573.016000 1051.785600 2139.280000 1.000000
1117.433600 605.395200 1052.048000 1152.814400 1.000000
1126.624000 1001.164800 1053.590400 1548.107200 1.000000
1118.200000 559.449600 1054.272000 1108.704000 1.000000
1138.201600 1831.920000 1056.185600 2412.544000 1.000000
1131.422400 1158.873600 1056.598400 1704.080000 1.000000
1133.945600 1432.302400 1056.724800 1985.520000 1.000000
1137.190400 1537.145600 1056.964800 2098.272000 1.000000
1138.644800 1545.988800 1057.716800 2108.176000 1.000000
1128.681600 923.876800 1060.731200 1473.096000 1.000000
1142.262400 1507.641600 1063.404800 2067.760000 1.000000
1142.336000 1405.961600 1063.904000 1958.576000 1.000000
1144.836800 1464.513600 1067.593600 2016.528000 1.000000
1152.374400 1835.968000 1072.750400 2417.936000 1.000000
1152.241600 1396.120000 1075.416000 1947.088000 1.000000
1151.065600 1064.414400 1078.624000 1608.832000 1.000000
1153.689600 1072.200000 1079.580800 1616.816000 1.000000
1162.862400 2320.608000 1080.603200 2971.552000 1.000000
1160.683200 1533.292800 1081.180800 2096.176000 1.000000
1145.707200 565.899200 1081.425600 1114.419200 1.000000
1153.833600 975.358400 1082.233600 1523.206400 1.000000
1155.472000 1042.380800 1082.264000 1587.870400 1.000000
1154.452800 925.896000 1082.528000 1473.670400 1.000000
1156.668800 1139.987200 1083.465600 1683.504000 1.000000
1154.438400 899.673600 1084.726400 1447.291200 1.000000
1152.520000 661.651200 1085.865600 1207.579200 1.000000
1161.225600 1147.724800 1086.419200 1691.328000 1.000000
1166.480000 1520.822400 1086.620800 2080.736000 1.000000
1165.723200 1454.401600 1088.595200 2007.552000 1.000000
1166.648000 1443.388800 1088.681600 1996.576000 1.000000
1165.635200 1396.438400 1089.944000 1946.336000 1.000000
1167.713600 1839.472000 1090.657600 2420.672000 1.000000
1156.566400 570.401600 1091.332800 1118.571200 1.000000
1169.646400 1382.996800 1091.619200 1931.216000 1.000000
1166.089600 969.859200 1095.184000 1518.089600 1.000000
1170.659200 1139.164800 1097.976000 1682.512000 1.000000
1166.889600 843.508800 1098.436800 1387.449600 1.000000
1170.849600 828.937600 1102.553600 1373.164800 1.000000
1176.376000 1042.097600 1104.308800 1587.288000 1.000000
1173.872000 1000.968000 1104.812800 1547.270400 1.000000
1173.144000 818.876800 1104.913600 1361.900800 1.000000
1171.436800 665.785600 1106.441600 1209.281600 1.000000
1181.908800 1336.267200 1106.484800 1883.776000 1.000000
1180.604800 1079.308800 1108.064000 1622.640000 1.000000
1185.220800 1479.168000 1111.564800 2034.016000 1.000000
1184.828800 1156.489600 1112.203200 1700.192000 1.000000
1180.558400 827.438400 1112.387200 1370.147200 1.000000
1185.611200 988.363200 1113.632000 1534.532800 1.000000
1187.337600 968.723200 1114.478400 1517.171200 1.000000
1191.976000 1484.256000 1116.350400 2038.976000 1.000000
1188.931200 1069.198400 1116.902400 1612.848000 1.000000
1189.486400 1043.540800 1117.606400 1587.947200 1.000000
1186.872000 1049.684800 1117.849600 1593.297600 1.000000
1191.060800 1036.577600 1118.544000 1580.627200 1.000000
1189.576000 1127.889600 1119.456000 1670.496000 1.000000
1191.411200 1010.140800 1119.838400 1555.512000 1.000000
1195.033600 1651.712000 1119.992000 2213.776000 1.000000
1196.064000 1509.753600 1120.304000 2065.168000 1.000000
1196.652800 2350.016000 1120.980800 3004.912000 1.000000
1192.707200 1023.475200 1122.896000 1567.640000 1.000000
1195.627200 1063.216000 1124.094400 1606.416000 1.000000
1203.300800 2342.528000 1126.316800 2995.984000 1.000000
1201.206400 1499.406400 1126.331200 2054.336000 1.000000
1201.729600 1481.209600 1126.913600 2034.816000 1.000000
1192.222400 689.761600 1127.203200 1232.355200 1.000000
1201.062400 1037.532800 1129.848000 1581.224000 1.000000
1199.704000 683.432000 1133.752000 1224.672000 1.000000
1208.523200 1296.158400 1134.760000 1847.024000 1.000000
1206.804800 1031.678400 1136.409600 1575.131200 1.000000
1210.494400 1420.643200 1136.889600 1971.584000 1.000000
1209.796800 1016.945600 1138.956800 1561.875200 1.000000
1209.534400 1135.824000 1139.115200 1677.520000 1.000000
1206.507200 691.603200 1139.579200 1233.299200 1.000000
1213.062400 831.760000 1144.838400 1375.344000 1.000000
1218.393600 1397.699200 1144.867200 1944.784000 1.000000
1215.204800 1328.324800 1145.720000 1878.992000 1.000000
1220.812800 1074.051200 1150.688000 1615.344000 1.000000
1221.836800 1064.371200 1151.390400 1605.904000 1.000000
1221.408000 1009.902400 1151.788800 1554.049600 1.000000
1223.780800 1127.596800 1152.352000 1667.936000 1.000000
1226.008000 1019.508800 1156.948800 1562.968000 1.000000
1222.507200 722.640000 1157.497600 1266.304000 1.000000
1231.800000 1012.036800 1161.369600 1555.950400 1.000000
1233.033600 1066.976000 1162.204800 1608.400000 1.000000
1225.564800 179.147200 1164.337600 745.558400 1.000000
1235.024000 1131.128000 1165.880000 1671.264000 1.000000
1236.019200 1040.528000 1166.132800 1581.716800 1.000000
1236.636800 1017.318400 1167.228800 1560.041600 1.000000
1231.924800 53.540640 1169.880000 628.651200 1.000000
1241.171200 1122.169600 1170.382400 1661.760000 1.000000
1239.062400 977.840000 1170.449600 1523.480000 1.000000
1241.739200 1022.012800 1171.856000 1564.092800 1.000000
1234.934400 514.784000 1171.958400 1060.145600 1.000000
1242.998400 1065.569600 1172.400000 1606.160000 1.000000
1243.496000 993.017600 1174.417600 1536.916800 1.000000
1235.654400 182.376000 1175.267200 748.502400 1.000000
1245.561600 1138.568000 1176.412800 1678.880000 1.000000
1240.104000 164.766400 1179.796800 730.883200 1.000000
1251.416000 1056.044800 1182.028800 1597.328000 1.000000
1254.480000 997.873600 1184.524800 1540.675200 1.000000
1251.316800 400.659200 1190.217600 949.747200 1.000000
1258.952000 1143.227200 1190.646400 1682.592000 1.000000
1251.083200 149.725280 1190.796800 717.720000 1.000000
1260.027200 1064.420800 1191.782400 1604.736000 1.000000
1262.660800 1074.400000 1193.688000 1613.408000 1.000000
1256.619200 451.411200 1193.953600 999.097600 1.000000
1262.576000 993.880000 1194.760000 1536.345600 1.000000
1265.299200 1390.486400 1196.388800 1933.952000 1.000000
1265.641600 1371.774400 1196.467200 1916.896000 1.000000
1264.806400 1127.710400 1197.136000 1665.712000 1.000000
1268.419200 1011.748800 1199.916800 1553.017600 1.000000
1272.968000 1394.564800 1202.392000 1938.576000 1.000000
1271.030400 1021.388800 1202.430400 1562.806400 1.000000
1272.300800 1047.339200 1203.705600 1587.249600 1.000000
1274.275200 1084.665600 1205.502400 1623.200000 1.000000
1277.166400 1075.755200 1207.254400 1614.304000 1.000000
1275.636800 1388.488000 1207.312000 1931.376000 1.000000
1277.011200 1129.419200 1209.208000 1667.616000 1.000000
1276.798400 766.835200 1211.553600 1306.708800 1.000000
1283.284800 1037.088000 1213.796800 1577.494400 1.000000
1282.252800 1139.488000 1214.313600 1677.680000 1.000000
1283.417600 1050.308800 1214.704000 1589.942400 1.000000
1284.076800 1120.577600 1215.880000 1657.664000 1.000000
1285.161600 1148.945600 1216.616000 1687.424000 1.000000
1286.737600 1088.201600 1219.123200 1626.368000 1.000000
1288.371200 1112.718400 1219.358400 1650.208000 1.000000
1288.811200 1043.289600 1220.048000 1583.537600 1.000000
1287.316800 1381.344000 1220.088000 1923.248000 1.000000
1288.486400 1074.124800 1221.244800 1612.464000 1.000000
1284.128000 496.401600 1221.777600 1042.376000 1.000000
1290.307200 1403.049600 1222.796800 1946.256000 1.000000
1291.286400 1391.995200 1222.960000 1934.512000 1.000000
1290.465600 999.481600 1223.758400 1541.265600 1.000000
1299.289600 1070.758400 1231.380800 1608.688000 1.000000
1294.857600 145.997280 1232.787200 712.998400 1.000000
1299.190400 765.716800 1233.790400 1304.500800 1.000000
1295.601600 136.922240 1234.268800 705.412800 1.000000
1301.011200 1044.611200 1234.392000 1583.459200 1.000000
1301.761600 1133.032000 1235.291200 1669.984000 1.000000
1301.873600 1154.265600 1235.756800 1692.960000 1.000000
1305.964800 1145.865600 1236.699200 1683.744000 1.000000
1301.723200 99.695040 1239.750400 670.515200 1.000000
1308.563200 1123.131200 1242.419200 1659.696000 1.000000
1309.593600 826.846400 1244.192000 1364.792000 1.000000
1311.556800 1039.043200 1245.040000 1577.390400 1.000000
1311.080000 89.987360 1248.622400 661.124800 1.000000
1316.240000 1066.494400 1249.403200 1603.024000 1.000000
1317.097600 1079.513600 1250.993600 1616.208000 1.000000
1316.222400 148.242080 1254.096000 714.846400 1.000000
1319.707200 832.233600 1254.340800 1369.660800 1.000000
1324.344000 1037.796800 1258.254400 1575.944000 1.000000
1326.769600 1142.873600 1262.033600 1679.936000 1.000000
1327.654400 856.739200 1262.131200 1394.329600 1.000000
1329.611200 1080.176000 1263.323200 1615.328000 1.000000
1331.859200 1018.740800 1265.339200 1557.000000 1.000000
1333.140800 1068.624000 1267.195200 1604.576000 1.000000
1333.214400 1039.899200 1267.344000 1577.196800 1.000000
1340.825600 1056.734400 1275.945600 1595.478400 1.000000
1344.236800 1012.776000 1278.513600 1550.835200 1.000000
1346.692800 1020.520000 1279.657600 1558.222400 1.000000
1346.710400 904.987200 1282.105600 1440.118400 1.000000
1349.380800 947.340800 1282.585600 1485.387200 1.000000
1347.878400 1139.451200 1282.939200 1674.368000 1.000000
1350.113600 992.524800 1283.894400 1531.520000 1.000000
1346.246400 106.560800 1284.657600 674.460800 1.000000
1350.553600 434.041600 1287.182400 979.704000 1.000000
1353.065600 1036.313600 1287.644800 1573.129600 1.000000
1353.867200 1060.404800 1288.468800 1596.100800 1.000000
1355.948800 1009.284800 1290.856000 1546.958400 1.000000
1358.128000 1001.092800 1292.808000 1539.312000 1.000000
1358.131200 410.294400 1294.736000 957.443200 1.000000
1359.675200 1040.329600 1295.168000 1577.166400 1.000000
1360.088000 856.368000 1296.396800 1390.472000 1.000000
1366.508800 901.060800 1302.926400 1435.339200 1.000000
1372.659200 851.096000 1308.616000 1386.940800 1.000000
1375.921600 1062.480000 1311.542400 1597.403200 1.000000
1377.150400 1022.112000 1312.054400 1557.827200 1.000000
1382.763200 1004.112000 1317.651200 1539.532800 1.000000
1382.648000 1050.971200 1318.540800 1584.907200 1.000000
1400.848000 406.870400 1336.628800 954.465600 1.000000
1400.136000 1596.929600 1337.992000 2155.696000 1.000000
1409.924800 1348.297600 1339.472000 1890.080000 1.000000
1406.201600 925.844800 1342.196800 1459.057600 1.000000
1408.414400 1045.289600 1344.300800 1579.214400 1.000000
1413.566400 824.915200 1350.390400 1358.324800 1.000000
1413.233600 1005.883200 1353.038400 1540.625600 1.000000
1417.252800 907.097600 1353.968000 1439.716800 1.000000
1421.259200 903.001600 1357.856000 1435.547200 1.000000
1422.340800 360.787200 1359.121600 907.972800 1.000000
1425.524800 1135.070400 1361.678400 1667.120000 1.000000
1427.160000 911.246400 1362.867200 1444.371200 1.000000
1426.747200 1376.416000 1363.488000 1916.800000 1.000000
1430.745600 747.172800 1367.251200 1279.880000 1.000000
1430.334400 1126.012800 1367.467200 1656.512000 1.000000
1431.507200 1358.065600 1367.745600 1899.616000 1.000000
1433.537600 674.361600 1371.102400 1208.046400 1.000000
1435.779200 497.603200 1371.916800 1034.238400 1.000000
1436.248000 307.966400 1372.371200 858.972800 1.000000
1440.672000 908.425600 1377.401600 1440.769600 1.000000
1444.540800 965.884800 1381.836800 1498.915200 1.000000
1444.745600 1135.971200 1383.875200 1665.712000 1.000000
1447.912000 1026.820800 1385.124800 1559.304000 1.000000
1449.878400 1008.785600 1386.908800 1542.172800 1.000000
1451.371200 305.654400 1387.305600 854.852800 1.000000
1452.216000 873.558400 1388.859200 1403.804800 1.000000
1464.344000 306.480000 1399.544000 855.577600 1.000000
1463.412800 909.628800 1400.852800 1440.556800 1.000000
1463.964800 1130.044800 1403.230400 1660.304000 1.000000
1470.788800 1127.659200 1411.510400 1657.376000 1.000000
1476.091200 896.891200 1414.368000 1426.137600 1.000000
1476.732800 1021.680000 1414.689600 1552.924800 1.000000
1470.995200 1605.776000 1414.838400 2160.656000 1.000000
1475.544000 1574.062400 1415.616000 2128.416000 1.000000
1475.772800 875.288000 1416.552000 1402.427200 1.000000
1481.865600 1060.712000 1419.982400 1588.636800 1.000000
1475.222400 1695.248000 1425.731200 2251.520000 1.000000
1490.636800 339.492800 1426.067200 892.214400 1.000000
1487.747200 1016.182400 1427.902400 1547.236800 1.000000
1484.550400 1598.619200 1428.915200 2153.120000 1.000000
1486.673600 1682.160000 1438.171200 2235.632000 1.000000
1500.580800 1046.880000 1438.651200 1575.721600 1.000000
1500.041600 1087.972800 1439.707200 1615.520000 1.000000
1499.752000 1070.504000 1440.283200 1598.699200 1.000000
1500.643200 1017.988800 1440.592000 1549.185600 1.000000
1499.465600 1059.363200 1441.169600 1587.324800 1.000000
1509.324800 1047.292800 1447.228800 1576.036800 1.000000
1510.704000 1073.416000 1450.928000 1601.696000 1.000000
1521.128000 378.161600 1455.940800 920.718400 1.000000
1518.350400 1049.187200 1458.504000 1577.523200 1.000000
1526.022400 874.774400 1464.988800 1402.083200 1.000000
1534.020800 1002.128000 1469.321600 1532.032000 1.000000
1516.294400 1680.336000 1469.396800 2231.248000 1.000000
1533.596800 582.686400 1470.444800 1115.267200 1.000000
1530.969600 1078.324800 1471.440000 1604.352000 1.000000
1531.560000 1013.449600 1471.800000 1542.630400 1.000000
1542.851200 798.561600 1481.150400 1324.811200 1.000000
1540.526400 1068.526400 1482.608000 1595.169600 1.000000
1543.192000 1056.742400 1482.708800 1583.251200 1.000000
1547.480000 833.729600 1486.585600 1359.489600 1.000000
1555.353600 435.984000 1491.080000 973.166400 1.000000
1557.014400 786.972800 1495.803200 1313.092800 1.000000
1560.561600 793.134400 1499.537600 1319.241600 1.000000
1564.091200 1021.228800 1504.512000 1548.910400 1.000000
1567.923200 787.128000 1506.208000 1311.662400 1.000000
1595.950400 806.720000 1535.160000 1331.544000 1.000000
1598.908800 835.552000 1537.488000 1360.113600 1.000000
1597.120000 1056.409600 1540.046400 1581.040000 1.000000
1591.755200 1701.120000 1553.457600 2249.616000 1.000000
1624.000000 798.934400 1563.200000 1320.936000 1.000000
1661.072000 168.350400 1588.323200 723.427200 1.000000
1655.536000 958.211200 1595.795200 1480.944000 1.000000
1668.464000 189.452800 1596.548800 741.339200 1.000000
1656.416000 983.507200 1600.000000 1505.153600 1.000000
1665.760000 967.059200 1608.592000 1487.078400 1.000000
1669.184000 1054.392000 1612.640000 1575.929600 1.000000
1672.416000 910.528000 1613.216000 1432.291200 1.000000
1702.432000 1040.921600 1646.544000 1561.163200 1.000000
1718.464000 951.302400 1660.816000 1470.348800 1.000000
1721.504000 936.433600 1662.944000 1455.371200 1.000000
1741.728000 291.032000 1669.632000 831.257600 1.000000
1725.792000 1041.956800 1670.592000 1561.776000 1.000000
1736.320000 997.374400 1679.136000 1516.425600 1.000000
1734.880000 1022.411200 1680.736000 1542.001600 1.000000
1752.976000 703.940800 1689.856000 1224.216000 1.000000
1752.416000 1003.459200 1696.544000 1522.035200 1.000000
1743.456000 1711.888000 1716.064000 2252.528000 1.000000
1800.496000 410.979200 1729.920000 940.920000 1.000000
1794.784000 703.766400 1731.664000 1222.328000 1.000000
1797.248000 713.156800 1734.864000 1229.931200 1.000000
1813.360000 367.313600 1741.744000 900.028800 1.000000
1791.536000 1238.496000 1742.528000 1762.112000 1.000000
1783.872000 1606.128000 1747.296000 2145.312000 1.000000
1749.440000 2267.440000 1747.824000 2868.432000 1.000000
1774.464000 1723.024000 1751.056000 2262.144000 1.000000
1799.760000 1324.804800 1751.136000 1849.008000 1.000000
1824.336000 378.166400 1752.512000 909.622400 1.000000
1799.360000 1311.344000 1752.688000 1834.800000 1.000000
1792.896000 1499.131200 1752.880000 2031.808000 1.000000
1790.192000 1598.009600 1754.256000 2135.872000 1.000000
1815.792000 744.892800 1754.336000 1261.628800 1.000000
1810.384000 1009.321600 1755.552000 1525.208000 1.000000
1808.704000 1033.814400 1757.168000 1552.675200 1.000000
1799.808000 1580.014400 1763.328000 2115.728000 1.000000
1799.760000 1605.152000 1765.168000 2143.328000 1.000000
1803.440000 1543.729600 1765.360000 2078.352000 1.000000
1836.416000 421.465600 1765.904000 949.774400 1.000000
1812.608000 1319.899200 1766.928000 1841.136000 1.000000
1809.456000 1456.593600 1769.488000 1984.960000 1.000000
1815.296000 1381.225600 1774.144000 1903.968000 1.000000
1761.088000 2373.040000 1774.784000 2963.408000 1.000000
1810.544000 1608.576000 1776.896000 2146.080000 1.000000
1812.688000 1554.851200 1777.040000 2089.360000 1.000000
1819.584000 1574.246400 1785.504000 2110.096000 1.000000
1821.328000 1549.507200 1786.288000 2081.824000 1.000000
1827.504000 1396.702400 1787.168000 1920.352000 1.000000
1829.024000 1378.134400 1787.280000 1901.536000 1.000000
1800.688000 1818.976000 1792.928000 2373.904000 1.000000
1833.648000 1389.481600 1793.408000 1910.448000 1.000000
1814.992000 1715.168000 1795.328000 2251.712000 1.000000
1859.168000 802.416000 1798.864000 1315.020800 1.000000
1808.096000 1813.216000 1799.776000 2367.104000 1.000000
1875.232000 364.563200 1801.504000 894.521600 1.000000
1853.904000 1213.814400 1803.664000 1729.072000 1.000000
1812.608000 1818.464000 1805.376000 2371.424000 1.000000
1842.192000 1491.392000 1806.432000 2021.120000 1.000000
1825.680000 1728.592000 1808.896000 2266.064000 1.000000
1821.344000 1808.160000 1813.632000 2360.208000 1.000000
1838.432000 1685.632000 1816.912000 2221.568000 1.000000
1909.296000 72.848480 1825.056000 628.795200 1.000000
1891.216000 632.177600 1825.504000 1148.620800 1.000000
1903.472000 595.742400 1836.352000 1111.908800 1.000000
1922.448000 89.604160 1838.672000 643.156800 1.000000
1878.960000 1388.201600 1839.008000 1905.856000 1.000000
1875.456000 1466.299200 1839.376000 1990.544000 1.000000
1897.616000 856.627200 1839.472000 1365.968000 1.000000
1911.728000 564.648000 1843.792000 1080.230400 1.000000
1890.176000 1259.324800 1844.464000 1776.128000 1.000000
1881.392000 1427.097600 1844.608000 1947.904000 1.000000
1879.616000 1502.337600 1845.776000 2029.792000 1.000000
1880.192000 1545.681600 1848.352000 2074.592000 1.000000
1884.832000 1478.846400 1850.240000 2005.072000 1.000000
1885.344000 1549.464000 1853.360000 2077.088000 1.000000
1901.856000 1239.089600 1855.248000 1755.936000 1.000000
1924.352000 586.342400 1857.536000 1101.819200 1.000000
1905.904000 1438.444800 1868.768000 1958.480000 1.000000
1918.512000 1234.691200 1869.872000 1746.160000 1.000000
1905.296000 1483.948800 1871.280000 2008.736000 1.000000
1930.448000 897.819200 1873.664000 1406.624000 1.000000
1911.824000 1384.011200 1873.856000 1902.672000 1.000000
1943.568000 577.545600 1875.792000 1092.704000 1.000000
1909.648000 1465.552000 1876.048000 1989.984000 1.000000
1937.600000 926.409600 1880.768000 1434.068800 1.000000
1893.440000 1753.600000 1881.904000 2285.040000 1.000000
1917.328000 1458.715200 1882.496000 1981.504000 1.000000
1942.416000 910.408000 1884.736000 1419.606400 1.000000
1921.680000 1408.560000 1884.896000 1927.440000 1.000000
1958.304000 578.848000 1889.936000 1093.816000 1.000000
1929.696000 1379.489600 1892.080000 1894.832000 1.000000
1926.336000 1446.612800 1893.312000 1965.984000 1.000000
1928.016000 1461.385600 1895.552000 1985.056000 1.000000
1965.984000 606.036800 1898.016000 1119.704000 1.000000
1929.072000 1578.590400 1900.368000 2104.864000 1.000000
1938.880000 1386.867200 1902.160000 1901.184000 1.000000
1964.896000 930.086400 1908.736000 1437.571200 1.000000
1993.264000 223.635200 1910.368000 760.817600 1.000000
1965.872000 944.020800 1910.368000 1451.196800 1.000000
1894.160000 2294.528000 1913.392000 2885.344000 1.000000
1982.176000 618.305600 1914.608000 1131.025600 1.000000
1917.792000 1822.608000 1920.048000 2374.512000 1.000000
1901.456000 2302.480000 1922.944000 2893.680000 1.000000
1990.752000 611.675200 1923.200000 1124.337600 1.000000
1958.960000 1437.705600 1924.560000 1957.024000 1.000000
1906.336000 2290.592000 1926.448000 2879.664000 1.000000
1909.824000 2300.416000 1930.880000 2891.024000 1.000000
1939.488000 1706.944000 1932.368000 2239.008000 1.000000
2005.824000 554.156800 1935.872000 1068.360000 1.000000
2024.096000 245.804800 1941.968000 779.708800 1.000000
1951.824000 1733.728000 1947.568000 2262.976000 1.000000
2019.568000 536.438400 1948.368000 1051.667200 1.000000
1985.696000 1377.520000 1950.320000 1890.960000 1.000000
2022.640000 989.369600 1969.424000 1493.539200 1.000000
2035.392000 685.758400 1969.936000 1191.268800 1.000000
2020.144000 1202.809600 1974.704000 1707.840000 1.000000
2061.424000 218.187200 1976.240000 753.363200 1.000000
1965.792000 1884.688000 1977.200000 2442.128000 1.000000
1968.640000 1859.536000 1979.552000 2412.176000 1.000000
1988.240000 1721.632000 1981.552000 2243.856000 1.000000
2055.568000 510.656000 1982.912000 1026.009600 1.000000
2048.640000 711.497600 1984.144000 1218.854400 1.000000
1982.288000 1846.736000 1991.248000 2397.904000 1.000000
2060.064000 751.486400 1996.080000 1257.004800 1.000000
2046.528000 1089.571200 1996.816000 1599.620800 1.000000
2000.944000 1747.008000 1997.744000 2271.776000 1.000000
2086.384000 203.441600 1999.280000 739.894400 1.000000
2043.120000 1337.315200 2004.128000 1842.784000 1.000000
1989.312000 1926.512000 2004.800000 2490.784000 1.000000
2044.944000 1266.678400 2004.960000 1772.176000 1.000000
1985.872000 2194.432000 2007.792000 2764.080000 1.000000
2061.872000 966.172800 2007.968000 1468.160000 1.000000
2046.224000 1319.908800 2008.000000 1827.424000 1.000000
2051.328000 1225.382400 2010.768000 1729.600000 1.000000
2038.480000 1499.657600 2012.048000 2016.224000 1.000000
2041.264000 1476.510400 2012.848000 1992.752000 1.000000
2020.272000 1710.592000 2014.704000 2231.360000 1.000000
2021.856000 1721.024000 2019.264000 2241.968000 1.000000
2057.888000 1277.819200 2019.440000 1781.840000 1.000000
2054.592000 1392.753600 2020.288000 1901.424000 1.000000
2101.424000 359.064000 2021.200000 883.208000 1.000000
2059.488000 1312.790400 2023.600000 1817.792000 1.000000
2059.680000 1294.856000 2023.968000 1798.384000 1.000000
2062.256000 1275.950400 2024.256000 1778.944000 1.000000
2029.584000 1694.992000 2025.808000 2215.760000 1.000000
2107.632000 221.905600 2026.544000 749.585600 1.000000
2090.992000 750.676800 2027.024000 1255.300800 1.000000
2036.784000 1684.992000 2032.032000 2205.360000 1.000000
2099.376000 735.836800 2035.952000 1240.908800 1.000000
2041.776000 1707.600000 2036.240000 2227.856000 1.000000
2075.392000 1262.513600 2037.472000 1764.720000 1.000000
1993.824000 2349.648000 2037.680000 2921.648000 1.000000
2073.264000 1296.241600 2037.776000 1800.032000 1.000000
2119.696000 413.118400 2039.248000 932.907200 1.000000
2103.984000 764.723200 2039.568000 1268.856000 1.000000
2065.296000 1497.172800 2041.280000 2012.048000 1.000000
2067.424000 1482.080000 2042.464000 1996.736000 1.000000
2002.224000 2345.696000 2047.488000 2916.816000 1.000000
2074.528000 1473.276800 2048.944000 1984.944000 1.000000
2131.376000 458.368000 2052.512000 974.347200 1.000000
2129.440000 437.374400 2053.696000 952.715200 1.000000
2008.112000 2335.600000 2054.144000 2905.856000 1.000000
2121.680000 762.870400 2057.520000 1264.926400 1.000000
2026.336000 2255.280000 2057.984000 2831.104000 1.000000
2111.856000 969.739200 2058.160000 1473.880000 1.000000
2121.792000 790.467200 2059.344000 1292.588800 1.000000
2044.272000 1832.864000 2061.600000 2379.888000 1.000000
2048.096000 1897.952000 2069.168000 2451.328000 1.000000
2136.704000 756.478400 2071.552000 1260.816000 1.000000
2130.512000 912.636800 2073.360000 1411.480000 1.000000
2143.312000 694.380800 2074.624000 1200.523200 1.000000
2081.296000 1688.592000 2077.776000 2206.048000 1.000000
2171.952000 109.124800 2078.096000 650.264000 1.000000
2172.496000 398.475200 2087.776000 919.048000 1.000000
2169.280000 447.796800 2088.784000 963.587200 1.000000
2058.864000 2272.560000 2097.008000 2849.360000 1.000000
2080.992000 1786.016000 2097.392000 2327.008000 1.000000
2078.048000 2151.200000 2106.080000 2707.488000 1.000000
2074.992000 2206.224000 2107.792000 2772.016000 1.000000
2186.848000 476.937600 2108.640000 990.374400 1.000000
2209.760000 89.520000 2110.560000 635.254400 1.000000
2195.408000 408.859200 2112.784000 926.886400 1.000000
2150.896000 1236.236800 2112.816000 1736.272000 1.000000
2117.520000 1677.392000 2115.216000 2192.320000 1.000000
2092.064000 1887.488000 2115.552000 2441.648000 1.000000
2214.640000 79.586400 2116.240000 625.156800 1.000000
2088.992000 2155.488000 2118.464000 2710.192000 1.000000
2203.632000 457.540800 2123.296000 971.033600 1.000000
2089.488000 2238.832000 2126.288000 2807.792000 1.000000
2103.344000 1839.360000 2126.400000 2385.040000 1.000000
2071.920000 2377.008000 2129.280000 2946.400000 1.000000
2208.704000 507.075200 2130.832000 1016.891200 1.000000
2074.528000 2386.848000 2132.704000 2961.184000 1.000000
2228.112000 308.753600 2140.000000 828.065600 1.000000
2115.184000 1920.592000 2143.648000 2467.328000 1.000000
2162.096000 1478.323200 2144.464000 1976.048000 1.000000
2146.448000 1666.544000 2144.976000 2172.416000 1.000000
2086.496000 2383.056000 2146.864000 2953.616000 1.000000
2245.696000 100.715520 2146.896000 643.225600 1.000000
2106.448000 2341.408000 2160.048000 2904.752000 1.000000
2137.120000 1928.688000 2166.656000 2484.416000 1.000000
2271.104000 138.546080 2171.680000 677.763200 1.000000
2267.296000 345.369600 2177.680000 866.899200 1.000000
2292.896000 48.176320 2187.888000 594.124800 1.000000
2278.368000 355.596800 2188.816000 878.286400 1.000000
2125.840000 2401.472000 2191.216000 2971.584000 1.000000
2298.880000 188.584000 2200.512000 721.032000 1.000000
2299.040000 271.024000 2202.736000 806.998400 1.000000
2154.480000 2331.056000 2218.704000 2889.120000 1.000000
2150.192000 2413.168000 2219.504000 2987.584000 1.000000
2150.400000 2394.848000 2220.160000 2961.664000 1.000000
2155.616000 2353.808000 2222.368000 2912.112000 1.000000
2331.424000 134.499360 2228.272000 672.244800 1.000000
2165.152000 2366.640000 2234.144000 2928.608000 1.000000
2167.616000 2415.712000 2242.064000 2986.256000 1.000000
2172.848000 2385.088000 2244.000000 2949.664000 1.000000
2180.880000 2367.840000 2252.496000 2928.560000 1.000000
2219.152000 2145.888000 2258.960000 2711.136000 1.000000
2186.032000 2380.976000 2259.248000 2945.344000 1.000000
2189.632000 2400.336000 2264.560000 2967.040000 1.000000
2196.224000 2319.280000 2265.216000 2871.488000 1.000000
2203.232000 2356.336000 2275.152000 2910.512000 1.000000
2398.688000 241.158400 2304.816000 754.200000 1.000000
2227.696000 2410.592000 2307.920000 2977.888000 1.000000
2229.072000 2396.480000 2309.280000 2959.376000 1.000000
2300.336000 981.033600 2336.416000 1240.284800 1.000000
2307.904000 1023.004800 2350.704000 1273.764800 1.000000
2290.144000 1220.244800 2368.848000 1427.112000 1.000000
2286.112000 1300.593600 2373.248000 1512.518400 1.000000
2504.240000 125.424960 2394.432000 654.790400 1.000000
2322.320000 1199.723200 2404.368000 1397.870400 1.000000
2376.144000 925.947200 2412.528000 1181.585600 1.000000
2402.256000 908.104000 2438.128000 1161.526400 1.000000
2355.952000 1202.705600 2439.968000 1396.491200 1.000000
2354.128000 1480.316800 2463.712000 1708.128000 1.000000
2444.032000 860.392000 2476.896000 1116.241600 1.000000
2384.288000 1268.668800 2482.240000 1459.603200 1.000000
2405.584000 2250.336000 2484.912000 2808.768000 1.000000
2456.912000 861.656000 2497.664000 1104.296000 1.000000
2442.624000 1264.654400 2539.440000 1456.929600 1.000000
2430.448000 1376.372800 2543.536000 1569.731200 1.000000
2507.168000 830.755200 2549.808000 1067.502400 1.000000
2479.328000 1332.398400 2593.632000 1519.203200 1.000000
2527.968000 1049.534400 2608.832000 1239.278400 1.000000
2548.032000 1074.020800 2634.752000 1257.779200 1.000000
2551.328000 1057.268800 2635.776000 1243.886400 1.000000
2523.680000 1575.366400 2667.696000 1783.888000 1.000000
2597.856000 1094.606400 2690.880000 1272.510400 1.000000
2542.944000 1594.883200 2691.376000 1802.784000 1.000000
2547.776000 1515.454400 2693.328000 1698.400000 1.000000
2599.616000 1110.721600 2696.528000 1287.822400 1.000000
2599.184000 1124.459200 2698.864000 1299.880000 1.000000
2550.304000 1544.020800 2699.984000 1736.032000 1.000000
2560.848000 1590.102400 2715.104000 1793.568000 1.000000
2565.440000 1545.433600 2719.120000 1734.832000 1.000000
2567.392000 1553.646400 2722.416000 1744.400000 1.000000
2570.112000 1604.000000 2726.928000 1805.280000 1.000000
2612.896000 1249.478400 2732.240000 1415.302400 1.000000
2578.960000 1604.416000 2737.920000 1804.240000 1.000000
2581.088000 1616.784000 2741.824000 1818.080000 1.000000
2633.376000 1194.894400 2747.376000 1361.432000 1.000000
2645.632000 1200.100800 2762.320000 1365.560000 1.000000
2604.848000 1500.694400 2763.280000 1671.728000 1.000000
2604.832000 1710.224000 2770.384000 1943.280000 1.000000
2655.904000 1204.526400 2773.184000 1367.603200 1.000000
2660.736000 1178.862400 2775.328000 1343.940800 1.000000
2615.776000 1502.060800 2776.080000 1671.680000 1.000000
2631.488000 1406.595200 2779.920000 1569.128000 1.000000
2616.160000 1521.435200 2779.920000 1692.224000 1.000000
2667.344000 1263.521600 2798.496000 1424.137600 1.000000
2676.752000 1210.500800 2798.592000 1372.446400 1.000000
2628.080000 1742.144000 2799.712000 1975.056000 1.000000
2648.800000 1447.960000 2806.528000 1608.176000 1.000000
2641.760000 1505.598400 2806.768000 1668.912000 1.000000
2636.224000 1743.184000 2811.600000 1973.888000 1.000000
2677.568000 1302.857600 2815.872000 1459.836800 1.000000
2693.376000 1245.464000 2823.152000 1402.884800 1.000000
2648.352000 1785.152000 2833.312000 2024.272000 1.000000
2654.848000 1739.536000 2833.664000 1960.256000 1.000000
2694.048000 1321.203200 2836.704000 1475.275200 1.000000
2695.472000 1306.419200 2836.784000 1462.009600 1.000000
2703.984000 1302.856000 2844.304000 1456.697600 1.000000
2698.768000 1348.019200 2847.808000 1501.252800 1.000000
2701.920000 1338.304000 2848.448000 1490.459200 1.000000
2682.480000 1468.844800 2849.344000 1625.216000 1.000000
2712.368000 1284.547200 2849.984000 1437.771200 1.000000
2689.664000 1426.422400 2850.480000 1580.003200 1.000000
2685.616000 1460.812800 2851.680000 1616.240000 1.000000
2679.632000 1504.024000 2852.048000 1661.328000 1.000000
2691.696000 1420.683200 2852.368000 1573.736000 1.000000
2688.016000 1467.894400 2855.120000 1622.768000 1.000000
2706.128000 1363.286400 2858.592000 1515.387200 1.000000
2701.056000 1431.475200 2861.200000 1582.416000 1.000000
2697.456000 1442.651200 2861.712000 1595.168000 1.000000
2707.152000 1419.937600 2869.248000 1571.776000 1.000000
2704.144000 1448.152000 2870.672000 1600.576000 1.000000
2717.376000 1401.795200 2878.432000 1553.353600 1.000000
2718.496000 1432.068800 2884.176000 1582.368000 1.000000
2720.432000 1446.488000 2888.784000 1596.844800 1.000000
2724.384000 1428.145600 2889.680000 1578.156800 1.000000
2728.976000 1395.675200 2889.952000 1545.910400 1.000000
2722.640000 1439.128000 2890.400000 1588.644800 1.000000
2730.736000 1401.321600 2891.344000 1549.702400 1.000000
2722.224000 1453.993600 2892.368000 1603.968000 1.000000
2727.248000 1420.012800 2892.688000 1570.057600 1.000000
2724.608000 1475.486400 2899.152000 1625.984000 1.000000
2730.384000 1467.816000 2904.352000 1617.184000 1.000000
2737.840000 1436.657600 2906.416000 1584.086400 1.000000
2749.280000 1395.766400 2911.824000 1543.515200 1.000000
2757.904000 1374.465600 2917.264000 1520.904000 1.000000
2754.064000 1421.699200 2923.024000 1568.356800 1.000000
2751.696000 1434.907200 2923.680000 1580.608000 1.000000
2789.008000 1296.523200 2928.352000 1431.507200 1.000000
2762.848000 1400.073600 2928.400000 1545.960000 1.000000
2763.952000 1436.115200 2937.136000 1581.166400 1.000000
2775.216000 1411.630400 2945.392000 1556.075200 1.000000
2774.576000 1429.379200 2948.912000 1572.110400 1.000000
2779.920000 1408.638400 2949.984000 1552.697600 1.000000
2786.960000 1388.025600 2951.824000 1529.753600 1.000000
2788.624000 1409.867200 2959.856000 1552.824000 1.000000
2790.208000 1404.446400 2961.168000 1547.142400 1.000000
2795.872000 1411.518400 2967.872000 1552.908800 1.000000
2836.672000 1411.848000 3015.152000 1547.736000 1.000000
2918.736000 1915.424000 3203.008000 2078.272000 1.000000
3352.576000 192.785600 3320.048000 435.212800 1.000000
3684.720000 50.463520 3602.912000 341.129600 1.000000
3708.576000 252.320000 3717.072000 481.347200 1.000000
3858.304000 368.769600 3837.216000 594.105600 1.000000
3872.432000 366.318400 3850.688000 590.779200 1.000000
3902.528000 366.256000 3881.248000 585.603200 1.000000
3898.080000 407.345600 3881.280000 623.054400 1.000000
3915.104000 316.310400 3883.488000 540.206400 1.000000
3921.520000 322.137600 3891.552000 544.761600 1.000000
3911.280000 401.748800 3897.280000 614.163200 1.000000
3936.144000 276.204800 3901.088000 497.660800 1.000000
3954.560000 204.729600 3908.880000 428.110400 1.000000
3941.408000 310.942400 3911.792000 530.848000 1.000000
3972.496000 336.758400 3944.112000 556.041600 1.000000
3688.272000 1204.104000 3978.240000 1167.905600 1.000000
