17.906720 2587.792000 16.017920 2052.288000 1.000000
189.344000 1412.945600 25.179360 757.792000 1.000000
181.873600 1585.075200 33.725120 937.891200 1.000000
198.880000 1414.152000 35.810560 760.336000 1.000000
255.089600 1052.644800 44.237120 303.688000 1.000000
211.100800 1389.958400 45.009120 734.516800 1.000000
253.070400 1111.283200 49.911040 378.664000 1.000000
213.832000 1403.364800 50.273280 748.283200 1.000000
211.710400 1418.379200 50.332960 765.006400 1.000000
213.108800 1411.848000 50.709920 757.481600 1.000000
154.184000 1845.840000 50.850400 1285.262400 1.000000
216.612800 1426.224000 56.345920 773.488000 1.000000
225.449600 1407.524800 62.087520 752.420800 1.000000
189.774400 1680.816000 64.226880 1063.916800 1.000000
205.473600 1591.267200 67.164960 944.588800 1.000000
282.888000 1002.819200 68.397600 239.320000 1.000000
283.144000 994.912000 69.345760 230.998400 1.000000
231.932800 1429.731200 72.904320 775.902400 1.000000
236.564800 1394.880000 73.996160 739.361600 1.000000
233.988800 1422.870400 74.065600 769.374400 1.000000
297.908800 904.267200 74.253600 112.304640 1.000000
298.267200 955.070400 74.330720 180.416000 1.000000
239.524800 1415.180800 82.174240 760.817600 1.000000
319.606400 870.110400 90.752320 66.762880 1.000000
318.857600 903.043200 96.173440 109.463840 1.000000
249.014400 1498.878400 96.394080 849.846400 1.000000
251.796800 1461.952000 97.463680 810.220800 1.000000
310.619200 1026.443200 103.097120 271.318400 1.000000
322.396800 945.089600 105.529600 164.027200 1.000000
229.960000 1670.384000 106.105280 1055.131200 1.000000
237.313600 1657.936000 111.966080 1043.028800 1.000000
309.086400 1104.702400 113.426240 372.363200 1.000000
274.940800 1384.705600 116.185760 727.875200 1.000000
270.217600 1446.940800 116.572160 790.747200 1.000000
246.320000 1649.088000 118.543040 1032.028800 1.000000
261.948800 1533.158400 120.004480 888.006400 1.000000
328.361600 1038.720000 123.151200 287.601600 1.000000
337.748800 974.388800 125.819520 204.051200 1.000000
333.851200 1042.382400 129.348960 292.958400 1.000000
292.990400 1344.649600 129.952160 686.734400 1.000000
256.894400 1647.344000 130.667200 1031.182400 1.000000
287.307200 1422.072000 131.137600 766.976000 1.000000
288.361600 1417.209600 131.880960 761.694400 1.000000
355.960000 884.624000 133.107360 85.850880 1.000000
332.216000 1093.422400 134.005920 357.798400 1.000000
297.337600 1391.409600 138.708000 737.464000 1.000000
360.691200 901.540800 140.859840 108.750720 1.000000
297.905600 1420.851200 142.337760 765.841600 1.000000
306.006400 1364.259200 143.575360 706.782400 1.000000
365.267200 886.048000 144.058880 87.273120 1.000000
343.987200 1086.777600 148.601280 351.036800 1.000000
347.563200 1058.112000 148.804960 314.630400 1.000000
358.828800 1028.787200 157.169600 275.105600 1.000000
363.838400 1007.817600 158.147680 248.374400 1.000000
373.443200 964.739200 160.395200 192.084800 1.000000
282.694400 1672.368000 160.960000 1061.184000 1.000000
368.099200 1048.430400 166.649600 299.724800 1.000000
373.024000 1023.369600 170.686400 268.628800 1.000000
388.476800 932.825600 174.595200 149.566080 1.000000
379.339200 1003.683200 176.931200 243.363200 1.000000
388.987200 941.990400 178.033600 161.916800 1.000000
368.073600 1116.784000 178.868800 385.606400 1.000000
381.022400 1017.875200 179.449600 262.156800 1.000000
300.968000 1672.592000 179.600000 1061.254400 1.000000
324.441600 1493.742400 180.252800 839.072000 1.000000
149.721600 2920.400000 181.934400 2345.824000 1.000000
156.744480 2879.008000 183.500800 2305.552000 1.000000
165.110400 2822.624000 185.960000 2257.360000 1.000000
386.996800 1047.006400 189.784000 299.656000 1.000000
161.712000 2911.152000 191.926400 2335.584000 1.000000
314.340800 1668.176000 192.132800 1056.403200 1.000000
392.140800 1030.441600 192.769600 277.779200 1.000000
179.769600 2797.792000 197.708800 2236.256000 1.000000
171.707200 2903.856000 201.348800 2329.920000 1.000000
342.694400 1460.318400 202.843200 806.236800 1.000000
416.212800 905.579200 203.244800 115.811040 1.000000
322.697600 1688.240000 205.532800 1076.417600 1.000000
402.304000 1047.900800 206.443200 301.587200 1.000000
424.377600 919.232000 215.304000 132.994080 1.000000
422.760000 945.118400 216.105600 166.507200 1.000000
418.931200 979.518400 217.680000 215.484800 1.000000
425.348800 959.228800 221.348800 185.777600 1.000000
428.009600 937.150400 221.377600 157.340640 1.000000
416.001600 1049.275200 222.568000 304.105600 1.000000
424.334400 995.208000 224.297600 234.281600 1.000000
436.816000 925.641600 227.945600 142.751360 1.000000
446.707200 885.486400 235.646400 86.412640 1.000000
438.822400 962.923200 236.620800 191.558400 1.000000
395.187200 1418.097600 244.630400 764.947200 1.000000
458.819200 870.755200 246.454400 72.889600 1.000000
369.014400 1687.568000 253.115200 1075.784000 1.000000
370.814400 1681.024000 253.246400 1067.507200 1.000000
415.336000 1390.345600 254.792000 707.489600 1.000000
450.108800 1018.446400 256.008000 263.380800 1.000000
455.985600 979.075200 258.628800 212.360000 1.000000
457.334400 1007.417600 260.470400 248.336000 1.000000
447.238400 1116.496000 263.856000 387.300800 1.000000
412.862400 1427.555200 264.908800 775.862400 1.000000
384.747200 1668.800000 266.057600 1053.739200 1.000000
236.736000 2955.248000 266.518400 2380.064000 1.000000
385.678400 1684.672000 269.608000 1071.744000 1.000000
465.916800 996.260800 269.988800 234.540800 1.000000
392.681600 1670.448000 274.808000 1056.547200 1.000000
465.548800 1092.683200 282.289600 359.636800 1.000000
470.926400 1075.044800 285.481600 334.793600 1.000000
471.795200 1086.502400 286.592000 351.192000 1.000000
279.059200 2708.288000 287.185600 2156.192000 1.000000
469.720000 1131.216000 290.808000 404.852800 1.000000
475.720000 1075.297600 291.057600 338.076800 1.000000
255.843200 3011.568000 292.337600 2433.232000 1.000000
386.518400 1863.296000 292.510400 1308.000000 1.000000
411.883200 1674.816000 294.368000 1061.056000 1.000000
390.576000 1866.944000 297.028800 1310.702400 1.000000
491.433600 998.913600 298.228800 239.451200 1.000000
386.278400 1917.472000 299.918400 1361.403200 1.000000
292.475200 2743.376000 300.129600 2188.032000 1.000000
478.440000 1131.048000 300.139200 404.681600 1.000000
422.755200 1627.312000 300.476800 1009.820800 1.000000
500.419200 1010.936000 311.865600 254.195200 1.000000
503.936000 1003.062400 314.136000 244.481600 1.000000
511.777600 980.488000 319.763200 217.056000 1.000000
501.108800 1107.054400 320.790400 377.920000 1.000000
501.118400 1126.571200 323.326400 399.784000 1.000000
351.940800 2413.088000 323.766400 1818.640000 1.000000
483.246400 1339.246400 325.651200 651.830400 1.000000
302.864000 2972.816000 331.584000 2396.256000 1.000000
485.216000 1326.472000 331.753600 643.219200 1.000000
509.604800 1130.033600 331.944000 402.960000 1.000000
415.555200 1938.896000 332.606400 1382.508800 1.000000
427.363200 1857.072000 334.072000 1301.392000 1.000000
370.432000 2404.448000 337.870400 1808.896000 1.000000
424.478400 1916.128000 339.260800 1360.721600 1.000000
424.576000 1921.888000 339.377600 1366.515200 1.000000
431.619200 1866.224000 339.881600 1311.224000 1.000000
538.233600 905.156800 340.548800 117.422080 1.000000
517.891200 1116.430400 341.304000 388.673600 1.000000
459.248000 1650.960000 342.515200 1036.993600 1.000000
428.950400 1932.672000 345.043200 1376.142400 1.000000
541.604800 916.518400 345.505600 131.180000 1.000000
326.971200 2865.440000 345.732800 2296.800000 1.000000
320.224000 2931.584000 345.931200 2356.960000 1.000000
432.001600 1916.560000 346.120000 1361.417600 1.000000
432.758400 1934.752000 349.022400 1378.868800 1.000000
506.568000 1298.440000 350.438400 606.497600 1.000000
443.230400 1863.024000 351.174400 1307.992000 1.000000
549.529600 897.859200 351.712000 107.795680 1.000000
447.288000 1842.560000 352.337600 1285.328000 1.000000
549.462400 919.284800 354.924800 133.973280 1.000000
334.254400 2900.144000 355.272000 2326.752000 1.000000
537.897600 1100.315200 361.185600 369.683200 1.000000
459.153600 1826.048000 362.350400 1265.321600 1.000000
535.499200 1131.216000 362.460800 405.747200 1.000000
337.462400 2957.616000 363.566400 2380.752000 1.000000
451.913600 1891.968000 364.035200 1338.296000 1.000000
459.192000 1868.448000 367.966400 1313.414400 1.000000
509.804800 1446.686400 369.875200 775.489600 1.000000
563.371200 920.566400 370.366400 135.329760 1.000000
563.740800 911.248000 370.451200 123.222400 1.000000
466.019200 1843.296000 371.060800 1285.185600 1.000000
465.491200 1854.352000 372.787200 1298.800000 1.000000
489.548800 1669.312000 373.544000 1057.180800 1.000000
365.038400 2939.792000 388.260800 2363.168000 1.000000
529.286400 1443.070400 390.952000 773.705600 1.000000
577.644800 1013.369600 397.081600 259.457600 1.000000
584.675200 958.414400 397.600000 186.635200 1.000000
530.190400 1508.996800 398.244800 844.665600 1.000000
544.364800 1373.219200 399.462400 690.971200 1.000000
495.321600 1835.952000 401.428800 1277.734400 1.000000
534.779200 1521.435200 404.100800 858.203200 1.000000
384.160000 2952.176000 407.464000 2374.752000 1.000000
386.180800 2913.952000 407.680000 2339.552000 1.000000
438.273600 2413.328000 409.216000 1819.872000 1.000000
492.921600 1947.616000 412.432000 1391.640000 1.000000
543.496000 1527.067200 413.952000 864.211200 1.000000
607.316800 899.788800 414.971200 110.243200 1.000000
586.625600 1097.096000 414.977600 366.462400 1.000000
497.656000 1926.880000 415.761600 1372.217600 1.000000
545.206400 1534.712000 417.835200 872.171200 1.000000
591.616000 1115.532800 421.956800 389.086400 1.000000
503.118400 1945.776000 422.401600 1389.854400 1.000000
593.224000 1121.179200 423.230400 396.841600 1.000000
506.891200 1939.184000 424.142400 1383.048000 1.000000
400.704000 2974.272000 425.499200 2395.872000 1.000000
509.782400 1934.640000 427.742400 1381.412800 1.000000
410.961600 2910.256000 428.160000 2336.944000 1.000000
411.008000 2919.184000 429.475200 2343.952000 1.000000
611.484800 975.425600 430.459200 208.088000 1.000000
612.729600 961.550400 431.564800 189.892800 1.000000
521.492800 1861.616000 431.736000 1307.592000 1.000000
514.736000 1934.336000 432.868800 1380.011200 1.000000
555.961600 1559.640000 433.745600 899.129600 1.000000
602.948800 1131.060800 435.496000 406.436800 1.000000
603.844800 1122.158400 435.742400 398.080000 1.000000
614.056000 1013.867200 436.276800 258.536000 1.000000
608.374400 1081.556800 436.608000 346.756800 1.000000
416.200000 2928.800000 436.772800 2352.896000 1.000000
528.897600 1852.608000 438.283200 1297.548800 1.000000
610.681600 1106.697600 439.841600 377.096000 1.000000
627.404800 914.812800 440.123200 130.211680 1.000000
529.753600 1857.264000 440.392000 1302.406400 1.000000
571.817600 1524.376000 443.347200 862.385600 1.000000
536.276800 1853.232000 446.534400 1298.302400 1.000000
535.584000 1860.752000 446.681600 1306.152000 1.000000
572.811200 1549.867200 447.520000 888.798400 1.000000
617.572800 1108.164800 448.651200 380.875200 1.000000
539.809600 1855.856000 450.382400 1300.900800 1.000000
627.944000 1044.316800 450.499200 299.419200 1.000000
543.075200 1848.800000 452.868800 1292.849600 1.000000
637.073600 936.028800 453.564800 157.457120 1.000000
589.873600 1435.614400 453.886400 768.198400 1.000000
540.196800 1892.784000 454.291200 1341.176000 1.000000
562.694400 1694.832000 456.646400 1087.281600 1.000000
565.622400 1684.304000 457.915200 1075.571200 1.000000
544.126400 1889.232000 457.963200 1336.321600 1.000000
586.329600 1511.174400 458.473600 850.302400 1.000000
632.051200 1084.000000 462.390400 350.374400 1.000000
640.873600 1001.244800 463.046400 243.494400 1.000000
633.083200 1094.252800 464.169600 364.755200 1.000000
596.067200 1510.718400 469.100800 848.804800 1.000000
646.699200 994.497600 470.307200 234.524800 1.000000
636.025600 1123.948800 471.467200 398.593600 1.000000
596.465600 1542.174400 472.732800 882.657600 1.000000
635.729600 1140.907200 473.020800 417.856000 1.000000
656.022400 932.019200 473.036800 152.515520 1.000000
642.481600 1136.024000 477.947200 413.110400 1.000000
660.697600 955.099200 481.459200 183.427200 1.000000
651.308800 1139.288000 487.208000 416.934400 1.000000
618.500800 1479.371200 488.200000 816.041600 1.000000
666.321600 972.833600 489.416000 207.329600 1.000000
653.443200 1124.452800 489.937600 400.435200 1.000000
658.062400 1076.025600 490.083200 341.558400 1.000000
656.147200 1152.251200 494.187200 428.862400 1.000000
668.318400 1021.132800 494.472000 268.881600 1.000000
671.988800 984.297600 495.926400 221.980800 1.000000
662.910400 1095.472000 497.174400 366.403200 1.000000
674.113600 965.396800 497.790400 197.667200 1.000000
628.110400 1469.388800 497.862400 805.193600 1.000000
625.388800 1494.030400 498.144000 831.755200 1.000000
624.987200 1502.443200 498.976000 840.385600 1.000000
663.825600 1102.452800 499.108800 374.028800 1.000000
679.408000 945.315200 501.048000 170.360000 1.000000
666.566400 1111.163200 501.856000 384.662400 1.000000
677.480000 960.169600 501.952000 190.627200 1.000000
631.790400 1463.208000 502.054400 798.096000 1.000000
678.750400 991.955200 502.504000 232.076800 1.000000
612.422400 1665.392000 505.008000 1057.414400 1.000000
632.083200 1524.684800 507.750400 864.680000 1.000000
635.691200 1546.932800 512.881600 887.046400 1.000000
618.598400 1690.144000 512.952000 1082.857600 1.000000
676.542400 1109.739200 513.369600 383.731200 1.000000
641.705600 1475.844800 513.860800 812.243200 1.000000
680.614400 1080.539200 515.534400 346.908800 1.000000
642.700800 1507.654400 516.441600 846.270400 1.000000
534.056000 2591.040000 520.041600 2054.400000 1.000000
643.278400 1531.792000 520.843200 872.555200 1.000000
624.620800 1702.896000 521.204800 1094.756800 1.000000
696.588800 998.126400 523.993600 240.838400 1.000000
697.131200 981.864000 524.726400 218.155200 1.000000
697.144000 1007.176000 525.073600 252.142400 1.000000
630.312000 1684.816000 525.795200 1074.326400 1.000000
708.332800 851.848000 526.272000 62.508640 1.000000
691.121600 1104.828800 527.977600 378.369600 1.000000
711.292800 843.451200 529.078400 53.537600 1.000000
710.620800 952.816000 536.094400 180.809600 1.000000
622.904000 1868.624000 536.982400 1317.796800 1.000000
723.209600 850.099200 539.729600 62.271520 1.000000
715.196800 980.752000 544.771200 216.838400 1.000000
710.025600 1080.003200 545.406400 346.443200 1.000000
708.414400 1133.574400 549.265600 412.016000 1.000000
715.643200 1084.880000 551.873600 352.604800 1.000000
734.361600 857.966400 552.379200 69.907680 1.000000
658.020800 1685.680000 553.593600 1078.032000 1.000000
738.577600 820.604800 555.819200 29.286240 1.000000
732.508800 971.145600 561.531200 204.510400 1.000000
733.795200 1013.540800 568.334400 260.313600 1.000000
706.963200 1379.492800 569.395200 699.492800 1.000000
688.264000 1529.280000 570.753600 873.268800 1.000000
737.291200 1041.248000 571.835200 297.923200 1.000000
682.942400 1647.728000 576.558400 1036.347200 1.000000
660.556800 1893.728000 578.163200 1342.073600 1.000000
714.769600 1378.068800 582.632000 700.091200 1.000000
740.252800 1140.496000 584.896000 420.144000 1.000000
743.488000 1117.624000 585.705600 394.756800 1.000000
753.614400 948.939200 586.252800 175.969600 1.000000
742.313600 1132.300800 586.771200 412.132800 1.000000
753.849600 1001.712000 588.510400 244.227200 1.000000
759.614400 977.857600 590.788800 212.641600 1.000000
767.966400 854.246400 591.208000 66.318720 1.000000
773.259200 829.830400 595.584000 38.247360 1.000000
698.585600 1692.720000 597.616000 1087.248000 1.000000
776.619200 843.280000 599.257600 55.284640 1.000000
769.225600 958.076800 604.406400 189.718400 1.000000
771.902400 989.588800 606.987200 228.892800 1.000000
726.990400 1531.731200 611.166400 875.158400 1.000000
784.830400 878.449600 611.320000 92.315520 1.000000
771.416000 1101.536000 615.862400 374.110400 1.000000
785.838400 925.760000 618.267200 146.312160 1.000000
774.531200 1114.188800 621.000000 391.550400 1.000000
782.516800 1036.358400 622.206400 290.275200 1.000000
782.484800 1058.411200 624.499200 320.406400 1.000000
726.768000 1681.824000 625.038400 1074.443200 1.000000
778.492800 1134.696000 626.777600 415.393600 1.000000
797.484800 965.011200 632.724800 197.784000 1.000000
788.225600 1087.630400 632.843200 355.785600 1.000000
798.257600 976.051200 634.459200 212.006400 1.000000
787.577600 1143.888000 636.844800 424.764800 1.000000
795.396800 1045.540800 638.553600 303.497600 1.000000
808.657600 912.364800 640.198400 130.304320 1.000000
812.835200 829.617600 640.499200 37.666720 1.000000
811.328000 869.441600 640.556800 84.588160 1.000000
755.004800 1551.892800 642.171200 897.200000 1.000000
806.708800 958.897600 643.660800 189.755200 1.000000
808.291200 948.011200 643.700800 176.840000 1.000000
766.424000 1467.686400 645.004800 809.424000 1.000000
799.768000 1091.236800 646.486400 361.182400 1.000000
745.980800 1702.992000 647.686400 1099.590400 1.000000
797.318400 1150.201600 648.240000 431.635200 1.000000
807.708800 1048.433600 651.568000 307.179200 1.000000
812.886400 982.284800 651.592000 219.641600 1.000000
816.744000 958.787200 655.342400 189.328000 1.000000
815.236800 1051.316800 661.377600 311.980800 1.000000
672.793600 2681.792000 662.081600 2134.960000 1.000000
826.990400 944.998400 663.739200 171.305600 1.000000
814.756800 1103.892800 663.947200 379.204800 1.000000
813.739200 1144.324800 666.416000 426.500800 1.000000
832.379200 915.216000 666.531200 134.686720 1.000000
773.467200 1615.264000 668.043200 972.184000 1.000000
821.116800 1056.022400 668.241600 316.438400 1.000000
831.499200 957.928000 670.017600 187.974400 1.000000
768.556800 1692.160000 670.795200 1087.819200 1.000000
775.222400 1624.544000 671.265600 980.916800 1.000000
776.614400 1612.224000 671.550400 968.668800 1.000000
774.179200 1687.200000 675.273600 1081.644800 1.000000
789.369600 1537.491200 675.764800 882.644800 1.000000
839.643200 940.923200 677.308800 165.628800 1.000000
835.430400 1019.540800 679.632000 270.030400 1.000000
761.484800 1910.144000 684.100800 1363.531200 1.000000
832.878400 1135.811200 685.214400 417.308800 1.000000
854.312000 836.529600 685.886400 51.901600 1.000000
843.017600 999.225600 686.900800 243.027200 1.000000
858.209600 812.888000 689.632000 23.682880 1.000000
798.401600 1599.201600 691.680000 956.142400 1.000000
860.067200 864.916800 693.296000 82.774560 1.000000
693.177600 2888.960000 696.260800 2313.264000 1.000000
803.976000 1575.625600 696.958400 925.171200 1.000000
851.987200 1049.112000 700.643200 307.612800 1.000000
866.227200 881.219200 703.867200 100.781120 1.000000
825.603200 1403.262400 704.376000 730.976000 1.000000
812.428800 1603.024000 707.897600 960.745600 1.000000
812.726400 1630.784000 710.264000 990.048000 1.000000
871.793600 947.558400 714.260800 175.259200 1.000000
859.550400 1140.185600 715.600000 422.704000 1.000000
878.057600 942.105600 716.702400 173.627200 1.000000
824.432000 1561.107200 717.176000 908.331200 1.000000
826.352000 1544.072000 717.569600 892.128000 1.000000
801.476800 1836.800000 717.932800 1284.392000 1.000000
816.052800 1673.792000 719.382400 1068.382400 1.000000
883.492800 841.416000 719.464000 57.173600 1.000000
844.633600 1386.217600 720.860800 714.624000 1.000000
874.812800 999.782400 722.083200 243.948800 1.000000
829.012800 1600.512000 725.672000 958.113600 1.000000
851.716800 1367.979200 726.705600 697.616000 1.000000
881.641600 1047.187200 727.267200 310.638400 1.000000
895.688000 848.628800 733.419200 64.833920 1.000000
838.105600 1604.656000 735.654400 963.414400 1.000000
882.035200 1123.264000 739.131200 404.372800 1.000000
881.257600 1140.308800 739.524800 423.432000 1.000000
861.574400 1379.462400 739.675200 707.091200 1.000000
892.289600 1017.953600 739.708800 270.251200 1.000000
880.412800 1132.011200 739.896000 414.550400 1.000000
845.832000 1606.928000 743.665600 965.947200 1.000000
856.502400 1514.281600 746.118400 856.601600 1.000000
907.492800 856.539200 747.596800 74.290560 1.000000
908.233600 870.043200 749.940800 90.956000 1.000000
857.316800 1565.620800 751.819200 915.494400 1.000000
907.168000 945.246400 752.988800 172.904000 1.000000
894.308800 1130.580800 753.363200 413.667200 1.000000
849.201600 1675.648000 754.270400 1072.864000 1.000000
915.075200 862.265600 756.944000 80.856800 1.000000
861.137600 1545.644800 757.292800 891.952000 1.000000
908.628800 971.592000 757.920000 207.699200 1.000000
853.720000 1667.456000 758.043200 1064.256000 1.000000
912.955200 951.467200 761.104000 182.318400 1.000000
872.204800 1523.592000 763.048000 866.992000 1.000000
909.590400 1034.308800 763.140800 288.689600 1.000000
912.835200 1009.275200 764.168000 257.897600 1.000000
921.694400 883.529600 764.766400 106.407040 1.000000
906.412800 1140.076800 767.731200 424.848000 1.000000
926.390400 866.264000 769.785600 86.413280 1.000000
930.619200 859.670400 773.832000 77.557440 1.000000
883.118400 1433.808000 773.934400 776.219200 1.000000
931.244800 880.142400 774.742400 101.338720 1.000000
914.859200 1119.003200 775.876800 400.769600 1.000000
883.563200 1544.491200 777.881600 890.728000 1.000000
929.187200 978.203200 779.558400 216.392000 1.000000
892.720000 1457.206400 780.416000 804.931200 1.000000
921.089600 1136.220800 783.953600 421.286400 1.000000
861.974400 1890.256000 785.966400 1342.825600 1.000000
903.790400 1400.126400 786.577600 731.049600 1.000000
935.584000 964.537600 787.025600 198.292800 1.000000
879.254400 1684.432000 787.366400 1083.235200 1.000000
940.497600 1000.177600 793.633600 245.100800 1.000000
885.721600 1704.480000 794.908800 1104.446400 1.000000
934.446400 1127.273600 796.312000 411.798400 1.000000
891.745600 1685.136000 798.004800 1084.339200 1.000000
937.353600 1141.532800 800.944000 428.284800 1.000000
946.188800 1063.315200 805.219200 326.049600 1.000000
962.976000 849.177600 808.734400 69.268800 1.000000
900.955200 1701.536000 810.729600 1101.945600 1.000000
959.302400 960.388800 813.086400 194.048000 1.000000
906.427200 1690.400000 814.576000 1090.028800 1.000000
952.768000 1161.323200 817.446400 447.364800 1.000000
960.849600 994.289600 818.038400 239.888000 1.000000
961.790400 953.044800 819.244800 186.067200 1.000000
978.523200 849.897600 825.268800 70.026240 1.000000
918.392000 1695.824000 826.793600 1096.609600 1.000000
976.427200 1075.308800 839.688000 343.156800 1.000000
994.086400 806.508800 842.660800 21.340000 1.000000
942.070400 1598.758400 845.598400 962.022400 1.000000
858.156800 2816.064000 850.092800 2245.872000 1.000000
990.232000 1050.544000 852.588800 313.523200 1.000000
960.121600 1515.006400 857.715200 862.188800 1.000000
947.182400 1700.976000 859.617600 1102.080000 1.000000
961.028800 1562.308800 864.198400 919.974400 1.000000
1010.628800 1047.715200 874.942400 308.411200 1.000000
1008.336000 1110.387200 878.134400 390.776000 1.000000
1008.049600 1123.080000 878.609600 407.217600 1.000000
1028.166400 807.104000 879.616000 21.770240 1.000000
1014.147200 1091.521600 882.302400 366.260800 1.000000
1033.777600 798.732800 886.281600 13.786688 1.000000
1022.843200 1027.780800 887.617600 283.980800 1.000000
1015.588800 1147.129600 889.476800 435.899200 1.000000
1022.595200 1085.484800 891.520000 360.132800 1.000000
1005.995200 1388.835200 896.660800 723.283200 1.000000
1022.460800 1156.374400 896.931200 445.732800 1.000000
997.180800 1519.054400 897.318400 867.280000 1.000000
1027.244800 1135.680000 900.347200 422.952000 1.000000
1037.264000 969.891200 900.512000 208.081600 1.000000
1029.185600 1128.300800 902.236800 413.169600 1.000000
989.865600 1708.928000 903.564800 1112.894400 1.000000
981.492800 1848.032000 906.585600 1300.048000 1.000000
994.409600 1702.544000 909.024000 1105.648000 1.000000
1039.587200 1110.747200 912.620800 392.075200 1.000000
1038.878400 1130.561600 913.352000 417.212800 1.000000
985.316800 1866.288000 913.355200 1317.209600 1.000000
1055.248000 906.912000 915.188800 136.220960 1.000000
921.636800 2904.832000 915.324800 2326.048000 1.000000
1032.491200 1285.699200 917.864000 607.454400 1.000000
1015.806400 1537.416000 918.160000 888.112000 1.000000
1043.016000 1148.425600 918.603200 438.635200 1.000000
1019.747200 1530.254400 919.843200 881.256000 1.000000
1043.416000 1158.348800 919.937600 449.214400 1.000000
1038.744000 1254.433600 920.724800 568.976000 1.000000
1014.400000 1602.224000 922.393600 969.939200 1.000000
1039.353600 1269.259200 924.046400 588.449600 1.000000
1066.313600 871.192000 926.705600 96.712960 1.000000
1035.696000 1352.342400 927.073600 683.744000 1.000000
1018.772800 1614.080000 927.700800 983.419200 1.000000
1051.611200 1143.716800 928.078400 434.177600 1.000000
1054.620800 1118.656000 929.971200 403.102400 1.000000
1045.502400 1263.828800 929.982400 580.326400 1.000000
1059.041600 1133.860800 935.012800 421.340800 1.000000
1060.691200 1149.638400 936.921600 439.048000 1.000000
1059.416000 1156.617600 937.001600 447.409600 1.000000
1054.972800 1255.700800 937.835200 569.952000 1.000000
1053.288000 1273.000000 938.700800 593.568000 1.000000
1057.452800 1260.636800 942.155200 575.854400 1.000000
1077.696000 1003.209600 946.187200 252.270400 1.000000
1068.326400 1146.811200 947.371200 438.505600 1.000000
1024.625600 1830.192000 948.243200 1281.163200 1.000000
1026.984000 1824.544000 951.321600 1273.833600 1.000000
1023.158400 1875.248000 951.804800 1330.697600 1.000000
1088.513600 904.460800 953.564800 134.179360 1.000000
964.784000 2863.936000 954.940800 2287.936000 1.000000
1039.532800 1704.784000 955.801600 1108.995200 1.000000
1091.782400 918.841600 957.801600 149.678560 1.000000
1093.742400 888.774400 959.264000 116.957120 1.000000
1072.560000 1284.777600 960.672000 607.748800 1.000000
1035.588800 1827.104000 961.009600 1277.513600 1.000000
1053.652800 1594.008000 962.310400 961.712000 1.000000
1070.654400 1366.854400 965.104000 702.142400 1.000000
981.502400 2821.440000 966.872000 2249.392000 1.000000
1060.145600 1579.390400 967.001600 944.620800 1.000000
1078.139200 1319.672000 967.827200 649.222400 1.000000
1100.513600 1000.076800 972.592000 249.176000 1.000000
1066.414400 1569.508800 972.908800 934.521600 1.000000
1061.860800 1682.800000 977.718400 1087.272000 1.000000
991.715200 2919.584000 980.798400 2340.064000 1.000000
1055.152000 1843.040000 982.016000 1298.148800 1.000000
998.737600 2840.480000 983.772800 2265.008000 1.000000
1118.776000 875.448000 986.872000 101.395840 1.000000
1091.780800 1456.568000 991.384000 809.678400 1.000000
1084.144000 1582.480000 993.139200 951.488000 1.000000
1120.284800 965.785600 994.195200 205.921600 1.000000
1119.241600 1150.873600 1003.153600 441.609600 1.000000
1017.452800 2869.440000 1003.574400 2289.968000 1.000000
1020.694400 2795.760000 1006.187200 2224.912000 1.000000
1114.145600 1339.507200 1010.841600 671.899200 1.000000
1108.419200 1495.979200 1012.406400 847.836800 1.000000
1130.905600 1106.860800 1012.964800 390.660800 1.000000
1031.459200 2818.464000 1013.614400 2244.960000 1.000000
1043.099200 2732.336000 1020.612800 2175.440000 1.000000
1137.171200 1109.731200 1021.161600 394.276800 1.000000
1124.720000 1337.972800 1023.027200 669.448000 1.000000
1148.702400 962.696000 1025.094400 201.651200 1.000000
1040.027200 2866.096000 1025.241600 2287.936000 1.000000
1119.668800 1542.510400 1028.812800 902.374400 1.000000
1111.260800 1684.048000 1029.905600 1088.001600 1.000000
1111.388800 1693.936000 1030.323200 1098.660800 1.000000
1122.809600 1524.403200 1030.619200 878.595200 1.000000
1153.833600 975.358400 1030.812800 219.388800 1.000000
1053.873600 2736.832000 1030.812800 2179.040000 1.000000
1160.467200 888.320000 1033.993600 116.964960 1.000000
1155.472000 1042.380800 1034.764800 305.966400 1.000000
1116.691200 1701.168000 1035.337600 1105.806400 1.000000
1135.156800 1391.497600 1036.107200 732.707200 1.000000
1153.689600 1072.200000 1036.164800 345.483200 1.000000
1056.267200 2808.160000 1037.072000 2237.968000 1.000000
1127.067200 1594.697600 1040.035200 957.142400 1.000000
1152.540800 1159.449600 1041.014400 453.793600 1.000000
1161.371200 988.404800 1041.126400 235.654400 1.000000
1170.849600 828.937600 1042.576000 53.691680 1.000000
1164.169600 1004.216000 1042.721600 255.148800 1.000000
1156.668800 1139.987200 1043.454400 432.657600 1.000000
1142.336000 1405.961600 1043.862400 746.377600 1.000000
1161.832000 1032.862400 1044.385600 294.334400 1.000000
1157.420800 1127.217600 1044.819200 416.659200 1.000000
1071.430400 2695.824000 1045.336000 2144.064000 1.000000
1166.089600 969.859200 1045.696000 211.329600 1.000000
1138.600000 1516.811200 1046.393600 869.931200 1.000000
1161.225600 1147.724800 1048.003200 440.472000 1.000000
1069.145600 2799.632000 1048.009600 2229.952000 1.000000
1170.512000 1008.195200 1050.910400 260.761600 1.000000
1141.708800 1530.187200 1051.977600 886.017600 1.000000
1171.208000 1016.435200 1052.436800 273.872000 1.000000
1152.675200 1420.448000 1053.856000 761.939200 1.000000
1152.241600 1396.120000 1054.884800 737.419200 1.000000
1173.872000 1000.968000 1055.283200 251.627200 1.000000
1170.404800 1085.033600 1055.784000 362.297600 1.000000
1170.094400 1111.292800 1057.614400 397.302400 1.000000
1170.659200 1139.164800 1059.222400 431.889600 1.000000
1143.481600 1679.040000 1061.656000 1083.324800 1.000000
1182.467200 1015.366400 1065.083200 272.105600 1.000000
1185.611200 988.363200 1065.468800 236.518400 1.000000
1155.096000 1555.347200 1066.478400 916.353600 1.000000
1088.465600 2838.816000 1067.220800 2264.816000 1.000000
1180.604800 1079.308800 1067.505600 355.195200 1.000000
1184.636800 1020.291200 1067.608000 278.787200 1.000000
1184.283200 1030.443200 1068.905600 291.408000 1.000000
1089.659200 2861.264000 1070.483200 2283.184000 1.000000
1113.020800 2371.696000 1070.670400 1785.744000 1.000000
1169.646400 1382.996800 1070.716800 722.566400 1.000000
1183.281600 1097.097600 1071.571200 379.340800 1.000000
1190.204800 999.667200 1071.616000 250.723200 1.000000
1197.097600 834.520000 1072.825600 59.538240 1.000000
1169.604800 1412.444800 1075.200000 754.489600 1.000000
1165.400000 1493.438400 1075.262400 846.934400 1.000000
1188.931200 1069.198400 1075.875200 343.289600 1.000000
1191.060800 1036.577600 1076.707200 299.894400 1.000000
1192.707200 1023.475200 1077.148800 282.849600 1.000000
1157.017600 1695.728000 1077.750400 1101.544000 1.000000
1188.219200 1120.248000 1079.288000 408.748800 1.000000
1178.272000 1349.745600 1079.728000 684.979200 1.000000
1166.480000 1520.822400 1080.075200 874.585600 1.000000
1199.001600 1000.256000 1082.560000 251.902400 1.000000
1199.478400 987.484800 1083.150400 235.392000 1.000000
1168.865600 1540.147200 1083.558400 893.900800 1.000000
1202.873600 981.414400 1085.576000 227.192000 1.000000
1178.750400 1423.361600 1085.929600 766.854400 1.000000
1201.062400 1037.532800 1086.824000 302.225600 1.000000
1110.356800 2869.488000 1091.160000 2291.072000 1.000000
1199.473600 1121.939200 1091.204800 411.584000 1.000000
1202.260800 1088.940800 1091.816000 368.494400 1.000000
1175.742400 1661.984000 1094.252800 1068.569600 1.000000
1193.566400 1308.960000 1094.342400 640.976000 1.000000
1206.804800 1031.678400 1094.483200 294.131200 1.000000
1209.796800 1016.945600 1095.912000 275.731200 1.000000
1167.713600 1839.472000 1097.563200 1295.422400 1.000000
1209.534400 1135.824000 1101.427200 428.382400 1.000000
1192.137600 1456.404800 1102.017600 802.614400 1.000000
1191.976000 1484.256000 1102.664000 838.273600 1.000000
1180.651200 1686.912000 1102.996800 1094.265600 1.000000
1189.324800 1487.676800 1103.264000 841.856000 1.000000
1180.430400 1709.552000 1103.521600 1117.132800 1.000000
1213.446400 1080.558400 1103.755200 358.304000 1.000000
1222.553600 934.228800 1106.376000 172.524800 1.000000
1131.012800 2851.040000 1108.003200 2274.880000 1.000000
1217.140800 1088.491200 1109.398400 368.548800 1.000000
1134.339200 2862.160000 1111.918400 2284.592000 1.000000
1226.008000 1019.508800 1114.752000 278.409600 1.000000
1210.494400 1420.643200 1116.336000 763.009600 1.000000
1223.488000 1103.536000 1116.478400 388.190400 1.000000
1223.780800 1127.596800 1116.878400 419.067200 1.000000
1162.862400 2320.608000 1117.281600 1734.624000 1.000000
1231.800000 1012.036800 1120.324800 268.668800 1.000000
1231.665600 983.684800 1120.331200 230.892800 1.000000
1169.344000 2320.976000 1123.774400 1734.928000 1.000000
1218.393600 1397.699200 1124.353600 743.153600 1.000000
1230.310400 1122.545600 1124.937600 413.177600 1.000000
1239.062400 977.840000 1125.598400 222.260800 1.000000
1235.046400 1076.996800 1126.640000 354.819200 1.000000
1150.563200 2848.976000 1128.944000 2270.560000 1.000000
1235.024000 1131.128000 1130.150400 424.180800 1.000000
1241.088000 1085.420800 1133.969600 365.283200 1.000000
1243.649600 1028.590400 1134.211200 290.076800 1.000000
1244.630400 999.356800 1134.668800 252.526400 1.000000
1242.998400 1065.569600 1135.660800 339.281600 1.000000
1245.611200 1013.689600 1136.012800 270.491200 1.000000
1241.171200 1122.169600 1136.467200 412.779200 1.000000
1244.260800 1058.603200 1136.649600 329.862400 1.000000
1162.123200 2835.232000 1137.404800 2261.968000 1.000000
1247.611200 1095.726400 1143.073600 376.211200 1.000000
1254.480000 997.873600 1144.137600 249.926400 1.000000
1251.416000 1056.044800 1144.457600 326.942400 1.000000
1250.436800 1081.916800 1144.945600 360.652800 1.000000
1255.444800 978.470400 1145.891200 224.603200 1.000000
1222.868800 1676.128000 1145.955200 1080.920000 1.000000
1223.179200 1682.816000 1146.544000 1088.395200 1.000000
1263.955200 795.596800 1147.744000 17.664960 1.000000
1252.620800 1129.750400 1149.625600 421.830400 1.000000
1196.652800 2350.016000 1151.017600 1764.272000 1.000000
1262.576000 993.880000 1154.601600 245.137600 1.000000
1232.376000 1680.672000 1155.331200 1086.481600 1.000000
1245.393600 1386.148800 1155.859200 729.945600 1.000000
1263.555200 1027.851200 1156.665600 290.347200 1.000000
1261.947200 1083.736000 1157.283200 363.779200 1.000000
1267.747200 987.572800 1159.028800 236.532800 1.000000
1264.806400 1127.710400 1163.540800 419.417600 1.000000
1253.817600 1385.912000 1163.974400 730.108800 1.000000
1272.326400 983.676800 1164.382400 231.656000 1.000000
1270.380800 1066.252800 1167.043200 342.315200 1.000000
1274.275200 1084.665600 1171.796800 365.420800 1.000000
1277.166400 1075.755200 1174.315200 353.662400 1.000000
1277.580800 1043.712000 1174.369600 311.761600 1.000000
1277.011200 1129.419200 1176.673600 422.643200 1.000000
1280.196800 1093.289600 1177.960000 376.326400 1.000000
1255.358400 1681.184000 1179.484800 1088.425600 1.000000
1283.417600 1050.308800 1180.345600 320.369600 1.000000
1285.664000 1007.616000 1180.467200 264.700800 1.000000
1284.406400 1062.564800 1181.443200 336.585600 1.000000
1284.076800 1120.577600 1184.865600 411.929600 1.000000
1296.598400 809.145600 1185.446400 35.553600 1.000000
1288.811200 1043.289600 1185.915200 311.811200 1.000000
1290.465600 999.481600 1186.297600 253.588800 1.000000
1272.968000 1394.564800 1186.363200 739.707200 1.000000
1288.371200 1112.718400 1188.742400 402.128000 1.000000
1295.600000 1063.766400 1195.486400 338.704000 1.000000
1296.657600 1083.480000 1195.921600 364.318400 1.000000
1229.707200 2747.792000 1197.345600 2187.072000 1.000000
1299.025600 1032.100800 1197.708800 297.251200 1.000000
1296.884800 1109.987200 1198.595200 399.228800 1.000000
1299.289600 1070.758400 1199.348800 348.040000 1.000000
1287.316800 1381.344000 1199.750400 726.560000 1.000000
1299.312000 1118.843200 1199.828800 409.990400 1.000000
1301.011200 1044.611200 1199.902400 313.580800 1.000000
1268.016000 1859.552000 1201.188800 1319.665600 1.000000
1299.761600 1128.182400 1201.689600 422.129600 1.000000
1304.873600 1090.563200 1202.345600 369.158400 1.000000
1313.222400 837.249600 1204.819200 67.208960 1.000000
1290.307200 1403.049600 1204.867200 750.926400 1.000000
1291.286400 1391.995200 1204.894400 738.806400 1.000000
1305.964800 1145.865600 1209.414400 440.795200 1.000000
1284.491200 1696.656000 1211.388800 1105.699200 1.000000
1308.563200 1123.131200 1211.651200 415.822400 1.000000
1311.686400 1054.235200 1211.977600 326.771200 1.000000
1313.888000 1003.040000 1212.129600 259.059200 1.000000
1311.868800 1114.344000 1214.454400 404.713600 1.000000
1315.609600 1025.992000 1215.129600 289.956800 1.000000
1322.942400 840.600000 1216.185600 71.929120 1.000000
1316.240000 1066.494400 1216.848000 342.222400 1.000000
1319.931200 988.755200 1217.976000 241.214400 1.000000
1317.764800 1049.768000 1218.228800 320.342400 1.000000
1292.008000 1702.016000 1218.766400 1111.784000 1.000000
1317.097600 1079.513600 1219.225600 359.748800 1.000000
1327.654400 856.739200 1222.080000 90.311200 1.000000
1323.721600 1009.340800 1223.238400 267.372800 1.000000
1322.708800 1021.243200 1223.240000 283.992000 1.000000
1321.129600 1100.790400 1224.304000 388.020800 1.000000
1299.828800 1681.616000 1226.644800 1091.057600 1.000000
1324.446400 1053.828800 1226.924800 325.579200 1.000000
1323.272000 1120.644800 1228.289600 412.715200 1.000000
1330.040000 992.444800 1229.651200 244.937600 1.000000
1331.859200 1018.740800 1231.352000 281.668800 1.000000
1330.161600 1058.324800 1234.057600 332.054400 1.000000
1332.969600 1027.379200 1234.172800 291.851200 1.000000
1336.587200 923.608000 1234.304000 168.520000 1.000000
1331.611200 1050.752000 1234.556800 322.921600 1.000000
1333.214400 1039.899200 1235.420800 309.971200 1.000000
1339.608000 912.916800 1237.377600 156.641440 1.000000
1338.220800 895.444800 1237.676800 135.428800 1.000000
1343.860800 920.182400 1242.764800 163.756800 1.000000
1317.715200 1677.744000 1244.315200 1086.953600 1.000000
1346.710400 904.987200 1245.836800 147.016320 1.000000
1346.692800 1020.520000 1248.753600 282.860800 1.000000
1320.038400 1696.464000 1249.371200 1107.467200 1.000000
1351.536000 1051.110400 1256.395200 324.084800 1.000000
1355.604800 953.104000 1256.648000 199.579200 1.000000
1353.065600 1036.313600 1257.859200 304.078400 1.000000
1355.948800 1009.284800 1258.924800 268.094400 1.000000
1355.963200 1023.440000 1260.435200 287.368000 1.000000
1357.600000 979.760000 1260.777600 230.598400 1.000000
1358.128000 1001.092800 1261.190400 257.860800 1.000000
1361.764800 885.964800 1262.676800 126.287680 1.000000
1364.644800 945.928000 1266.603200 193.177600 1.000000
1364.369600 1011.667200 1268.974400 272.044800 1.000000
1365.014400 1033.561600 1270.484800 301.387200 1.000000
1365.086400 1059.616000 1271.686400 334.726400 1.000000
1372.659200 851.096000 1273.971200 86.841280 1.000000
1375.339200 835.670400 1275.033600 71.154880 1.000000
1346.310400 1705.248000 1276.400000 1115.912000 1.000000
1310.337600 2899.872000 1276.576000 2319.520000 1.000000
1313.908800 2883.312000 1278.670400 2303.088000 1.000000
1377.150400 1022.112000 1283.856000 285.041600 1.000000
1375.921600 1062.480000 1284.196800 340.950400 1.000000
1383.244800 852.440000 1285.732800 88.232000 1.000000
1353.923200 1841.376000 1288.166400 1300.132800 1.000000
1386.299200 894.609600 1290.166400 137.250080 1.000000
1382.763200 1004.112000 1290.427200 263.204800 1.000000
1363.214400 1690.816000 1293.104000 1098.968000 1.000000
1368.000000 1695.872000 1298.361600 1104.507200 1.000000
1391.899200 1122.852800 1303.844800 415.504000 1.000000
1379.689600 1690.560000 1310.646400 1099.112000 1.000000
1407.433600 795.060800 1310.820800 24.835520 1.000000
1382.028800 1677.184000 1311.476800 1085.060800 1.000000
1408.078400 851.694400 1313.169600 87.990880 1.000000
1406.201600 925.844800 1313.459200 173.774400 1.000000
1413.566400 824.915200 1318.744000 59.165440 1.000000
1407.572800 1087.518400 1319.539200 374.472000 1.000000
1408.414400 1045.289600 1320.273600 317.252800 1.000000
1414.281600 844.174400 1321.241600 80.677760 1.000000
1415.520000 886.787200 1321.996800 130.406720 1.000000
1393.155200 1676.528000 1322.988800 1085.803200 1.000000
1413.233600 1005.883200 1323.841600 266.376000 1.000000
1416.651200 919.617600 1324.646400 165.188800 1.000000
1417.252800 907.097600 1325.376000 152.865920 1.000000
1400.086400 1660.096000 1330.539200 1070.036800 1.000000
1369.644800 2850.880000 1331.745600 2273.360000 1.000000
1422.000000 996.891200 1331.899200 254.105600 1.000000
1425.524800 1135.070400 1340.425600 430.672000 1.000000
1430.334400 1126.012800 1346.179200 420.593600 1.000000
1415.859200 1681.760000 1348.430400 1092.192000 1.000000
1426.747200 1376.416000 1349.844800 698.286400 1.000000
1444.540800 965.884800 1359.550400 219.196800 1.000000
1447.912000 1026.820800 1361.467200 293.924800 1.000000
1447.150400 1068.508800 1363.256000 348.505600 1.000000
1449.878400 1008.785600 1364.692800 271.140800 1.000000
1452.216000 873.558400 1365.534400 116.275520 1.000000
1440.918400 1705.280000 1372.611200 1118.060800 1.000000
1458.539200 992.816000 1373.632000 250.139200 1.000000
1459.147200 1057.977600 1377.318400 337.939200 1.000000
1450.459200 1609.840000 1381.628800 964.616000 1.000000
1463.048000 1113.785600 1384.750400 406.244800 1.000000
1470.000000 1319.553600 1384.878400 628.200000 1.000000
1458.665600 1597.032000 1388.363200 951.140800 1.000000
1462.955200 1562.160000 1388.387200 904.825600 1.000000
1456.998400 1692.640000 1389.646400 1102.368000 1.000000
1476.732800 1021.680000 1394.204800 286.993600 1.000000
1471.755200 1615.584000 1402.332800 972.198400 1.000000
1485.193600 999.297600 1403.246400 259.742400 1.000000
1470.995200 1605.776000 1403.451200 960.486400 1.000000
1470.148800 1705.136000 1403.524800 1117.921600 1.000000
1484.904000 1073.179200 1405.563200 356.110400 1.000000
1472.542400 1681.904000 1406.627200 1091.521600 1.000000
1487.747200 1016.182400 1406.659200 281.156800 1.000000
1491.752000 858.424000 1406.958400 100.977760 1.000000
1491.492800 1111.944000 1412.076800 407.043200 1.000000
1498.048000 1029.345600 1419.315200 299.260800 1.000000
1498.769600 1007.788800 1419.664000 270.689600 1.000000
1486.673600 1682.160000 1420.052800 1093.344000 1.000000
1500.643200 1017.988800 1420.332800 283.659200 1.000000
1499.929600 1100.484800 1422.771200 392.640000 1.000000
1507.795200 1020.030400 1429.027200 286.534400 1.000000
1508.084800 1037.715200 1431.417600 311.673600 1.000000
1510.704000 1073.416000 1432.104000 356.147200 1.000000
1510.544000 1008.049600 1433.873600 270.417600 1.000000
1501.001600 1686.192000 1435.283200 1098.896000 1.000000
1500.524800 1704.656000 1435.729600 1117.960000 1.000000
1503.838400 1674.624000 1437.795200 1084.873600 1.000000
1503.484800 1694.656000 1438.118400 1106.539200 1.000000
1511.291200 1128.545600 1438.142400 424.158400 1.000000
1511.390400 1480.516800 1441.867200 813.272000 1.000000
1526.022400 874.774400 1448.761600 119.932480 1.000000
1516.294400 1680.336000 1450.275200 1093.062400 1.000000
1515.580800 1712.192000 1451.764800 1127.140800 1.000000
1528.304000 1064.528000 1454.000000 347.041600 1.000000
1531.560000 1013.449600 1456.150400 278.945600 1.000000
1534.275200 1021.824000 1459.870400 290.203200 1.000000
1541.291200 868.916800 1465.177600 114.990240 1.000000
1539.184000 1111.588800 1466.236800 406.684800 1.000000
1540.526400 1068.526400 1467.785600 352.155200 1.000000
1543.192000 1056.742400 1471.558400 336.576000 1.000000
1544.235200 1102.366400 1471.809600 396.036800 1.000000
1537.345600 1678.592000 1472.803200 1090.859200 1.000000
1541.276800 1605.328000 1475.758400 961.612800 1.000000
1541.089600 1687.760000 1476.731200 1101.892800 1.000000
1543.862400 1659.360000 1481.707200 1072.044800 1.000000
1544.960000 1682.720000 1481.968000 1095.451200 1.000000
1557.014400 786.972800 1482.275200 20.148160 1.000000
1547.358400 1307.259200 1483.222400 618.956800 1.000000
1560.561600 793.134400 1486.812800 26.560000 1.000000
1552.937600 1683.680000 1488.313600 1096.851200 1.000000
1554.596800 1696.368000 1491.856000 1110.616000 1.000000
1564.091200 1021.228800 1492.371200 289.379200 1.000000
1562.350400 1675.136000 1498.480000 1089.128000 1.000000
1569.465600 1010.635200 1499.465600 274.984000 1.000000
1563.756800 1664.576000 1500.065600 1077.812800 1.000000
1578.120000 794.987200 1506.244800 29.849920 1.000000
1576.555200 1064.782400 1507.326400 346.843200 1.000000
1575.480000 1688.976000 1514.096000 1104.428800 1.000000
1580.622400 1716.432000 1518.387200 1133.652800 1.000000
1591.755200 1701.120000 1530.364800 1116.376000 1.000000
1597.120000 1056.409600 1530.441600 337.590400 1.000000
1598.908800 835.552000 1530.987200 79.008800 1.000000
1599.753600 1077.748800 1532.099200 364.832000 1.000000
1600.112000 1682.816000 1537.881600 1097.406400 1.000000
1605.856000 844.280000 1538.721600 88.503360 1.000000
1606.880000 834.470400 1539.406400 77.757600 1.000000
1602.688000 1706.624000 1541.070400 1123.025600 1.000000
1610.000000 793.008000 1543.238400 29.316320 1.000000
1612.240000 1718.832000 1550.000000 1135.683200 1.000000
1616.640000 835.152000 1550.355200 79.118240 1.000000
1617.952000 828.779200 1552.969600 70.621280 1.000000
1620.912000 1091.212800 1556.372800 383.980800 1.000000
1655.536000 958.211200 1594.534400 221.505600 1.000000
1656.368000 2697.552000 1596.176000 2144.912000 1.000000
1661.936000 1065.427200 1604.224000 352.552000 1.000000
1665.760000 967.059200 1605.280000 233.227200 1.000000
1665.136000 2724.944000 1605.760000 2166.496000 1.000000
1666.800000 1697.152000 1607.680000 1112.793600 1.000000
1667.168000 2690.464000 1608.592000 2137.760000 1.000000
1672.416000 910.528000 1614.016000 169.624000 1.000000
1675.248000 2721.792000 1615.280000 2163.920000 1.000000
1715.536000 960.088000 1662.608000 227.270400 1.000000
1723.136000 1696.416000 1665.552000 1113.924800 1.000000
1718.464000 951.302400 1665.760000 216.539200 1.000000
1729.152000 1865.184000 1671.552000 1333.147200 1.000000
1724.368000 1064.808000 1671.840000 348.057600 1.000000
1727.808000 982.390400 1674.800000 256.099200 1.000000
1737.120000 1681.152000 1679.600000 1099.300800 1.000000
1748.528000 2719.344000 1681.488000 2162.576000 1.000000
1734.880000 1022.411200 1684.768000 296.545600 1.000000
1744.624000 1864.128000 1685.216000 1331.244800 1.000000
1736.320000 997.374400 1685.232000 268.140800 1.000000
1749.440000 2267.440000 1688.480000 1690.912000 1.000000
1752.368000 2374.016000 1689.024000 1849.904000 1.000000
1755.920000 2412.384000 1691.360000 1888.320000 1.000000
1748.816000 1727.440000 1692.496000 1149.382400 1.000000
1752.496000 1712.000000 1695.984000 1131.166400 1.000000
1752.816000 1703.616000 1697.088000 1122.198400 1.000000
1766.736000 2814.000000 1697.312000 2240.736000 1.000000
1761.088000 2373.040000 1697.760000 1847.408000 1.000000
1766.224000 2728.688000 1698.992000 2169.168000 1.000000
1757.440000 1730.944000 1700.864000 1152.635200 1.000000
1768.016000 2709.024000 1701.456000 2154.704000 1.000000
1752.416000 1003.459200 1701.936000 276.947200 1.000000
1772.848000 2741.712000 1704.320000 2180.992000 1.000000
1778.160000 2724.016000 1709.744000 2165.296000 1.000000
1757.696000 1072.846400 1709.760000 354.822400 1.000000
1779.440000 2812.608000 1710.336000 2240.880000 1.000000
1774.800000 2408.928000 1714.208000 1886.784000 1.000000
1773.104000 1660.944000 1716.736000 1078.276800 1.000000
1771.168000 1602.624000 1717.968000 960.128000 1.000000
1766.784000 1045.396800 1717.984000 322.275200 1.000000
1778.096000 2059.200000 1718.416000 1492.060800 1.000000
1774.464000 1723.024000 1718.512000 1144.651200 1.000000
1775.664000 1698.704000 1719.072000 1117.691200 1.000000
1780.288000 2050.048000 1720.944000 1484.073600 1.000000
1776.432000 1484.308800 1723.824000 824.163200 1.000000
1781.216000 1710.544000 1726.160000 1129.884800 1.000000
1782.128000 1731.392000 1727.392000 1154.121600 1.000000
1789.408000 2054.352000 1728.448000 1487.363200 1.000000
1784.384000 1697.120000 1728.512000 1116.380800 1.000000
1792.048000 2162.624000 1731.776000 1585.753600 1.000000
1803.360000 2407.584000 1731.920000 1881.008000 1.000000
1787.888000 1681.520000 1733.216000 1101.428800 1.000000
1789.968000 1669.936000 1734.608000 1088.942400 1.000000
1795.024000 2051.168000 1735.296000 1484.553600 1.000000
1790.656000 1606.064000 1737.616000 965.064000 1.000000
1790.192000 1598.009600 1738.000000 955.529600 1.000000
1800.416000 2195.344000 1739.024000 1618.768000 1.000000
1791.312000 1379.513600 1739.472000 714.003200 1.000000
1785.904000 1228.252800 1740.432000 528.296000 1.000000
1792.896000 1499.131200 1740.800000 839.070400 1.000000
1796.272000 1474.326400 1743.680000 814.504000 1.000000
1800.688000 1818.976000 1744.032000 1284.944000 1.000000
1791.536000 1238.496000 1744.368000 538.779200 1.000000
1804.976000 1949.744000 1745.936000 1411.915200 1.000000
1798.064000 1149.310400 1747.296000 450.812800 1.000000
1799.808000 1580.014400 1747.360000 937.044800 1.000000
1791.008000 909.139200 1748.048000 173.865600 1.000000
1800.736000 1553.630400 1748.624000 905.608000 1.000000
1808.096000 1813.216000 1751.040000 1278.640000 1.000000
1802.560000 1531.203200 1751.152000 879.083200 1.000000
1799.056000 1204.288000 1752.160000 507.889600 1.000000
1800.896000 1222.662400 1754.608000 521.923200 1.000000
1811.424000 1709.408000 1755.648000 1131.016000 1.000000
1807.904000 1564.390400 1756.560000 919.099200 1.000000
1814.992000 1715.168000 1759.680000 1136.955200 1.000000
1803.248000 1002.584000 1760.768000 279.110400 1.000000
1808.656000 1291.208000 1760.976000 604.681600 1.000000
1812.688000 1554.851200 1761.552000 910.228800 1.000000
1812.608000 1319.899200 1764.640000 642.561600 1.000000
1816.336000 1534.705600 1766.320000 890.382400 1.000000
1833.712000 2419.808000 1766.480000 1894.608000 1.000000
1821.216000 1719.616000 1766.912000 1142.380800 1.000000
1826.224000 2050.192000 1767.120000 1485.486400 1.000000
1816.448000 1427.041600 1767.264000 764.875200 1.000000
1819.584000 1574.246400 1767.840000 931.380800 1.000000
1814.864000 1159.868800 1769.824000 466.131200 1.000000
1823.728000 1625.792000 1771.504000 990.120000 1.000000
1820.944000 1473.622400 1771.712000 816.748800 1.000000
1827.648000 1708.928000 1771.936000 1131.118400 1.000000
1825.680000 1728.592000 1771.968000 1152.433600 1.000000
1820.736000 1330.822400 1773.024000 655.939200 1.000000
1821.120000 1366.009600 1774.064000 700.982400 1.000000
1824.064000 1462.574400 1774.544000 804.041600 1.000000
1850.736000 2772.032000 1774.640000 2204.928000 1.000000
1824.304000 1511.985600 1774.992000 863.920000 1.000000
1832.000000 1750.064000 1777.984000 1177.056000 1.000000
1828.688000 1559.344000 1778.032000 918.544000 1.000000
1827.504000 1396.702400 1779.152000 735.803200 1.000000
1833.856000 1688.672000 1779.840000 1109.174400 1.000000
1849.504000 2425.376000 1780.400000 1901.360000 1.000000
1837.968000 1701.840000 1783.408000 1123.604800 1.000000
1838.752000 1738.256000 1784.272000 1163.262400 1.000000
1847.296000 1810.032000 1790.496000 1274.044800 1.000000
1860.288000 2462.944000 1792.048000 1936.768000 1.000000
1861.392000 2445.520000 1793.008000 1919.728000 1.000000
1851.008000 1824.144000 1794.016000 1290.646400 1.000000
1842.192000 1491.392000 1794.112000 837.387200 1.000000
1849.536000 1718.672000 1794.736000 1141.872000 1.000000
1868.864000 2635.424000 1795.280000 2094.368000 1.000000
1851.648000 1746.784000 1797.792000 1171.395200 1.000000
1857.168000 2069.216000 1798.640000 1500.068800 1.000000
1882.160000 2926.320000 1800.816000 2336.528000 1.000000
1847.696000 1381.088000 1801.040000 720.691200 1.000000
1856.048000 1710.368000 1801.040000 1132.398400 1.000000
1870.544000 2440.592000 1801.680000 1916.368000 1.000000
1850.784000 1459.686400 1802.816000 803.019200 1.000000
1877.760000 2613.696000 1804.128000 2072.816000 1.000000
1858.592000 1694.736000 1804.352000 1117.918400 1.000000
1862.528000 1714.064000 1808.848000 1136.969600 1.000000
1887.264000 2772.752000 1809.296000 2207.424000 1.000000
1858.240000 1484.510400 1810.144000 829.710400 1.000000
1863.424000 1704.464000 1810.272000 1126.561600 1.000000
1877.024000 2290.128000 1812.064000 1712.960000 1.000000
1873.232000 2071.728000 1812.192000 1504.152000 1.000000
1859.888000 1468.590400 1812.720000 812.782400 1.000000
1884.896000 2462.032000 1813.456000 1934.416000 1.000000
1873.904000 1807.168000 1818.112000 1272.428800 1.000000
1890.560000 2488.064000 1818.592000 1959.600000 1.000000
1883.920000 2277.936000 1818.736000 1700.832000 1.000000
1894.160000 2294.528000 1826.608000 1716.448000 1.000000
1875.744000 1476.281600 1828.128000 822.448000 1.000000
1888.416000 2048.096000 1828.400000 1483.275200 1.000000
1875.456000 1466.299200 1829.440000 810.411200 1.000000
1909.664000 2806.464000 1830.000000 2233.328000 1.000000
1880.192000 1545.681600 1832.048000 903.702400 1.000000
1879.616000 1502.337600 1832.480000 853.905600 1.000000
1878.960000 1388.201600 1834.736000 727.723200 1.000000
1901.456000 2302.480000 1834.960000 1726.112000 1.000000
1897.712000 2109.344000 1836.112000 1537.556800 1.000000
1907.840000 2466.832000 1836.320000 1938.976000 1.000000
1885.344000 1549.464000 1837.440000 907.876800 1.000000
1885.680000 1466.228800 1838.128000 811.971200 1.000000
1899.056000 2053.552000 1838.192000 1487.924800 1.000000
1870.416000 826.566400 1839.024000 83.203200 1.000000
1910.080000 2405.840000 1839.104000 1879.776000 1.000000
1886.288000 1459.740800 1840.208000 804.008000 1.000000
1921.424000 2809.280000 1840.432000 2236.512000 1.000000
1919.040000 2716.688000 1840.464000 2158.704000 1.000000
1915.120000 2528.208000 1841.264000 1998.720000 1.000000
1906.336000 2290.592000 1841.840000 1711.776000 1.000000
1917.280000 2552.976000 1842.656000 2020.320000 1.000000
1909.824000 2300.416000 1843.056000 1723.392000 1.000000
1925.216000 2816.080000 1843.328000 2241.728000 1.000000
1890.112000 1511.950400 1844.992000 865.440000 1.000000
1876.080000 822.344000 1845.840000 78.007680 1.000000
1900.016000 1684.256000 1847.488000 1106.651200 1.000000
1899.104000 1747.824000 1847.552000 1176.606400 1.000000
1931.408000 2809.456000 1850.080000 2235.760000 1.000000
1923.856000 2868.384000 1852.608000 2288.496000 1.000000
1941.504000 2949.760000 1855.152000 2358.448000 1.000000
1935.472000 2713.280000 1855.440000 2158.352000 1.000000
1938.176000 2800.000000 1855.952000 2228.992000 1.000000
1932.656000 2528.304000 1857.616000 1996.416000 1.000000
1899.680000 1164.185600 1859.520000 471.550400 1.000000
1905.296000 1483.948800 1859.984000 832.180800 1.000000
1905.904000 1438.444800 1860.688000 781.264000 1.000000
1917.792000 1822.608000 1861.984000 1290.268800 1.000000
1915.936000 1716.512000 1862.832000 1139.654400 1.000000
1946.048000 2802.160000 1863.632000 2230.560000 1.000000
1943.296000 2696.352000 1864.384000 2142.048000 1.000000
1933.504000 2257.552000 1865.312000 1677.664000 1.000000
1909.648000 1465.552000 1865.392000 811.529600 1.000000
1948.960000 2758.064000 1865.616000 2193.840000 1.000000
1930.624000 2078.048000 1869.664000 1510.393600 1.000000
1932.960000 2095.232000 1869.984000 1527.425600 1.000000
1911.824000 1384.011200 1870.080000 724.464000 1.000000
1922.048000 1708.272000 1870.496000 1131.910400 1.000000
1952.368000 2695.120000 1872.112000 2140.176000 1.000000
1917.328000 1458.715200 1872.512000 803.656000 1.000000
1936.512000 2165.024000 1872.848000 1590.894400 1.000000
1902.640000 840.662400 1875.344000 100.923040 1.000000
1936.640000 2062.576000 1876.032000 1497.035200 1.000000
1916.896000 1402.358400 1876.576000 744.057600 1.000000
1920.992000 1440.593600 1877.856000 785.067200 1.000000
1947.216000 2272.032000 1878.528000 1694.912000 1.000000
1922.624000 1393.096000 1879.792000 733.505600 1.000000
1949.200000 2302.384000 1880.000000 1723.680000 1.000000
1945.200000 2184.240000 1880.912000 1609.888000 1.000000
1921.680000 1408.560000 1880.960000 751.059200 1.000000
1929.072000 1578.590400 1881.184000 941.824000 1.000000
1932.864000 1715.120000 1881.360000 1138.796800 1.000000
1964.864000 2767.664000 1882.016000 2200.752000 1.000000
1965.792000 2719.856000 1884.400000 2161.120000 1.000000
1926.336000 1446.612800 1884.560000 791.603200 1.000000
1913.344000 865.844800 1886.416000 129.193760 1.000000
1918.512000 1234.691200 1886.512000 558.172800 1.000000
1955.328000 2308.160000 1886.768000 1729.584000 1.000000
1930.608000 1470.356800 1887.792000 818.131200 1.000000
1939.488000 1706.944000 1888.224000 1128.910400 1.000000
1935.952000 1605.696000 1889.088000 977.204800 1.000000
1929.696000 1379.489600 1889.872000 720.953600 1.000000
1954.752000 2101.536000 1892.768000 1533.550400 1.000000
1949.264000 1758.032000 1895.536000 1187.216000 1.000000
1970.096000 2443.344000 1896.144000 1918.864000 1.000000
1983.120000 2780.048000 1897.632000 2212.032000 1.000000
1982.560000 2741.344000 1898.048000 2179.136000 1.000000
1938.880000 1386.867200 1899.136000 730.203200 1.000000
1951.824000 1733.728000 1901.136000 1160.145600 1.000000
1987.408000 2737.072000 1902.400000 2175.296000 1.000000
1930.448000 897.819200 1904.112000 167.764800 1.000000
1949.808000 1585.683200 1904.192000 955.124800 1.000000
1959.472000 1824.608000 1904.720000 1292.339200 1.000000
1971.312000 2151.888000 1904.960000 1578.779200 1.000000
1964.960000 1869.440000 1908.240000 1338.489600 1.000000
1964.528000 1839.232000 1910.000000 1308.948800 1.000000
1937.600000 926.409600 1912.384000 200.219200 1.000000
1998.112000 2746.096000 1912.816000 2184.976000 1.000000
2001.648000 2799.056000 1913.456000 2227.824000 1.000000
1968.640000 1859.536000 1913.632000 1327.939200 1.000000
1965.888000 1697.392000 1914.720000 1121.459200 1.000000
2002.016000 2778.304000 1915.584000 2210.016000 1.000000
1942.416000 910.408000 1915.920000 183.772800 1.000000
1962.080000 1542.043200 1918.272000 904.249600 1.000000
1958.896000 1400.196800 1918.672000 745.476800 1.000000
1958.960000 1437.705600 1919.264000 785.310400 1.000000
1993.824000 2349.648000 1919.712000 1828.528000 1.000000
1969.392000 1720.240000 1920.752000 1147.363200 1.000000
2005.984000 2748.528000 1920.784000 2185.248000 1.000000
1972.128000 1714.880000 1923.600000 1139.758400 1.000000
2010.336000 2708.496000 1924.704000 2152.704000 1.000000
1982.288000 1846.736000 1925.008000 1316.008000 1.000000
1976.416000 1679.616000 1926.256000 1101.003200 1.000000
1988.000000 2085.664000 1926.352000 1516.227200 1.000000
1975.584000 1689.376000 1926.416000 1110.950400 1.000000
1984.064000 1902.976000 1927.024000 1369.702400 1.000000
1989.648000 2043.424000 1928.128000 1479.835200 1.000000
1952.640000 921.113600 1929.312000 194.993600 1.000000
2002.224000 2345.696000 1929.792000 1825.296000 1.000000
1980.768000 1702.608000 1930.192000 1125.833600 1.000000
2018.768000 2757.776000 1930.864000 2194.624000 1.000000
1988.544000 1933.696000 1931.616000 1397.278400 1.000000
1989.312000 1926.512000 1932.352000 1391.840000 1.000000
1991.600000 1911.024000 1933.808000 1377.616000 1.000000
1988.240000 1721.632000 1938.320000 1147.342400 1.000000
2004.896000 2223.808000 1938.448000 1650.272000 1.000000
1995.520000 1937.728000 1938.528000 1401.651200 1.000000
1964.896000 930.086400 1942.336000 206.054400 1.000000
1965.872000 944.020800 1942.624000 221.955200 1.000000
2011.200000 2117.600000 1944.208000 1550.772800 1.000000
1997.616000 1787.664000 1944.272000 1254.299200 1.000000
2032.736000 2660.368000 1947.072000 2111.568000 1.000000
2011.168000 2062.768000 1948.800000 1497.142400 1.000000
2000.944000 1747.008000 1949.776000 1176.315200 1.000000
2011.280000 1931.600000 1953.488000 1397.614400 1.000000
2046.448000 2860.944000 1953.840000 2279.584000 1.000000
2004.432000 1672.080000 1956.688000 1092.193600 1.000000
2052.768000 2904.896000 1956.880000 2315.360000 1.000000
2006.848000 1698.944000 1956.976000 1122.494400 1.000000
2025.568000 2227.216000 1957.632000 1653.760000 1.000000
2019.648000 1959.376000 1958.192000 1420.347200 1.000000
2021.520000 2086.928000 1958.320000 1519.928000 1.000000
2009.408000 1688.928000 1963.536000 1110.801600 1.000000
2022.176000 1798.304000 1969.616000 1267.259200 1.000000
2033.504000 2085.232000 1970.240000 1518.729600 1.000000
2018.960000 1684.592000 1970.608000 1107.059200 1.000000
2021.856000 1721.024000 1971.072000 1147.678400 1.000000
2034.304000 2070.240000 1971.584000 1503.444800 1.000000
2042.336000 2265.584000 1973.376000 1689.552000 1.000000
2051.632000 2410.448000 1973.936000 1889.904000 1.000000
2039.792000 2117.104000 1974.864000 1550.512000 1.000000
1993.840000 972.348800 1975.088000 253.118400 1.000000
2065.568000 2640.048000 1977.312000 2094.656000 1.000000
2031.920000 1848.192000 1977.520000 1318.547200 1.000000
2041.328000 2100.976000 1977.712000 1534.723200 1.000000
2056.848000 2357.664000 1979.984000 1837.760000 1.000000
2034.960000 1810.848000 1980.640000 1280.936000 1.000000
2029.584000 1694.992000 1980.800000 1119.140800 1.000000
2041.328000 1938.784000 1983.040000 1402.875200 1.000000
2045.984000 2055.568000 1984.512000 1489.753600 1.000000
2044.272000 1832.864000 1989.248000 1302.337600 1.000000
2060.400000 2246.864000 1989.840000 1673.216000 1.000000
2053.312000 2061.984000 1990.784000 1496.057600 1.000000
2017.376000 1174.752000 1990.928000 470.243200 1.000000
2048.704000 1881.744000 1992.144000 1350.158400 1.000000
2079.184000 2651.088000 1992.304000 2101.200000 1.000000
2064.608000 2253.072000 1994.000000 1679.712000 1.000000
2076.176000 2447.472000 1995.808000 1923.024000 1.000000
2078.672000 2462.224000 1997.344000 1935.072000 1.000000
2053.056000 1844.128000 1997.456000 1313.876800 1.000000
2083.680000 2604.304000 1998.448000 2064.016000 1.000000
2063.088000 2083.616000 1998.576000 1519.128000 1.000000
2076.112000 2357.120000 1998.752000 1836.288000 1.000000
2038.480000 1499.657600 1998.976000 858.228800 1.000000
2060.208000 2039.120000 1999.168000 1475.702400 1.000000
2069.008000 2142.448000 2003.712000 1572.384000 1.000000
2094.240000 2671.184000 2003.968000 2119.680000 1.000000
2101.024000 2762.400000 2007.584000 2194.640000 1.000000
2086.496000 2383.056000 2007.920000 1863.792000 1.000000
2075.824000 2171.440000 2008.128000 1600.384000 1.000000
2096.912000 2629.040000 2008.176000 2084.992000 1.000000
2062.016000 1819.504000 2008.960000 1288.206400 1.000000
2112.240000 2877.952000 2010.624000 2294.912000 1.000000
2078.048000 2151.200000 2011.792000 1582.448000 1.000000
2077.360000 2115.216000 2013.056000 1548.371200 1.000000
2098.640000 2519.072000 2013.616000 1987.424000 1.000000
2084.064000 2233.184000 2013.648000 1661.200000 1.000000
2098.368000 2464.944000 2017.120000 1937.696000 1.000000
2081.456000 2093.008000 2017.328000 1528.336000 1.000000
2072.672000 1837.616000 2018.816000 1307.004800 1.000000
2114.384000 2762.256000 2019.936000 2196.192000 1.000000
2054.592000 1392.753600 2020.192000 738.670400 1.000000
2081.488000 2037.648000 2020.496000 1474.708800 1.000000
2120.656000 2873.856000 2020.720000 2289.072000 1.000000
2086.912000 2118.352000 2021.456000 1552.240000 1.000000
2088.576000 2144.608000 2021.504000 1576.036800 1.000000
2088.992000 2155.488000 2021.520000 1585.798400 1.000000
2051.824000 1343.088000 2021.680000 689.094400 1.000000
2076.688000 1830.752000 2022.544000 1300.459200 1.000000
2061.904000 1516.940800 2022.688000 878.824000 1.000000
2058.832000 1406.112000 2025.216000 753.742400 1.000000
2052.800000 1240.625600 2025.872000 573.811200 1.000000
2051.328000 1225.382400 2025.952000 554.881600 1.000000
2091.200000 2099.456000 2026.432000 1533.964800 1.000000
2115.280000 2604.112000 2026.512000 2060.832000 1.000000
2056.592000 1303.593600 2026.960000 648.284800 1.000000
2094.336000 2151.104000 2027.360000 1581.740800 1.000000
2065.296000 1497.172800 2028.432000 859.606400 1.000000
2059.488000 1312.790400 2029.920000 658.878400 1.000000
2062.768000 1385.041600 2030.128000 731.398400 1.000000
2064.080000 1410.264000 2030.384000 758.124800 1.000000
2059.680000 1294.856000 2030.880000 638.889600 1.000000
2127.968000 2728.560000 2032.928000 2167.696000 1.000000
2131.184000 2746.848000 2034.752000 2182.416000 1.000000
2056.256000 1139.049600 2034.848000 443.198400 1.000000
2121.744000 2508.912000 2035.872000 1979.040000 1.000000
2122.880000 2497.216000 2037.104000 1967.216000 1.000000
2074.848000 1508.332800 2037.184000 872.030400 1.000000
2091.344000 1795.472000 2037.920000 1263.600000 1.000000
2074.528000 1473.276800 2038.416000 834.097600 1.000000
2099.856000 2009.280000 2041.056000 1453.443200 1.000000
2094.304000 1812.544000 2042.384000 1281.579200 1.000000
2070.016000 1244.811200 2043.632000 578.257600 1.000000
2092.624000 1682.896000 2045.552000 1107.753600 1.000000
2141.712000 2711.408000 2045.840000 2154.000000 1.000000
2061.872000 966.172800 2051.680000 245.606400 1.000000
2136.352000 2491.040000 2051.984000 1958.160000 1.000000
2160.368000 2951.040000 2052.736000 2356.080000 1.000000
2112.112000 1928.640000 2053.520000 1397.936000 1.000000
2147.888000 2681.328000 2053.616000 2126.288000 1.000000
2082.336000 1247.953600 2058.000000 581.299200 1.000000
2140.960000 2413.264000 2058.512000 1889.248000 1.000000
2154.976000 2682.992000 2059.728000 2129.280000 1.000000
2171.248000 2925.344000 2062.032000 2332.656000 1.000000
2120.208000 1914.896000 2062.272000 1382.696000 1.000000
2152.112000 2559.664000 2062.928000 2023.536000 1.000000
2149.744000 2514.352000 2063.072000 1982.176000 1.000000
2143.328000 2368.976000 2064.480000 1849.648000 1.000000
2150.464000 2475.232000 2065.184000 1948.592000 1.000000
2174.544000 2949.856000 2066.208000 2355.792000 1.000000
2128.016000 1893.248000 2069.424000 1361.244800 1.000000
2175.920000 2913.072000 2070.416000 2323.008000 1.000000
2155.616000 2353.808000 2074.432000 1835.616000 1.000000
2121.184000 1675.936000 2075.104000 1100.888000 1.000000
2162.704000 2436.672000 2077.952000 1912.032000 1.000000
2137.120000 1928.688000 2077.984000 1395.808000 1.000000
2166.640000 2486.608000 2080.336000 1953.856000 1.000000
2176.080000 2631.888000 2081.696000 2084.528000 1.000000
2141.056000 1940.256000 2081.968000 1406.192000 1.000000
2088.928000 925.932800 2082.576000 201.961600 1.000000
2191.984000 2844.800000 2086.384000 2263.136000 1.000000
2178.640000 2544.192000 2088.000000 2008.384000 1.000000
2188.064000 2714.512000 2088.576000 2154.304000 1.000000
2180.800000 2559.232000 2089.824000 2022.656000 1.000000
2194.416000 2812.368000 2090.176000 2239.264000 1.000000
2172.848000 2385.088000 2090.960000 1863.680000 1.000000
2203.040000 2952.352000 2091.888000 2357.776000 1.000000
2207.200000 3010.128000 2091.888000 2410.928000 1.000000
2187.296000 2603.184000 2092.640000 2063.280000 1.000000
2179.856000 2376.544000 2098.752000 1856.224000 1.000000
2182.336000 2346.368000 2098.832000 1829.072000 1.000000
2214.720000 2926.736000 2102.208000 2336.304000 1.000000
2186.032000 2380.976000 2102.816000 1859.568000 1.000000
2205.168000 2731.056000 2103.632000 2169.856000 1.000000
2192.064000 2352.256000 2110.016000 1833.856000 1.000000
2206.672000 2620.032000 2110.288000 2076.080000 1.000000
2227.984000 2992.464000 2110.496000 2394.064000 1.000000
2212.736000 2718.752000 2110.912000 2159.472000 1.000000
2228.320000 2983.296000 2112.208000 2386.816000 1.000000
2208.560000 2581.424000 2115.312000 2042.608000 1.000000
2137.200000 1299.708800 2115.872000 648.380800 1.000000
2221.616000 2729.504000 2119.152000 2168.368000 1.000000
2235.312000 2880.048000 2119.504000 2294.560000 1.000000
2226.000000 2767.040000 2120.640000 2198.592000 1.000000
2231.424000 2787.168000 2124.000000 2216.768000 1.000000
2208.912000 2415.456000 2124.160000 1893.760000 1.000000
2121.792000 790.467200 2125.360000 50.177120 1.000000
2210.912000 2407.328000 2125.456000 1883.712000 1.000000
2130.512000 912.636800 2129.040000 194.395200 1.000000
2235.264000 2767.520000 2129.728000 2201.152000 1.000000
2162.096000 1478.323200 2129.968000 873.854400 1.000000
2150.896000 1236.236800 2136.704000 569.713600 1.000000
2250.224000 2901.584000 2137.728000 2314.096000 1.000000
2133.648000 772.451200 2138.864000 31.142400 1.000000
2244.544000 2704.720000 2140.720000 2145.440000 1.000000
2227.696000 2410.592000 2141.008000 1889.168000 1.000000
2249.408000 2773.952000 2141.120000 2204.720000 1.000000
2225.232000 2361.408000 2141.552000 1843.568000 1.000000
2238.896000 2570.592000 2142.912000 2033.200000 1.000000
2225.808000 2330.912000 2143.344000 1812.208000 1.000000
2219.152000 2145.888000 2148.496000 1568.424000 1.000000
2258.384000 2710.848000 2151.904000 2152.416000 1.000000
2256.144000 2653.984000 2153.936000 2104.976000 1.000000
2227.376000 2179.632000 2154.656000 1600.192000 1.000000
2272.000000 2904.896000 2155.536000 2314.800000 1.000000
2187.248000 1469.016000 2156.960000 863.278400 1.000000
2264.368000 2731.952000 2157.024000 2172.112000 1.000000
2259.184000 2635.104000 2157.664000 2090.496000 1.000000
2269.072000 2770.032000 2159.200000 2202.608000 1.000000
2250.624000 2454.624000 2160.176000 1926.864000 1.000000
2272.800000 2835.648000 2160.224000 2257.664000 1.000000
2275.312000 2869.504000 2160.592000 2285.952000 1.000000
2232.576000 2150.768000 2161.232000 1572.744000 1.000000
2152.320000 836.273600 2161.664000 96.740000 1.000000
2268.512000 2674.000000 2164.336000 2121.712000 1.000000
2268.896000 2628.304000 2167.680000 2083.712000 1.000000
2270.160000 2653.168000 2168.080000 2104.688000 1.000000
2261.328000 2459.584000 2170.976000 1932.288000 1.000000
2292.752000 2934.672000 2172.832000 2341.600000 1.000000
2272.416000 2607.328000 2173.344000 2061.792000 1.000000
2275.024000 2598.720000 2174.704000 2058.944000 1.000000
2295.584000 2882.384000 2177.664000 2298.656000 1.000000
2290.832000 2796.384000 2177.936000 2224.192000 1.000000
2279.904000 2581.104000 2180.160000 2042.400000 1.000000
2282.192000 2605.568000 2180.496000 2063.808000 1.000000
2300.000000 2798.928000 2185.856000 2227.376000 1.000000
2301.360000 2779.664000 2189.968000 2210.496000 1.000000
2302.320000 2697.936000 2194.944000 2141.056000 1.000000
2316.528000 2877.200000 2197.296000 2292.016000 1.000000
2295.152000 2508.368000 2198.800000 1975.840000 1.000000
2326.064000 2999.616000 2199.392000 2399.648000 1.000000
2311.904000 2737.312000 2201.200000 2174.496000 1.000000
2348.576000 2858.096000 2234.864000 2275.472000 1.000000
2359.264000 1152.252800 2339.456000 1221.262400 1.000000
2522.608000 1108.852800 2516.672000 1188.550400 1.000000
2527.968000 1049.534400 2528.176000 1111.940800 1.000000
2548.032000 1074.020800 2545.760000 1151.145600 1.000000
2598.496000 1485.180800 2556.368000 1658.192000 1.000000
2617.200000 1127.459200 2559.152000 1072.696000 1.000000
2636.336000 1530.716800 2589.664000 1723.728000 1.000000
2640.912000 1474.729600 2600.592000 1661.616000 1.000000
2616.480000 1176.304000 2606.992000 1299.464000 1.000000
2623.184000 1191.267200 2612.176000 1318.758400 1.000000
2634.528000 1244.948800 2617.712000 1390.792000 1.000000
2671.264000 1315.468800 2646.304000 1485.539200 1.000000
2670.160000 1314.697600 2646.800000 1484.395200 1.000000
2688.560000 1365.641600 2659.840000 1549.760000 1.000000
2675.488000 1244.520000 2661.040000 1396.308800 1.000000
2697.504000 1419.600000 2663.232000 1613.520000 1.000000
2680.656000 1252.142400 2665.296000 1407.168000 1.000000
2676.752000 1210.500800 2665.456000 1354.926400 1.000000
2691.072000 1332.872000 2666.896000 1509.427200 1.000000
2705.360000 1459.974400 2667.056000 1663.408000 1.000000
2713.104000 1457.054400 2675.344000 1661.744000 1.000000
2710.272000 1407.776000 2677.520000 1602.320000 1.000000
2706.128000 1363.286400 2678.848000 1549.280000 1.000000
2712.496000 1417.854400 2679.520000 1615.920000 1.000000
2712.832000 1352.864000 2686.240000 1536.598400 1.000000
2730.384000 1467.816000 2691.456000 1677.760000 1.000000
2714.576000 1267.219200 2697.440000 1433.363200 1.000000
2736.576000 1461.435200 2698.784000 1672.976000 1.000000
2747.248000 1442.635200 2712.784000 1652.992000 1.000000
2747.216000 1413.766400 2714.592000 1615.392000 1.000000
2746.256000 1406.764800 2714.736000 1606.656000 1.000000
2756.112000 1408.587200 2724.944000 1611.728000 1.000000
2764.800000 1440.825600 2729.728000 1654.432000 1.000000
2763.520000 1408.347200 2732.096000 1612.256000 1.000000
2775.536000 1435.868800 2740.816000 1649.472000 1.000000
2774.288000 1325.780800 2752.816000 1512.420800 1.000000
2786.960000 1388.025600 2758.624000 1593.172800 1.000000
2791.520000 1330.576000 2770.256000 1519.364800 1.000000
2789.008000 1296.523200 2778.640000 1518.912000 1.000000
2845.488000 1427.179200 2812.048000 1654.624000 1.000000
3642.464000 668.491200 3800.224000 501.377600 1.000000
3681.632000 613.988800 3847.184000 460.462400 1.000000
3817.024000 854.864000 3939.888000 788.904000 1.000000
3893.040000 1118.872000 3954.880000 1106.016000 1.000000
