259.624000 1871.408000 99.643520 760.107200 1.000000
365.916800 1419.169600 106.858400 46.131520 1.000000
410.603200 1664.672000 216.483200 397.929600 1.000000
419.467200 1665.920000 226.342400 399.496000 1.000000
285.910400 2653.536000 284.460800 1617.344000 1.000000
544.876800 1592.692800 353.190400 225.852800 1.000000
328.224000 2881.488000 364.790400 1787.680000 1.000000
497.656000 1926.880000 364.796800 831.283200 1.000000
571.817600 1524.376000 368.958400 138.391040 1.000000
337.462400 2957.616000 380.988800 1858.368000 1.000000
543.075200 1848.800000 397.180800 749.600000 1.000000
544.070400 1862.304000 400.187200 767.088000 1.000000
365.128000 2957.440000 406.044800 1860.016000 1.000000
545.620800 1894.944000 409.067200 806.526400 1.000000
628.110400 1469.388800 423.371200 75.555840 1.000000
403.737600 2925.440000 435.956800 1831.120000 1.000000
641.705600 1475.844800 440.992000 83.511680 1.000000
489.470400 2432.560000 447.624000 1274.057600 1.000000
640.403200 1523.049600 447.777600 141.642560 1.000000
416.200000 2928.800000 448.972800 1835.600000 1.000000
498.051200 2440.112000 456.230400 1282.625600 1.000000
819.891200 1614.624000 666.070400 289.896000 1.000000
693.177600 2888.960000 695.987200 1809.584000 1.000000
1053.652800 1594.008000 931.027200 298.278400 1.000000
1054.420800 1610.272000 935.241600 315.456000 1.000000
1092.798400 1566.984000 970.929600 262.510400 1.000000
1011.448000 2847.760000 981.059200 1786.864000 1.000000
1012.500800 2889.904000 983.129600 1827.344000 1.000000
1132.937600 1573.016000 1023.828800 257.356800 1.000000
1169.604800 1412.444800 1054.809600 38.911360 1.000000
1096.904000 2852.048000 1057.859200 1790.992000 1.000000
1107.540800 2896.496000 1067.088000 1834.288000 1.000000
1187.697600 1403.614400 1074.049600 32.462560 1.000000
1201.729600 1481.209600 1097.380800 142.010400 1.000000
1253.817600 1385.912000 1154.204800 18.420640 1.000000
1287.316800 1381.344000 1194.758400 17.985120 1.000000
1291.286400 1391.995200 1199.150400 34.179680 1.000000
1290.307200 1403.049600 1199.668800 47.800320 1.000000
1293.486400 1395.824000 1203.348800 39.179040 1.000000
1301.606400 1672.320000 1216.425600 489.110400 1.000000
1366.625600 1677.536000 1289.472000 493.862400 1.000000
1450.459200 1609.840000 1393.638400 285.739200 1.000000
1471.755200 1615.584000 1415.820800 295.856000 1.000000
1486.673600 1682.160000 1424.798400 509.465600 1.000000
1487.667200 1669.792000 1425.948800 492.838400 1.000000
1516.294400 1680.336000 1459.398400 511.657600 1.000000
1546.097600 2340.592000 1475.396800 1250.764800 1.000000
1552.937600 1683.680000 1499.601600 521.094400 1.000000
1591.755200 1701.120000 1543.732800 544.929600 1.000000
1734.496000 2750.480000 1622.576000 1745.664000 1.000000
1766.224000 2728.688000 1653.392000 1732.080000 1.000000
1761.088000 2373.040000 1670.128000 1429.187200 1.000000
1794.320000 2820.912000 1672.432000 1800.144000 1.000000
1774.800000 2408.928000 1680.864000 1471.512000 1.000000
1803.360000 2407.584000 1702.096000 1468.966400 1.000000
1737.120000 1681.152000 1707.104000 535.656000 1.000000
1752.800000 1721.552000 1721.392000 589.211200 1.000000
1752.816000 1703.616000 1723.888000 564.161600 1.000000
1800.800000 2210.064000 1733.776000 1125.700800 1.000000
1815.936000 2328.176000 1738.880000 1256.870400 1.000000
1882.160000 2926.320000 1739.008000 1883.136000 1.000000
1768.672000 1708.944000 1740.848000 573.259200 1.000000
1849.504000 2425.376000 1747.536000 1488.916800 1.000000
1891.104000 2913.088000 1748.928000 1875.168000 1.000000
1868.864000 2635.424000 1749.104000 1673.488000 1.000000
1777.776000 1682.784000 1752.176000 540.404800 1.000000
1904.880000 2938.992000 1756.416000 1893.648000 1.000000
1877.760000 2613.696000 1758.336000 1657.152000 1.000000
1776.432000 1484.308800 1785.520000 119.406880 1.000000
1825.680000 1728.592000 1801.936000 604.819200 1.000000
1792.896000 1499.131200 1804.400000 138.983040 1.000000
1795.360000 1455.540800 1808.240000 90.627040 1.000000
1883.920000 2277.936000 1809.440000 1205.942400 1.000000
1802.560000 1531.203200 1810.800000 194.876800 1.000000
1869.904000 2086.544000 1811.040000 1015.742400 1.000000
1833.856000 1688.672000 1814.784000 553.540800 1.000000
1837.600000 1693.456000 1817.024000 560.731200 1.000000
1932.656000 2528.304000 1817.424000 1588.848000 1.000000
1952.368000 2695.120000 1820.064000 1716.352000 1.000000
1819.584000 1574.246400 1824.032000 265.088000 1.000000
1809.456000 1456.593600 1826.832000 93.217280 1.000000
1811.456000 1446.491200 1830.784000 79.409280 1.000000
1984.368000 2819.952000 1838.656000 1803.920000 1.000000
1820.944000 1473.622400 1838.752000 119.031360 1.000000
1824.064000 1462.574400 1843.792000 105.808480 1.000000
1821.344000 1396.937600 1847.088000 24.439040 1.000000
1970.096000 2443.344000 1857.808000 1516.888000 1.000000
1836.608000 1459.385600 1860.688000 102.312480 1.000000
1842.192000 1491.392000 1862.336000 145.997120 1.000000
1947.216000 2272.032000 1873.776000 1204.923200 1.000000
1850.784000 1459.686400 1874.304000 103.479040 1.000000
1917.792000 1822.608000 1880.944000 830.558400 1.000000
2032.736000 2660.368000 1893.968000 1695.840000 1.000000
1954.752000 2101.536000 1899.696000 1036.548800 1.000000
2041.792000 2666.816000 1902.496000 1699.520000 1.000000
2006.144000 2354.272000 1903.312000 1430.248000 1.000000
1875.456000 1466.299200 1904.352000 118.326080 1.000000
1870.720000 1420.505600 1905.520000 62.064320 1.000000
1876.528000 1457.427200 1906.896000 105.790240 1.000000
1885.680000 1466.228800 1914.240000 120.244160 1.000000
1886.288000 1459.740800 1916.048000 111.536480 1.000000
1989.248000 2182.976000 1923.952000 1116.400000 1.000000
1964.960000 1869.440000 1925.360000 884.174400 1.000000
1964.528000 1839.232000 1930.624000 853.507200 1.000000
1968.640000 1859.536000 1931.024000 873.636800 1.000000
1995.200000 2155.696000 1933.904000 1089.388800 1.000000
1892.960000 1394.921600 1934.832000 30.917120 1.000000
1905.296000 1483.948800 1937.264000 146.616960 1.000000
1905.904000 1438.444800 1941.040000 86.635040 1.000000
2064.928000 2472.720000 1944.208000 1542.481600 1.000000
1909.648000 1465.552000 1945.136000 120.507680 1.000000
1985.344000 1866.640000 1947.904000 882.433600 1.000000
2094.240000 2671.184000 1948.992000 1702.864000 1.000000
2026.336000 2255.280000 1952.000000 1191.160000 1.000000
1984.528000 1830.016000 1952.768000 844.382400 1.000000
1917.328000 1458.715200 1954.768000 110.831360 1.000000
2096.912000 2629.040000 1955.392000 1674.352000 1.000000
2114.384000 2762.256000 1958.112000 1767.296000 1.000000
2011.168000 2062.768000 1958.336000 1005.507200 1.000000
2121.904000 2823.472000 1958.496000 1814.144000 1.000000
2154.928000 2991.760000 1966.208000 1949.088000 1.000000
1921.680000 1408.560000 1966.672000 53.904640 1.000000
1928.016000 1461.385600 1968.368000 120.603520 1.000000
2050.912000 2268.032000 1973.904000 1208.560000 1.000000
2131.184000 2746.848000 1974.464000 1757.280000 1.000000
1934.256000 1453.400000 1974.592000 112.513440 1.000000
2086.496000 2383.056000 1975.968000 1463.960000 1.000000
2088.688000 2364.176000 1981.008000 1445.091200 1.000000
2112.240000 2501.632000 1984.384000 1571.660800 1.000000
2112.784000 2488.544000 1986.080000 1556.988800 1.000000
1945.232000 1407.150400 1993.040000 63.283680 1.000000
2031.376000 1886.240000 1995.264000 902.883200 1.000000
2060.768000 2173.888000 1995.728000 1114.718400 1.000000
2005.152000 1737.792000 1997.824000 631.992000 1.000000
2053.312000 2061.984000 2003.120000 1007.156800 1.000000
2076.480000 2196.448000 2008.832000 1139.883200 1.000000
2196.992000 2923.360000 2009.888000 1890.496000 1.000000
2159.712000 2618.992000 2012.176000 1671.008000 1.000000
2203.040000 2952.352000 2012.352000 1916.496000 1.000000
2130.624000 2418.208000 2014.128000 1494.400000 1.000000
2077.360000 2115.216000 2020.800000 1062.299200 1.000000
2162.480000 2531.760000 2026.576000 1597.152000 1.000000
2088.992000 2155.488000 2026.704000 1099.336000 1.000000
2188.064000 2714.512000 2028.608000 1735.536000 1.000000
2182.528000 2659.920000 2028.976000 1699.856000 1.000000
2028.256000 1674.288000 2031.392000 550.251200 1.000000
2158.336000 2475.040000 2031.520000 1545.598400 1.000000
2179.888000 2618.528000 2032.432000 1669.344000 1.000000
2029.584000 1694.992000 2032.768000 577.198400 1.000000
2091.200000 2099.456000 2036.720000 1047.251200 1.000000
2187.296000 2603.184000 2040.080000 1657.536000 1.000000
2178.640000 2544.192000 2040.480000 1605.328000 1.000000
2205.168000 2731.056000 2041.920000 1750.672000 1.000000
2162.704000 2436.672000 2042.064000 1511.096000 1.000000
2068.000000 1794.464000 2046.672000 807.028800 1.000000
2212.736000 2718.752000 2049.360000 1741.968000 1.000000
2221.616000 2729.504000 2056.304000 1750.272000 1.000000
2250.224000 2901.584000 2059.472000 1876.688000 1.000000
2181.680000 2405.328000 2063.264000 1484.268800 1.000000
2189.632000 2401.152000 2070.528000 1482.028800 1.000000
2186.032000 2380.976000 2070.768000 1463.592000 1.000000
2094.304000 1812.544000 2074.192000 828.840000 1.000000
2292.752000 2934.672000 2090.640000 1906.256000 1.000000
2264.368000 2731.952000 2091.424000 1756.128000 1.000000
2046.800000 1512.425600 2098.560000 217.056000 1.000000
2054.592000 1392.753600 2128.960000 56.033920 1.000000
2574.592000 1460.961600 2401.152000 2163.648000 1.000000
2723.136000 1981.024000 2419.392000 2482.064000 1.000000
2742.624000 1370.920000 2583.648000 2210.768000 1.000000
2763.520000 1408.347200 2588.544000 2221.648000 1.000000
