1225.030400 1336.217600 22.548000 2615.136000 1.000000
624.620800 1702.896000 86.914560 2574.848000 1.000000
574.680000 1611.216000 538.440000 2048.816000 1.000000
766.424000 1467.686400 660.131200 2524.432000 1.000000
2659.008000 1226.878400 2514.912000 1989.072000 1.000000
2604.816000 1167.675200 2521.152000 1900.016000 1.000000
2724.928000 1367.838400 2546.672000 1899.536000 1.000000
2479.904000 1669.984000 2603.392000 1035.939200 1.000000
2667.728000 1486.979200 2623.088000 1147.553600 1.000000
2725.376000 1370.009600 2700.832000 1305.902400 1.000000
3157.712000 1434.180800 3135.552000 1487.235200 1.000000
