20.780800 780.937600 13.779232 2430.400000 1.000000
91.476960 889.020800 65.888960 2536.720000 1.000000
133.130560 867.292800 116.629760 2514.176000 1.000000
172.969600 1180.273600 116.981120 2758.704000 1.000000
160.995200 924.913600 135.132480 2557.728000 1.000000
167.476800 902.049600 145.782880 2540.080000 1.000000
184.116800 989.190400 154.043040 2613.616000 1.000000
203.124800 952.393600 178.225600 2577.920000 1.000000
161.568000 631.604800 180.892800 2229.056000 1.000000
217.446400 963.000000 190.742400 2585.936000 1.000000
225.022400 1015.683200 193.148800 2633.520000 1.000000
189.323200 678.886400 202.179200 2281.600000 1.000000
232.636800 994.308800 205.220800 2612.704000 1.000000
250.700800 1033.089600 223.001600 2643.552000 1.000000
287.956800 976.566400 263.881600 2588.352000 1.000000
309.086400 1104.702400 273.291200 2706.192000 1.000000
254.808000 612.905600 279.969600 2199.024000 1.000000
307.728000 1061.078400 280.208000 2664.048000 1.000000
310.619200 1026.443200 282.569600 2630.864000 1.000000
283.003200 714.966400 294.592000 2307.872000 1.000000
295.278400 790.884800 296.790400 2392.736000 1.000000
327.249600 974.390400 308.532800 2579.504000 1.000000
311.390400 817.649600 312.756800 2423.808000 1.000000
382.579200 1414.585600 320.443200 2999.488000 1.000000
347.563200 1058.112000 320.825600 2654.032000 1.000000
352.582400 1000.478400 325.619200 2606.960000 1.000000
363.838400 1007.817600 341.648000 2604.240000 1.000000
355.960000 884.624000 347.544000 2494.832000 1.000000
379.339200 1003.683200 361.273600 2598.416000 1.000000
381.022400 1017.875200 361.812800 2611.552000 1.000000
321.838400 454.492800 367.371200 2022.016000 1.000000
337.523200 581.916800 368.316800 2151.728000 1.000000
388.476800 932.825600 380.651200 2532.128000 1.000000
418.780800 1057.352000 398.838400 2660.128000 1.000000
416.001600 1049.275200 399.412800 2636.912000 1.000000
429.072000 1118.739200 402.345600 2702.576000 1.000000
326.163200 119.690400 408.262400 1699.600000 1.000000
426.465600 1029.064000 408.518400 2614.944000 1.000000
447.238400 1116.496000 423.497600 2697.216000 1.000000
501.108800 1107.054400 481.649600 2677.072000 1.000000
509.604800 1130.033600 487.720000 2702.768000 1.000000
493.814400 798.988800 496.899200 2374.240000 1.000000
517.891200 1116.430400 500.318400 2684.880000 1.000000
424.956800 145.269760 503.526400 1705.328000 1.000000
469.576000 559.227200 506.118400 2108.624000 1.000000
537.897600 1100.315200 521.940800 2667.040000 1.000000
512.248000 746.273600 527.499200 2304.640000 1.000000
523.331200 784.496000 537.340800 2342.432000 1.000000
538.233600 905.156800 537.720000 2484.192000 1.000000
547.838400 909.899200 544.657600 2489.536000 1.000000
566.033600 1084.840000 551.870400 2644.688000 1.000000
557.761600 655.771200 582.390400 2192.048000 1.000000
584.675200 958.414400 582.510400 2527.664000 1.000000
603.844800 1122.158400 591.265600 2676.400000 1.000000
598.243200 993.059200 595.422400 2555.152000 1.000000
602.875200 1087.097600 595.534400 2640.272000 1.000000
617.572800 1108.164800 607.668800 2658.800000 1.000000
609.360000 933.427200 612.331200 2499.168000 1.000000
621.856000 1097.432000 615.804800 2648.000000 1.000000
627.944000 1044.316800 626.326400 2594.912000 1.000000
629.824000 995.552000 627.950400 2551.760000 1.000000
640.873600 1001.244800 638.432000 2555.328000 1.000000
653.443200 1124.452800 644.364800 2671.824000 1.000000
646.699200 994.497600 645.873600 2548.240000 1.000000
621.616000 659.278400 649.787200 2188.720000 1.000000
660.697600 955.099200 663.721600 2510.080000 1.000000
625.852800 533.683200 664.892800 2053.296000 1.000000
666.321600 972.833600 669.067200 2524.320000 1.000000
678.750400 991.955200 679.884800 2541.152000 1.000000
688.073600 1123.110400 684.297600 2666.384000 1.000000
697.131200 981.864000 700.089600 2528.320000 1.000000
663.272000 177.539200 726.988800 1700.528000 1.000000
743.488000 1117.624000 741.592000 2649.136000 1.000000
728.259200 822.852800 746.369600 2348.160000 1.000000
710.974400 526.628800 751.995200 2031.456000 1.000000
769.225600 958.076800 775.742400 2494.688000 1.000000
774.531200 1114.188800 778.392000 2636.992000 1.000000
761.094400 803.222400 779.265600 2321.088000 1.000000
771.902400 989.588800 781.590400 2522.688000 1.000000
767.966400 854.246400 785.996800 2379.152000 1.000000
782.484800 1058.411200 788.619200 2583.504000 1.000000
766.040000 730.926400 791.188800 2237.168000 1.000000
782.516800 1036.358400 792.182400 2563.264000 1.000000
788.225600 1087.630400 793.940800 2611.248000 1.000000
757.739200 568.694400 794.611200 2067.776000 1.000000
813.448000 996.132800 829.144000 2521.920000 1.000000
831.499200 957.928000 845.683200 2483.440000 1.000000
846.313600 1059.308800 857.350400 2574.336000 1.000000
840.948800 1003.307200 857.715200 2522.160000 1.000000
846.345600 955.884800 861.793600 2478.752000 1.000000
832.102400 426.339200 874.128000 1910.912000 1.000000
874.700800 1400.641600 876.262400 2947.472000 1.000000
862.291200 875.672000 876.888000 2385.184000 1.000000
868.617600 1131.497600 878.561600 2640.864000 1.000000
845.243200 625.452800 879.032000 2112.096000 1.000000
863.299200 738.331200 891.652800 2223.024000 1.000000
853.776000 330.747200 901.723200 1813.104000 1.000000
894.308800 1130.580800 907.945600 2634.576000 1.000000
895.688000 848.628800 919.524800 2344.512000 1.000000
906.412800 1140.076800 920.881600 2644.432000 1.000000
909.590400 1034.308800 926.052800 2542.944000 1.000000
907.492800 856.539200 931.214400 2351.744000 1.000000
921.089600 1136.220800 937.179200 2636.496000 1.000000
924.916800 753.296000 953.904000 2231.952000 1.000000
946.188800 1063.315200 966.038400 2557.344000 1.000000
960.849600 994.289600 981.360000 2494.160000 1.000000
972.856000 1007.673600 996.192000 2505.680000 1.000000
987.449600 1102.020800 1009.708800 2587.312000 1.000000
998.985600 1072.206400 1021.558400 2560.624000 1.000000
1014.147200 1091.521600 1039.600000 2573.936000 1.000000
1023.259200 996.267200 1049.404800 2485.488000 1.000000
1017.411200 645.049600 1053.820800 2095.728000 1.000000
1043.016000 1148.425600 1070.798400 2627.632000 1.000000
1045.502400 1263.828800 1074.374400 2747.504000 1.000000
1040.520000 229.249600 1081.784000 1693.024000 1.000000
1059.867200 1357.020800 1088.241600 2854.272000 1.000000
1066.313600 871.192000 1096.753600 2337.712000 1.000000
1070.249600 1137.392000 1100.252800 2610.144000 1.000000
1070.654400 1366.854400 1100.614400 2864.352000 1.000000
1082.886400 1452.800000 1119.859200 2955.920000 1.000000
1088.750400 1099.854400 1120.747200 2571.504000 1.000000
1088.513600 904.460800 1121.188800 2372.848000 1.000000
1100.513600 1000.076800 1131.379200 2474.480000 1.000000
1100.283200 1018.953600 1133.809600 2491.616000 1.000000
1102.849600 866.628800 1134.740800 2325.344000 1.000000
1105.379200 1151.644800 1137.616000 2620.064000 1.000000
1105.851200 980.536000 1138.273600 2456.800000 1.000000
1106.606400 1069.971200 1139.203200 2537.072000 1.000000
1114.145600 1339.507200 1151.288000 2822.224000 1.000000
1120.284800 965.785600 1152.433600 2437.616000 1.000000
1119.241600 1150.873600 1152.992000 2617.408000 1.000000
1126.624000 1001.164800 1157.163200 2472.064000 1.000000
1131.422400 1158.873600 1167.635200 2625.520000 1.000000
1160.512000 889.883200 1186.902400 2350.784000 1.000000
1161.225600 1147.724800 1200.724800 2606.896000 1.000000
1173.144000 818.876800 1206.921600 2257.760000 1.000000
1162.958400 1358.963200 1207.232000 2836.288000 1.000000
1170.094400 1111.292800 1209.950400 2565.840000 1.000000
1170.659200 1139.164800 1210.528000 2593.856000 1.000000
1174.708800 1053.156800 1213.377600 2510.336000 1.000000
1183.281600 1097.097600 1219.952000 2550.064000 1.000000
1186.872000 1049.684800 1226.716800 2506.016000 1.000000
1191.411200 1010.140800 1228.990400 2468.848000 1.000000
1192.707200 1023.475200 1230.395200 2480.880000 1.000000
1189.576000 1127.889600 1231.476800 2579.056000 1.000000
1187.697600 1403.614400 1236.489600 2887.504000 1.000000
1201.001600 1080.000000 1241.030400 2530.624000 1.000000
1199.473600 1121.939200 1241.865600 2570.416000 1.000000
1202.260800 1088.940800 1243.617600 2539.360000 1.000000
1209.796800 1016.945600 1248.662400 2471.024000 1.000000
1213.446400 1080.558400 1253.857600 2529.280000 1.000000
1209.534400 1135.824000 1254.212800 2584.000000 1.000000
1210.468800 1127.598400 1254.288000 2574.688000 1.000000
1221.209600 1052.649600 1262.411200 2502.960000 1.000000
1223.780800 1127.596800 1267.696000 2572.880000 1.000000
1236.636800 1017.318400 1275.171200 2468.400000 1.000000
1235.046400 1076.996800 1276.572800 2522.928000 1.000000
1235.107200 1101.419200 1279.976000 2544.656000 1.000000
1241.171200 1122.169600 1285.404800 2564.256000 1.000000
1245.611200 1013.689600 1286.233600 2461.984000 1.000000
1256.619200 451.411200 1287.862400 1864.176000 1.000000
1245.561600 1138.568000 1292.068800 2581.856000 1.000000
1269.273600 145.032640 1293.326400 1588.868800 1.000000
1259.313600 1101.908800 1305.507200 2541.168000 1.000000
1258.952000 1143.227200 1306.009600 2584.880000 1.000000
1262.660800 1074.400000 1307.806400 2514.544000 1.000000
1268.385600 1143.465600 1315.595200 2584.608000 1.000000
1274.275200 1084.665600 1320.187200 2522.768000 1.000000
1277.011200 1129.419200 1326.912000 2565.344000 1.000000
1282.252800 1139.488000 1332.748800 2576.896000 1.000000
1284.076800 1120.577600 1332.838400 2554.192000 1.000000
1308.524800 454.036800 1337.036800 1859.680000 1.000000
1287.316800 1381.344000 1349.153600 2839.120000 1.000000
1291.286400 1391.995200 1353.227200 2851.984000 1.000000
1301.761600 1133.032000 1353.387200 2566.064000 1.000000
1304.873600 1090.563200 1354.795200 2527.264000 1.000000
1307.284800 1084.526400 1355.254400 2515.264000 1.000000
1311.556800 1039.043200 1358.368000 2474.192000 1.000000
1311.868800 1114.344000 1363.372800 2543.840000 1.000000
1317.097600 1079.513600 1366.315200 2510.320000 1.000000
1321.129600 1100.790400 1371.625600 2528.368000 1.000000
1350.553600 434.041600 1376.676800 1833.088000 1.000000
1329.611200 1080.176000 1380.062400 2508.800000 1.000000
1330.155200 1108.568000 1384.641600 2533.056000 1.000000
1346.710400 904.987200 1389.360000 2324.320000 1.000000
1337.142400 1120.996800 1392.160000 2547.008000 1.000000
1345.102400 1029.312000 1393.630400 2459.376000 1.000000
1349.104000 1102.102400 1398.529600 2525.792000 1.000000
1360.088000 856.368000 1399.467200 2266.304000 1.000000
1353.867200 1060.404800 1404.771200 2486.048000 1.000000
1372.395200 943.784000 1417.960000 2364.608000 1.000000
1400.848000 406.870400 1423.190400 1800.448000 1.000000
1377.150400 1022.112000 1426.232000 2447.968000 1.000000
1375.921600 1062.480000 1427.448000 2484.240000 1.000000
1382.763200 1004.112000 1432.233600 2429.216000 1.000000
1413.974400 386.777600 1434.491200 1779.712000 1.000000
1389.736000 908.953600 1434.744000 2318.704000 1.000000
1436.248000 307.966400 1452.849600 1703.968000 1.000000
1417.806400 773.072000 1457.736000 2160.960000 1.000000
1421.259200 903.001600 1466.094400 2306.544000 1.000000
1433.537600 674.361600 1468.449600 2055.968000 1.000000
1436.174400 656.236800 1468.624000 2037.392000 1.000000
1399.529600 1337.011200 1469.576000 2808.080000 1.000000
1409.924800 1348.297600 1484.313600 2819.136000 1.000000
1430.334400 1126.012800 1489.368000 2537.920000 1.000000
1449.878400 1008.785600 1502.590400 2423.472000 1.000000
1447.912000 1026.820800 1502.654400 2440.816000 1.000000
1426.747200 1376.416000 1506.062400 2848.224000 1.000000
1431.507200 1358.065600 1513.099200 2825.632000 1.000000
1485.193600 999.297600 1537.019200 2408.368000 1.000000
1488.203200 1096.896000 1549.921600 2496.512000 1.000000
1540.857600 316.134400 1549.971200 1694.496000 1.000000
1528.080000 641.728000 1556.620800 2005.120000 1.000000
1500.643200 1017.988800 1558.766400 2424.448000 1.000000
1499.929600 1100.484800 1564.364800 2497.952000 1.000000
1507.795200 1020.030400 1566.016000 2424.224000 1.000000
1510.704000 1073.416000 1574.427200 2473.184000 1.000000
1509.876800 1099.660800 1574.640000 2495.920000 1.000000
1526.022400 874.774400 1575.142400 2252.432000 1.000000
1531.560000 1013.449600 1590.995200 2413.312000 1.000000
1530.969600 1078.324800 1596.500800 2473.584000 1.000000
1540.526400 1068.526400 1608.848000 2460.592000 1.000000
1722.464000 157.081440 1702.848000 1531.857600 1.000000
1683.472000 615.360000 1709.392000 1955.888000 1.000000
1655.536000 958.211200 1712.112000 2327.680000 1.000000
1724.928000 637.136000 1751.040000 1968.448000 1.000000
1700.320000 973.707200 1763.120000 2335.440000 1.000000
1704.368000 956.424000 1763.984000 2313.232000 1.000000
1725.792000 1041.956800 1797.376000 2409.632000 1.000000
1736.320000 997.374400 1800.672000 2360.624000 1.000000
1807.024000 387.945600 1800.736000 1721.216000 1.000000
1734.880000 1022.411200 1803.584000 2389.200000 1.000000
1827.872000 355.795200 1815.552000 1689.216000 1.000000
1824.336000 378.166400 1817.120000 1708.512000 1.000000
1794.784000 703.766400 1824.784000 2025.904000 1.000000
1757.696000 1072.846400 1831.984000 2445.168000 1.000000
1766.784000 1045.396800 1839.440000 2408.384000 1.000000
1907.136000 80.420160 1857.312000 1445.004800 1.000000
1922.448000 89.604160 1872.016000 1449.112000 1.000000
1791.536000 1238.496000 1897.408000 2641.344000 1.000000
1886.912000 615.100800 1904.400000 1919.040000 1.000000
1799.360000 1311.344000 1914.832000 2713.744000 1.000000
1839.424000 1012.304000 1915.824000 2357.744000 1.000000
1870.352000 834.000000 1918.656000 2146.096000 1.000000
1796.272000 1474.326400 1940.480000 2917.088000 1.000000
1792.896000 1499.131200 1943.312000 2948.976000 1.000000
1820.736000 1330.822400 1945.712000 2731.056000 1.000000
1808.416000 1484.355200 1959.664000 2925.024000 1.000000
1803.440000 1543.729600 1964.016000 2994.528000 1.000000
1913.344000 865.844800 1967.680000 2173.008000 1.000000
1824.064000 1462.574400 1972.672000 2889.136000 1.000000
1920.000000 894.691200 1977.552000 2204.912000 1.000000
1982.176000 618.305600 1996.928000 1906.288000 1.000000
1937.600000 926.409600 2000.064000 2236.944000 1.000000
1842.192000 1491.392000 2000.080000 2921.280000 1.000000
1942.416000 910.408000 2002.096000 2219.664000 1.000000
1850.784000 1459.686400 2002.768000 2882.000000 1.000000
1990.752000 611.675200 2005.088000 1897.376000 1.000000
1878.960000 1388.201600 2018.944000 2777.376000 1.000000
2086.384000 203.441600 2031.696000 1517.206400 1.000000
1884.832000 1478.846400 2047.840000 2896.288000 1.000000
2107.632000 221.905600 2056.992000 1524.009600 1.000000
1911.824000 1384.011200 2059.024000 2772.464000 1.000000
2035.392000 685.758400 2060.064000 1964.720000 1.000000
1905.904000 1438.444800 2060.896000 2840.864000 1.000000
1905.296000 1483.948800 2070.240000 2897.424000 1.000000
2048.640000 711.497600 2077.344000 1989.888000 1.000000
1917.328000 1458.715200 2079.536000 2866.784000 1.000000
2060.064000 751.486400 2094.512000 2028.944000 1.000000
1934.256000 1453.400000 2097.552000 2853.856000 1.000000
1945.232000 1407.150400 2101.472000 2785.792000 1.000000
2131.376000 458.368000 2112.672000 1732.848000 1.000000
2209.760000 89.520000 2122.192000 1411.440000 1.000000
2172.496000 398.475200 2138.768000 1675.872000 1.000000
2103.984000 764.723200 2139.952000 2037.536000 1.000000
2169.280000 447.796800 2145.104000 1720.496000 1.000000
2046.528000 1089.571200 2145.296000 2420.096000 1.000000
2238.128000 117.436000 2151.584000 1430.484800 1.000000
2245.696000 100.715520 2153.856000 1414.979200 1.000000
2121.680000 762.870400 2156.912000 2030.896000 1.000000
2195.408000 408.859200 2162.064000 1682.592000 1.000000
2121.792000 790.467200 2162.624000 2062.528000 1.000000
2143.312000 694.380800 2163.744000 1963.104000 1.000000
2179.728000 510.060800 2166.464000 1777.104000 1.000000
2193.440000 472.512000 2172.544000 1739.936000 1.000000
2194.576000 511.302400 2180.848000 1775.968000 1.000000
2051.328000 1225.382400 2181.824000 2547.376000 1.000000
2165.520000 750.347200 2199.632000 2000.272000 1.000000
2059.680000 1294.856000 2204.544000 2618.128000 1.000000
2075.392000 1262.513600 2216.640000 2579.056000 1.000000
2140.576000 1002.040000 2218.720000 2294.864000 1.000000
2038.480000 1499.657600 2229.424000 2884.784000 1.000000
2094.368000 1253.708800 2233.584000 2568.672000 1.000000
