935.776000 1495.699200 467.760000 1848.080000 1.000000
2051.632000 2410.448000 1212.403200 2000.768000 1.000000
1546.097600 2340.592000 1598.212800 1013.036800 1.000000
1687.488000 2015.248000 1826.592000 1230.123200 1.000000
2660.976000 1234.161600 2500.656000 2042.592000 1.000000
2610.144000 1163.470400 2519.024000 1974.768000 1.000000
2667.728000 1486.979200 2670.272000 1243.740800 1.000000
2669.696000 1494.732800 2708.864000 1305.374400 1.000000
2797.024000 1372.049600 2743.904000 1646.672000 1.000000
2836.672000 1411.848000 2864.064000 1252.537600 1.000000
3660.752000 1121.148800 3399.296000 1309.184000 1.000000
