539.192000 638.201600 33.872640 2716.720000 1.000000
557.761600 655.771200 52.165760 2733.856000 1.000000
463.096000 41.245280 55.073280 2058.656000 1.000000
490.116800 215.185600 60.426240 2226.528000 1.000000
640.457600 738.587200 137.602880 2825.920000 1.000000
625.852800 533.683200 157.038400 2564.464000 1.000000
660.532800 648.324800 176.676800 2702.720000 1.000000
646.412800 418.764800 198.008000 2427.136000 1.000000
690.800000 670.878400 208.536000 2733.232000 1.000000
634.240000 99.323360 231.176000 2089.104000 1.000000
702.152000 561.577600 239.499200 2585.568000 1.000000
698.088000 507.710400 243.156800 2520.464000 1.000000
706.372800 419.705600 267.620800 2416.528000 1.000000
782.401600 851.012800 292.024000 2946.128000 1.000000
780.292800 790.803200 297.569600 2860.480000 1.000000
773.241600 567.664000 320.684800 2579.696000 1.000000
829.065600 605.918400 376.534400 2610.352000 1.000000
863.299200 738.331200 402.691200 2766.160000 1.000000
881.886400 676.792000 433.425600 2689.120000 1.000000
853.776000 330.747200 438.801600 2284.640000 1.000000
1017.411200 645.049600 592.915200 2612.528000 1.000000
1060.244800 905.752000 625.313600 2951.328000 1.000000
1088.513600 904.460800 661.009600 2939.552000 1.000000
1214.587200 697.952000 820.044800 2628.416000 1.000000
1239.065600 937.497600 842.089600 2951.120000 1.000000
1256.619200 451.411200 876.980800 2333.536000 1.000000
1311.830400 946.715200 931.236800 2943.872000 1.000000
1349.380800 947.340800 977.771200 2933.088000 1.000000
1378.763200 875.700800 1012.476800 2819.104000 1.000000
1390.576000 855.787200 1025.716800 2788.992000 1.000000
1400.848000 406.870400 1032.312000 2258.368000 1.000000
1398.884800 934.241600 1034.380800 2899.024000 1.000000
1413.566400 824.915200 1052.569600 2744.336000 1.000000
1430.745600 747.172800 1069.052800 2642.048000 1.000000
1435.779200 497.603200 1071.832000 2339.808000 1.000000
1477.939200 323.856000 1111.728000 2160.864000 1.000000
1485.193600 999.297600 1143.752000 2967.488000 1.000000
1508.084800 1037.715200 1206.912000 2991.872000 1.000000
1579.672000 558.627200 1232.185600 2385.200000 1.000000
1569.465600 1010.635200 1248.809600 2960.624000 1.000000
1722.464000 157.081440 1348.163200 1956.640000 1.000000
1676.576000 1044.710400 1377.153600 2969.104000 1.000000
1724.928000 637.136000 1393.040000 2439.680000 1.000000
1735.248000 677.684800 1410.635200 2485.088000 1.000000
1721.504000 936.433600 1420.486400 2813.424000 1.000000
1725.792000 1041.956800 1440.811200 2955.488000 1.000000
1734.880000 1022.411200 1447.195200 2933.120000 1.000000
1827.872000 355.795200 1470.392000 2121.440000 1.000000
1794.784000 703.766400 1475.027200 2503.936000 1.000000
1839.424000 1012.304000 1569.830400 2892.432000 1.000000
1870.352000 834.000000 1578.700800 2639.392000 1.000000
1937.600000 926.409600 1668.096000 2741.120000 1.000000
1990.752000 611.675200 1670.784000 2349.120000 1.000000
2005.824000 554.156800 1678.160000 2283.952000 1.000000
1964.896000 930.086400 1702.016000 2741.520000 1.000000
2035.392000 685.758400 1732.624000 2421.376000 1.000000
2048.640000 711.497600 1751.632000 2451.520000 1.000000
2119.696000 413.118400 1765.648000 2121.552000 1.000000
2060.064000 751.486400 1770.288000 2496.928000 1.000000
2129.440000 437.374400 1777.952000 2146.112000 1.000000
2209.760000 89.520000 1792.864000 1821.008000 1.000000
2172.496000 398.475200 1813.536000 2101.440000 1.000000
2103.984000 764.723200 1818.928000 2503.920000 1.000000
2169.280000 447.796800 1820.976000 2148.848000 1.000000
2238.128000 117.436000 1824.288000 1841.520000 1.000000
2195.408000 408.859200 1839.392000 2107.968000 1.000000
2121.792000 790.467200 1844.960000 2534.656000 1.000000
2201.920000 416.352000 1848.656000 2108.720000 1.000000
2228.112000 308.753600 1849.120000 2006.800000 1.000000
2193.440000 472.512000 1850.944000 2169.552000 1.000000
2212.672000 409.862400 1855.952000 2105.136000 1.000000
2292.896000 48.176320 1859.136000 1779.488000 1.000000
2194.576000 511.302400 1860.208000 2209.984000 1.000000
2217.792000 427.452800 1864.704000 2121.744000 1.000000
2267.296000 345.369600 1893.056000 2039.200000 1.000000
