26.753120 2094.880000 18.538080 1074.979200 1.000000
293.686400 1380.840000 39.138240 248.856000 1.000000
288.361600 1417.209600 45.657280 283.803200 1.000000
47.902560 2814.032000 50.627840 1884.736000 1.000000
306.006400 1364.259200 54.287680 227.187200 1.000000
297.905600 1420.851200 57.169760 288.558400 1.000000
324.441600 1493.742400 101.500480 364.544000 1.000000
108.346080 2876.112000 113.706400 1938.352000 1.000000
161.712000 2911.152000 168.019200 1969.792000 1.000000
196.419200 2882.160000 197.372800 1948.256000 1.000000
390.281600 1663.696000 203.236800 612.158400 1.000000
392.681600 1670.448000 207.174400 621.947200 1.000000
404.272000 1666.832000 219.780800 616.342400 1.000000
410.603200 1664.672000 226.312000 614.675200 1.000000
422.209600 1656.128000 238.849600 606.121600 1.000000
285.910400 2653.536000 249.184000 1764.816000 1.000000
260.187200 2947.152000 265.462400 2009.136000 1.000000
424.576000 1921.888000 281.616000 987.097600 1.000000
277.496000 2970.496000 284.264000 2032.432000 1.000000
432.758400 1934.752000 291.715200 999.324800 1.000000
478.657600 1679.264000 300.580800 636.369600 1.000000
451.913600 1891.968000 305.075200 958.947200 1.000000
373.488000 2423.920000 306.718400 1443.796800 1.000000
320.224000 2931.584000 321.545600 1997.600000 1.000000
351.843200 2913.696000 340.444800 1978.688000 1.000000
348.128000 2939.248000 345.369600 2003.040000 1.000000
347.392000 2976.912000 350.948800 2038.896000 1.000000
497.656000 1926.880000 359.704000 996.350400 1.000000
511.217600 1869.808000 365.057600 937.971200 1.000000
569.819200 1483.440000 368.132800 343.516800 1.000000
374.750400 2971.008000 375.075200 2036.096000 1.000000
571.817600 1524.376000 379.891200 393.937600 1.000000
539.628800 1839.648000 391.196800 904.020800 1.000000
539.809600 1855.856000 393.046400 923.160000 1.000000
586.329600 1511.174400 396.956800 379.537600 1.000000
589.310400 1547.075200 405.448000 420.715200 1.000000
416.200000 2928.800000 410.244800 1996.160000 1.000000
560.544000 1851.104000 413.980800 916.867200 1.000000
625.388800 1494.030400 437.412800 362.150400 1.000000
628.110400 1469.388800 437.702400 333.260800 1.000000
624.987200 1502.443200 438.232000 371.078400 1.000000
631.790400 1463.208000 441.563200 325.606400 1.000000
641.705600 1475.844800 453.704000 340.819200 1.000000
645.040000 1700.544000 484.564800 672.297600 1.000000
731.680000 1593.280000 570.942400 495.003200 1.000000
774.208000 1607.632000 618.411200 515.992000 1.000000
773.467200 1615.264000 620.088000 524.582400 1.000000
789.369600 1537.491200 624.086400 424.472000 1.000000
773.516800 1923.728000 650.940800 1012.772800 1.000000
800.014400 1686.976000 654.529600 666.718400 1.000000
693.177600 2888.960000 665.417600 1967.168000 1.000000
903.790400 1400.126400 741.496000 259.678400 1.000000
942.070400 1598.758400 803.444800 525.867200 1.000000
960.121600 1515.006400 816.209600 409.232000 1.000000
970.387200 1473.097600 822.625600 367.726400 1.000000
872.768000 2930.736000 835.142400 2013.232000 1.000000
999.964800 1553.992000 864.390400 461.544000 1.000000
1018.171200 1287.257600 864.600000 128.939040 1.000000
1015.806400 1537.416000 879.404800 441.129600 1.000000
1032.491200 1285.699200 881.302400 128.133280 1.000000
1014.400000 1602.224000 884.078400 538.720000 1.000000
1035.696000 1352.342400 890.625600 214.072000 1.000000
1020.161600 1605.600000 891.484800 543.059200 1.000000
1044.632000 1286.593600 894.014400 129.988960 1.000000
964.784000 2863.936000 917.083200 1951.952000 1.000000
1059.166400 1378.176000 918.371200 249.737600 1.000000
1059.867200 1357.020800 919.827200 221.366400 1.000000
1064.542400 1381.931200 925.673600 254.385600 1.000000
1072.560000 1284.777600 927.148800 130.321440 1.000000
1053.652800 1594.008000 927.172800 533.294400 1.000000
1061.860800 1682.800000 943.196800 687.782400 1.000000
991.715200 2919.584000 945.473600 2006.336000 1.000000
1011.448000 2847.760000 961.256000 1939.952000 1.000000
1092.798400 1566.984000 966.400000 500.884800 1.000000
1101.316800 1374.132800 967.257600 247.505600 1.000000
1017.452800 2869.440000 968.195200 1957.488000 1.000000
1040.027200 2866.096000 986.542400 1954.800000 1.000000
1111.260800 1684.048000 996.633600 689.961600 1.000000
1119.668800 1542.510400 997.260800 465.528000 1.000000
1111.388800 1693.936000 997.699200 700.438400 1.000000
1127.067200 1594.697600 1011.185600 523.755200 1.000000
1141.795200 1376.913600 1014.062400 254.672000 1.000000
1132.937600 1573.016000 1017.345600 499.531200 1.000000
1074.289600 2818.672000 1017.540800 1918.144000 1.000000
1146.507200 1379.552000 1019.262400 258.404800 1.000000
1088.465600 2838.816000 1029.104000 1935.376000 1.000000
1096.904000 2852.048000 1041.769600 1943.392000 1.000000
1169.646400 1382.996800 1043.056000 264.928000 1.000000
1165.400000 1493.438400 1046.891200 404.624000 1.000000
1169.712000 1413.329600 1047.145600 300.963200 1.000000
1174.553600 1325.395200 1047.619200 192.502400 1.000000
1110.356800 2869.488000 1051.494400 1960.320000 1.000000
1166.480000 1520.822400 1053.748800 433.704000 1.000000
1118.860800 2854.816000 1060.585600 1948.608000 1.000000
1187.692800 1304.710400 1062.868800 165.604800 1.000000
1187.697600 1403.614400 1064.542400 291.267200 1.000000
1131.070400 2881.856000 1071.860800 1973.312000 1.000000
1134.339200 2862.160000 1071.899200 1957.248000 1.000000
1180.651200 1686.912000 1073.390400 700.760000 1.000000
1140.734400 2728.688000 1081.969600 1858.528000 1.000000
1143.126400 2879.184000 1084.451200 1971.376000 1.000000
1153.129600 2802.272000 1090.676800 1908.000000 1.000000
1169.344000 2320.976000 1092.958400 1379.539200 1.000000
1218.393600 1397.699200 1101.664000 289.556800 1.000000
1230.684800 1385.822400 1114.971200 274.686400 1.000000
1223.179200 1682.816000 1119.131200 694.928000 1.000000
1253.817600 1385.912000 1144.041600 278.788800 1.000000
1229.707200 2747.792000 1159.508800 1867.408000 1.000000
1287.316800 1381.344000 1182.460800 276.808000 1.000000
1290.307200 1403.049600 1187.035200 304.110400 1.000000
1363.214400 1690.816000 1272.299200 712.721600 1.000000
1366.625600 1677.536000 1276.174400 699.196800 1.000000
1382.028800 1677.184000 1294.025600 698.936000 1.000000
1409.924800 1348.297600 1322.488000 197.192000 1.000000
1426.747200 1376.416000 1342.404800 236.832000 1.000000
1450.459200 1609.840000 1374.147200 539.225600 1.000000
1456.998400 1692.640000 1377.913600 722.758400 1.000000
1486.673600 1682.160000 1407.123200 713.019200 1.000000
1503.484800 1694.656000 1425.659200 728.528000 1.000000
1515.580800 1712.192000 1439.526400 753.240000 1.000000
1516.294400 1680.336000 1440.200000 714.449600 1.000000
1530.044800 1705.968000 1454.392000 745.576000 1.000000
1537.345600 1678.592000 1462.640000 715.320000 1.000000
1554.596800 1696.368000 1480.316800 736.172800 1.000000
1574.292800 1713.168000 1504.080000 758.907200 1.000000
1520.817600 1363.876800 1504.635200 237.419200 1.000000
1591.755200 1701.120000 1522.681600 744.568000 1.000000
1691.856000 2713.920000 1586.156800 1857.696000 1.000000
1666.800000 1697.152000 1605.040000 744.108800 1.000000
1734.496000 2750.480000 1622.256000 1885.952000 1.000000
1766.736000 2814.000000 1647.616000 1932.960000 1.000000
1719.776000 1689.808000 1662.336000 741.027200 1.000000
1735.744000 2033.728000 1662.464000 1136.758400 1.000000
1784.496000 2880.576000 1662.592000 1987.168000 1.000000
1794.320000 2820.912000 1674.272000 1945.104000 1.000000
1737.120000 1681.152000 1681.296000 733.336000 1.000000
1744.016000 1686.528000 1688.224000 738.747200 1.000000
1748.816000 1727.440000 1692.576000 790.352000 1.000000
1752.800000 1721.552000 1695.168000 782.515200 1.000000
1752.816000 1703.616000 1697.248000 759.864000 1.000000
1820.304000 2662.336000 1702.528000 1824.496000 1.000000
1780.288000 2050.048000 1706.576000 1152.382400 1.000000
1748.896000 1484.782400 1712.752000 389.268800 1.000000
1793.648000 2186.960000 1713.088000 1276.227200 1.000000
1774.464000 1723.024000 1719.216000 786.011200 1.000000
1773.104000 1660.944000 1720.256000 711.419200 1.000000
1777.776000 1682.784000 1725.392000 738.515200 1.000000
1766.560000 1484.318400 1732.736000 391.520000 1.000000
1787.888000 1681.520000 1735.104000 738.774400 1.000000
1800.688000 1818.976000 1736.960000 966.752000 1.000000
1789.968000 1669.936000 1739.504000 725.798400 1.000000
1860.400000 2630.048000 1741.920000 1800.752000 1.000000
1776.432000 1484.308800 1744.208000 391.684800 1.000000
1868.864000 2635.424000 1750.416000 1805.104000 1.000000
1790.656000 1606.064000 1750.912000 554.078400 1.000000
1790.192000 1598.009600 1751.120000 544.052800 1.000000
1877.760000 2613.696000 1759.568000 1786.832000 1.000000
1792.896000 1499.131200 1762.624000 409.832000 1.000000
1799.808000 1580.014400 1762.800000 524.708800 1.000000
1904.880000 2938.992000 1762.864000 2041.600000 1.000000
1887.536000 2587.376000 1769.040000 1767.504000 1.000000
1825.680000 1728.592000 1774.640000 796.548800 1.000000
1785.904000 1228.252800 1774.752000 51.848800 1.000000
1830.096000 1718.528000 1779.648000 784.609600 1.000000
1819.584000 1574.246400 1784.432000 519.144000 1.000000
1921.424000 2809.280000 1787.664000 1938.736000 1.000000
1877.024000 2290.128000 1788.912000 1388.368000 1.000000
1837.968000 1701.840000 1789.136000 765.460800 1.000000
1820.944000 1473.622400 1794.624000 387.769600 1.000000
1869.904000 2086.544000 1795.552000 1188.257600 1.000000
1869.536000 2099.536000 1795.568000 1200.192000 1.000000
1883.920000 2277.936000 1795.856000 1375.268800 1.000000
1828.688000 1559.344000 1796.048000 506.350400 1.000000
1812.608000 1319.899200 1796.096000 190.875200 1.000000
1824.064000 1462.574400 1798.336000 374.796800 1.000000
1921.232000 2579.968000 1803.200000 1759.856000 1.000000
1894.160000 2294.528000 1804.224000 1393.417600 1.000000
1931.984000 2703.120000 1804.496000 1859.632000 1.000000
1820.736000 1330.822400 1804.688000 206.878400 1.000000
1831.616000 1402.966400 1811.888000 308.985600 1.000000
1932.656000 2528.304000 1816.416000 1715.792000 1.000000
1842.192000 1491.392000 1817.408000 410.268800 1.000000
1906.336000 2290.592000 1819.408000 1387.668800 1.000000
1897.712000 2109.344000 1822.928000 1209.006400 1.000000
1952.368000 2695.120000 1822.928000 1850.576000 1.000000
1899.056000 2053.552000 1826.352000 1161.884800 1.000000
1850.784000 1459.686400 1827.536000 373.192000 1.000000
1964.864000 2767.664000 1830.336000 1907.456000 1.000000
1858.240000 1484.510400 1835.856000 404.907200 1.000000
1984.368000 2819.952000 1843.360000 1946.592000 1.000000
1875.744000 1476.281600 1855.680000 399.692800 1.000000
1875.456000 1466.299200 1856.624000 385.232000 1.000000
1936.512000 2165.024000 1856.784000 1265.158400 1.000000
1879.616000 1502.337600 1857.680000 435.921600 1.000000
1998.112000 2746.096000 1860.896000 1892.544000 1.000000
1878.960000 1388.201600 1866.768000 295.326400 1.000000
2014.288000 2862.432000 1867.040000 1980.352000 1.000000
1881.392000 1427.097600 1868.144000 339.406400 1.000000
1886.288000 1459.740800 1868.240000 379.387200 1.000000
1950.096000 2087.088000 1875.008000 1194.691200 1.000000
1959.456000 2200.480000 1876.176000 1303.672000 1.000000
2018.768000 2757.776000 1878.688000 1901.536000 1.000000
1954.752000 2101.536000 1879.792000 1207.068800 1.000000
1892.960000 1394.921600 1883.920000 302.032000 1.000000
1905.296000 1483.948800 1888.272000 411.241600 1.000000
2032.848000 2770.464000 1890.208000 1913.504000 1.000000
1905.904000 1438.444800 1893.024000 353.654400 1.000000
1939.488000 1706.944000 1898.256000 774.497600 1.000000
1917.328000 1458.715200 1904.528000 379.564800 1.000000
1964.960000 1869.440000 1904.736000 1031.057600 1.000000
1911.824000 1384.011200 1905.696000 293.985600 1.000000
2042.368000 2664.176000 1905.712000 1833.856000 1.000000
2041.792000 2666.816000 1906.704000 1832.640000 1.000000
1989.248000 2182.976000 1907.264000 1287.417600 1.000000
1964.528000 1839.232000 1908.016000 1001.366400 1.000000
1968.640000 1859.536000 1909.584000 1021.224000 1.000000
1935.952000 1605.696000 1910.256000 576.931200 1.000000
1920.992000 1440.593600 1910.656000 358.712000 1.000000
1999.792000 2246.000000 1912.320000 1350.764800 1.000000
1921.680000 1408.560000 1914.416000 324.174400 1.000000
1995.200000 2155.696000 1914.848000 1261.036800 1.000000
1928.016000 1461.385600 1917.024000 386.316800 1.000000
1976.432000 1850.896000 1917.632000 1012.745600 1.000000
2004.896000 2223.808000 1919.856000 1329.148800 1.000000
1989.648000 2043.424000 1920.288000 1156.185600 1.000000
1994.320000 2070.336000 1921.968000 1179.979200 1.000000
2032.816000 2362.304000 1924.928000 1566.788800 1.000000
1985.344000 1866.640000 1926.544000 1030.168000 1.000000
1989.312000 1926.512000 1926.544000 1085.984000 1.000000
1929.696000 1379.489600 1927.328000 287.419200 1.000000
1991.600000 1911.024000 1929.008000 1071.705600 1.000000
2011.200000 2117.600000 1931.504000 1227.164800 1.000000
2021.744000 2240.416000 1933.760000 1346.441600 1.000000
1938.880000 1386.867200 1935.744000 303.297600 1.000000
2013.952000 2129.712000 1935.872000 1238.827200 1.000000
2026.336000 2255.280000 1936.592000 1361.065600 1.000000
2051.632000 2410.448000 1937.216000 1614.032000 1.000000
2011.168000 2062.768000 1939.616000 1174.270400 1.000000
2025.568000 2227.216000 1939.696000 1334.459200 1.000000
2079.184000 2651.088000 1943.056000 1818.848000 1.000000
2064.928000 2472.720000 1944.112000 1669.968000 1.000000
2056.848000 2357.664000 1945.696000 1562.268800 1.000000
2018.832000 2073.968000 1947.120000 1186.952000 1.000000
2021.520000 2086.928000 1947.344000 1198.760000 1.000000
2025.328000 2115.616000 1948.240000 1227.241600 1.000000
2108.416000 2852.320000 1951.040000 1976.784000 1.000000
2042.336000 2265.584000 1951.792000 1372.561600 1.000000
2094.240000 2671.184000 1953.296000 1837.040000 1.000000
1958.960000 1437.705600 1954.368000 361.566400 1.000000
2071.920000 2412.704000 1958.096000 1613.920000 1.000000
2071.920000 2377.008000 1958.224000 1581.667200 1.000000
2096.912000 2629.040000 1959.280000 1805.408000 1.000000
2074.528000 2386.848000 1960.960000 1592.257600 1.000000
2114.384000 2762.256000 1965.200000 1905.920000 1.000000
2001.392000 1694.272000 1966.128000 765.307200 1.000000
2041.328000 2100.976000 1966.368000 1213.937600 1.000000
2076.112000 2357.120000 1966.448000 1563.408000 1.000000
2058.864000 2272.560000 1967.264000 1380.816000 1.000000
2031.376000 1886.240000 1971.840000 1050.169600 1.000000
2116.464000 2698.464000 1972.560000 1855.680000 1.000000
2086.496000 2383.056000 1973.264000 1590.891200 1.000000
2008.256000 1684.816000 1974.112000 755.332800 1.000000
2083.648000 2353.696000 1974.208000 1561.960000 1.000000
2045.984000 2055.568000 1975.888000 1170.822400 1.000000
2088.688000 2364.176000 1977.376000 1569.705600 1.000000
2154.928000 2991.760000 1978.480000 2095.264000 1.000000
2115.280000 2604.112000 1979.056000 1783.456000 1.000000
2141.632000 2856.320000 1981.168000 1980.320000 1.000000
2053.312000 2061.984000 1982.192000 1177.332800 1.000000
2145.616000 2877.552000 1982.208000 1996.848000 1.000000
2020.272000 1710.592000 1982.384000 787.177600 1.000000
2112.784000 2488.544000 1986.800000 1685.600000 1.000000
2060.208000 2039.120000 1992.128000 1156.713600 1.000000
2075.824000 2171.440000 1993.568000 1283.451200 1.000000
2030.208000 1708.912000 1994.416000 786.211200 1.000000
2028.256000 1674.288000 1994.960000 744.598400 1.000000
2029.584000 1694.992000 1995.472000 769.752000 1.000000
2171.248000 2925.344000 1998.128000 2036.096000 1.000000
2174.544000 2949.856000 1999.680000 2057.536000 1.000000
2077.360000 2115.216000 2001.184000 1231.011200 1.000000
2088.992000 2155.488000 2008.208000 1269.116800 1.000000
2125.840000 2401.472000 2008.208000 1603.376000 1.000000
2154.976000 2682.992000 2008.464000 1847.600000 1.000000
2094.208000 2124.304000 2017.088000 1239.681600 1.000000
2163.856000 2642.912000 2019.520000 1816.256000 1.000000
2170.848000 2644.672000 2025.376000 1818.928000 1.000000
2203.040000 2952.352000 2025.440000 2060.848000 1.000000
2191.984000 2844.800000 2025.776000 1971.472000 1.000000
2076.688000 1830.752000 2025.808000 997.134400 1.000000
2179.296000 2684.480000 2029.488000 1849.312000 1.000000
2143.328000 2368.976000 2030.384000 1577.268800 1.000000
2188.064000 2714.512000 2035.040000 1871.088000 1.000000
2038.480000 1499.657600 2035.472000 451.667200 1.000000
2179.888000 2618.528000 2036.704000 1798.736000 1.000000
2166.640000 2486.608000 2039.328000 1682.608000 1.000000
2155.616000 2353.808000 2041.248000 1563.833600 1.000000
2178.640000 2544.192000 2043.392000 1733.872000 1.000000
2091.344000 1795.472000 2044.192000 958.126400 1.000000
2188.672000 2624.208000 2044.336000 1805.024000 1.000000
2104.784000 1929.968000 2044.768000 1094.209600 1.000000
2187.296000 2603.184000 2044.976000 1786.464000 1.000000
2202.912000 2779.024000 2045.840000 1923.536000 1.000000
2094.304000 1812.544000 2046.192000 977.222400 1.000000
2205.168000 2731.056000 2048.704000 1886.112000 1.000000
2036.176000 1379.628800 2050.032000 307.112000 1.000000
2205.120000 2658.784000 2056.240000 1830.368000 1.000000
2212.736000 2718.752000 2056.320000 1876.720000 1.000000
2172.848000 2385.088000 2057.136000 1590.683200 1.000000
2194.592000 2540.096000 2058.368000 1730.336000 1.000000
2120.208000 1914.896000 2060.704000 1082.193600 1.000000
2221.616000 2729.504000 2064.256000 1885.616000 1.000000
2208.560000 2581.424000 2064.736000 1770.176000 1.000000
2066.800000 1508.860800 2065.792000 470.611200 1.000000
2053.008000 1400.804800 2066.448000 329.969600 1.000000
2180.880000 2367.840000 2066.720000 1576.916800 1.000000
2050.768000 1375.028800 2067.072000 305.990400 1.000000
2054.592000 1392.753600 2067.904000 321.577600 1.000000
2186.032000 2380.976000 2068.624000 1588.070400 1.000000
2213.088000 2596.624000 2068.688000 1782.400000 1.000000
2189.632000 2401.152000 2069.088000 1607.232000 1.000000
2235.264000 2767.520000 2071.520000 1914.080000 1.000000
2250.224000 2901.584000 2072.256000 2019.440000 1.000000
2074.848000 1508.332800 2073.440000 472.118400 1.000000
2134.640000 1898.880000 2078.080000 1064.348800 1.000000
2062.256000 1275.950400 2083.872000 261.566400 1.000000
2051.328000 1225.382400 2084.928000 111.584800 1.000000
2241.952000 2680.112000 2086.608000 1850.080000 1.000000
2208.912000 2415.456000 2086.800000 1621.376000 1.000000
2244.544000 2704.720000 2088.032000 1864.976000 1.000000
2257.616000 2788.784000 2088.976000 1932.336000 1.000000
2206.752000 2365.392000 2091.120000 1576.923200 1.000000
2236.928000 2584.528000 2093.568000 1772.944000 1.000000
2238.896000 2570.592000 2096.528000 1759.664000 1.000000
2272.800000 2835.648000 2098.464000 1970.144000 1.000000
2264.368000 2731.952000 2100.896000 1889.840000 1.000000
2269.072000 2770.032000 2101.072000 1918.672000 1.000000
2256.144000 2653.984000 2101.888000 1828.512000 1.000000
2070.016000 1244.811200 2103.872000 139.685920 1.000000
2292.752000 2934.672000 2105.088000 2049.920000 1.000000
2229.072000 2396.480000 2107.008000 1605.072000 1.000000
2284.560000 2840.640000 2108.528000 1973.472000 1.000000
2250.704000 2551.680000 2108.736000 1743.504000 1.000000
2270.160000 2653.168000 2116.000000 1828.688000 1.000000
2207.616000 2222.320000 2119.392000 1316.238400 1.000000
2291.472000 2763.056000 2121.152000 1913.760000 1.000000
2272.416000 2607.328000 2123.328000 1791.488000 1.000000
2248.032000 2358.272000 2129.408000 1570.912000 1.000000
2092.304000 1203.960000 2134.352000 94.970240 1.000000
2220.416000 2195.024000 2134.976000 1291.518400 1.000000
2279.568000 2490.048000 2142.688000 1691.488000 1.000000
2227.376000 2179.632000 2143.024000 1281.492800 1.000000
2574.592000 1460.961600 2476.768000 1824.416000 1.000000
2593.680000 1481.844800 2490.544000 1858.064000 1.000000
2679.376000 1428.513600 2585.712000 1847.472000 1.000000
2708.992000 1310.496000 2587.984000 1393.593600 1.000000
2697.456000 1442.651200 2599.952000 1870.352000 1.000000
2671.264000 1315.468800 2601.280000 1702.096000 1.000000
2701.056000 1431.475200 2604.656000 1856.800000 1.000000
2688.560000 1365.641600 2608.048000 1772.720000 1.000000
2710.272000 1407.776000 2622.272000 1834.608000 1.000000
2763.520000 1408.347200 2675.744000 1849.872000 1.000000
2790.208000 1404.446400 2702.832000 1854.528000 1.000000
2479.904000 1669.984000 2722.240000 2047.840000 1.000000
3155.648000 1414.169600 3003.696000 1840.960000 1.000000
3340.032000 740.300800 3448.736000 1448.870400 1.000000
