123.124480 2697.600000 274.008000 1703.776000 1.000000
46.140000 947.824000 450.449600 43.442880 1.000000
60.834080 1181.659200 482.545600 306.425600 1.000000
40.293920 1464.382400 486.384000 602.572800 1.000000
74.000000 1090.625600 488.940800 208.225600 1.000000
45.905760 1526.508800 495.891200 663.750400 1.000000
49.576800 1591.536000 503.878400 731.619200 1.000000
67.534720 1381.465600 504.376000 519.206400 1.000000
59.671040 1482.734400 505.515200 622.147200 1.000000
94.126240 1089.955200 508.174400 208.854400 1.000000
60.138880 1528.169600 509.971200 670.425600 1.000000
75.201760 1375.508800 511.214400 513.156800 1.000000
80.823680 1406.512000 517.894400 547.811200 1.000000
76.015200 1569.019200 526.675200 710.347200 1.000000
38.267520 2069.616000 532.209600 1182.582400 1.000000
55.073280 2058.656000 544.342400 1173.798400 1.000000
95.526880 1556.577600 544.696000 700.859200 1.000000
116.612960 1475.115200 558.150400 619.684800 1.000000
107.024320 1604.848000 559.654400 748.620800 1.000000
27.330080 2684.672000 560.292800 1698.384000 1.000000
33.872640 2716.720000 567.448000 1723.664000 1.000000
91.245600 1984.384000 572.603200 1108.902400 1.000000
67.996640 2645.136000 592.350400 1670.768000 1.000000
68.678240 2705.696000 594.924800 1718.048000 1.000000
151.938400 1554.379200 598.182400 702.486400 1.000000
67.693280 2791.136000 598.339200 1784.288000 1.000000
93.083040 2405.664000 600.251200 1476.697600 1.000000
153.719360 1586.032000 601.388800 734.334400 1.000000
198.270400 971.939200 601.555200 77.927840 1.000000
162.286400 1667.280000 613.948800 813.846400 1.000000
172.929600 1574.657600 617.531200 723.985600 1.000000
159.850240 1996.912000 634.601600 1127.771200 1.000000
160.016000 2048.272000 639.747200 1174.662400 1.000000
128.948000 2726.368000 647.760000 1738.896000 1.000000
178.136000 1977.408000 649.908800 1110.560000 1.000000
253.113600 958.108800 654.686400 68.233440 1.000000
252.664000 972.616000 654.715200 82.087200 1.000000
140.680000 2708.112000 656.358400 1724.816000 1.000000
156.419840 2685.216000 668.947200 1708.320000 1.000000
277.356800 957.478400 676.086400 65.520320 1.000000
165.430400 2665.584000 676.161600 1692.480000 1.000000
184.150400 2356.192000 677.316800 1436.947200 1.000000
183.393600 2459.360000 681.342400 1527.038400 1.000000
193.828800 2317.632000 682.456000 1410.091200 1.000000
177.347200 2627.712000 685.684800 1665.232000 1.000000
170.579200 2896.768000 690.222400 1873.968000 1.000000
172.001600 2893.808000 691.233600 1872.192000 1.000000
194.678400 2474.848000 691.819200 1541.528000 1.000000
198.008000 2427.136000 694.600000 1502.696000 1.000000
175.913600 2899.632000 695.313600 1876.000000 1.000000
198.744000 2453.584000 695.552000 1525.360000 1.000000
185.809600 2703.264000 696.131200 1724.944000 1.000000
295.355200 1061.536000 699.942400 184.491200 1.000000
238.748800 1893.616000 700.481600 1037.419200 1.000000
231.176000 2089.104000 704.278400 1213.400000 1.000000
211.516800 2439.920000 704.806400 1513.923200 1.000000
214.235200 2453.824000 709.030400 1525.396800 1.000000
228.753600 2385.472000 718.270400 1471.289600 1.000000
244.988800 2149.824000 721.430400 1269.120000 1.000000
271.753600 1779.776000 723.329600 930.747200 1.000000
229.899200 2500.128000 725.136000 1564.142400 1.000000
257.872000 2157.216000 733.425600 1275.320000 1.000000
251.044800 2292.320000 734.017600 1395.667200 1.000000
312.521600 1402.512000 737.070400 557.174400 1.000000
250.091200 2390.272000 738.702400 1475.766400 1.000000
264.982400 2148.624000 739.137600 1270.092800 1.000000
261.068800 2357.616000 745.992000 1449.585600 1.000000
273.072000 2157.680000 746.465600 1279.060800 1.000000
341.104000 1100.555200 747.102400 229.152000 1.000000
259.913600 2401.664000 747.169600 1486.656000 1.000000
267.620800 2416.528000 753.987200 1500.464000 1.000000
274.848000 2363.360000 755.481600 1454.961600 1.000000
256.971200 2772.976000 756.947200 1785.456000 1.000000
252.072000 2903.728000 757.824000 1885.824000 1.000000
354.054400 1085.584000 757.995200 214.542400 1.000000
250.620800 2940.608000 758.832000 1912.336000 1.000000
269.270400 2524.608000 760.441600 1587.004800 1.000000
359.632000 1108.104000 765.984000 238.680000 1.000000
269.708800 2884.080000 772.840000 1870.592000 1.000000
270.782400 2933.504000 773.907200 1910.320000 1.000000
274.817600 2953.584000 777.868800 1923.904000 1.000000
285.993600 2784.224000 782.811200 1796.640000 1.000000
306.241600 2396.352000 787.036800 1485.288000 1.000000
296.920000 2761.936000 792.476800 1779.008000 1.000000
335.761600 2371.296000 814.131200 1466.145600 1.000000
327.024000 2830.544000 819.540800 1836.768000 1.000000
340.467200 2872.448000 831.579200 1868.464000 1.000000
362.636800 1042.177600 834.291200 110.265600 1.000000
359.806400 2866.768000 848.793600 1864.192000 1.000000
369.464000 2622.560000 851.299200 1674.976000 1.000000
398.668800 2293.184000 859.998400 1406.931200 1.000000
382.556800 2650.592000 862.201600 1696.640000 1.000000
378.497600 2876.752000 863.046400 1875.760000 1.000000
384.384000 2848.768000 866.657600 1854.016000 1.000000
463.372800 1173.236800 869.656000 318.950400 1.000000
421.243200 2029.504000 871.800000 1182.412800 1.000000
404.228800 2397.456000 871.963200 1494.368000 1.000000
396.016000 2650.272000 872.670400 1698.576000 1.000000
387.937600 2964.880000 874.048000 1940.912000 1.000000
394.251200 2827.120000 875.953600 1836.400000 1.000000
398.044800 2847.472000 878.948800 1853.376000 1.000000
409.744000 2453.344000 880.723200 1539.668800 1.000000
396.771200 2975.936000 881.172800 1949.056000 1.000000
416.828800 2387.120000 881.212800 1487.457600 1.000000
402.691200 2766.160000 881.521600 1793.840000 1.000000
410.187200 2602.272000 883.523200 1662.240000 1.000000
426.649600 2200.800000 884.369600 1329.460800 1.000000
426.516800 2186.032000 884.520000 1315.227200 1.000000
405.705600 2792.912000 884.808000 1811.600000 1.000000
428.329600 2158.736000 885.088000 1293.758400 1.000000
407.115200 2859.104000 886.745600 1862.048000 1.000000
435.166400 2206.784000 891.337600 1336.504000 1.000000
435.316800 2194.304000 891.481600 1322.880000 1.000000
430.707200 2295.456000 891.572800 1412.787200 1.000000
437.548800 2169.760000 892.017600 1302.579200 1.000000
413.390400 2841.008000 892.414400 1847.280000 1.000000
415.723200 2761.344000 892.843200 1789.424000 1.000000
413.796800 2925.024000 893.785600 1913.712000 1.000000
415.492800 2901.424000 895.000000 1896.832000 1.000000
419.076800 2847.376000 896.771200 1855.792000 1.000000
444.456000 2131.680000 896.814400 1270.707200 1.000000
438.801600 2284.640000 898.531200 1403.297600 1.000000
421.358400 2821.584000 899.024000 1833.584000 1.000000
443.628800 2272.416000 901.249600 1392.158400 1.000000
425.852800 2777.680000 903.545600 1798.512000 1.000000
441.608000 2361.744000 904.276800 1468.249600 1.000000
432.955200 2832.608000 908.864000 1845.248000 1.000000
438.548800 2705.552000 910.265600 1745.888000 1.000000
436.732800 2801.904000 912.220800 1821.024000 1.000000
509.451200 1300.865600 917.808000 460.020800 1.000000
523.017600 1146.723200 924.550400 296.142400 1.000000
456.019200 2720.592000 924.832000 1759.456000 1.000000
455.436800 2856.480000 925.137600 1866.416000 1.000000
457.292800 2925.136000 928.979200 1916.368000 1.000000
529.841600 1100.873600 930.380800 236.392000 1.000000
465.750400 2764.912000 935.976000 1793.024000 1.000000
528.563200 1298.020800 937.225600 458.072000 1.000000
470.120000 2946.128000 941.246400 1932.992000 1.000000
494.177600 2332.016000 947.918400 1448.112000 1.000000
527.956800 1596.579200 949.982400 774.054400 1.000000
545.798400 1282.364800 952.672000 442.422400 1.000000
549.868800 1241.150400 954.916800 399.870400 1.000000
497.048000 2725.760000 961.892800 1765.152000 1.000000
524.974400 2005.584000 963.878400 1162.347200 1.000000
513.891200 2351.728000 966.121600 1463.723200 1.000000
575.376000 1115.169600 977.931200 260.851200 1.000000
529.424000 2890.048000 991.252800 1895.776000 1.000000
536.870400 2794.080000 995.596800 1822.288000 1.000000
539.651200 2694.592000 996.971200 1742.736000 1.000000
539.396800 2810.016000 998.219200 1835.696000 1.000000
594.540800 1228.984000 999.280000 388.012800 1.000000
544.289600 2779.520000 1001.483200 1811.072000 1.000000
550.582400 2798.048000 1006.657600 1826.784000 1.000000
589.328000 1664.320000 1009.841600 845.201600 1.000000
617.145600 1020.128000 1014.211200 153.641120 1.000000
613.320000 1190.688000 1014.899200 348.441600 1.000000
600.812800 1685.424000 1021.200000 867.099200 1.000000
582.441600 2792.736000 1033.019200 1825.904000 1.000000
591.180800 2471.056000 1035.233600 1572.099200 1.000000
592.915200 2612.528000 1040.233600 1685.280000 1.000000
625.313600 2951.328000 1070.235200 1947.776000 1.000000
639.019200 2239.856000 1070.713600 1381.564800 1.000000
634.769600 2893.936000 1077.246400 1907.840000 1.000000
633.316800 2933.808000 1080.284800 1935.584000 1.000000
685.430400 932.705600 1081.470400 57.746560 1.000000
646.136000 2888.560000 1087.470400 1902.832000 1.000000
661.009600 2939.552000 1099.780800 1942.096000 1.000000
692.116800 1798.592000 1109.001600 984.116800 1.000000
682.180800 2899.856000 1118.248000 1913.088000 1.000000
722.350400 1824.288000 1135.697600 1009.811200 1.000000
723.217600 2170.128000 1143.686400 1325.756800 1.000000
716.280000 2869.664000 1147.307200 1895.024000 1.000000
748.246400 1456.692800 1151.284800 643.401600 1.000000
753.224000 1440.563200 1155.641600 625.760000 1.000000
738.337600 2956.432000 1164.110400 1960.128000 1.000000
742.028800 2868.704000 1167.595200 1895.872000 1.000000
748.438400 2602.784000 1172.278400 1690.736000 1.000000
766.084800 2613.744000 1187.678400 1702.384000 1.000000
814.630400 1409.960000 1214.102400 599.507200 1.000000
810.958400 2581.296000 1224.515200 1679.744000 1.000000
811.355200 2809.712000 1226.278400 1856.400000 1.000000
814.753600 2571.456000 1227.323200 1671.968000 1.000000
820.044800 2628.416000 1232.803200 1717.712000 1.000000
831.200000 1720.288000 1234.004800 917.499200 1.000000
836.787200 962.452800 1234.606400 101.192160 1.000000
829.472000 2660.896000 1240.835200 1742.976000 1.000000
843.123200 1114.854400 1241.846400 264.334400 1.000000
841.009600 2437.680000 1248.904000 1564.987200 1.000000
864.145600 1187.240000 1263.456000 366.084800 1.000000
876.304000 1031.648000 1274.310400 182.740800 1.000000
884.596800 1279.656000 1282.006400 464.705600 1.000000
888.100800 1147.755200 1285.734400 318.836800 1.000000
902.449600 917.273600 1301.646400 53.012160 1.000000
908.840000 3003.744000 1305.387200 2011.024000 1.000000
924.680000 2394.128000 1321.809600 1536.211200 1.000000
939.828800 1500.859200 1333.100800 704.195200 1.000000
941.310400 2777.680000 1334.977600 1844.448000 1.000000
947.624000 2898.544000 1341.488000 1935.824000 1.000000
940.270400 1026.902400 1342.908800 187.980800 1.000000
956.771200 1209.796800 1355.158400 390.643200 1.000000
956.836800 1051.627200 1356.595200 215.025600 1.000000
963.840000 2039.168000 1356.888000 1229.929600 1.000000
969.470400 2891.648000 1357.862400 1931.904000 1.000000
972.446400 2871.888000 1360.408000 1915.888000 1.000000
977.771200 2933.088000 1362.048000 1961.872000 1.000000
975.745600 2791.056000 1364.097600 1856.112000 1.000000
979.955200 2987.392000 1365.228800 2003.920000 1.000000
980.532800 2431.344000 1371.084800 1570.315200 1.000000
982.425600 1328.656000 1376.571200 522.425600 1.000000
998.369600 2909.968000 1378.721600 1948.656000 1.000000
993.064000 2427.696000 1380.480000 1567.977600 1.000000
999.000000 1283.700800 1394.852800 478.355200 1.000000
1016.908800 2996.288000 1395.793600 2015.968000 1.000000
1032.312000 2258.368000 1416.491200 1429.758400 1.000000
1036.396800 2566.352000 1416.796800 1685.072000 1.000000
1042.508800 2802.640000 1417.953600 1872.448000 1.000000
1052.569600 2744.336000 1428.188800 1827.984000 1.000000
1057.337600 2702.000000 1432.340800 1794.224000 1.000000
1039.830400 1454.803200 1432.417600 666.150400 1.000000
1051.699200 2267.152000 1434.238400 1435.462400 1.000000
1051.979200 1739.904000 1440.288000 956.752000 1.000000
1055.260800 1849.808000 1441.406400 1061.651200 1.000000
1059.835200 1761.632000 1446.691200 977.960000 1.000000
1057.955200 1448.096000 1449.731200 659.638400 1.000000
1075.651200 1804.720000 1460.633600 1020.774400 1.000000
1064.595200 1119.424000 1463.315200 300.444800 1.000000
1102.374400 2986.416000 1464.401600 2016.064000 1.000000
1082.142400 1778.640000 1466.148800 997.409600 1.000000
1098.468800 2797.888000 1468.537600 1871.984000 1.000000
1134.846400 2994.032000 1491.572800 2025.520000 1.000000
1129.540800 2823.760000 1491.590400 1894.352000 1.000000
1143.752000 2967.488000 1499.150400 2003.600000 1.000000
1150.801600 2986.960000 1504.905600 2019.696000 1.000000
1113.915200 1109.760000 1513.131200 291.078400 1.000000
1166.446400 2998.448000 1516.000000 2031.968000 1.000000
1171.267200 2985.840000 1523.280000 2021.136000 1.000000
1192.715200 2982.336000 1540.107200 2021.360000 1.000000
1188.696000 2779.632000 1542.504000 1866.336000 1.000000
1196.915200 2961.376000 1544.795200 2002.992000 1.000000
1199.876800 2753.728000 1550.920000 1850.624000 1.000000
1206.912000 2991.872000 1551.795200 2031.488000 1.000000
1165.121600 1171.766400 1563.806400 366.603200 1.000000
1181.236800 1440.995200 1570.502400 661.065600 1.000000
1207.732800 2246.288000 1570.988800 1434.257600 1.000000
1183.566400 1396.257600 1571.659200 615.604800 1.000000
1178.294400 1203.758400 1575.888000 403.230400 1.000000
1248.809600 2960.624000 1587.467200 2006.384000 1.000000
1224.611200 1933.472000 1596.332800 1155.480000 1.000000
1410.641600 2959.728000 1723.344000 2024.016000 1.000000
1423.646400 3005.344000 1730.864000 2062.400000 1.000000
1429.155200 2983.264000 1734.720000 2048.608000 1.000000
1440.811200 2955.488000 1747.488000 2023.280000 1.000000
1443.918400 2983.536000 1747.856000 2046.960000 1.000000
1435.891200 2850.384000 1748.896000 1941.088000 1.000000
1447.195200 2933.120000 1757.056000 2004.592000 1.000000
1449.540800 2882.448000 1759.248000 1967.136000 1.000000
1428.420800 1307.547200 1822.128000 533.777600 1.000000
1489.606400 2165.616000 1828.912000 1389.028800 1.000000
1476.766400 1845.456000 1835.472000 1092.995200 1.000000
1541.305600 2932.848000 1839.264000 2016.432000 1.000000
1528.323200 2562.448000 1842.192000 1728.000000 1.000000
1491.593600 1966.576000 1842.672000 1212.424000 1.000000
1460.441600 1331.366400 1853.600000 564.305600 1.000000
1514.870400 1964.544000 1863.536000 1210.336000 1.000000
1569.830400 2892.432000 1866.096000 1985.328000 1.000000
1486.032000 1472.769600 1869.216000 717.748800 1.000000
1495.739200 1482.107200 1877.904000 729.665600 1.000000
1578.700800 2639.392000 1880.752000 1795.376000 1.000000
1558.384000 2317.472000 1882.112000 1530.328000 1.000000
1561.768000 2377.408000 1883.808000 1579.051200 1.000000
1570.030400 2396.144000 1889.040000 1595.891200 1.000000
1548.475200 1903.712000 1900.864000 1155.320000 1.000000
1613.088000 2659.136000 1909.792000 1813.728000 1.000000
1563.910400 1975.360000 1910.656000 1225.736000 1.000000
1616.288000 2640.080000 1913.824000 1798.688000 1.000000
1602.272000 2321.568000 1921.968000 1535.291200 1.000000
1586.854400 1998.688000 1930.208000 1251.643200 1.000000
1549.028800 1465.609600 1932.272000 717.660800 1.000000
1702.016000 2741.520000 1981.680000 1883.904000 1.000000
1670.784000 2349.120000 1983.168000 1567.966400 1.000000
1601.456000 1372.379200 1992.320000 619.696000 1.000000
1575.192000 1043.643200 1997.376000 241.020800 1.000000
1672.992000 1891.376000 2019.040000 1159.100800 1.000000
1712.816000 2253.504000 2028.256000 1494.419200 1.000000
1768.096000 2824.560000 2037.104000 1948.256000 1.000000
1715.344000 2050.976000 2046.912000 1310.032000 1.000000
1735.472000 2151.520000 2056.192000 1400.908800 1.000000
1770.288000 2496.928000 2060.256000 1696.832000 1.000000
1682.960000 1362.739200 2077.344000 615.788800 1.000000
1785.904000 2164.176000 2102.656000 1417.134400 1.000000
1818.928000 2503.920000 2104.912000 1706.976000 1.000000
1868.784000 2860.384000 2117.840000 1985.952000 1.000000
1844.960000 2534.656000 2124.016000 1730.688000 1.000000
1837.648000 2382.800000 2130.592000 1608.480000 1.000000
1814.528000 2164.368000 2131.088000 1420.166400 1.000000
1718.128000 1188.259200 2132.256000 416.571200 1.000000
1813.536000 2101.440000 2133.504000 1362.691200 1.000000
1753.840000 1419.571200 2140.512000 683.644800 1.000000
1792.864000 1821.008000 2143.104000 1097.428800 1.000000
1795.328000 1841.248000 2143.344000 1116.547200 1.000000
1833.584000 2174.176000 2146.912000 1428.531200 1.000000
1834.592000 2187.952000 2146.912000 1440.902400 1.000000
1742.704000 1216.948800 2154.432000 456.619200 1.000000
1731.856000 1117.894400 2155.440000 341.548800 1.000000
1886.336000 2575.440000 2157.936000 1772.064000 1.000000
1753.568000 1229.044800 2162.704000 468.739200 1.000000
1743.344000 1157.505600 2162.768000 388.372800 1.000000
1813.504000 1785.584000 2163.952000 1064.772800 1.000000
1840.992000 2048.976000 2165.936000 1318.241600 1.000000
1848.656000 2108.720000 2166.352000 1372.100800 1.000000
1824.288000 1841.520000 2169.120000 1119.014400 1.000000
1828.544000 1825.136000 2175.248000 1104.132800 1.000000
1792.288000 1505.504000 2175.328000 776.236800 1.000000
1849.120000 2006.800000 2178.048000 1270.019200 1.000000
1864.704000 2121.744000 2178.160000 1387.214400 1.000000
1821.424000 1566.316800 2198.032000 844.137600 1.000000
1878.320000 2043.696000 2199.040000 1313.844800 1.000000
1858.560000 1856.400000 2201.072000 1135.812800 1.000000
1845.648000 1727.376000 2203.312000 1008.510400 1.000000
1948.352000 2798.576000 2204.176000 1946.400000 1.000000
1827.920000 1514.566400 2208.816000 788.294400 1.000000
1870.208000 1887.872000 2209.888000 1168.849600 1.000000
1859.136000 1779.488000 2210.960000 1059.990400 1.000000
1893.056000 2039.200000 2217.312000 1310.948800 1.000000
1844.928000 1525.004800 2225.184000 800.486400 1.000000
1844.352000 1461.576000 2233.744000 730.763200 1.000000
1821.072000 1205.622400 2239.360000 446.388800 1.000000
1858.864000 1473.102400 2245.696000 744.460800 1.000000
1865.392000 1445.340800 2256.208000 715.699200 1.000000
1824.448000 1096.334400 2257.904000 321.305600 1.000000
1867.584000 1418.200000 2262.272000 687.841600 1.000000
1929.824000 1845.760000 2273.696000 1141.740800 1.000000
1877.168000 1215.915200 2297.760000 463.635200 1.000000
1962.976000 1098.510400 2407.248000 332.654400 1.000000
1983.824000 868.948800 2463.440000 73.611040 1.000000
2457.200000 1680.992000 2795.872000 1925.696000 1.000000
2420.976000 1424.009600 2800.896000 1737.952000 1.000000
2492.384000 1728.752000 2817.120000 1961.632000 1.000000
2474.640000 1468.526400 2843.456000 1798.832000 1.000000
3853.040000 2587.040000 2872.704000 1833.024000 1.000000
2804.960000 1035.984000 3174.016000 1532.905600 1.000000
2834.656000 1052.060800 3185.968000 1542.833600 1.000000
2375.664000 193.443200 3867.600000 623.187200 1.000000
