507.854400 911.777600 78.511360 2820.432000 1.000000
494.116800 248.278400 133.861280 2238.976000 1.000000
617.145600 1020.128000 198.724800 2919.408000 1.000000
637.792000 939.139200 228.048000 2829.760000 1.000000
618.718400 291.416000 251.681600 2232.864000 1.000000
661.062400 358.449600 306.411200 2304.800000 1.000000
674.198400 335.344000 321.382400 2281.776000 1.000000
671.748800 29.320320 323.529600 1973.664000 1.000000
675.700800 11.705920 324.867200 1956.960000 1.000000
681.500800 373.771200 327.606400 2318.416000 1.000000
683.673600 406.825600 329.563200 2347.008000 1.000000
763.126400 964.256000 377.550400 2814.848000 1.000000
779.680000 576.857600 422.873600 2505.904000 1.000000
781.788800 283.489600 433.785600 2082.608000 1.000000
836.787200 962.452800 463.513600 2794.016000 1.000000
847.480000 876.641600 480.576000 2699.888000 1.000000
859.104000 881.265600 492.547200 2701.072000 1.000000
862.390400 978.825600 493.529600 2812.176000 1.000000
620.600000 838.966400 497.230400 2681.056000 1.000000
870.481600 927.179200 505.145600 2748.640000 1.000000
902.449600 917.273600 542.571200 2729.968000 1.000000
922.624000 987.545600 566.897600 2806.272000 1.000000
940.270400 1026.902400 590.838400 2844.480000 1.000000
950.177600 961.643200 598.412800 2765.696000 1.000000
966.803200 1019.556800 617.393600 2830.192000 1.000000
1105.280000 376.052800 775.619200 2104.448000 1.000000
1151.217600 368.494400 824.950400 2090.416000 1.000000
1209.441600 921.052800 901.616000 2658.368000 1.000000
1204.224000 1117.052800 902.126400 2885.792000 1.000000
1211.892800 1010.507200 908.262400 2751.968000 1.000000
1219.478400 887.555200 911.401600 2618.416000 1.000000
1240.664000 1011.332800 940.043200 2748.768000 1.000000
1269.262400 1113.964800 979.112000 2860.816000 1.000000
1268.073600 1159.145600 980.347200 2915.312000 1.000000
1343.243200 1055.796800 1062.750400 2774.512000 1.000000
1421.091200 660.758400 1129.945600 2440.096000 1.000000
1462.523200 670.353600 1175.886400 2439.856000 1.000000
1470.822400 690.772800 1188.849600 2458.704000 1.000000
1468.550400 1007.806400 1205.648000 2684.128000 1.000000
1526.068800 1087.912000 1280.777600 2760.464000 1.000000
1548.033600 990.747200 1293.608000 2638.864000 1.000000
1555.584000 1027.374400 1306.198400 2682.688000 1.000000
1559.454400 971.182400 1306.715200 2620.016000 1.000000
1841.408000 385.456000 1310.654400 2035.328000 1.000000
1574.396800 993.616000 1325.115200 2640.384000 1.000000
1575.192000 1043.643200 1333.126400 2695.376000 1.000000
1592.713600 1025.966400 1349.977600 2672.336000 1.000000
1611.584000 993.756800 1366.172800 2629.504000 1.000000
1612.208000 1044.939200 1374.576000 2688.192000 1.000000
1827.056000 132.155680 1477.262400 1815.536000 1.000000
1760.032000 712.862400 1496.302400 2412.848000 1.000000
1889.024000 112.420960 1529.536000 1790.496000 1.000000
1740.016000 1132.945600 1534.008000 2752.112000 1.000000
1743.344000 1157.505600 1542.680000 2783.344000 1.000000
1763.296000 1205.316800 1571.324800 2837.344000 1.000000
1775.712000 1219.180800 1592.532800 2845.632000 1.000000
1824.720000 990.097600 1606.048000 2574.144000 1.000000
1862.656000 1033.782400 1653.744000 2609.632000 1.000000
1855.136000 1141.392000 1668.944000 2733.520000 1.000000
1981.296000 586.769600 1693.696000 2116.336000 1.000000
1877.168000 1215.915200 1708.368000 2823.216000 1.000000
1883.120000 1247.923200 1721.968000 2854.848000 1.000000
2171.168000 1580.846400 1985.312000 1539.924800 1.000000
2386.576000 1468.724800 2166.720000 1269.825600 1.000000
2427.568000 1536.208000 2231.392000 1317.657600 1.000000
2462.400000 1611.856000 2296.848000 1384.441600 1.000000
2746.912000 1021.011200 2300.512000 755.396800 1.000000
2473.264000 1599.916800 2303.472000 1367.198400 1.000000
2492.432000 1615.376000 2330.960000 1373.904000 1.000000
2507.696000 1688.688000 2374.176000 1451.396800 1.000000
2330.032000 1174.284800 2622.384000 1060.377600 1.000000
3176.560000 740.233600 3221.392000 470.360000 1.000000
