16.421440 753.464000 13.594192 315.227200 1.000000
37.479200 837.328000 427.681600 429.516800 1.000000
43.881280 784.472000 429.150400 373.636800 1.000000
33.306080 945.609600 432.651200 543.817600 1.000000
35.397600 937.033600 433.329600 533.528000 1.000000
34.219680 960.676800 434.780800 557.289600 1.000000
35.530400 1013.550400 440.563200 610.900800 1.000000
25.587200 1141.758400 443.475200 740.209600 1.000000
46.140000 947.824000 445.609600 543.814400 1.000000
58.347200 879.115200 450.524800 473.379200 1.000000
72.199680 794.592000 457.420800 382.569600 1.000000
78.341280 845.398400 465.248000 438.376000 1.000000
72.238400 914.699200 466.449600 508.638400 1.000000
60.834080 1181.659200 480.137600 780.860800 1.000000
33.204640 1527.056000 483.608000 1116.326400 1.000000
37.556000 1538.950400 489.046400 1128.268800 1.000000
69.977120 1200.500800 489.752000 800.593600 1.000000
102.386720 906.182400 494.140800 500.382400 1.000000
45.905760 1526.508800 495.608000 1115.873600 1.000000
94.126240 1089.955200 502.912000 692.076800 1.000000
54.244640 1561.310400 505.936000 1148.076800 1.000000
60.138880 1528.169600 508.395200 1119.115200 1.000000
119.707200 889.195200 509.360000 483.430400 1.000000
71.034720 1419.011200 509.929600 1013.131200 1.000000
74.263200 1391.040000 509.961600 986.129600 1.000000
42.408320 1750.768000 511.702400 1326.320000 1.000000
123.117120 908.547200 513.075200 503.097600 1.000000
61.096800 1573.537600 513.492800 1161.827200 1.000000
128.116640 895.270400 517.788800 488.921600 1.000000
54.383520 1741.824000 521.036800 1318.670400 1.000000
137.765440 900.456000 526.532800 492.313600 1.000000
76.015200 1569.019200 527.780800 1156.948800 1.000000
142.076960 880.924800 528.652800 473.176000 1.000000
144.512800 855.128000 528.793600 446.508800 1.000000
114.454240 1251.168000 535.587200 849.718400 1.000000
55.073280 2058.656000 542.912000 1607.792000 1.000000
95.526880 1556.577600 545.019200 1145.670400 1.000000
132.000800 1224.803200 548.924800 822.598400 1.000000
132.500960 1210.568000 548.977600 808.596800 1.000000
105.831840 1581.276800 555.078400 1168.838400 1.000000
107.024320 1604.848000 558.211200 1190.355200 1.000000
27.330080 2684.672000 560.260800 2152.016000 1.000000
81.899200 2026.688000 566.912000 1579.465600 1.000000
154.360800 1276.492800 574.628800 874.200000 1.000000
42.412960 2775.856000 576.899200 2227.696000 1.000000
160.092800 1266.708800 578.507200 862.902400 1.000000
195.148800 876.696000 578.673600 467.764800 1.000000
52.165760 2733.856000 582.390400 2192.048000 1.000000
132.655360 1605.104000 582.481600 1190.041600 1.000000
104.968320 2001.200000 585.376000 1557.592000 1.000000
198.270400 971.939200 590.184000 567.059200 1.000000
151.938400 1554.379200 595.172800 1144.608000 1.000000
213.420800 866.721600 595.651200 458.081600 1.000000
68.678240 2705.696000 596.654400 2169.664000 1.000000
95.009760 2358.928000 601.568000 1872.608000 1.000000
182.251200 1286.124800 602.073600 883.798400 1.000000
213.932800 976.254400 605.219200 569.542400 1.000000
239.084800 799.387200 613.457600 385.171200 1.000000
207.760000 1333.593600 628.688000 930.278400 1.000000
190.784000 1540.971200 629.281600 1131.158400 1.000000
244.592000 966.686400 632.459200 560.094400 1.000000
152.071840 2057.152000 632.902400 1608.912000 1.000000
159.850240 1996.912000 633.828800 1554.873600 1.000000
164.654400 2008.656000 640.667200 1564.566400 1.000000
124.380000 2660.080000 640.961600 2133.008000 1.000000
254.158400 1001.937600 644.208000 595.931200 1.000000
123.124480 2697.600000 644.764800 2163.680000 1.000000
128.948000 2726.368000 649.787200 2188.720000 1.000000
178.136000 1977.408000 651.000000 1536.022400 1.000000
154.159840 2343.344000 652.731200 1858.848000 1.000000
179.067200 2001.792000 654.124800 1557.948800 1.000000
269.344000 1012.616000 659.601600 606.046400 1.000000
242.518400 1316.787200 660.041600 914.811200 1.000000
269.940800 1038.124800 661.979200 634.910400 1.000000
244.550400 1354.609600 663.563200 949.620800 1.000000
157.038400 2564.464000 664.892800 2053.296000 1.000000
263.033600 1155.473600 665.348800 751.688000 1.000000
198.556800 1985.312000 668.649600 1542.857600 1.000000
221.302400 1711.312000 670.276800 1294.099200 1.000000
156.419840 2685.216000 672.560000 2153.136000 1.000000
302.308800 814.614400 675.049600 400.227200 1.000000
231.248000 1714.608000 679.401600 1294.812800 1.000000
310.668800 811.619200 682.729600 397.209600 1.000000
193.828800 2317.632000 684.329600 1838.608000 1.000000
177.347200 2627.712000 688.942400 2102.736000 1.000000
166.700800 2857.136000 689.912000 2297.840000 1.000000
264.027200 1491.920000 692.363200 1084.140800 1.000000
240.992000 1850.256000 698.726400 1420.276800 1.000000
238.748800 1893.616000 700.328000 1459.216000 1.000000
279.395200 1450.982400 704.270400 1046.240000 1.000000
211.516800 2439.920000 708.072000 1944.128000 1.000000
259.201600 1761.952000 708.704000 1341.728000 1.000000
214.235200 2453.824000 711.259200 1955.520000 1.000000
287.065600 1459.056000 711.852800 1052.232000 1.000000
228.753600 2385.472000 720.012800 1897.296000 1.000000
208.536000 2733.232000 720.673600 2187.776000 1.000000
216.520000 2648.336000 722.681600 2123.664000 1.000000
329.603200 1101.020800 722.963200 694.748800 1.000000
300.790400 1457.289600 723.881600 1050.100800 1.000000
337.630400 1052.249600 726.505600 647.848000 1.000000
229.899200 2500.128000 727.523200 1996.848000 1.000000
343.545600 1076.278400 733.150400 672.233600 1.000000
341.104000 1100.555200 733.211200 695.537600 1.000000
257.872000 2157.216000 733.219200 1695.552000 1.000000
237.163200 2527.312000 734.921600 2020.736000 1.000000
237.691200 2584.848000 735.675200 2069.808000 1.000000
251.044800 2292.320000 736.185600 1816.480000 1.000000
348.688000 1056.068800 736.278400 650.540800 1.000000
250.091200 2390.272000 739.315200 1902.800000 1.000000
251.742400 2368.416000 739.377600 1882.768000 1.000000
354.054400 1085.584000 744.587200 681.486400 1.000000
261.328000 2320.624000 745.640000 1843.024000 1.000000
273.072000 2157.680000 746.590400 1697.040000 1.000000
250.900800 2530.688000 747.332800 2021.120000 1.000000
261.068800 2357.616000 747.934400 1872.384000 1.000000
362.636800 1042.177600 749.182400 636.808000 1.000000
263.700800 2379.344000 750.659200 1891.616000 1.000000
368.915200 1048.476800 755.571200 641.769600 1.000000
387.507200 817.806400 756.289600 402.198400 1.000000
309.291200 1834.112000 757.699200 1406.329600 1.000000
274.848000 2363.360000 758.537600 1878.464000 1.000000
269.270400 2524.608000 764.371200 2016.928000 1.000000
293.209600 2191.424000 765.680000 1728.208000 1.000000
322.187200 1819.904000 768.857600 1394.544000 1.000000
385.926400 1095.233600 774.324800 692.836800 1.000000
410.286400 824.337600 776.904000 409.411200 1.000000
294.683200 2349.888000 777.656000 1866.944000 1.000000
269.708800 2884.080000 779.265600 2321.088000 1.000000
271.795200 2769.280000 779.790400 2225.616000 1.000000
311.536000 2193.440000 783.276800 1728.384000 1.000000
274.817600 2953.584000 785.996800 2379.152000 1.000000
340.403200 1837.296000 786.008000 1410.905600 1.000000
306.241600 2396.352000 790.233600 1908.128000 1.000000
407.742400 1129.620800 797.406400 723.710400 1.000000
428.552000 984.961600 805.681600 579.470400 1.000000
453.332800 826.249600 819.292800 409.747200 1.000000
327.024000 2830.544000 828.104000 2278.896000 1.000000
397.406400 1751.392000 832.182400 1329.694400 1.000000
464.041600 934.670400 836.352000 525.537600 1.000000
340.467200 2872.448000 840.518400 2312.480000 1.000000
373.612800 2236.544000 841.596800 1770.560000 1.000000
480.742400 867.438400 847.220800 455.707200 1.000000
473.971200 1026.540800 851.662400 619.500800 1.000000
481.923200 941.323200 854.054400 532.473600 1.000000
369.464000 2622.560000 857.564800 2103.216000 1.000000
476.097600 1182.336000 864.449600 778.096000 1.000000
502.198400 875.624000 868.414400 461.500800 1.000000
421.243200 2029.504000 872.009600 1589.203200 1.000000
378.497600 2876.752000 872.251200 2318.688000 1.000000
404.228800 2397.456000 874.128000 1910.912000 1.000000
509.385600 877.724800 875.116800 464.438400 1.000000
384.384000 2848.768000 876.868800 2294.288000 1.000000
403.356800 2463.728000 877.758400 1966.848000 1.000000
396.689600 2635.344000 879.032000 2112.096000 1.000000
387.051200 2844.560000 879.846400 2288.784000 1.000000
519.200000 830.814400 882.555200 413.731200 1.000000
421.691200 2271.712000 885.030400 1799.840000 1.000000
394.251200 2827.120000 885.224000 2274.272000 1.000000
428.329600 2158.736000 886.176000 1701.344000 1.000000
410.958400 2472.368000 886.552000 1973.104000 1.000000
419.561600 2369.056000 887.236800 1884.928000 1.000000
399.326400 2753.056000 889.056000 2214.992000 1.000000
411.137600 2581.664000 890.347200 2069.168000 1.000000
405.705600 2792.912000 890.425600 2244.240000 1.000000
408.499200 2625.408000 890.680000 2106.608000 1.000000
410.187200 2602.272000 891.097600 2084.976000 1.000000
402.691200 2766.160000 891.652800 2223.024000 1.000000
402.448000 2829.184000 891.652800 2278.352000 1.000000
437.548800 2169.760000 892.467200 1711.360000 1.000000
438.153600 2148.880000 892.691200 1693.072000 1.000000
435.316800 2194.304000 892.940800 1733.232000 1.000000
430.707200 2295.456000 893.665600 1823.264000 1.000000
396.771200 2975.936000 893.964800 2399.216000 1.000000
486.489600 1533.377600 897.284800 1122.972800 1.000000
528.339200 946.870400 897.608000 536.088000 1.000000
407.115200 2859.104000 898.078400 2302.816000 1.000000
507.094400 1290.040000 900.537600 885.904000 1.000000
438.801600 2284.640000 901.723200 1813.104000 1.000000
413.390400 2841.008000 902.598400 2286.512000 1.000000
509.451200 1300.865600 902.772800 895.880000 1.000000
541.584000 850.918400 906.820800 436.452800 1.000000
538.043200 946.401600 906.974400 535.089600 1.000000
413.518400 2947.376000 907.841600 2377.152000 1.000000
419.076800 2847.376000 908.390400 2293.392000 1.000000
544.248000 907.435200 909.432000 493.470400 1.000000
421.358400 2821.584000 910.252800 2269.408000 1.000000
466.680000 2024.528000 911.244800 1582.380800 1.000000
425.852800 2777.680000 911.553600 2233.056000 1.000000
428.595200 2722.976000 912.172800 2187.760000 1.000000
435.025600 2790.400000 920.371200 2244.992000 1.000000
432.955200 2832.608000 921.252800 2281.744000 1.000000
456.019200 2720.592000 934.779200 2186.448000 1.000000
545.798400 1282.364800 935.600000 877.433600 1.000000
455.436800 2856.480000 939.203200 2301.696000 1.000000
450.814400 2946.880000 940.579200 2376.448000 1.000000
457.292800 2925.136000 943.236800 2358.448000 1.000000
542.100800 1598.651200 953.360000 1186.067200 1.000000
575.376000 1115.169600 953.664000 708.900800 1.000000
470.120000 2946.128000 954.817600 2375.888000 1.000000
605.038400 837.275200 963.494400 420.086400 1.000000
513.891200 2351.728000 970.113600 1871.600000 1.000000
497.048000 2725.760000 972.678400 2191.808000 1.000000
620.600000 838.966400 980.100800 421.286400 1.000000
509.057600 2761.520000 983.456000 2222.000000 1.000000
617.145600 1020.128000 985.819200 610.870400 1.000000
622.553600 1017.649600 990.440000 609.084800 1.000000
610.963200 1226.134400 992.057600 821.353600 1.000000
616.036800 1238.662400 998.179200 831.116800 1.000000
532.022400 2775.152000 1003.659200 2234.384000 1.000000
529.424000 2890.048000 1006.099200 2330.048000 1.000000
600.812800 1685.424000 1011.048000 1270.713600 1.000000
544.289600 2779.520000 1014.768000 2235.296000 1.000000
550.582400 2798.048000 1021.724800 2253.840000 1.000000
710.822400 511.838400 1041.014400 48.450880 1.000000
587.364800 2648.208000 1047.766400 2128.080000 1.000000
685.576000 985.064000 1049.985600 573.059200 1.000000
583.392000 2817.152000 1050.347200 2269.376000 1.000000
592.915200 2612.528000 1053.820800 2095.728000 1.000000
669.528000 1379.091200 1055.910400 974.948800 1.000000
705.814400 848.417600 1063.062400 427.883200 1.000000
602.206400 2792.992000 1065.348800 2249.504000 1.000000
639.019200 2239.856000 1074.772800 1773.392000 1.000000
727.118400 851.100800 1079.945600 430.692800 1.000000
760.398400 541.019200 1086.273600 65.324960 1.000000
625.313600 2951.328000 1086.622400 2383.312000 1.000000
631.268800 2886.320000 1094.956800 2329.984000 1.000000
634.769600 2893.936000 1096.753600 2337.712000 1.000000
655.177600 2511.808000 1103.417600 2012.256000 1.000000
659.448000 2531.120000 1105.784000 2028.544000 1.000000
665.984000 2525.808000 1110.478400 2024.432000 1.000000
764.816000 930.068800 1120.268800 516.862400 1.000000
795.372800 585.870400 1123.592000 112.860320 1.000000
720.958400 1786.976000 1124.638400 1366.395200 1.000000
682.881600 2510.176000 1125.974400 2011.568000 1.000000
746.913600 1430.216000 1129.900800 1023.936000 1.000000
744.544000 1484.836800 1129.929600 1079.417600 1.000000
821.705600 576.760000 1144.979200 99.196000 1.000000
692.889600 2940.848000 1147.035200 2374.800000 1.000000
767.358400 1436.129600 1148.336000 1029.526400 1.000000
809.134400 856.323200 1157.577600 435.734400 1.000000
721.233600 2583.744000 1161.838400 2075.360000 1.000000
732.044800 2517.840000 1166.304000 2020.816000 1.000000
713.601600 2883.136000 1166.548800 2326.832000 1.000000
831.596800 858.865600 1181.628800 438.110400 1.000000
806.579200 1380.598400 1182.347200 975.904000 1.000000
812.736000 1281.408000 1184.332800 886.312000 1.000000
814.630400 1409.960000 1190.568000 1003.796800 1.000000
836.787200 962.452800 1191.681600 549.828800 1.000000
754.121600 2620.224000 1193.176000 2110.384000 1.000000
847.545600 860.361600 1195.678400 438.908800 1.000000
760.019200 2586.304000 1196.246400 2079.056000 1.000000
766.084800 2613.744000 1202.000000 2103.072000 1.000000
843.123200 1114.854400 1203.019200 709.542400 1.000000
859.104000 881.265600 1207.435200 459.204800 1.000000
773.348800 2808.320000 1215.075200 2266.880000 1.000000
781.582400 2624.384000 1215.648000 2111.136000 1.000000
862.390400 978.825600 1216.476800 567.280000 1.000000
865.400000 1215.875200 1229.235200 811.281600 1.000000
876.304000 1031.648000 1232.504000 620.886400 1.000000
877.985600 1150.350400 1239.504000 745.238400 1.000000
814.328000 2651.728000 1245.737600 2135.712000 1.000000
882.076800 1260.646400 1246.011200 853.920000 1.000000
888.100800 1147.755200 1248.251200 741.619200 1.000000
811.355200 2809.712000 1248.337600 2267.840000 1.000000
819.440000 2639.456000 1250.174400 2125.552000 1.000000
882.059200 1322.214400 1250.684800 917.169600 1.000000
820.044800 2628.416000 1251.216000 2116.992000 1.000000
818.672000 2762.544000 1251.392000 2230.192000 1.000000
822.377600 2950.320000 1259.196800 2385.456000 1.000000
827.473600 2771.872000 1259.664000 2237.504000 1.000000
864.808000 1924.736000 1260.236800 1496.467200 1.000000
841.009600 2437.680000 1261.273600 1953.008000 1.000000
876.548800 2034.240000 1275.574400 1595.592000 1.000000
926.865600 946.286400 1276.441600 528.844800 1.000000
921.052800 1304.961600 1286.603200 898.720000 1.000000
873.828800 2377.248000 1286.910400 1902.064000 1.000000
923.777600 1263.760000 1287.048000 857.305600 1.000000
876.980800 2333.536000 1287.862400 1864.176000 1.000000
940.270400 1026.902400 1294.625600 615.712000 1.000000
950.177600 961.643200 1300.672000 544.267200 1.000000
941.206400 1268.062400 1303.254400 862.510400 1.000000
935.856000 1464.974400 1306.508800 1060.203200 1.000000
956.891200 992.990400 1306.931200 578.249600 1.000000
956.836800 1051.627200 1310.161600 639.865600 1.000000
937.468800 1532.995200 1310.272000 1123.297600 1.000000
886.651200 2727.744000 1310.889600 2199.504000 1.000000
939.828800 1500.859200 1311.428800 1094.305600 1.000000
967.291200 873.547200 1311.987200 450.966400 1.000000
956.771200 1209.796800 1315.188800 805.406400 1.000000
927.584000 2001.456000 1319.473600 1567.176000 1.000000
969.592000 986.092800 1319.680000 573.476800 1.000000
931.387200 1962.576000 1322.032000 1531.852800 1.000000
916.684800 2322.720000 1322.227200 1855.216000 1.000000
908.051200 2734.464000 1329.684800 2206.672000 1.000000
985.747200 961.195200 1334.387200 546.249600 1.000000
914.459200 2701.040000 1335.214400 2176.864000 1.000000
908.840000 3003.744000 1336.777600 2431.904000 1.000000
932.204800 2327.552000 1337.036800 1859.680000 1.000000
982.425600 1328.656000 1342.256000 917.995200 1.000000
985.230400 1273.401600 1345.152000 866.537600 1.000000
922.649600 3005.472000 1349.276800 2433.344000 1.000000
963.840000 2039.168000 1355.115200 1603.088000 1.000000
995.464000 1363.339200 1357.473600 958.784000 1.000000
941.310400 2777.680000 1360.104000 2244.256000 1.000000
944.558400 2872.208000 1362.748800 2315.408000 1.000000
975.656000 2032.032000 1363.817600 1597.499200 1.000000
984.937600 1958.384000 1369.580800 1528.430400 1.000000
1014.784000 1292.713600 1374.380800 886.972800 1.000000
952.660800 3000.256000 1374.553600 2429.344000 1.000000
1050.025600 746.980800 1374.601600 275.105600 1.000000
1006.176000 1577.486400 1376.526400 1167.212800 1.000000
979.304000 2295.552000 1376.676800 1833.088000 1.000000
1017.926400 1310.502400 1377.916800 908.296000 1.000000
962.576000 2793.056000 1378.153600 2256.912000 1.000000
974.940800 2433.984000 1378.464000 1952.992000 1.000000
970.744000 2809.216000 1386.017600 2270.432000 1.000000
969.470400 2891.648000 1387.217600 2340.192000 1.000000
975.745600 2791.056000 1389.060800 2255.152000 1.000000
1026.990400 1382.931200 1389.148800 978.448000 1.000000
972.446400 2871.888000 1389.360000 2324.320000 1.000000
993.064000 2427.696000 1394.433600 1948.464000 1.000000
985.137600 2804.256000 1399.467200 2266.304000 1.000000
985.606400 2978.784000 1404.393600 2412.784000 1.000000
985.659200 3009.776000 1404.508800 2439.280000 1.000000
1002.110400 2600.016000 1408.443200 2095.376000 1.000000
990.974400 3003.120000 1408.897600 2433.664000 1.000000
997.680000 2812.064000 1409.145600 2274.128000 1.000000
998.931200 2986.528000 1413.123200 2419.008000 1.000000
998.729600 2998.576000 1414.332800 2428.864000 1.000000
1061.928000 1194.688000 1414.915200 786.520000 1.000000
1064.595200 1119.424000 1415.369600 711.076800 1.000000
1032.312000 2258.368000 1423.190400 1800.448000 1.000000
1051.979200 1739.904000 1423.816000 1325.753600 1.000000
1019.934400 2846.784000 1428.601600 2303.712000 1.000000
1055.260800 1849.808000 1431.291200 1428.336000 1.000000
1059.835200 1761.632000 1431.980800 1346.726400 1.000000
1016.908800 2996.288000 1432.233600 2429.216000 1.000000
1026.556800 2861.216000 1434.929600 2317.824000 1.000000
1036.396800 2566.352000 1435.579200 2069.984000 1.000000
1065.334400 1866.768000 1439.404800 1445.104000 1.000000
1042.764800 2509.376000 1439.748800 2019.088000 1.000000
1051.699200 2267.152000 1440.089600 1807.888000 1.000000
1075.651200 1804.720000 1448.220800 1386.284800 1.000000
1082.142400 1778.640000 1451.163200 1362.784000 1.000000
1046.894400 2780.256000 1451.640000 2248.096000 1.000000
1069.116800 2149.920000 1452.849600 1703.968000 1.000000
1052.569600 2744.336000 1455.910400 2218.944000 1.000000
1052.164800 2828.512000 1456.004800 2291.744000 1.000000
1118.641600 888.646400 1461.080000 463.107200 1.000000
1061.499200 2871.152000 1466.116800 2326.192000 1.000000
1107.809600 1442.363200 1466.158400 1037.366400 1.000000
1134.712000 889.081600 1475.827200 464.696000 1.000000
1125.713600 1467.920000 1484.288000 1060.780800 1.000000
1087.344000 2892.448000 1490.596800 2345.904000 1.000000
1096.129600 2866.144000 1497.417600 2320.736000 1.000000
1098.468800 2797.888000 1497.963200 2265.056000 1.000000
1102.374400 2986.416000 1502.590400 2423.472000 1.000000
1157.483200 1095.376000 1503.507200 685.710400 1.000000
1178.201600 1081.036800 1523.968000 666.809600 1.000000
1129.540800 2823.760000 1526.064000 2285.488000 1.000000
1178.294400 1203.758400 1527.894400 797.624000 1.000000
1147.996800 2483.056000 1532.891200 1998.848000 1.000000
1159.892800 2202.736000 1534.672000 1753.744000 1.000000
1143.752000 2967.488000 1537.019200 2408.368000 1.000000
1202.035200 1162.881600 1548.795200 755.304000 1.000000
1189.987200 1754.512000 1552.152000 1340.387200 1.000000
1211.892800 1010.507200 1555.174400 591.249600 1.000000
1171.267200 2985.840000 1566.016000 2424.224000 1.000000
1223.472000 1061.585600 1567.387200 646.536000 1.000000
1188.696000 2779.632000 1575.142400 2252.432000 1.000000
1238.280000 1034.646400 1580.744000 619.379200 1.000000
1235.440000 1238.060800 1582.123200 827.136000 1.000000
1242.790400 1091.227200 1587.190400 678.324800 1.000000
1244.268800 1263.545600 1591.564800 857.649600 1.000000
1208.648000 2981.040000 1597.686400 2421.616000 1.000000
1270.470400 957.283200 1611.488000 534.673600 1.000000
1293.036800 2745.536000 1667.744000 2229.984000 1.000000
1292.348800 2980.368000 1669.088000 2424.688000 1.000000
1336.910400 911.243200 1676.960000 485.312000 1.000000
1306.540800 2736.640000 1677.488000 2220.256000 1.000000
1338.545600 1702.800000 1690.768000 1293.344000 1.000000
1331.800000 2911.136000 1702.384000 2363.632000 1.000000
1348.163200 1956.640000 1702.848000 1531.857600 1.000000
1352.539200 1696.672000 1702.912000 1287.414400 1.000000
1335.358400 2755.936000 1704.928000 2237.632000 1.000000
1349.024000 2426.720000 1709.392000 1955.888000 1.000000
1358.667200 2407.424000 1720.784000 1940.752000 1.000000
1392.532800 805.883200 1720.848000 326.228800 1.000000
1401.832000 817.870400 1724.960000 348.633600 1.000000
1391.219200 917.984000 1730.848000 489.904000 1.000000
1411.176000 854.260800 1737.360000 386.155200 1.000000
1377.484800 2946.832000 1742.144000 2399.056000 1.000000
1378.388800 2831.680000 1745.040000 2301.856000 1.000000
1424.176000 715.940800 1745.648000 231.201600 1.000000
1393.040000 2439.680000 1751.040000 1968.448000 1.000000
1427.187200 795.992000 1754.320000 320.827200 1.000000
1426.872000 673.734400 1754.976000 185.907200 1.000000
1410.641600 2959.728000 1773.552000 2410.976000 1.000000
1423.646400 3005.344000 1784.864000 2452.496000 1.000000
1433.971200 2501.824000 1789.440000 2023.792000 1.000000
1435.891200 2850.384000 1792.336000 2319.152000 1.000000
1470.822400 690.772800 1792.608000 204.398400 1.000000
1462.523200 670.353600 1792.864000 181.713600 1.000000
1433.566400 2873.536000 1793.056000 2337.104000 1.000000
1440.811200 2955.488000 1797.376000 2409.632000 1.000000
1443.918400 2983.536000 1803.232000 2431.568000 1.000000
1447.195200 2933.120000 1803.584000 2389.200000 1.000000
1459.582400 1792.720000 1804.128000 1379.852800 1.000000
1451.732800 2465.424000 1805.008000 1991.904000 1.000000
1449.540800 2882.448000 1806.320000 2344.656000 1.000000
1455.088000 2485.056000 1807.328000 2009.824000 1.000000
1469.489600 2145.568000 1817.120000 1708.512000 1.000000
1477.254400 1788.832000 1820.608000 1377.475200 1.000000
1476.766400 1845.456000 1821.104000 1429.296000 1.000000
1471.656000 2806.400000 1823.552000 2285.600000 1.000000
1475.027200 2503.936000 1824.784000 2025.904000 1.000000
1486.032000 1472.769600 1826.976000 1067.025600 1.000000
1487.081600 2000.208000 1832.400000 1574.731200 1.000000
1491.593600 1966.576000 1836.064000 1542.928000 1.000000
1489.606400 2165.616000 1836.368000 1727.344000 1.000000
1497.352000 2441.312000 1845.696000 1971.808000 1.000000
1505.286400 2542.656000 1853.648000 2061.456000 1.000000
1518.600000 1845.904000 1859.616000 1431.900800 1.000000
1521.704000 1441.868800 1862.192000 1036.201600 1.000000
1526.422400 1462.916800 1866.128000 1058.144000 1.000000
1531.204800 1864.528000 1872.016000 1449.112000 1.000000
1533.091200 1539.123200 1872.848000 1132.876800 1.000000
1542.241600 1405.478400 1880.784000 1000.977600 1.000000
1543.078400 1432.888000 1881.712000 1026.888000 1.000000
1543.484800 933.654400 1882.608000 503.097600 1.000000
1541.305600 2932.848000 1885.152000 2391.488000 1.000000
1546.888000 944.758400 1886.592000 517.596800 1.000000
1549.028800 1465.609600 1887.792000 1060.928000 1.000000
1548.475200 1903.712000 1889.888000 1486.987200 1.000000
1555.289600 936.492800 1894.576000 507.736000 1.000000
1555.584000 1027.374400 1895.072000 607.539200 1.000000
1559.454400 971.182400 1900.368000 547.369600 1.000000
1558.384000 2317.472000 1900.864000 1865.040000 1.000000
1560.948800 925.251200 1901.536000 496.184000 1.000000
1563.910400 1975.360000 1904.976000 1554.516800 1.000000
1573.003200 970.668800 1912.384000 544.798400 1.000000
1574.936000 1927.024000 1914.192000 1509.617600 1.000000
1575.192000 1043.643200 1914.896000 620.628800 1.000000
1576.832000 1984.832000 1915.392000 1562.492800 1.000000
1578.670400 1593.603200 1916.992000 1187.185600 1.000000
1578.700800 2639.392000 1918.656000 2146.096000 1.000000
1580.984000 1388.214400 1920.048000 981.259200 1.000000
1584.476800 1611.488000 1922.640000 1206.102400 1.000000
1585.451200 995.412800 1925.184000 571.624000 1.000000
1586.854400 1998.688000 1925.344000 1578.398400 1.000000
1591.046400 942.452800 1930.160000 511.336000 1.000000
1593.841600 1397.828800 1932.112000 991.857600 1.000000
1592.713600 1025.966400 1932.160000 605.544000 1.000000
1594.504000 2686.976000 1933.952000 2187.056000 1.000000
1597.355200 2005.488000 1934.848000 1583.993600 1.000000
1601.456000 1372.379200 1938.032000 966.262400 1.000000
1601.360000 2280.864000 1938.912000 1834.128000 1.000000
1599.872000 2652.912000 1940.224000 2158.080000 1.000000
1613.088000 2659.136000 1950.736000 2165.488000 1.000000
1612.208000 1044.939200 1951.792000 622.526400 1.000000
1660.736000 2331.792000 1995.088000 1880.176000 1.000000
1668.096000 2741.120000 2000.064000 2236.944000 1.000000
1670.784000 2349.120000 2005.088000 1897.376000 1.000000
1672.992000 1891.376000 2006.640000 1479.988800 1.000000
1668.112000 1082.168000 2007.232000 661.744000 1.000000
1682.960000 1362.739200 2019.728000 955.801600 1.000000
1696.496000 1699.648000 2030.320000 1294.182400 1.000000
1700.208000 2386.528000 2030.336000 1931.952000 1.000000
1694.976000 1390.374400 2031.184000 984.220800 1.000000
1707.520000 2757.232000 2035.200000 2248.816000 1.000000
1712.816000 2253.504000 2042.576000 1813.760000 1.000000
1717.744000 2420.272000 2046.352000 1960.640000 1.000000
1720.656000 2787.920000 2048.544000 2277.408000 1.000000
1718.128000 1188.259200 2056.240000 776.507200 1.000000
1739.584000 2810.352000 2064.400000 2295.552000 1.000000
1736.512000 1757.312000 2068.432000 1347.001600 1.000000
1731.856000 1117.894400 2070.912000 699.780800 1.000000
1740.896000 1739.392000 2073.056000 1332.121600 1.000000
1745.216000 1553.788800 2078.096000 1151.460800 1.000000
1744.352000 1257.852800 2079.872000 847.619200 1.000000
1742.704000 1216.948800 2081.488000 803.606400 1.000000
1743.344000 1157.505600 2082.432000 741.977600 1.000000
1752.592000 1439.772800 2085.984000 1031.940800 1.000000
1759.584000 920.464000 2089.584000 482.702400 1.000000
1753.568000 1229.044800 2091.552000 815.216000 1.000000
1760.624000 1540.843200 2093.312000 1138.308800 1.000000
1770.592000 2475.088000 2093.872000 2009.408000 1.000000
1768.096000 2824.560000 2093.904000 2304.944000 1.000000
1770.288000 2496.928000 2094.512000 2028.944000 1.000000
1768.208000 2101.808000 2096.688000 1676.528000 1.000000
1763.296000 1205.316800 2100.720000 791.904000 1.000000
1771.040000 1482.276800 2105.456000 1080.924800 1.000000
1777.952000 2146.112000 2107.296000 1714.784000 1.000000
1785.904000 2164.176000 2112.672000 1732.848000 1.000000
1775.712000 1219.180800 2115.616000 803.534400 1.000000
1792.864000 1821.008000 2122.192000 1411.440000 1.000000
1792.288000 1505.504000 2125.504000 1099.592000 1.000000
1787.472000 1199.569600 2126.704000 783.092800 1.000000
1793.072000 1522.193600 2127.136000 1116.342400 1.000000
1819.632000 2761.488000 2137.840000 2256.672000 1.000000
1813.536000 2101.440000 2138.768000 1675.872000 1.000000
1814.528000 2164.368000 2140.128000 1734.800000 1.000000
1811.184000 1806.944000 2140.208000 1396.952000 1.000000
1813.504000 1785.584000 2142.800000 1376.438400 1.000000
1828.544000 1825.136000 2153.856000 1414.979200 1.000000
1844.320000 2945.488000 2155.680000 2411.008000 1.000000
1833.584000 2174.176000 2156.400000 1743.504000 1.000000
1837.904000 2497.024000 2156.912000 2030.896000 1.000000
1827.920000 1514.566400 2160.240000 1110.524800 1.000000
1839.392000 2107.968000 2162.064000 1682.592000 1.000000
1844.960000 2534.656000 2162.624000 2062.528000 1.000000
1849.536000 2458.144000 2166.352000 1998.960000 1.000000
1846.768000 2174.576000 2169.408000 1743.856000 1.000000
1840.432000 1538.720000 2172.448000 1131.889600 1.000000
1850.944000 2169.552000 2172.544000 1739.936000 1.000000
1844.000000 1553.102400 2175.856000 1147.356800 1.000000
1844.352000 1461.576000 2177.200000 1055.353600 1.000000
1845.648000 1727.376000 2177.696000 1320.190400 1.000000
1840.224000 1237.164800 2178.832000 823.201600 1.000000
1860.208000 2209.984000 2180.848000 1775.968000 1.000000
1858.560000 1856.400000 2184.464000 1443.832000 1.000000
1859.136000 1779.488000 2187.616000 1368.094400 1.000000
1850.208000 1231.488000 2187.904000 817.776000 1.000000
1856.736000 1544.483200 2188.368000 1138.632000 1.000000
1858.864000 1473.102400 2191.648000 1067.070400 1.000000
1852.336000 1000.566400 2194.208000 570.200000 1.000000
1870.208000 1887.872000 2196.304000 1476.710400 1.000000
1865.392000 1445.340800 2198.752000 1038.721600 1.000000
1878.304000 1994.560000 2201.872000 1577.372800 1.000000
1872.224000 1580.596800 2202.224000 1173.428800 1.000000
1887.184000 2081.904000 2206.688000 1692.704000 1.000000
1875.248000 1524.104000 2207.488000 1116.736000 1.000000
1877.168000 1215.915200 2215.120000 803.528000 1.000000
1904.080000 2802.080000 2218.720000 2294.864000 1.000000
1894.416000 1023.990400 2236.944000 589.027200 1.000000
1929.824000 1845.760000 2255.856000 1439.731200 1.000000
1948.352000 2798.576000 2262.208000 2289.488000 1.000000
1979.616000 2853.824000 2289.040000 2344.944000 1.000000
1962.976000 1098.510400 2309.008000 676.113600 1.000000
1967.264000 533.185600 2331.664000 53.240480 1.000000
2077.696000 2716.496000 2383.792000 2255.472000 1.000000
2219.936000 1858.432000 2635.840000 1796.032000 1.000000
2298.176000 1849.808000 2716.896000 1797.776000 1.000000
2292.672000 1832.912000 2724.096000 1779.344000 1.000000
2383.936000 1190.374400 2738.096000 1170.268800 1.000000
2297.232000 1616.288000 2739.360000 1611.376000 1.000000
2323.088000 1799.456000 2742.080000 1762.512000 1.000000
2305.360000 1612.032000 2766.176000 1609.248000 1.000000
2381.888000 1567.758400 2818.048000 1593.776000 1.000000
2386.576000 1468.724800 2833.136000 1507.057600 1.000000
2402.720000 1430.144000 2850.320000 1474.297600 1.000000
2404.304000 1383.968000 2855.072000 1432.100800 1.000000
2427.568000 1536.208000 2865.392000 1573.627200 1.000000
2419.952000 1413.651200 2867.456000 1460.264000 1.000000
2418.320000 1404.513600 2868.144000 1451.849600 1.000000
2422.976000 1417.689600 2871.680000 1464.784000 1.000000
2435.440000 1465.953600 2879.776000 1508.123200 1.000000
2445.360000 1554.699200 2883.520000 1592.761600 1.000000
2432.560000 1186.369600 2885.056000 1206.819200 1.000000
2439.968000 1404.208000 2893.840000 1456.640000 1.000000
2444.960000 1382.697600 2895.568000 1438.105600 1.000000
2473.472000 1701.392000 2900.304000 1711.632000 1.000000
2476.800000 1720.368000 2903.360000 1726.608000 1.000000
2459.664000 1422.718400 2907.168000 1476.969600 1.000000
2460.896000 1417.668800 2909.808000 1472.296000 1.000000
2492.384000 1728.752000 2917.936000 1735.472000 1.000000
2496.432000 1714.656000 2921.904000 1725.056000 1.000000
2507.696000 1688.688000 2934.976000 1705.152000 1.000000
2477.200000 1303.891200 2936.080000 1373.268800 1.000000
2507.808000 1719.744000 2937.120000 1732.144000 1.000000
2490.800000 1416.748800 2939.200000 1478.977600 1.000000
2504.560000 1529.675200 2944.832000 1578.857600 1.000000
2502.928000 1487.977600 2946.928000 1542.331200 1.000000
2528.576000 1786.192000 2962.160000 1785.328000 1.000000
2546.976000 1745.776000 2969.760000 1759.984000 1.000000
2554.544000 1694.272000 2980.752000 1718.240000 1.000000
2577.872000 1731.872000 3001.696000 1753.984000 1.000000
2597.072000 1377.619200 3025.200000 1412.356800 1.000000
2610.864000 1675.904000 3040.176000 1715.632000 1.000000
2635.072000 1727.952000 3060.512000 1765.136000 1.000000
2638.080000 1734.336000 3063.344000 1770.960000 1.000000
2674.144000 1174.552000 3137.168000 1246.779200 1.000000
2720.000000 441.312000 3181.056000 88.911840 1.000000
3035.456000 669.448000 3560.560000 871.769600 1.000000
3594.640000 2495.184000 3914.688000 2592.672000 1.000000
