493.636800 294.435200 106.293120 2749.488000 1.000000
613.036800 304.961600 230.416000 2711.952000 1.000000
584.080000 49.722400 231.739200 2413.328000 1.000000
661.062400 358.449600 288.449600 2772.432000 1.000000
977.016000 350.041600 642.726400 2530.672000 1.000000
1076.742400 363.883200 751.152000 2521.984000 1.000000
1213.641600 408.043200 898.857600 2533.504000 1.000000
1315.440000 411.448000 1008.035200 2512.960000 1.000000
1326.446400 426.009600 1020.713600 2524.864000 1.000000
1391.923200 667.206400 1106.204800 2925.008000 1.000000
1407.116800 460.905600 1113.382400 2540.480000 1.000000
1406.476800 667.652800 1122.784000 2918.432000 1.000000
1421.091200 660.758400 1137.196800 2909.792000 1.000000
1464.363200 421.961600 1165.185600 2491.216000 1.000000
1480.257600 436.433600 1185.564800 2501.296000 1.000000
1841.408000 385.456000 1359.987200 2441.232000 1.000000
1827.056000 132.155680 1503.281600 2216.464000 1.000000
1788.992000 491.176000 1513.296000 2484.880000 1.000000
1845.568000 120.905600 1519.281600 2200.864000 1.000000
1760.032000 712.862400 1523.700800 2870.944000 1.000000
1813.488000 492.891200 1540.889600 2480.592000 1.000000
1889.024000 112.420960 1557.491200 2187.120000 1.000000
1972.800000 508.470400 1705.328000 2463.184000 1.000000
2033.232000 291.555200 1730.240000 2286.640000 1.000000
1981.296000 586.769600 1731.104000 2517.088000 1.000000
2305.760000 1824.544000 2214.384000 2049.424000 1.000000
2536.704000 1141.638400 2243.648000 1108.326400 1.000000
2255.008000 1846.176000 2254.272000 1950.576000 1.000000
2292.672000 1832.912000 2278.880000 1919.728000 1.000000
2313.968000 1785.824000 2291.600000 1806.496000 1.000000
2427.568000 1536.208000 2291.792000 1370.308800 1.000000
2507.808000 1719.744000 2339.824000 1778.304000 1.000000
2419.952000 1413.651200 2380.128000 1387.627200 1.000000
2457.200000 1680.992000 2385.776000 1508.545600 1.000000
2507.696000 1688.688000 2440.064000 1486.974400 1.000000
2530.752000 1688.656000 2463.136000 1467.046400 1.000000
