446.001600 1180.129600 69.322240 2807.344000 1.000000
476.097600 1182.336000 106.015520 2808.288000 1.000000
529.841600 1100.873600 174.772800 2698.288000 1.000000
527.161600 1065.017600 175.262400 2660.064000 1.000000
529.320000 887.995200 188.844800 2463.408000 1.000000
575.376000 1115.169600 226.046400 2703.760000 1.000000
582.281600 948.734400 246.033600 2522.496000 1.000000
617.145600 1020.128000 280.403200 2589.760000 1.000000
637.792000 939.139200 310.331200 2495.376000 1.000000
624.676800 24.695360 344.064000 1676.608000 1.000000
685.430400 932.705600 362.790400 2478.688000 1.000000
753.398400 555.614400 460.060800 2163.616000 1.000000
756.088000 317.564800 463.344000 1837.200000 1.000000
772.851200 303.468800 484.302400 1823.104000 1.000000
812.736000 1281.408000 492.656000 2853.248000 1.000000
836.787200 962.452800 530.496000 2480.240000 1.000000
843.123200 1114.854400 531.776000 2665.760000 1.000000
862.390400 978.825600 559.249600 2493.520000 1.000000
867.670400 899.100800 566.518400 2406.768000 1.000000
876.304000 1031.648000 574.209600 2555.840000 1.000000
888.100800 1147.755200 584.216000 2679.344000 1.000000
911.990400 966.691200 615.014400 2467.840000 1.000000
922.624000 987.545600 629.035200 2492.752000 1.000000
950.177600 961.643200 659.089600 2454.672000 1.000000
956.771200 1209.796800 663.993600 2726.624000 1.000000
982.425600 1328.656000 694.016000 2874.976000 1.000000
995.464000 1363.339200 709.796800 2911.792000 1.000000
1001.856000 1306.033600 716.934400 2837.488000 1.000000
1006.057600 1400.316800 723.841600 2955.856000 1.000000
1014.784000 1292.713600 732.276800 2819.120000 1.000000
1017.926400 1310.502400 735.974400 2841.488000 1.000000
1026.990400 1382.931200 748.488000 2929.120000 1.000000
1172.592000 1100.275200 911.414400 2558.592000 1.000000
1178.201600 1081.036800 918.502400 2533.088000 1.000000
1235.440000 1238.060800 989.027200 2700.912000 1.000000
1244.268800 1263.545600 999.881600 2729.616000 1.000000
1269.262400 1113.964800 1022.406400 2553.504000 1.000000
1268.073600 1159.145600 1022.790400 2599.744000 1.000000
1310.616000 898.270400 1057.153600 2313.216000 1.000000
1314.521600 1337.884800 1087.995200 2804.448000 1.000000
1391.923200 667.206400 1139.188800 2148.304000 1.000000
1404.436800 1109.446400 1175.521600 2516.624000 1.000000
1424.176000 715.940800 1177.883200 2191.024000 1.000000
1417.665600 1435.460800 1217.468800 2899.584000 1.000000
1468.550400 1007.806400 1238.164800 2387.824000 1.000000
1460.441600 1331.366400 1257.257600 2757.728000 1.000000
1499.379200 1505.731200 1322.008000 2968.208000 1.000000
1575.192000 1043.643200 1357.779200 2407.680000 1.000000
1591.046400 942.452800 1364.228800 2301.200000 1.000000
1705.696000 374.020800 1420.070400 1757.056000 1.000000
1673.248000 968.156800 1456.011200 2311.792000 1.000000
1827.056000 132.155680 1504.505600 1555.496000 1.000000
1682.960000 1362.739200 1518.744000 2743.296000 1.000000
1699.584000 1280.668800 1527.132800 2642.896000 1.000000
1718.128000 1188.259200 1534.568000 2532.848000 1.000000
1731.856000 1117.894400 1539.516800 2453.344000 1.000000
1889.024000 112.420960 1559.488000 1533.902400 1.000000
1742.704000 1216.948800 1566.198400 2556.816000 1.000000
1763.296000 1205.316800 1585.822400 2543.984000 1.000000
1775.712000 1219.180800 1604.112000 2555.312000 1.000000
1855.136000 1141.392000 1677.504000 2453.088000 1.000000
1850.208000 1231.488000 1686.912000 2554.624000 1.000000
1815.728000 1470.564800 1694.048000 2843.888000 1.000000
1840.736000 1406.996800 1710.848000 2764.704000 1.000000
1840.432000 1538.720000 1734.672000 2925.072000 1.000000
1844.000000 1553.102400 1739.904000 2944.224000 1.000000
1858.864000 1473.102400 1742.512000 2839.776000 1.000000
1865.392000 1445.340800 1745.056000 2804.752000 1.000000
1856.736000 1544.483200 1754.048000 2930.048000 1.000000
1882.240000 1420.176000 1757.456000 2769.568000 1.000000
1875.248000 1524.104000 1770.112000 2897.376000 1.000000
1998.944000 877.107200 1779.840000 2130.448000 1.000000
2232.432000 1870.608000 2151.696000 2016.400000 1.000000
2305.760000 1824.544000 2167.760000 1984.800000 1.000000
2386.576000 1468.724800 2172.448000 1387.992000 1.000000
2402.720000 1430.144000 2179.536000 1339.889600 1.000000
2292.672000 1832.912000 2193.248000 1946.128000 1.000000
2427.568000 1536.208000 2234.144000 1446.377600 1.000000
2525.472000 1716.000000 2239.920000 1868.336000 1.000000
2503.280000 1742.416000 2262.000000 1856.544000 1.000000
2457.200000 1680.992000 2315.632000 1603.072000 1.000000
2419.952000 1413.651200 2320.384000 1475.987200 1.000000
2538.992000 1699.904000 2368.128000 1432.305600 1.000000
2507.696000 1688.688000 2371.120000 1590.771200 1.000000
2530.752000 1688.656000 2393.936000 1576.414400 1.000000
2550.144000 1716.528000 2423.696000 1597.040000 1.000000
2568.032000 1819.408000 2489.200000 1745.808000 1.000000
2952.336000 1437.062400 2703.040000 888.710400 1.000000
3584.064000 2485.936000 3860.016000 1566.852800 1.000000
