248.788800 1163.364800 41.046080 2216.208000 1.000000
239.084800 799.387200 46.022560 1854.176000 1.000000
271.145600 1399.574400 54.335360 2467.312000 1.000000
254.158400 1001.937600 54.408000 2051.600000 1.000000
263.600000 962.838400 65.684320 2016.464000 1.000000
305.425600 1780.304000 77.328960 2903.120000 1.000000
324.419200 1062.078400 125.326080 2100.240000 1.000000
343.545600 1076.278400 144.957760 2114.928000 1.000000
362.520000 829.152000 174.560000 1867.568000 1.000000
385.926400 1095.233600 189.420800 2127.280000 1.000000
435.372800 989.177600 246.305600 2012.880000 1.000000
450.086400 988.176000 260.278400 2009.984000 1.000000
457.523200 824.630400 273.912000 1849.520000 1.000000
464.041600 934.670400 278.156800 1955.504000 1.000000
476.097600 1182.336000 282.339200 2208.784000 1.000000
479.988800 1203.771200 286.608000 2230.704000 1.000000
486.489600 1533.377600 286.632000 2585.488000 1.000000
496.654400 1596.036800 296.052800 2658.352000 1.000000
481.923200 941.323200 296.352000 1959.616000 1.000000
480.742400 867.438400 297.020800 1886.976000 1.000000
496.478400 1236.267200 304.067200 2260.048000 1.000000
503.608000 1243.761600 310.414400 2268.816000 1.000000
504.672000 939.331200 319.342400 1954.928000 1.000000
509.872000 895.011200 328.128000 1908.320000 1.000000
527.956800 1596.579200 331.352000 2659.824000 1.000000
523.017600 1146.723200 332.657600 2164.944000 1.000000
508.782400 277.940800 333.859200 1389.588800 1.000000
527.161600 1065.017600 339.907200 2077.152000 1.000000
529.841600 1100.873600 342.056000 2108.320000 1.000000
529.320000 887.995200 346.212800 1899.216000 1.000000
536.264000 1242.913600 346.363200 2263.920000 1.000000
549.868800 1241.150400 360.830400 2259.072000 1.000000
543.104000 891.166400 361.980800 1900.288000 1.000000
575.376000 1115.169600 390.726400 2113.952000 1.000000
579.724800 1237.033600 393.204800 2249.312000 1.000000
588.881600 1250.006400 402.622400 2262.336000 1.000000
586.264000 258.483200 407.932800 1350.318400 1.000000
594.024000 838.193600 414.633600 1844.688000 1.000000
613.036800 304.961600 429.112000 1390.155200 1.000000
610.520000 1019.830400 430.067200 2021.040000 1.000000
618.718400 291.416000 433.171200 1375.752000 1.000000
617.145600 1020.128000 437.208000 2019.424000 1.000000
626.928000 1368.083200 442.297600 2384.096000 1.000000
632.636800 1004.321600 454.134400 1998.128000 1.000000
646.043200 332.499200 470.454400 1421.651200 1.000000
645.736000 354.056000 471.004800 1440.940800 1.000000
661.062400 358.449600 486.566400 1444.435200 1.000000
673.816000 302.017600 495.556800 1385.731200 1.000000
677.801600 1086.294400 500.480000 2076.720000 1.000000
681.500800 373.771200 507.368000 1457.246400 1.000000
683.673600 406.825600 509.052800 1485.558400 1.000000
685.430400 932.705600 510.915200 1918.048000 1.000000
712.996800 888.136000 539.595200 1873.136000 1.000000
760.398400 541.019200 584.321600 1594.592000 1.000000
764.496000 1492.049600 591.492800 2499.072000 1.000000
763.772800 269.072000 594.516800 1282.555200 1.000000
767.358400 1436.129600 595.446400 2438.208000 1.000000
772.851200 303.468800 601.841600 1310.987200 1.000000
777.758400 335.243200 605.880000 1338.510400 1.000000
781.788800 283.489600 611.838400 1292.340800 1.000000
790.424000 1511.812800 620.779200 2520.400000 1.000000
797.550400 1493.761600 628.003200 2498.416000 1.000000
812.736000 1281.408000 643.334400 2260.112000 1.000000
824.622400 1386.145600 656.776000 2374.000000 1.000000
825.008000 927.588800 657.310400 1895.472000 1.000000
847.480000 876.641600 679.940800 1845.216000 1.000000
862.390400 978.825600 696.113600 1941.888000 1.000000
864.145600 1187.240000 700.841600 2157.168000 1.000000
882.076800 1260.646400 718.337600 2228.448000 1.000000
884.596800 1279.656000 721.832000 2247.568000 1.000000
888.100800 1147.755200 724.472000 2109.728000 1.000000
890.177600 957.014400 726.296000 1914.832000 1.000000
891.448000 976.078400 726.984000 1934.480000 1.000000
897.563200 893.849600 731.574400 1850.944000 1.000000
893.744000 1267.328000 732.856000 2233.664000 1.000000
899.750400 866.940800 734.516800 1830.256000 1.000000
902.449600 917.273600 736.449600 1872.032000 1.000000
900.958400 1261.236800 737.838400 2223.376000 1.000000
907.894400 984.620800 743.340800 1940.608000 1.000000
907.630400 1271.875200 747.350400 2235.648000 1.000000
911.990400 966.691200 747.782400 1921.792000 1.000000
922.624000 987.545600 761.036800 1943.104000 1.000000
926.144000 930.172800 761.224000 1884.176000 1.000000
923.777600 1263.760000 765.104000 2224.528000 1.000000
940.062400 927.860800 775.870400 1878.832000 1.000000
935.856000 1464.974400 781.438400 2442.080000 1.000000
941.206400 1268.062400 782.313600 2226.880000 1.000000
950.177600 961.643200 788.803200 1910.736000 1.000000
956.771200 1209.796800 796.808000 2165.040000 1.000000
956.836800 1051.627200 796.833600 1994.000000 1.000000
966.672000 915.806400 803.443200 1865.296000 1.000000
958.267200 1316.393600 804.724800 2277.776000 1.000000
966.803200 1019.556800 805.784000 1966.096000 1.000000
978.716800 873.864000 814.846400 1826.064000 1.000000
981.852800 920.060800 819.249600 1865.856000 1.000000
985.230400 1273.401600 831.017600 2224.000000 1.000000
1010.854400 365.166400 838.324800 1339.675200 1.000000
995.464000 1363.339200 843.510400 2321.040000 1.000000
1001.080000 1243.089600 846.958400 2189.616000 1.000000
1001.856000 1306.033600 849.886400 2254.640000 1.000000
1026.166400 724.020800 849.932800 1733.936000 1.000000
993.254400 1698.608000 851.315200 2705.920000 1.000000
1024.942400 886.875200 859.011200 1830.784000 1.000000
1006.176000 1577.486400 861.705600 2560.608000 1.000000
1014.784000 1292.713600 863.964800 2238.864000 1.000000
1040.883200 362.480000 867.070400 1335.131200 1.000000
1017.926400 1310.502400 867.254400 2259.824000 1.000000
1016.630400 1472.228800 868.251200 2445.664000 1.000000
1039.830400 1454.803200 896.139200 2409.696000 1.000000
1057.472000 1118.761600 904.104000 2053.664000 1.000000
1061.928000 1194.688000 911.713600 2128.352000 1.000000
1057.955200 1448.096000 915.019200 2404.512000 1.000000
1048.908800 1784.720000 918.849600 2797.120000 1.000000
1051.979200 1739.904000 919.531200 2742.736000 1.000000
1059.835200 1761.632000 929.089600 2768.464000 1.000000
1082.142400 1778.640000 956.104000 2786.960000 1.000000
1106.673600 1485.980800 971.059200 2436.736000 1.000000
1134.712000 889.081600 975.371200 1817.568000 1.000000
1194.436800 1056.448000 1044.403200 1970.976000 1.000000
1203.022400 896.041600 1046.155200 1814.096000 1.000000
846.608000 2392.752000 1066.750400 2717.248000 1.000000
1226.294400 930.798400 1071.956800 1844.224000 1.000000
1223.472000 1061.585600 1075.209600 1970.192000 1.000000
1236.051200 1152.579200 1092.758400 2057.584000 1.000000
1235.440000 1238.060800 1096.896000 2148.592000 1.000000
1242.790400 1091.227200 1097.539200 1994.624000 1.000000
1269.262400 1113.964800 1125.747200 2016.048000 1.000000
1268.073600 1159.145600 1126.968000 2060.736000 1.000000
1224.611200 1933.472000 1129.672000 2951.968000 1.000000
1247.772800 1598.620800 1132.854400 2543.120000 1.000000
1310.616000 898.270400 1155.392000 1800.688000 1.000000
1314.521600 1337.884800 1187.307200 2241.664000 1.000000
1409.115200 744.342400 1237.686400 1703.504000 1.000000
1362.972800 1569.107200 1253.966400 2492.736000 1.000000
1352.539200 1696.672000 1254.764800 2637.536000 1.000000
1418.145600 1211.188800 1287.265600 2093.584000 1.000000
1417.665600 1435.460800 1305.179200 2332.064000 1.000000
1429.488000 374.347200 1325.163200 1307.860800 1.000000
1468.380800 1160.713600 1335.753600 2034.848000 1.000000
1460.441600 1331.366400 1342.536000 2211.376000 1.000000
1459.582400 1792.720000 1383.497600 2735.120000 1.000000
1526.068800 1087.912000 1388.544000 1952.784000 1.000000
1461.456000 1826.352000 1389.832000 2776.320000 1.000000
1478.360000 1813.760000 1407.313600 2756.800000 1.000000
1476.766400 1845.456000 1409.036800 2794.720000 1.000000
1526.422400 1462.916800 1423.993600 2343.488000 1.000000
1573.003200 970.668800 1424.873600 1832.432000 1.000000
1574.396800 993.616000 1430.211200 1854.624000 1.000000
1575.192000 1043.643200 1435.022400 1901.424000 1.000000
1543.078400 1432.888000 1437.929600 2308.576000 1.000000
1491.593600 1966.576000 1439.411200 2945.872000 1.000000
1591.046400 942.452800 1440.892800 1804.272000 1.000000
1585.451200 995.412800 1441.232000 1856.528000 1.000000
1585.507200 1054.220800 1445.323200 1914.208000 1.000000
1549.028800 1465.609600 1446.900800 2345.472000 1.000000
1520.526400 1768.880000 1449.355200 2696.576000 1.000000
1553.476800 1480.928000 1454.008000 2360.480000 1.000000
1611.584000 993.756800 1467.094400 1849.776000 1.000000
1692.144000 381.606400 1485.774400 1293.801600 1.000000
1601.456000 1372.379200 1495.604800 2234.064000 1.000000
1548.475200 1903.712000 1498.025600 2851.744000 1.000000
1584.476800 1611.488000 1502.478400 2501.168000 1.000000
1563.910400 1975.360000 1523.144000 2940.848000 1.000000
1673.248000 968.156800 1526.332800 1818.864000 1.000000
1574.936000 1927.024000 1530.457600 2880.448000 1.000000
1668.112000 1082.168000 1533.764800 1928.336000 1.000000
1680.096000 994.643200 1536.004800 1842.368000 1.000000
1733.392000 483.116800 1537.832000 1364.374400 1.000000
1781.408000 144.066080 1544.208000 1109.086400 1.000000
1589.172800 1916.320000 1544.976000 2864.304000 1.000000
1680.480000 1099.921600 1547.560000 1944.032000 1.000000
1586.854400 1998.688000 1552.262400 2967.792000 1.000000
1707.328000 953.712000 1559.411200 1800.400000 1.000000
1715.744000 947.259200 1566.732800 1791.744000 1.000000
1683.056000 1292.718400 1571.092800 2137.856000 1.000000
1682.960000 1362.739200 1579.456000 2209.728000 1.000000
1827.056000 132.155680 1584.681600 1088.412800 1.000000
1735.376000 950.585600 1587.254400 1793.360000 1.000000
1841.904000 384.137600 1596.396800 1284.502400 1.000000
1759.584000 920.464000 1599.435200 1759.024000 1.000000
1746.464000 962.568000 1599.788800 1803.872000 1.000000
1845.568000 120.905600 1601.856000 1077.233600 1.000000
1731.856000 1117.894400 1602.016000 1953.232000 1.000000
1910.160000 172.683200 1663.520000 1118.161600 1.000000
1787.472000 1199.569600 1666.736000 2027.264000 1.000000
1803.408000 1185.467200 1683.328000 2011.376000 1.000000
1912.560000 350.699200 1686.400000 1245.550400 1.000000
1736.512000 1757.312000 1688.032000 2642.672000 1.000000
1821.072000 1205.622400 1703.280000 2029.136000 1.000000
1915.456000 485.851200 1704.704000 1347.809600 1.000000
1852.336000 1000.566400 1706.096000 1822.512000 1.000000
1753.808000 1758.928000 1709.104000 2642.752000 1.000000
1832.240000 1170.091200 1710.368000 1993.152000 1.000000
1838.144000 1150.848000 1711.344000 1973.744000 1.000000
1792.288000 1505.504000 1712.064000 2349.744000 1.000000
1793.072000 1522.193600 1717.312000 2367.184000 1.000000
1950.352000 329.403200 1719.744000 1219.753600 1.000000
1862.656000 1033.782400 1724.400000 1854.544000 1.000000
1815.728000 1470.564800 1731.888000 2307.600000 1.000000
1811.504000 1493.147200 1732.336000 2332.240000 1.000000
1850.208000 1231.488000 1737.312000 2052.832000 1.000000
1827.920000 1514.566400 1750.960000 2357.264000 1.000000
1840.736000 1406.996800 1753.008000 2234.800000 1.000000
1994.752000 329.790400 1759.712000 1204.830400 1.000000
1844.352000 1461.576000 1760.688000 2293.280000 1.000000
1877.168000 1215.915200 1761.936000 2034.704000 1.000000
1972.800000 508.470400 1763.328000 1362.148800 1.000000
1795.328000 1841.248000 1766.688000 2732.240000 1.000000
1840.432000 1538.720000 1770.992000 2380.480000 1.000000
1844.000000 1553.102400 1775.984000 2395.760000 1.000000
1858.864000 1473.102400 1777.872000 2306.304000 1.000000
1981.296000 586.769600 1781.232000 1418.942400 1.000000
1865.392000 1445.340800 1782.320000 2274.400000 1.000000
1856.736000 1544.483200 1787.776000 2382.832000 1.000000
1828.544000 1825.136000 1798.544000 2712.240000 1.000000
1875.248000 1524.104000 1804.000000 2356.544000 1.000000
1872.224000 1580.596800 1809.824000 2420.080000 1.000000
1858.560000 1856.400000 1838.464000 2744.096000 1.000000
1879.584000 1724.592000 1839.744000 2587.760000 1.000000
1878.320000 2043.696000 1891.696000 2970.768000 1.000000
1887.552000 2055.248000 1904.416000 2984.000000 1.000000
1929.824000 1845.760000 1914.944000 2711.664000 1.000000
2167.728000 1599.427200 2185.136000 1527.937600 1.000000
2330.032000 1174.284800 2255.936000 1164.468800 1.000000
2232.432000 1870.608000 2303.664000 1858.272000 1.000000
2255.008000 1846.176000 2347.904000 1789.568000 1.000000
2285.616000 1821.120000 2351.504000 1774.512000 1.000000
2292.672000 1832.912000 2360.192000 1786.400000 1.000000
2400.496000 1359.731200 2376.544000 1181.257600 1.000000
2386.576000 1468.724800 2385.824000 1291.753600 1.000000
2316.096000 1835.232000 2385.872000 1779.664000 1.000000
2403.056000 1414.366400 2390.592000 1234.006400 1.000000
2402.720000 1430.144000 2393.840000 1247.472000 1.000000
2420.976000 1424.009600 2411.872000 1235.982400 1.000000
2439.968000 1404.208000 2422.992000 1208.859200 1.000000
2427.568000 1536.208000 2438.464000 1356.076800 1.000000
2459.664000 1422.718400 2451.424000 1214.873600 1.000000
2460.896000 1417.668800 2451.808000 1208.779200 1.000000
2462.400000 1611.856000 2494.544000 1423.748800 1.000000
2525.472000 1716.000000 2498.592000 1619.456000 1.000000
2457.200000 1680.992000 2504.560000 1504.308800 1.000000
2502.576000 1507.204800 2514.240000 1274.286400 1.000000
2480.304000 1723.328000 2536.896000 1551.233600 1.000000
2650.464000 1096.881600 2567.104000 865.748800 1.000000
2521.232000 1679.360000 2570.208000 1480.894400 1.000000
2530.752000 1688.656000 2580.912000 1487.524800 1.000000
2521.328000 1736.096000 2581.760000 1545.590400 1.000000
2546.976000 1745.776000 2613.520000 1540.404800 1.000000
2544.880000 1768.752000 2615.952000 1571.302400 1.000000
2572.000000 1681.280000 2623.232000 1458.507200 1.000000
2578.624000 1684.480000 2631.040000 1459.180800 1.000000
2636.784000 1720.736000 2700.112000 1461.801600 1.000000
3006.448000 1333.798400 2978.944000 818.886400 1.000000
