72.828480 851.523200 20.961280 1425.448000 1.000000
84.171520 1207.337600 21.325440 1773.936000 1.000000
81.532000 887.240000 29.307840 1458.336000 1.000000
120.600960 2017.840000 30.471680 2632.480000 1.000000
107.024320 1604.848000 31.359520 2181.728000 1.000000
133.547200 2342.432000 33.949600 3003.376000 1.000000
84.871840 845.678400 34.055520 1419.876800 1.000000
94.126240 1089.955200 36.309120 1656.544000 1.000000
94.794880 907.212800 42.455840 1476.569600 1.000000
97.746400 959.516800 43.585280 1530.720000 1.000000
120.447040 1597.742400 45.329760 2174.128000 1.000000
120.605440 1582.345600 46.007200 2158.368000 1.000000
97.307680 851.753600 46.134240 1425.083200 1.000000
116.612960 1475.115200 47.522080 2044.496000 1.000000
113.474080 1268.425600 49.122080 1833.440000 1.000000
102.386720 906.182400 49.781600 1476.454400 1.000000
114.454240 1251.168000 51.004320 1814.432000 1.000000
111.965600 1088.516800 53.177120 1654.720000 1.000000
104.072320 854.787200 53.723200 1426.108800 1.000000
114.333120 997.571200 58.845120 1564.657600 1.000000
120.150720 1213.329600 58.981280 1775.360000 1.000000
148.631360 1967.472000 63.128320 2573.360000 1.000000
116.414400 903.003200 63.574880 1472.155200 1.000000
117.323360 852.030400 66.659680 1423.164800 1.000000
160.016000 2048.272000 73.179360 2662.848000 1.000000
159.850240 1996.912000 73.968960 2605.616000 1.000000
159.759200 2023.424000 74.037440 2634.368000 1.000000
160.134400 1955.936000 76.015200 2558.864000 1.000000
164.713600 2064.816000 77.775360 2680.240000 1.000000
153.719360 1586.032000 80.736960 2159.456000 1.000000
133.900000 909.595200 81.140960 1477.604800 1.000000
148.765920 1207.040000 87.119840 1769.152000 1.000000
144.512800 855.128000 93.988800 1424.721600 1.000000
183.028800 2057.824000 94.872800 2669.840000 1.000000
193.828800 2317.632000 101.733120 2967.760000 1.000000
154.698400 915.585600 102.162880 1481.896000 1.000000
201.998400 2273.824000 112.337120 2917.520000 1.000000
198.556800 1985.312000 115.482560 2590.976000 1.000000
182.251200 1286.124800 119.750400 1847.184000 1.000000
173.713600 921.932800 121.417440 1487.955200 1.000000
172.632000 852.072000 122.931040 1419.222400 1.000000
216.414400 2020.704000 134.179520 2626.768000 1.000000
199.395200 1331.278400 135.593120 1890.032000 1.000000
188.030400 952.860800 136.114720 1516.950400 1.000000
186.244800 866.707200 136.144800 1432.740800 1.000000
217.624000 1997.712000 136.482560 2606.224000 1.000000
190.012800 844.580800 139.762720 1413.569600 1.000000
199.395200 1156.492800 141.435040 1714.912000 1.000000
207.760000 1333.593600 143.901600 1893.088000 1.000000
213.537600 1516.920000 144.395680 2082.304000 1.000000
195.148800 876.696000 144.752160 1442.292800 1.000000
198.270400 971.939200 145.019360 1534.496000 1.000000
198.468800 857.353600 148.528000 1422.987200 1.000000
238.748800 1893.616000 161.476800 2483.952000 1.000000
212.524800 889.740800 162.836800 1453.929600 1.000000
250.859200 2161.856000 167.979200 2781.264000 1.000000
226.283200 977.377600 173.992000 1535.817600 1.000000
229.908800 962.163200 178.288000 1522.995200 1.000000
244.550400 1354.609600 181.772800 1911.376000 1.000000
249.492800 1371.563200 186.923200 1928.912000 1.000000
239.084800 799.387200 189.921600 1368.084800 1.000000
248.788800 1163.364800 190.934400 1718.944000 1.000000
253.712000 1326.675200 191.684800 1882.432000 1.000000
254.635200 1307.563200 193.763200 1862.576000 1.000000
254.158400 1001.937600 202.086400 1560.716800 1.000000
263.033600 1155.473600 205.652800 1710.272000 1.000000
269.344000 1012.616000 215.955200 1566.675200 1.000000
289.422400 1809.104000 216.387200 2391.376000 1.000000
285.312000 1040.566400 232.505600 1595.067200 1.000000
311.536000 2193.440000 233.785600 2814.432000 1.000000
306.465600 1816.960000 234.241600 2396.672000 1.000000
306.712000 1795.904000 235.654400 2372.384000 1.000000
320.003200 1800.752000 248.988800 2378.656000 1.000000
306.500800 1049.769600 253.779200 1603.520000 1.000000
322.384000 1416.808000 260.582400 1970.704000 1.000000
324.419200 1062.078400 271.406400 1614.128000 1.000000
337.630400 1052.249600 285.292800 1602.880000 1.000000
348.688000 1056.068800 296.001600 1606.816000 1.000000
366.548800 1102.316800 314.473600 1650.832000 1.000000
380.672000 1107.123200 327.982400 1654.112000 1.000000
398.668800 2293.184000 329.737600 2922.768000 1.000000
421.691200 2271.712000 352.056000 2898.256000 1.000000
430.707200 2295.456000 361.574400 2925.696000 1.000000
430.593600 2234.256000 361.888000 2853.104000 1.000000
438.801600 2284.640000 371.640000 2914.240000 1.000000
443.628800 2272.416000 372.718400 2898.432000 1.000000
446.704000 2232.784000 375.371200 2852.256000 1.000000
435.372800 989.177600 386.212800 1534.760000 1.000000
451.992000 1165.361600 399.587200 1707.968000 1.000000
453.332800 826.249600 405.272000 1378.657600 1.000000
465.232000 1544.649600 405.328000 2092.640000 1.000000
473.742400 1566.652800 413.521600 2116.096000 1.000000
481.361600 1581.660800 422.076800 2131.392000 1.000000
471.120000 997.236800 422.731200 1539.481600 1.000000
476.097600 1182.336000 423.251200 1723.168000 1.000000
472.643200 875.750400 426.156800 1423.739200 1.000000
479.988800 1203.771200 427.608000 1744.128000 1.000000
488.598400 960.198400 441.190400 1504.088000 1.000000
496.478400 1236.267200 443.312000 1774.544000 1.000000
492.595200 262.819200 446.100800 902.217600 1.000000
494.116800 248.278400 447.473600 877.724800 1.000000
507.094400 1290.040000 453.475200 1828.448000 1.000000
492.582400 275.784000 454.451200 939.390400 1.000000
509.451200 1300.865600 456.275200 1839.984000 1.000000
504.672000 939.331200 456.806400 1481.000000 1.000000
503.737600 929.604800 457.171200 1472.041600 1.000000
512.408000 1247.009600 458.696000 1784.768000 1.000000
524.974400 2005.584000 462.860800 2590.160000 1.000000
527.956800 1596.579200 470.032000 2145.712000 1.000000
514.457600 83.261120 471.952000 703.003200 1.000000
523.017600 1146.723200 472.972800 1681.824000 1.000000
526.926400 1231.360000 474.430400 1766.272000 1.000000
528.811200 929.369600 482.092800 1469.275200 1.000000
529.320000 887.995200 482.513600 1429.708800 1.000000
536.142400 832.476800 490.625600 1379.352000 1.000000
551.464000 1967.744000 491.193600 2545.392000 1.000000
545.798400 1282.364800 493.420800 1817.504000 1.000000
541.584000 850.918400 495.488000 1395.420800 1.000000
557.425600 2023.440000 496.544000 2605.936000 1.000000
543.104000 891.166400 496.840000 1432.238400 1.000000
553.867200 953.062400 506.881600 1491.864000 1.000000
558.462400 376.520000 508.232000 986.411200 1.000000
556.734400 943.830400 510.067200 1481.984000 1.000000
571.875200 391.905600 512.462400 991.420800 1.000000
584.686400 1294.624000 532.697600 1827.152000 1.000000
588.881600 1250.006400 537.577600 1782.384000 1.000000
600.812800 1685.424000 545.926400 2233.824000 1.000000
593.718400 894.488000 547.019200 1433.814400 1.000000
594.024000 838.193600 547.928000 1380.633600 1.000000
601.715200 1241.449600 551.139200 1772.512000 1.000000
600.003200 1007.428800 553.313600 1541.222400 1.000000
610.963200 1226.134400 561.625600 1755.504000 1.000000
613.320000 1190.688000 563.268800 1721.504000 1.000000
618.184000 1206.892800 569.408000 1734.832000 1.000000
617.145600 1020.128000 569.420800 1551.480000 1.000000
624.676800 24.695360 573.897600 658.572800 1.000000
622.553600 1017.649600 575.144000 1549.120000 1.000000
632.636800 1004.321600 585.622400 1536.472000 1.000000
637.121600 118.669440 589.268800 737.963200 1.000000
641.060800 463.358400 594.273600 1066.558400 1.000000
642.504000 1014.206400 595.673600 1543.611200 1.000000
645.736000 354.056000 598.259200 963.595200 1.000000
655.755200 1018.300800 608.104000 1545.801600 1.000000
661.062400 358.449600 611.480000 966.608000 1.000000
673.816000 302.017600 622.404800 911.414400 1.000000
677.563200 1422.484800 627.321600 1950.608000 1.000000
681.500800 373.771200 632.228800 980.969600 1.000000
685.430400 932.705600 639.643200 1463.043200 1.000000
693.374400 288.992000 645.084800 890.201600 1.000000
703.296000 1791.008000 652.552000 2338.304000 1.000000
706.518400 451.281600 656.414400 1041.088000 1.000000
705.814400 848.417600 657.462400 1382.316800 1.000000
715.267200 858.892800 670.291200 1388.272000 1.000000
731.091200 1470.675200 683.592000 1995.840000 1.000000
734.168000 1440.747200 686.902400 1965.968000 1.000000
738.043200 525.667200 688.860800 1110.108800 1.000000
739.374400 535.812800 689.472000 1119.824000 1.000000
748.979200 515.467200 699.716800 1099.379200 1.000000
748.849600 2149.584000 702.256000 2735.744000 1.000000
756.080000 1831.168000 708.227200 2379.568000 1.000000
760.398400 541.019200 709.712000 1126.691200 1.000000
756.088000 317.564800 709.936000 873.641600 1.000000
760.766400 334.110400 715.580800 887.870400 1.000000
767.358400 1436.129600 721.920000 1958.144000 1.000000
789.529600 1065.086400 744.788800 1581.521600 1.000000
795.756800 856.502400 750.643200 1383.212800 1.000000
797.550400 1493.761600 752.720000 2015.760000 1.000000
809.134400 856.323200 762.139200 1382.412800 1.000000
821.705600 576.760000 766.697600 1158.350400 1.000000
812.736000 1281.408000 766.865600 1792.448000 1.000000
814.630400 1409.960000 769.870400 1927.248000 1.000000
824.622400 1386.145600 778.244800 1902.240000 1.000000
836.787200 962.452800 791.668800 1481.494400 1.000000
847.480000 876.641600 802.310400 1396.737600 1.000000
852.777600 348.705600 806.256000 897.825600 1.000000
854.016000 1013.904000 808.611200 1529.430400 1.000000
857.921600 1261.499200 814.275200 1772.880000 1.000000
861.292800 915.977600 815.817600 1434.369600 1.000000
862.390400 978.825600 817.305600 1493.924800 1.000000
867.670400 899.100800 821.696000 1417.041600 1.000000
864.145600 1187.240000 822.174400 1703.360000 1.000000
851.742400 509.304000 822.480000 1089.758400 1.000000
870.481600 927.179200 825.625600 1443.731200 1.000000
876.304000 1031.648000 832.929600 1545.076800 1.000000
876.548800 2034.240000 839.504000 2594.672000 1.000000
889.374400 371.091200 843.441600 915.512000 1.000000
876.980800 2333.536000 845.598400 2941.184000 1.000000
891.448000 976.078400 845.956800 1490.160000 1.000000
893.744000 1267.328000 851.641600 1774.496000 1.000000
899.750400 866.940800 855.110400 1386.867200 1.000000
896.484800 1615.232000 855.417600 2134.464000 1.000000
902.449600 917.273600 856.342400 1429.817600 1.000000
905.836800 356.777600 856.363200 901.841600 1.000000
905.377600 332.972800 856.696000 880.297600 1.000000
901.496000 1316.955200 859.217600 1824.912000 1.000000
900.374400 1968.832000 863.435200 2520.480000 1.000000
911.990400 966.691200 866.648000 1477.288000 1.000000
922.988800 339.219200 871.243200 886.094400 1.000000
922.624000 987.545600 878.094400 1497.486400 1.000000
921.052800 1304.961600 879.129600 1810.608000 1.000000
917.444800 1962.592000 880.646400 2513.360000 1.000000
958.579200 601.556800 881.713600 1168.726400 1.000000
923.777600 1263.760000 882.129600 1767.456000 1.000000
927.584000 2001.456000 892.993600 2555.088000 1.000000
940.270400 1026.902400 895.179200 1539.747200 1.000000
935.856000 1464.974400 895.633600 1975.664000 1.000000
931.022400 1980.336000 895.852800 2530.416000 1.000000
931.387200 1962.576000 896.595200 2512.016000 1.000000
937.468800 1532.995200 897.190400 2038.544000 1.000000
939.900800 1286.624000 898.646400 1791.792000 1.000000
941.206400 1268.062400 899.307200 1772.096000 1.000000
950.177600 961.643200 906.350400 1469.236800 1.000000
956.771200 1209.796800 913.939200 1714.096000 1.000000
956.270400 1274.937600 914.833600 1779.088000 1.000000
958.267200 1316.393600 918.782400 1820.512000 1.000000
968.217600 1275.192000 927.849600 1777.200000 1.000000
978.716800 873.864000 932.654400 1386.796800 1.000000
963.840000 2039.168000 933.296000 2595.664000 1.000000
981.852800 920.060800 934.908800 1429.289600 1.000000
980.734400 1014.984000 936.144000 1517.996800 1.000000
982.425600 1328.656000 941.022400 1827.392000 1.000000
985.747200 961.195200 941.092800 1465.675200 1.000000
985.230400 1273.401600 944.550400 1774.384000 1.000000
975.656000 2032.032000 945.193600 2587.712000 1.000000
995.464000 1363.339200 955.974400 1864.016000 1.000000
993.254400 1698.608000 957.539200 2217.680000 1.000000
1010.854400 365.166400 957.806400 904.078400 1.000000
996.056000 1561.067200 959.724800 2071.072000 1.000000
1001.080000 1243.089600 959.852800 1742.368000 1.000000
1001.856000 1306.033600 961.961600 1804.272000 1.000000
993.841600 1928.032000 962.393600 2467.680000 1.000000
1008.457600 1208.555200 966.971200 1707.984000 1.000000
1018.361600 878.044800 972.072000 1389.081600 1.000000
1024.924800 374.747200 972.540800 911.515200 1.000000
1016.008000 1213.846400 975.017600 1712.848000 1.000000
1014.784000 1292.713600 975.516800 1790.928000 1.000000
1024.942400 886.875200 976.216000 1397.294400 1.000000
1017.926400 1310.502400 978.931200 1809.920000 1.000000
1032.576000 358.038400 980.656000 895.492800 1.000000
1026.990400 1382.931200 988.676800 1882.720000 1.000000
1034.388800 1053.376000 991.552000 1553.478400 1.000000
1039.830400 1454.803200 1004.044800 1956.000000 1.000000
1049.505600 1218.923200 1009.548800 1714.032000 1.000000
1032.312000 2258.368000 1011.936000 2840.480000 1.000000
1051.979200 1739.904000 1021.097600 2255.056000 1.000000
1061.928000 1194.688000 1021.332800 1688.928000 1.000000
1057.955200 1448.096000 1021.678400 1946.352000 1.000000
1055.121600 1556.753600 1021.731200 2060.464000 1.000000
1046.648000 2233.584000 1026.465600 2812.128000 1.000000
1059.835200 1761.632000 1029.817600 2278.944000 1.000000
1051.699200 2267.152000 1032.918400 2847.328000 1.000000
1055.427200 2208.592000 1035.768000 2781.088000 1.000000
1081.172800 1118.092800 1038.892800 1611.456000 1.000000
1078.396800 1458.715200 1045.107200 1956.848000 1.000000
1069.116800 2149.920000 1048.614400 2711.904000 1.000000
1082.142400 1778.640000 1053.204800 2297.328000 1.000000
1098.094400 1115.329600 1055.790400 1608.112000 1.000000
1071.832000 2339.808000 1057.092800 2934.592000 1.000000
1094.908800 2133.600000 1075.982400 2690.672000 1.000000
1134.712000 889.081600 1087.400000 1389.446400 1.000000
1122.766400 1809.888000 1097.208000 2326.704000 1.000000
1178.201600 1081.036800 1136.739200 1568.428800 1.000000
1178.294400 1203.758400 1140.300800 1689.888000 1.000000
1159.892800 2202.736000 1149.161600 2765.856000 1.000000
1183.566400 1396.257600 1151.203200 1882.160000 1.000000
1193.280000 1412.430400 1159.721600 1899.648000 1.000000
1189.987200 1754.512000 1167.033600 2259.648000 1.000000
1215.937600 896.673600 1168.179200 1392.828800 1.000000
1230.249600 389.883200 1169.316800 915.275200 1.000000
1227.590400 897.766400 1180.406400 1391.947200 1.000000
1223.472000 1061.585600 1181.385600 1546.396800 1.000000
1227.384000 1019.376000 1183.915200 1506.505600 1.000000
1237.560000 890.166400 1189.582400 1383.104000 1.000000
1235.440000 1238.060800 1197.998400 1718.448000 1.000000
1224.611200 1933.472000 1209.108800 2456.832000 1.000000
1242.860800 1581.934400 1216.521600 2070.784000 1.000000
1290.825600 332.739200 1222.550400 869.958400 1.000000
1270.470400 957.283200 1225.169600 1443.052800 1.000000
1241.452800 1927.408000 1226.508800 2444.416000 1.000000
1229.795200 2279.344000 1229.921600 2850.608000 1.000000
1285.313600 961.329600 1239.625600 1446.027200 1.000000
1286.222400 999.836800 1241.008000 1482.827200 1.000000
1286.593600 980.145600 1241.384000 1464.515200 1.000000
1284.092800 1344.678400 1252.176000 1823.488000 1.000000
1254.180800 2296.880000 1254.963200 2868.688000 1.000000
1257.496000 2314.384000 1259.931200 2887.088000 1.000000
1310.616000 898.270400 1261.584000 1385.524800 1.000000
1302.980800 1327.116800 1269.435200 1803.936000 1.000000
1282.417600 1998.784000 1274.892800 2522.928000 1.000000
1328.678400 965.632000 1282.888000 1447.112000 1.000000
1336.910400 911.243200 1290.278400 1396.649600 1.000000
1287.256000 2323.360000 1293.462400 2897.040000 1.000000
1341.219200 1374.752000 1310.324800 1850.032000 1.000000
1302.152000 2352.688000 1311.340800 2928.928000 1.000000
1317.779200 2005.584000 1312.523200 2527.552000 1.000000
1373.577600 768.200000 1312.836800 1299.593600 1.000000
1338.545600 1702.800000 1320.684800 2191.072000 1.000000
1391.923200 667.206400 1325.875200 1204.897600 1.000000
1352.539200 1696.672000 1336.131200 2184.192000 1.000000
1405.443200 424.870400 1336.280000 936.078400 1.000000
1348.163200 1956.640000 1342.009600 2469.488000 1.000000
1421.091200 660.758400 1355.155200 1197.073600 1.000000
1404.436800 1109.446400 1363.732800 1580.977600 1.000000
1424.176000 715.940800 1363.742400 1250.265600 1.000000
1427.187200 795.992000 1367.428800 1321.614400 1.000000
1401.819200 1440.648000 1376.409600 1912.128000 1.000000
1417.665600 1435.460800 1391.428800 1905.568000 1.000000
1461.548800 445.974400 1392.438400 949.900800 1.000000
1428.420800 1307.547200 1396.912000 1785.824000 1.000000
1462.523200 670.353600 1398.641600 1203.905600 1.000000
1473.628800 449.833600 1403.566400 954.092800 1.000000
1470.822400 690.772800 1403.812800 1222.888000 1.000000
1480.257600 436.433600 1410.457600 941.308800 1.000000
1502.444800 443.443200 1430.358400 946.574400 1.000000
1495.976000 793.200000 1434.985600 1318.243200 1.000000
1492.662400 882.304000 1435.262400 1357.584000 1.000000
1465.068800 1515.892800 1444.289600 1984.256000 1.000000
1480.270400 1461.819200 1456.944000 1926.256000 1.000000
1480.868800 1486.870400 1459.032000 1953.968000 1.000000
1444.960000 847.243200 1462.384000 1327.198400 1.000000
1477.254400 1788.832000 1470.016000 2274.656000 1.000000
1478.360000 1813.760000 1472.840000 2301.008000 1.000000
1495.739200 1482.107200 1473.649600 1945.472000 1.000000
1476.766400 1845.456000 1474.704000 2333.552000 1.000000
1423.430400 393.484800 1480.097600 914.956800 1.000000
1542.723200 889.782400 1485.131200 1360.385600 1.000000
1491.593600 1966.576000 1496.324800 2466.304000 1.000000
1521.704000 1441.868800 1497.040000 1905.584000 1.000000
1526.422400 1462.916800 1503.344000 1925.056000 1.000000
1487.480000 2184.176000 1503.550400 2717.152000 1.000000
1489.606400 2165.616000 1504.302400 2694.800000 1.000000
1555.584000 1027.374400 1510.126400 1491.811200 1.000000
1533.091200 1539.123200 1515.550400 2003.504000 1.000000
1518.600000 1845.904000 1518.376000 2331.904000 1.000000
1573.003200 970.668800 1523.756800 1433.732800 1.000000
1549.028800 1465.609600 1527.032000 1927.456000 1.000000
1574.396800 993.616000 1527.684800 1456.094400 1.000000
1575.192000 1043.643200 1531.635200 1503.705600 1.000000
1517.745600 2121.120000 1533.465600 2639.200000 1.000000
1585.451200 995.412800 1538.875200 1459.152000 1.000000
1585.507200 1054.220800 1540.452800 1515.982400 1.000000
1591.046400 942.452800 1541.436800 1408.684800 1.000000
1522.040000 2203.456000 1543.536000 2735.296000 1.000000
1611.584000 993.756800 1563.993600 1453.297600 1.000000
1612.208000 1044.939200 1568.318400 1503.475200 1.000000
1544.785600 2220.592000 1568.539200 2754.368000 1.000000
1593.841600 1397.828800 1569.800000 1851.760000 1.000000
1584.476800 1611.488000 1574.254400 2076.320000 1.000000
1563.910400 1975.360000 1574.537600 2469.776000 1.000000
1601.456000 1372.379200 1574.899200 1826.688000 1.000000
1574.936000 1927.024000 1581.556800 2414.496000 1.000000
1668.864000 381.246400 1590.544000 892.753600 1.000000
1577.363200 2040.624000 1592.612800 2544.656000 1.000000
1586.854400 1998.688000 1598.563200 2496.720000 1.000000
1692.144000 381.606400 1606.688000 890.902400 1.000000
1705.696000 374.020800 1619.264000 884.131200 1.000000
1707.328000 953.712000 1656.400000 1410.227200 1.000000
1682.960000 1362.739200 1657.952000 1809.344000 1.000000
1682.176000 1395.497600 1659.936000 1842.880000 1.000000
1841.408000 385.456000 1665.664000 889.724800 1.000000
1672.992000 1891.376000 1683.216000 2369.904000 1.000000
1722.752000 1231.128000 1688.352000 1676.176000 1.000000
1731.856000 1117.894400 1690.944000 1564.612800 1.000000
1696.496000 1699.648000 1694.064000 2157.456000 1.000000
1746.464000 962.568000 1696.080000 1416.416000 1.000000
1705.264000 1596.044800 1696.736000 2047.024000 1.000000
1660.736000 2331.792000 1703.168000 2869.888000 1.000000
1743.344000 1157.505600 1703.184000 1600.736000 1.000000
1693.840000 2030.448000 1715.408000 2519.328000 1.000000
1700.192000 1931.696000 1715.664000 2409.648000 1.000000
1827.056000 132.155680 1715.808000 672.947200 1.000000
1670.784000 2349.120000 1717.056000 2890.480000 1.000000
1678.160000 2283.952000 1718.160000 2812.016000 1.000000
1705.616000 1913.888000 1719.664000 2390.240000 1.000000
1740.272000 1453.128000 1722.112000 1896.960000 1.000000
1828.624000 201.497600 1729.280000 729.208000 1.000000
1752.592000 1439.772800 1734.928000 1883.200000 1.000000
1849.360000 133.528800 1738.752000 675.027200 1.000000
1715.344000 2050.976000 1739.152000 2541.808000 1.000000
1736.512000 1757.312000 1740.544000 2216.768000 1.000000
1740.896000 1739.392000 1743.312000 2196.384000 1.000000
1712.816000 2253.504000 1755.088000 2775.440000 1.000000
1753.808000 1758.928000 1759.280000 2217.184000 1.000000
1731.328000 2081.184000 1760.000000 2573.232000 1.000000
1716.592000 2395.520000 1769.248000 2942.032000 1.000000
1735.472000 2151.520000 1770.416000 2655.312000 1.000000
1889.024000 112.420960 1772.544000 652.806400 1.000000
1824.720000 990.097600 1774.080000 1436.939200 1.000000
1866.320000 405.476800 1776.544000 890.638400 1.000000
1792.288000 1505.504000 1779.088000 1948.368000 1.000000
1822.224000 932.744000 1779.376000 1387.912000 1.000000
1793.072000 1522.193600 1782.640000 1964.320000 1.000000
1839.104000 1001.358400 1788.688000 1445.950400 1.000000
1910.160000 172.683200 1797.024000 702.672000 1.000000
1884.448000 463.305600 1797.824000 948.446400 1.000000
1838.144000 1150.848000 1799.152000 1590.220800 1.000000
1815.728000 1470.564800 1799.536000 1910.672000 1.000000
1852.336000 1000.566400 1800.000000 1443.164800 1.000000
1768.208000 2101.808000 1803.456000 2598.672000 1.000000
1792.864000 1821.008000 1803.968000 2282.832000 1.000000
1795.328000 1841.248000 1807.552000 2304.592000 1.000000
1902.768000 413.712000 1809.872000 907.718400 1.000000
1777.952000 2146.112000 1811.056000 2648.944000 1.000000
1912.560000 350.699200 1813.200000 850.436800 1.000000
1862.656000 1033.782400 1813.952000 1475.134400 1.000000
1855.136000 1141.392000 1815.472000 1577.715200 1.000000
1827.920000 1514.566400 1815.712000 1956.064000 1.000000
1850.208000 1231.488000 1817.072000 1668.608000 1.000000
1778.400000 2172.096000 1817.584000 2675.056000 1.000000
1930.032000 211.627200 1820.544000 731.252800 1.000000
1840.736000 1406.996800 1821.920000 1844.640000 1.000000
1854.064000 1247.185600 1822.880000 1684.288000 1.000000
1811.184000 1806.944000 1822.992000 2265.808000 1.000000
1785.904000 2164.176000 1825.456000 2665.168000 1.000000
1844.352000 1461.576000 1827.280000 1898.368000 1.000000
1840.432000 1538.720000 1831.488000 1979.856000 1.000000
1844.000000 1553.102400 1835.648000 1994.208000 1.000000
1796.528000 2173.360000 1835.728000 2675.408000 1.000000
1828.544000 1825.136000 1840.784000 2285.744000 1.000000
1944.304000 383.000000 1844.304000 876.440000 1.000000
1858.864000 1473.102400 1844.912000 1910.192000 1.000000
1867.584000 1418.200000 1849.712000 1854.240000 1.000000
1865.392000 1445.340800 1850.016000 1880.688000 1.000000
1868.832000 1418.148800 1851.872000 1854.000000 1.000000
1845.648000 1727.376000 1852.736000 2177.312000 1.000000
1813.536000 2101.440000 1853.104000 2590.688000 1.000000
1875.248000 1524.104000 1865.184000 1961.120000 1.000000
1872.224000 1580.596800 1867.088000 2020.272000 1.000000
1858.560000 1856.400000 1876.128000 2314.848000 1.000000
1833.584000 2174.176000 1877.008000 2674.944000 1.000000
1839.392000 2107.968000 1878.176000 2597.728000 1.000000
1849.120000 2006.800000 1878.944000 2477.456000 1.000000
1972.800000 508.470400 1882.768000 979.923200 1.000000
1879.584000 1724.592000 1886.720000 2173.664000 1.000000
1848.656000 2108.720000 1887.216000 2601.840000 1.000000
1830.112000 2369.600000 1890.192000 2905.136000 1.000000
1879.472000 1779.872000 1891.168000 2229.392000 1.000000
1870.208000 1887.872000 1891.664000 2351.248000 1.000000
1846.768000 2174.576000 1891.680000 2675.136000 1.000000
1850.944000 2169.552000 1895.520000 2668.704000 1.000000
1860.384000 2081.856000 1897.216000 2568.816000 1.000000
1981.296000 586.769600 1898.656000 1034.608000 1.000000
1837.648000 2382.800000 1898.944000 2920.272000 1.000000
1998.336000 445.608000 1902.032000 919.798400 1.000000
1860.208000 2209.984000 1909.664000 2713.824000 1.000000
1878.304000 1994.560000 1909.984000 2471.712000 1.000000
1878.320000 2043.696000 1912.816000 2522.400000 1.000000
1983.824000 868.948800 1919.680000 1305.633600 1.000000
2015.552000 532.328000 1922.496000 1000.652800 1.000000
2033.232000 291.555200 1924.144000 788.617600 1.000000
1887.552000 2055.248000 1924.592000 2533.968000 1.000000
1893.056000 2039.200000 1929.392000 2518.656000 1.000000
2048.336000 450.782400 1950.544000 910.710400 1.000000
1929.824000 1845.760000 1950.640000 2293.440000 1.000000
2059.696000 333.652800 1951.360000 830.993600 1.000000
1930.512000 2175.248000 1980.832000 2664.160000 1.000000
2142.576000 1591.696000 2242.192000 1436.443200 1.000000
2388.416000 261.388800 2264.224000 651.275200 1.000000
2171.168000 1580.846400 2276.704000 1414.691200 1.000000
2232.432000 1870.608000 2362.528000 1757.408000 1.000000
2257.440000 1828.784000 2386.848000 1700.848000 1.000000
2305.760000 1824.544000 2394.576000 1723.120000 1.000000
2286.848000 1811.808000 2429.024000 1767.680000 1.000000
2332.320000 1599.672000 2451.312000 1384.424000 1.000000
2341.744000 1605.616000 2458.832000 1394.364800 1.000000
2338.176000 1818.032000 2471.904000 1665.792000 1.000000
2342.176000 1851.536000 2479.680000 1703.216000 1.000000
2386.576000 1468.724800 2491.008000 1234.153600 1.000000
2406.032000 1368.860800 2499.776000 1127.667200 1.000000
2405.456000 1377.766400 2500.000000 1136.985600 1.000000
2403.616000 1415.075200 2501.952000 1175.056000 1.000000
2402.720000 1430.144000 2503.920000 1189.331200 1.000000
2422.976000 1417.689600 2524.400000 1172.683200 1.000000
2426.992000 1492.481600 2535.552000 1252.238400 1.000000
2439.968000 1404.208000 2536.208000 1153.990400 1.000000
2427.568000 1536.208000 2537.888000 1303.275200 1.000000
2430.256000 1492.614400 2539.536000 1252.235200 1.000000
2449.152000 1426.203200 2553.728000 1171.808000 1.000000
2459.664000 1422.718400 2564.336000 1164.435200 1.000000
2477.200000 1303.891200 2568.624000 1033.771200 1.000000
2476.688000 1317.992000 2570.880000 1044.416000 1.000000
2474.640000 1468.526400 2584.032000 1198.747200 1.000000
2458.544000 1694.944000 2591.936000 1471.411200 1.000000
2456.880000 1738.288000 2593.552000 1525.448000 1.000000
2476.800000 1720.368000 2613.264000 1498.873600 1.000000
2480.304000 1723.328000 2617.536000 1502.268800 1.000000
2502.576000 1507.204800 2620.368000 1235.161600 1.000000
2504.560000 1529.675200 2627.792000 1260.630400 1.000000
2515.024000 1482.667200 2629.968000 1212.808000 1.000000
2502.512000 1669.664000 2636.480000 1428.444800 1.000000
2507.696000 1688.688000 2643.216000 1453.187200 1.000000
2503.280000 1742.416000 2645.184000 1517.200000 1.000000
2507.808000 1719.744000 2647.168000 1489.264000 1.000000
2523.776000 1621.568000 2652.944000 1374.328000 1.000000
2518.512000 1701.760000 2655.632000 1465.238400 1.000000
2521.328000 1736.096000 2661.600000 1503.100800 1.000000
2525.472000 1716.000000 2665.712000 1479.140800 1.000000
2530.752000 1688.656000 2668.176000 1446.326400 1.000000
2546.976000 1745.776000 2694.480000 1503.984000 1.000000
2565.232000 1719.232000 2707.408000 1471.340800 1.000000
2572.000000 1681.280000 2711.888000 1424.838400 1.000000
2573.040000 1723.280000 2717.968000 1473.380800 1.000000
2578.624000 1684.480000 2719.840000 1426.478400 1.000000
2580.960000 1708.112000 2726.592000 1451.875200 1.000000
2583.856000 1697.488000 2727.520000 1438.545600 1.000000
2593.632000 1615.088000 2727.936000 1339.788800 1.000000
2593.184000 1677.680000 2734.832000 1411.321600 1.000000
2592.080000 1696.928000 2736.304000 1435.012800 1.000000
2670.464000 1078.617600 2736.848000 781.340800 1.000000
2593.072000 1708.624000 2738.480000 1446.625600 1.000000
2602.864000 1693.824000 2748.256000 1424.329600 1.000000
2620.608000 1666.336000 2763.808000 1384.833600 1.000000
2619.280000 1737.328000 2770.368000 1467.833600 1.000000
2635.072000 1727.952000 2787.552000 1450.521600 1.000000
2636.784000 1720.736000 2787.632000 1441.878400 1.000000
2611.136000 529.862400 2810.272000 193.852800 1.000000
3000.832000 1256.460800 3123.632000 785.721600 1.000000
3317.152000 720.883200 3389.968000 973.622400 1.000000
3594.640000 2495.184000 3993.776000 1916.432000 1.000000
