91.199040 846.763200 12.869504 1186.003200 1.000000
94.794880 907.212800 15.055680 1246.036800 1.000000
117.187840 2398.768000 18.303840 2790.480000 1.000000
97.307680 851.753600 18.439200 1190.619200 1.000000
113.438080 2009.936000 19.105760 2368.320000 1.000000
102.386720 906.182400 22.490240 1243.936000 1.000000
104.126880 914.444800 24.050400 1250.822400 1.000000
104.072320 854.787200 26.256640 1192.323200 1.000000
111.965600 1088.516800 30.176320 1425.545600 1.000000
116.214400 1208.587200 34.320000 1541.833600 1.000000
116.414400 903.003200 37.137280 1239.227200 1.000000
117.323360 852.030400 38.795360 1189.457600 1.000000
144.208320 2570.096000 45.458560 2978.256000 1.000000
130.171680 1268.777600 46.064640 1599.819200 1.000000
149.661600 2581.552000 48.228160 2991.824000 1.000000
128.116640 895.270400 50.455840 1232.568000 1.000000
147.398080 2036.944000 54.454080 2397.152000 1.000000
149.640800 2333.840000 54.743040 2716.848000 1.000000
133.900000 909.595200 55.053280 1244.913600 1.000000
148.631360 1967.472000 56.250240 2323.536000 1.000000
150.935680 1951.952000 58.822240 2308.656000 1.000000
154.159840 2343.344000 59.310560 2727.184000 1.000000
159.908960 2460.576000 63.084320 2856.000000 1.000000
157.988960 2356.688000 64.674560 2741.056000 1.000000
159.759200 2023.424000 65.900480 2382.304000 1.000000
151.938400 1554.379200 65.933120 1891.472000 1.000000
153.719360 1586.032000 66.672160 1924.144000 1.000000
159.850240 1996.912000 67.796320 2355.248000 1.000000
160.016000 2048.272000 67.909920 2409.712000 1.000000
152.381280 1262.262400 69.095040 1594.124800 1.000000
160.134400 1955.936000 69.624320 2309.904000 1.000000
166.284800 2465.952000 69.821120 2862.048000 1.000000
164.654400 2008.656000 71.553760 2366.288000 1.000000
164.713600 2064.816000 72.354720 2426.048000 1.000000
154.698400 915.585600 76.086240 1250.356800 1.000000
160.092800 1266.708800 76.767680 1597.553600 1.000000
170.752000 2572.416000 77.223680 2978.368000 1.000000
172.929600 1574.657600 85.548640 1912.352000 1.000000
183.393600 2459.360000 86.815040 2853.936000 1.000000
178.136000 1977.408000 87.343680 2333.440000 1.000000
179.067200 2001.792000 89.632800 2358.464000 1.000000
184.150400 2356.192000 90.890240 2734.880000 1.000000
172.632000 852.072000 95.580640 1187.411200 1.000000
194.678400 2474.848000 99.009600 2871.344000 1.000000
182.251200 1286.124800 99.089120 1617.360000 1.000000
195.684800 2428.304000 99.564160 2821.200000 1.000000
193.828800 2317.632000 100.589920 2697.264000 1.000000
179.006400 855.344000 102.264640 1188.988800 1.000000
190.784000 1540.971200 104.279200 1875.536000 1.000000
202.545600 2410.480000 108.312960 2797.824000 1.000000
198.556800 1985.312000 108.685920 2338.176000 1.000000
186.244800 866.707200 108.982240 1200.585600 1.000000
211.003200 2479.792000 117.546240 2874.496000 1.000000
195.148800 876.696000 117.581280 1210.923200 1.000000
211.516800 2439.920000 118.897120 2831.296000 1.000000
196.406400 942.116800 118.975840 1275.312000 1.000000
198.270400 971.939200 119.958560 1304.360000 1.000000
209.945600 1910.832000 120.333120 2259.504000 1.000000
205.035200 1514.204800 120.715680 1849.152000 1.000000
198.468800 857.353600 121.296640 1190.441600 1.000000
214.235200 2453.824000 121.304160 2846.256000 1.000000
199.395200 1156.492800 122.448320 1482.412800 1.000000
207.760000 1333.593600 124.663680 1663.840000 1.000000
218.473600 2481.344000 125.492160 2875.888000 1.000000
213.196800 1713.088000 126.235520 2053.520000 1.000000
213.537600 1516.920000 128.190240 1850.736000 1.000000
221.606400 1898.064000 133.106240 2245.424000 1.000000
212.524800 889.740800 135.543360 1222.048000 1.000000
228.619200 2274.416000 136.281440 2652.688000 1.000000
228.753600 2385.472000 136.535040 2771.312000 1.000000
216.240000 896.323200 139.289120 1229.225600 1.000000
234.419200 2078.112000 144.659840 2436.928000 1.000000
236.476800 2094.144000 146.289440 2453.488000 1.000000
239.499200 2585.568000 146.882240 2991.744000 1.000000
231.817600 1523.884800 147.140480 1856.464000 1.000000
223.662400 797.820800 147.383040 1133.592000 1.000000
226.283200 977.377600 148.833920 1307.104000 1.000000
234.582400 1339.264000 151.868000 1667.584000 1.000000
238.748800 1893.616000 152.075840 2239.920000 1.000000
235.262400 1163.649600 154.539360 1491.080000 1.000000
248.865600 2213.760000 159.744480 2584.208000 1.000000
251.044800 2292.320000 160.681600 2671.088000 1.000000
250.091200 2390.272000 160.963200 2773.392000 1.000000
252.371200 2543.872000 161.056000 2945.664000 1.000000
239.084800 799.387200 162.369600 1134.534400 1.000000
251.742400 2368.416000 162.611200 2750.256000 1.000000
254.297600 2583.472000 163.025600 2987.952000 1.000000
251.755200 2147.888000 163.171200 2510.560000 1.000000
256.638400 2523.712000 166.000000 2922.272000 1.000000
254.820800 1514.729600 169.286400 1847.488000 1.000000
259.913600 2401.664000 170.540800 2785.392000 1.000000
261.068800 2357.616000 171.867200 2737.808000 1.000000
259.201600 1761.952000 172.923200 2102.656000 1.000000
263.700800 2379.344000 173.326400 2763.040000 1.000000
263.931200 2532.384000 174.267200 2930.032000 1.000000
264.982400 2148.624000 176.681600 2510.912000 1.000000
267.620800 2416.528000 178.246400 2800.656000 1.000000
264.027200 1491.920000 180.088000 1822.640000 1.000000
269.270400 2524.608000 180.316800 2921.344000 1.000000
263.033600 1155.473600 182.260800 1484.116800 1.000000
273.072000 2157.680000 185.424000 2519.024000 1.000000
263.600000 962.838400 186.059200 1292.625600 1.000000
271.753600 1779.776000 186.163200 2118.256000 1.000000
269.009600 1461.449600 186.652800 1790.944000 1.000000
271.942400 1475.808000 188.648000 1804.976000 1.000000
277.356800 957.478400 201.838400 1285.172800 1.000000
289.422400 1809.104000 203.123200 2149.952000 1.000000
287.065600 1459.056000 204.784000 1787.888000 1.000000
306.465600 1816.960000 221.328000 2157.536000 1.000000
308.342400 2207.536000 221.702400 2572.160000 1.000000
307.547200 2173.408000 222.332800 2535.616000 1.000000
311.536000 2193.440000 225.673600 2557.168000 1.000000
306.500800 1049.769600 229.017600 1374.598400 1.000000
320.003200 1800.752000 236.384000 2139.648000 1.000000
321.000000 1460.542400 238.553600 1788.880000 1.000000
325.424000 1048.833600 247.881600 1374.656000 1.000000
326.665600 1085.440000 248.955200 1410.801600 1.000000
337.630400 1052.249600 260.910400 1377.870400 1.000000
343.545600 1076.278400 266.324800 1400.385600 1.000000
354.289600 2208.944000 269.769600 2571.264000 1.000000
348.688000 1056.068800 270.872000 1381.254400 1.000000
354.054400 1085.584000 276.486400 1409.998400 1.000000
382.494400 2459.472000 300.227200 2845.536000 1.000000
380.672000 1107.123200 303.379200 1429.276800 1.000000
393.411200 1138.585600 316.944000 1458.704000 1.000000
403.356800 2463.728000 322.617600 2846.928000 1.000000
404.228800 2397.456000 325.211200 2773.376000 1.000000
407.742400 1129.620800 331.705600 1449.372800 1.000000
421.691200 2271.712000 341.232000 2636.016000 1.000000
422.238400 2446.336000 342.140800 2829.936000 1.000000
424.228800 1904.576000 342.620800 2244.384000 1.000000
424.478400 2216.672000 344.856000 2574.112000 1.000000
421.152000 991.771200 346.849600 1314.708800 1.000000
428.329600 2158.736000 348.996800 2515.088000 1.000000
430.707200 2295.456000 350.371200 2663.232000 1.000000
435.316800 2194.304000 354.420800 2552.512000 1.000000
438.801600 2284.640000 359.107200 2651.520000 1.000000
443.628800 2272.416000 361.200000 2638.224000 1.000000
452.145600 2036.208000 371.358400 2384.464000 1.000000
450.086400 988.176000 374.256000 1308.820800 1.000000
456.340800 1927.280000 375.838400 2266.640000 1.000000
451.992000 1165.361600 375.848000 1484.476800 1.000000
460.627200 1688.368000 382.758400 2015.664000 1.000000
458.840000 1001.019200 384.720000 1321.913600 1.000000
461.545600 1192.121600 385.964800 1509.688000 1.000000
466.680000 2024.528000 387.235200 2369.920000 1.000000
463.372800 1173.236800 387.323200 1491.676800 1.000000
474.900800 2251.952000 393.603200 2613.888000 1.000000
473.742400 1566.652800 394.892800 1888.128000 1.000000
472.643200 875.750400 398.836800 1199.739200 1.000000
472.627200 1097.779200 400.096000 1403.064000 1.000000
476.097600 1182.336000 400.273600 1500.134400 1.000000
478.571200 2343.008000 401.555200 2712.544000 1.000000
481.361600 1581.660800 402.825600 1903.360000 1.000000
481.580800 2394.128000 405.838400 2767.376000 1.000000
481.923200 941.323200 408.107200 1263.177600 1.000000
487.443200 2342.064000 410.496000 2709.120000 1.000000
494.177600 2332.016000 416.987200 2700.400000 1.000000
493.572800 1460.923200 417.667200 1779.984000 1.000000
494.116800 248.278400 418.785600 618.840000 1.000000
496.478400 1236.267200 420.016000 1553.323200 1.000000
499.627200 237.019200 424.092800 608.844800 1.000000
498.980800 923.435200 424.936000 1243.993600 1.000000
499.137600 907.214400 425.436800 1227.688000 1.000000
502.355200 1161.792000 426.726400 1480.748800 1.000000
504.672000 939.331200 430.464000 1257.921600 1.000000
509.491200 238.180800 434.188800 609.094400 1.000000
509.451200 1300.865600 434.577600 1617.968000 1.000000
512.408000 1247.009600 436.878400 1564.180800 1.000000
513.054400 58.551040 438.195200 425.099200 1.000000
514.260800 165.212800 438.793600 525.931200 1.000000
516.424000 1180.875200 441.574400 1496.910400 1.000000
494.216000 5.321904 441.988800 5.258896 1.000000
519.200000 830.814400 445.648000 1152.556800 1.000000
521.193600 338.881600 446.107200 703.612800 1.000000
524.974400 2005.584000 448.392000 2345.824000 1.000000
523.017600 1146.723200 448.939200 1461.812800 1.000000
527.161600 1065.017600 453.504000 1381.811200 1.000000
526.840000 839.243200 453.894400 1161.825600 1.000000
527.926400 2333.264000 454.334400 2699.824000 1.000000
528.339200 946.870400 454.521600 1266.782400 1.000000
529.841600 1100.873600 455.752000 1410.176000 1.000000
536.264000 1242.913600 460.912000 1557.945600 1.000000
538.043200 946.401600 465.419200 1265.201600 1.000000
545.798400 1282.364800 471.932800 1595.792000 1.000000
548.747200 251.334400 476.579200 616.204800 1.000000
553.867200 953.062400 480.680000 1268.963200 1.000000
568.019200 51.531680 484.324800 415.800000 1.000000
571.875200 391.905600 487.611200 742.324800 1.000000
574.203200 407.984000 499.433600 766.272000 1.000000
578.488000 283.988800 500.910400 641.492800 1.000000
575.376000 1115.169600 501.836800 1422.502400 1.000000
575.923200 2320.320000 502.939200 2683.200000 1.000000
595.398400 198.985600 515.417600 564.803200 1.000000
594.024000 838.193600 521.628800 1156.598400 1.000000
591.180800 2471.056000 521.912000 2845.104000 1.000000
600.003200 1007.428800 527.667200 1322.356800 1.000000
607.585600 163.451200 531.171200 532.179200 1.000000
612.537600 132.048960 533.926400 501.620800 1.000000
610.520000 1019.830400 538.136000 1333.128000 1.000000
610.963200 1226.134400 538.152000 1536.825600 1.000000
618.718400 291.416000 542.198400 653.763200 1.000000
617.145600 1020.128000 544.228800 1332.507200 1.000000
624.676800 24.695360 545.534400 397.430400 1.000000
627.585600 140.540480 551.060800 509.118400 1.000000
630.707200 270.555200 555.520000 629.752000 1.000000
641.060800 463.358400 567.228800 818.409600 1.000000
646.072000 150.518560 568.947200 513.480000 1.000000
649.499200 176.544000 572.952000 538.376000 1.000000
648.017600 843.030400 578.438400 1160.268800 1.000000
655.771200 191.260800 579.545600 552.200000 1.000000
656.556800 233.168000 580.766400 594.126400 1.000000
652.244800 2142.912000 580.910400 2489.136000 1.000000
655.755200 1018.300800 583.395200 1329.171200 1.000000
661.062400 358.449600 585.036800 716.379200 1.000000
663.940800 334.132800 588.472000 694.073600 1.000000
666.256000 279.019200 590.502400 636.268800 1.000000
670.148800 228.619200 594.041600 587.216000 1.000000
667.475200 145.369440 595.136000 513.952000 1.000000
673.816000 302.017600 595.953600 660.352000 1.000000
680.113600 389.315200 603.595200 744.577600 1.000000
681.766400 217.473600 603.814400 574.715200 1.000000
681.500800 373.771200 606.729600 731.868800 1.000000
683.673600 406.825600 609.444800 763.049600 1.000000
685.430400 932.705600 613.588800 1243.089600 1.000000
686.708800 1509.388800 614.620800 1822.752000 1.000000
690.404800 387.739200 615.427200 744.316800 1.000000
682.881600 2510.176000 618.785600 2884.048000 1.000000
700.852800 282.107200 624.809600 634.536000 1.000000
689.024000 2574.912000 626.576000 2954.736000 1.000000
703.120000 404.726400 627.232000 758.995200 1.000000
703.180800 176.345600 630.372800 536.001600 1.000000
706.518400 451.281600 630.505600 798.286400 1.000000
705.814400 848.417600 632.276800 1162.308800 1.000000
705.145600 1481.958400 634.347200 1792.352000 1.000000
711.404800 539.102400 637.224000 879.827200 1.000000
708.596800 379.241600 637.275200 740.064000 1.000000
706.899200 2185.760000 639.248000 2531.744000 1.000000
704.806400 2206.880000 640.241600 2550.672000 1.000000
715.267200 858.892800 643.457600 1169.713600 1.000000
724.969600 550.307200 644.534400 893.041600 1.000000
717.176000 1428.155200 647.051200 1737.312000 1.000000
714.368000 2539.840000 651.859200 2914.928000 1.000000
720.958400 1786.976000 651.864000 2106.928000 1.000000
722.350400 1824.288000 653.008000 2145.168000 1.000000
731.544000 472.745600 653.312000 821.206400 1.000000
723.217600 2170.128000 656.385600 2514.656000 1.000000
733.740800 1485.638400 662.244800 1796.000000 1.000000
738.043200 525.667200 663.084800 869.787200 1.000000
725.073600 2508.272000 663.470400 2881.760000 1.000000
745.259200 469.481600 670.289600 814.172800 1.000000
748.979200 515.467200 674.107200 860.192000 1.000000
751.529600 532.715200 675.680000 875.924800 1.000000
748.155200 850.889600 676.916800 1162.958400 1.000000
748.246400 1456.692800 678.328000 1763.904000 1.000000
748.849600 2149.584000 681.352000 2490.400000 1.000000
760.398400 541.019200 685.206400 885.457600 1.000000
765.756800 1845.584000 698.440000 2164.864000 1.000000
772.851200 303.468800 698.680000 632.161600 1.000000
767.358400 1436.129600 699.051200 1742.128000 1.000000
779.680000 576.857600 705.209600 921.944000 1.000000
766.084800 2613.744000 707.377600 2996.848000 1.000000
783.545600 1496.555200 714.243200 1802.048000 1.000000
789.529600 1065.086400 718.897600 1369.425600 1.000000
790.424000 1511.812800 722.782400 1818.016000 1.000000
794.676800 1522.345600 728.593600 1829.776000 1.000000
797.550400 1493.761600 728.713600 1798.688000 1.000000
802.280000 358.587200 730.009600 683.300800 1.000000
800.608000 1871.136000 733.860800 2191.168000 1.000000
809.134400 856.323200 736.324800 1165.396800 1.000000
807.009600 1171.376000 738.067200 1475.539200 1.000000
806.579200 1380.598400 739.393600 1682.832000 1.000000
821.705600 576.760000 745.401600 918.529600 1.000000
825.838400 178.772800 747.971200 478.641600 1.000000
825.008000 927.588800 754.177600 1232.009600 1.000000
810.958400 2581.296000 755.059200 2959.728000 1.000000
824.622400 1386.145600 756.249600 1687.856000 1.000000
826.707200 1204.272000 757.699200 1504.596800 1.000000
814.753600 2571.456000 758.028800 2948.416000 1.000000
831.596800 858.865600 760.731200 1166.590400 1.000000
820.977600 2449.520000 762.120000 2812.512000 1.000000
841.961600 335.041600 766.758400 659.752000 1.000000
836.787200 962.452800 766.985600 1266.100800 1.000000
843.123200 1114.854400 774.249600 1410.768000 1.000000
847.545600 860.361600 775.372800 1167.643200 1.000000
852.777600 348.705600 778.942400 672.147200 1.000000
851.742400 509.304000 781.798400 848.078400 1.000000
859.104000 881.265600 787.660800 1186.382400 1.000000
851.505600 1925.744000 788.705600 2246.768000 1.000000
861.292800 915.977600 790.545600 1220.376000 1.000000
862.390400 978.825600 792.636800 1280.681600 1.000000
851.331200 2408.624000 793.848000 2766.384000 1.000000
867.670400 899.100800 796.771200 1203.472000 1.000000
870.481600 927.179200 799.900800 1229.918400 1.000000
867.100800 1941.296000 803.416000 2259.696000 1.000000
876.304000 1031.648000 807.000000 1336.408000 1.000000
891.611200 345.521600 815.905600 667.496000 1.000000
876.548800 2034.240000 817.379200 2358.432000 1.000000
884.596800 1279.656000 817.444800 1576.764800 1.000000
888.100800 1147.755200 819.720000 1446.552000 1.000000
876.980800 2333.536000 820.390400 2683.920000 1.000000
890.177600 957.014400 821.027200 1258.049600 1.000000
888.990400 1607.216000 825.318400 1911.376000 1.000000
888.571200 2016.000000 828.008000 2339.808000 1.000000
899.750400 866.940800 829.483200 1171.769600 1.000000
902.449600 917.273600 832.560000 1218.580800 1.000000
887.873600 2387.520000 834.324800 2739.936000 1.000000
910.027200 881.680000 837.720000 1185.524800 1.000000
900.374400 1968.832000 839.737600 2287.936000 1.000000
907.630400 1271.875200 840.732800 1569.649600 1.000000
911.990400 966.691200 841.811200 1265.486400 1.000000
913.412800 1261.996800 847.195200 1560.961600 1.000000
922.624000 987.545600 854.051200 1288.512000 1.000000
926.144000 930.172800 855.867200 1231.467200 1.000000
917.444800 1962.592000 856.942400 2282.656000 1.000000
926.865600 946.286400 857.248000 1246.364800 1.000000
923.777600 1263.760000 857.342400 1560.184000 1.000000
931.728000 1427.124800 866.918400 1724.544000 1.000000
927.584000 2001.456000 868.416000 2322.784000 1.000000
940.062400 927.860800 869.619200 1227.691200 1.000000
935.856000 1464.974400 870.838400 1766.224000 1.000000
940.270400 1026.902400 871.084800 1326.320000 1.000000
924.680000 2394.128000 871.278400 2746.928000 1.000000
937.468800 1532.995200 873.558400 1830.560000 1.000000
939.900800 1286.624000 873.883200 1581.894400 1.000000
950.177600 961.643200 880.988800 1259.140800 1.000000
959.272000 346.806400 881.704000 666.784000 1.000000
959.672000 358.177600 882.241600 677.043200 1.000000
956.771200 1209.796800 890.641600 1500.081600 1.000000
961.057600 942.691200 891.286400 1240.553600 1.000000
948.185600 2409.792000 896.342400 2762.992000 1.000000
967.291200 873.547200 896.814400 1175.473600 1.000000
966.672000 915.806400 897.030400 1214.300800 1.000000
966.803200 1019.556800 898.633600 1316.296000 1.000000
962.201600 1967.088000 902.942400 2284.816000 1.000000
963.840000 2039.168000 907.816000 2361.728000 1.000000
978.716800 873.864000 908.297600 1175.604800 1.000000
965.774400 2421.440000 915.686400 2775.440000 1.000000
985.747200 961.195200 916.531200 1254.612800 1.000000
982.169600 1596.707200 919.420800 1896.880000 1.000000
985.230400 1273.401600 919.784000 1566.204800 1.000000
979.304000 2295.552000 926.713600 2635.824000 1.000000
1010.606400 376.201600 932.788800 692.097600 1.000000
1010.854400 365.166400 933.571200 682.400000 1.000000
980.532800 2431.344000 934.244800 2784.560000 1.000000
999.000000 1283.700800 934.345600 1575.750400 1.000000
1001.080000 1243.089600 934.784000 1535.747200 1.000000
1001.856000 1306.033600 938.100800 1597.172800 1.000000
1008.457600 1208.555200 942.001600 1501.313600 1.000000
1006.057600 1400.316800 942.428800 1691.856000 1.000000
993.064000 2427.696000 944.123200 2783.664000 1.000000
1024.924800 374.747200 949.112000 691.144000 1.000000
1016.008000 1213.846400 950.260800 1505.844800 1.000000
1014.784000 1292.713600 950.537600 1584.038400 1.000000
1027.620800 703.368000 952.625600 1031.595200 1.000000
1024.942400 886.875200 953.833600 1186.504000 1.000000
1017.926400 1310.502400 954.297600 1602.928000 1.000000
1032.576000 358.038400 955.179200 675.112000 1.000000
1022.284800 1722.992000 962.430400 2022.800000 1.000000
1033.651200 879.588800 962.681600 1178.299200 1.000000
1034.388800 1053.376000 966.452800 1344.768000 1.000000
1030.681600 2109.456000 978.140800 2432.944000 1.000000
1039.489600 1489.795200 978.232000 1781.440000 1.000000
1039.830400 1454.803200 978.267200 1746.768000 1.000000
1032.312000 2258.368000 981.835200 2594.224000 1.000000
1028.225600 2469.920000 982.225600 2824.832000 1.000000
1041.304000 1762.944000 982.780800 2062.256000 1.000000
1049.505600 1218.923200 983.916800 1509.148800 1.000000
1056.080000 1165.846400 989.316800 1457.968000 1.000000
1048.908800 1784.720000 991.723200 2086.288000 1.000000
1051.979200 1739.904000 995.046400 2040.560000 1.000000
1057.955200 1448.096000 995.561600 1739.040000 1.000000
1061.928000 1194.688000 996.425600 1484.899200 1.000000
1059.835200 1761.632000 1002.568000 2061.648000 1.000000
1046.854400 2489.056000 1003.041600 2845.184000 1.000000
1077.152000 1161.014400 1011.116800 1449.656000 1.000000
1081.172800 1118.092800 1014.425600 1406.452800 1.000000
1071.300800 1834.160000 1015.932800 2136.624000 1.000000
1095.622400 358.544000 1017.616000 673.220800 1.000000
1078.396800 1458.715200 1018.804800 1749.088000 1.000000
1075.651200 1804.720000 1020.393600 2105.696000 1.000000
1082.142400 1778.640000 1025.304000 2078.832000 1.000000
1071.832000 2339.808000 1026.096000 2679.712000 1.000000
1105.280000 376.052800 1027.148800 688.993600 1.000000
1101.870400 1167.112000 1036.675200 1454.732800 1.000000
1094.908800 2133.600000 1045.099200 2454.448000 1.000000
1092.259200 2195.120000 1045.756800 2519.168000 1.000000
1106.673600 1485.980800 1047.076800 1774.688000 1.000000
1113.915200 1109.760000 1047.089600 1398.308800 1.000000
1090.856000 2514.080000 1048.915200 2870.864000 1.000000
1116.412800 1169.137600 1051.040000 1457.084800 1.000000
1151.217600 368.494400 1071.992000 681.096000 1.000000
1157.483200 1095.376000 1091.284800 1381.478400 1.000000
1165.121600 1171.766400 1100.761600 1457.756800 1.000000
1172.592000 1100.275200 1106.099200 1386.057600 1.000000
1172.873600 1187.737600 1108.699200 1471.953600 1.000000
1147.996800 2483.056000 1110.004800 2833.632000 1.000000
1189.196800 406.368000 1110.825600 715.113600 1.000000
1178.201600 1081.036800 1113.340800 1364.440000 1.000000
1159.892800 2202.736000 1115.059200 2525.888000 1.000000
1178.294400 1203.758400 1115.304000 1488.219200 1.000000
1181.236800 1440.995200 1121.360000 1726.384000 1.000000
1183.566400 1396.257600 1122.728000 1680.736000 1.000000
1194.436800 1056.448000 1127.596800 1341.664000 1.000000
1193.280000 1412.430400 1132.620800 1697.136000 1.000000
1203.022400 896.041600 1133.524800 1185.472000 1.000000
1213.641600 408.043200 1133.875200 715.896000 1.000000
1202.035200 1162.881600 1136.595200 1442.843200 1.000000
1189.987200 1754.512000 1137.116800 2046.896000 1.000000
1209.441600 921.052800 1139.889600 1210.811200 1.000000
1223.472000 1061.585600 1157.139200 1345.059200 1.000000
1237.560000 890.166400 1165.124800 1178.144000 1.000000
1207.732800 2246.288000 1168.094400 2571.024000 1.000000
1253.368000 395.084800 1170.830400 702.923200 1.000000
1235.440000 1238.060800 1172.129600 1516.769600 1.000000
1224.611200 1933.472000 1176.452800 2235.008000 1.000000
1222.984000 2053.168000 1180.435200 2359.168000 1.000000
1244.268800 1263.545600 1183.374400 1545.372800 1.000000
1241.452800 1927.408000 1194.368000 2225.216000 1.000000
1270.470400 957.283200 1201.576000 1242.537600 1.000000
1269.649600 1016.928000 1202.052800 1299.870400 1.000000
1268.073600 1159.145600 1203.827200 1438.764800 1.000000
1269.262400 1113.964800 1204.014400 1393.374400 1.000000
1290.825600 332.739200 1205.814400 649.089600 1.000000
1254.180800 2296.880000 1216.379200 2624.960000 1.000000
1286.593600 980.145600 1218.430400 1264.374400 1.000000
1257.496000 2314.384000 1220.612800 2643.104000 1.000000
1310.609600 336.556800 1227.520000 650.860800 1.000000
1288.611200 1324.950400 1228.726400 1602.672000 1.000000
1267.264000 2342.496000 1232.720000 2673.584000 1.000000
1310.616000 898.270400 1239.192000 1183.316800 1.000000
1302.980800 1327.116800 1243.384000 1602.912000 1.000000
1328.544000 900.225600 1254.960000 1184.752000 1.000000
1336.921600 415.260800 1255.464000 718.436800 1.000000
1328.678400 965.632000 1258.908800 1247.316800 1.000000
1336.910400 911.243200 1267.673600 1195.206400 1.000000
1353.035200 403.049600 1269.571200 707.156800 1.000000
1302.152000 2352.688000 1270.246400 2682.272000 1.000000
1343.243200 1055.796800 1276.449600 1333.256000 1.000000
1317.779200 2005.584000 1277.273600 2305.600000 1.000000
1338.545600 1702.800000 1289.011200 1984.912000 1.000000
1335.027200 1944.352000 1292.094400 2239.152000 1.000000
1373.577600 768.200000 1295.444800 1078.073600 1.000000
1352.539200 1696.672000 1303.612800 1978.384000 1.000000
1348.163200 1956.640000 1306.297600 2251.792000 1.000000
1391.923200 667.206400 1310.945600 978.728000 1.000000
1396.848000 688.860800 1316.603200 1003.009600 1.000000
1405.443200 424.870400 1323.326400 726.262400 1.000000
1407.116800 460.905600 1327.240000 759.768000 1.000000
1409.115200 744.342400 1331.940800 1055.398400 1.000000
1358.667200 2407.424000 1332.987200 2739.504000 1.000000
1421.091200 660.758400 1339.446400 974.252800 1.000000
1426.872000 673.734400 1343.956800 985.566400 1.000000
1424.176000 715.940800 1346.648000 1029.819200 1.000000
1401.819200 1440.648000 1347.150400 1713.488000 1.000000
1427.187200 795.992000 1350.390400 1102.395200 1.000000
1404.910400 1551.848000 1353.488000 1825.680000 1.000000
1418.145600 1211.188800 1356.537600 1483.284800 1.000000
1402.963200 1767.056000 1357.992000 2048.864000 1.000000
1417.665600 1435.460800 1362.534400 1709.248000 1.000000
1393.040000 2439.680000 1369.100800 2772.528000 1.000000
1428.420800 1307.547200 1369.451200 1577.462400 1.000000
1410.587200 2098.832000 1375.800000 2400.400000 1.000000
1464.363200 421.961600 1376.483200 720.059200 1.000000
1428.177600 385.820800 1376.798400 693.571200 1.000000
1462.523200 670.353600 1383.684800 981.985600 1.000000
1473.628800 449.833600 1388.238400 745.832000 1.000000
1468.550400 1007.806400 1400.800000 1280.788800 1.000000
1465.881600 1139.499200 1401.195200 1411.523200 1.000000
1465.068800 1515.892800 1412.696000 1788.144000 1.000000
1433.971200 2501.824000 1415.257600 2838.960000 1.000000
1495.976000 793.200000 1418.404800 1098.366400 1.000000
1461.456000 1826.352000 1420.336000 2108.016000 1.000000
1464.000000 1844.064000 1423.681600 2126.240000 1.000000
1480.270400 1461.819200 1426.844800 1731.072000 1.000000
1480.868800 1486.870400 1428.243200 1758.256000 1.000000
1451.732800 2465.424000 1431.521600 2797.840000 1.000000
1477.254400 1788.832000 1434.267200 2068.848000 1.000000
1455.088000 2485.056000 1436.257600 2818.528000 1.000000
1478.360000 1813.760000 1436.734400 2094.272000 1.000000
1476.766400 1845.456000 1436.955200 2126.304000 1.000000
1495.739200 1482.107200 1443.451200 1752.624000 1.000000
1487.081600 2000.208000 1452.747200 2288.208000 1.000000
1491.593600 1966.576000 1455.704000 2255.600000 1.000000
1475.027200 2503.936000 1456.587200 2838.128000 1.000000
1492.870400 1985.904000 1456.972800 2275.888000 1.000000
1489.606400 2165.616000 1460.996800 2467.568000 1.000000
1526.422400 1462.916800 1473.544000 1730.768000 1.000000
1548.033600 990.747200 1478.681600 1260.283200 1.000000
1520.526400 1768.880000 1478.913600 2045.376000 1.000000
1518.600000 1845.904000 1479.710400 2125.072000 1.000000
1557.508800 946.084800 1486.836800 1218.201600 1.000000
1542.241600 1405.478400 1488.036800 1671.280000 1.000000
1517.745600 2121.120000 1488.369600 2418.000000 1.000000
1543.078400 1432.888000 1488.585600 1699.552000 1.000000
1555.584000 1027.374400 1488.852800 1297.902400 1.000000
1559.454400 971.182400 1491.052800 1244.113600 1.000000
1531.204800 1864.528000 1492.830400 2144.752000 1.000000
1549.028800 1465.609600 1495.216000 1731.984000 1.000000
1537.680000 1773.120000 1496.792000 2047.280000 1.000000
1522.040000 2203.456000 1496.977600 2506.480000 1.000000
1543.593600 1750.912000 1500.872000 2026.448000 1.000000
1573.003200 970.668800 1503.411200 1241.409600 1.000000
1574.396800 993.616000 1506.380800 1264.379200 1.000000
1575.192000 1043.643200 1508.822400 1310.467200 1.000000
1539.073600 2240.576000 1515.603200 2546.080000 1.000000
1585.451200 995.412800 1516.832000 1265.691200 1.000000
1585.507200 1054.220800 1518.168000 1322.390400 1.000000
1591.046400 942.452800 1520.611200 1214.248000 1.000000
1563.910400 1975.360000 1531.225600 2260.272000 1.000000
1584.476800 1611.488000 1538.464000 1877.808000 1.000000
1558.384000 2317.472000 1539.016000 2629.040000 1.000000
1574.936000 1927.024000 1540.172800 2204.992000 1.000000
1611.584000 993.756800 1542.124800 1262.056000 1.000000
1561.768000 2377.408000 1544.664000 2694.624000 1.000000
1612.208000 1044.939200 1545.472000 1312.323200 1.000000
1577.363200 2040.624000 1548.129600 2328.528000 1.000000
1570.030400 2396.144000 1554.416000 2714.000000 1.000000
1589.172800 1916.320000 1555.372800 2194.992000 1.000000
1586.854400 1998.688000 1555.497600 2282.864000 1.000000
1601.360000 2280.864000 1582.689600 2585.264000 1.000000
1675.664000 475.929600 1587.075200 763.377600 1.000000
1660.064000 960.392000 1589.888000 1228.867200 1.000000
1686.960000 406.371200 1593.323200 704.894400 1.000000
1666.832000 990.428800 1597.324800 1256.763200 1.000000
1692.144000 381.606400 1597.731200 680.857600 1.000000
1698.336000 399.926400 1604.928000 698.390400 1.000000
1699.728000 476.400000 1610.400000 764.297600 1.000000
1613.088000 2659.136000 1611.600000 3003.312000 1.000000
1616.288000 2640.080000 1613.760000 2982.240000 1.000000
1735.376000 950.585600 1665.328000 1216.238400 1.000000
1731.856000 1117.894400 1667.328000 1377.400000 1.000000
1781.408000 144.066080 1670.592000 465.331200 1.000000
1746.464000 962.568000 1675.392000 1227.147200 1.000000
1743.600000 1183.326400 1681.536000 1443.110400 1.000000
1742.704000 1216.948800 1684.096000 1471.016000 1.000000
1756.816000 957.174400 1687.712000 1222.241600 1.000000
1740.272000 1453.128000 1691.152000 1711.216000 1.000000
1788.992000 491.176000 1696.144000 774.108800 1.000000
1736.512000 1757.312000 1699.648000 2020.592000 1.000000
1753.840000 1419.571200 1701.312000 1674.816000 1.000000
1763.296000 1205.316800 1702.032000 1462.454400 1.000000
1752.592000 1439.772800 1702.144000 1693.728000 1.000000
1740.896000 1739.392000 1704.864000 2001.808000 1.000000
1716.592000 2395.520000 1708.848000 2704.496000 1.000000
1717.744000 2420.272000 1710.880000 2732.896000 1.000000
1735.472000 2151.520000 1715.152000 2436.704000 1.000000
1715.248000 2537.520000 1715.504000 2862.096000 1.000000
1744.800000 1893.984000 1715.776000 2162.304000 1.000000
1827.056000 132.155680 1716.656000 450.809600 1.000000
1760.624000 1540.843200 1717.920000 1794.736000 1.000000
1753.808000 1758.928000 1718.160000 2022.464000 1.000000
1744.432000 2083.952000 1723.376000 2363.488000 1.000000
1771.040000 1482.276800 1724.400000 1737.904000 1.000000
1828.624000 201.497600 1725.728000 511.952000 1.000000
1732.624000 2421.376000 1727.664000 2733.552000 1.000000
1751.136000 2110.720000 1730.992000 2393.056000 1.000000
1803.408000 1185.467200 1740.768000 1440.152000 1.000000
1792.288000 1505.504000 1743.856000 1761.152000 1.000000
1765.648000 2121.552000 1747.296000 2404.032000 1.000000
1793.072000 1522.193600 1748.144000 1777.264000 1.000000
1821.360000 979.542400 1752.496000 1239.016000 1.000000
1824.448000 1096.334400 1758.960000 1354.467200 1.000000
1821.072000 1205.622400 1758.960000 1460.523200 1.000000
1822.224000 932.744000 1759.440000 1201.232000 1.000000
1792.864000 1821.008000 1760.672000 2085.088000 1.000000
1795.328000 1841.248000 1762.768000 2106.912000 1.000000
1811.504000 1493.147200 1763.696000 1747.488000 1.000000
1839.104000 1001.358400 1767.360000 1258.388800 1.000000
1839.936000 988.176000 1768.640000 1248.020800 1.000000
1832.240000 1170.091200 1769.760000 1425.014400 1.000000
1866.320000 405.476800 1769.920000 693.209600 1.000000
1785.904000 2164.176000 1771.616000 2448.112000 1.000000
1838.144000 1150.848000 1774.704000 1405.619200 1.000000
1889.024000 112.420960 1775.728000 433.020800 1.000000
1811.184000 1806.944000 1779.328000 2069.184000 1.000000
1840.224000 1237.164800 1781.168000 1490.025600 1.000000
1796.528000 2173.360000 1781.264000 2458.864000 1.000000
1827.920000 1514.566400 1781.520000 1769.152000 1.000000
1850.208000 1231.488000 1789.840000 1484.320000 1.000000
1884.448000 463.305600 1791.072000 747.654400 1.000000
1855.136000 1141.392000 1791.104000 1395.030400 1.000000
1862.656000 1033.782400 1792.336000 1288.704000 1.000000
1795.376000 2431.136000 1794.048000 2739.776000 1.000000
1844.352000 1461.576000 1794.720000 1713.104000 1.000000
1813.536000 2101.440000 1795.808000 2380.560000 1.000000
1854.064000 1247.185600 1796.304000 1500.752000 1.000000
1840.432000 1538.720000 1796.560000 1790.576000 1.000000
1828.544000 1825.136000 1797.120000 2088.432000 1.000000
1910.160000 172.683200 1797.168000 487.656000 1.000000
1844.000000 1553.102400 1800.400000 1808.032000 1.000000
1915.856000 154.160960 1800.816000 472.838400 1.000000
1820.976000 2148.848000 1807.152000 2432.224000 1.000000
1912.560000 350.699200 1809.840000 643.894400 1.000000
1858.864000 1473.102400 1810.736000 1725.424000 1.000000
1872.928000 1276.243200 1814.560000 1528.259200 1.000000
1877.168000 1215.915200 1816.544000 1468.155200 1.000000
1865.392000 1445.340800 1816.944000 1697.600000 1.000000
1833.584000 2174.176000 1819.616000 2456.544000 1.000000
1915.456000 485.851200 1819.856000 766.401600 1.000000
1930.032000 211.627200 1820.128000 519.145600 1.000000
1834.592000 2187.952000 1822.496000 2472.848000 1.000000
1818.928000 2503.920000 1822.672000 2818.768000 1.000000
1840.992000 2048.976000 1823.136000 2322.112000 1.000000
1918.848000 465.040000 1823.392000 746.891200 1.000000
1839.392000 2107.968000 1824.080000 2384.736000 1.000000
1883.200000 1264.800000 1824.896000 1516.470400 1.000000
1849.120000 2006.800000 1826.832000 2274.192000 1.000000
1875.248000 1524.104000 1829.088000 1775.072000 1.000000
1858.560000 1856.400000 1830.592000 2118.368000 1.000000
1848.656000 2108.720000 1831.408000 2388.768000 1.000000
1937.040000 426.505600 1837.424000 716.979200 1.000000
1850.944000 2169.552000 1838.736000 2453.088000 1.000000
1944.304000 383.000000 1841.760000 672.523200 1.000000
1837.904000 2497.024000 1842.432000 2812.368000 1.000000
1870.208000 1887.872000 1843.344000 2153.600000 1.000000
1842.272000 2423.472000 1844.400000 2725.504000 1.000000
1879.584000 1724.592000 1844.480000 1982.352000 1.000000
1845.200000 2419.040000 1846.448000 2721.440000 1.000000
1944.784000 464.689600 1847.312000 743.564800 1.000000
1860.208000 2209.984000 1849.488000 2495.056000 1.000000
1844.960000 2534.656000 1851.776000 2850.560000 1.000000
1849.536000 2458.144000 1852.672000 2764.016000 1.000000
1878.320000 2043.696000 1861.008000 2314.160000 1.000000
1887.552000 2055.248000 1870.560000 2328.000000 1.000000
1893.056000 2039.200000 1875.648000 2311.632000 1.000000
1981.296000 586.769600 1888.768000 851.088000 1.000000
1880.944000 2546.944000 1890.192000 2727.968000 1.000000
1985.200000 557.235200 1890.688000 833.345600 1.000000
1982.592000 643.990400 1891.568000 925.843200 1.000000
1967.824000 1010.656000 1897.472000 1265.761600 1.000000
1962.976000 1098.510400 1897.664000 1338.801600 1.000000
2000.128000 415.921600 1897.728000 697.656000 1.000000
1929.824000 1845.760000 1902.288000 2101.664000 1.000000
2015.552000 532.328000 1915.488000 803.928000 1.000000
1930.512000 2175.248000 1920.768000 2454.416000 1.000000
2033.232000 291.555200 1923.552000 583.076800 1.000000
1996.048000 1194.948800 1935.168000 1433.633600 1.000000
2018.432000 965.667200 1944.304000 1217.622400 1.000000
2059.696000 333.652800 1950.784000 625.734400 1.000000
1998.864000 2497.776000 2015.248000 2796.800000 1.000000
2077.680000 1532.988800 2093.456000 1467.368000 1.000000
2092.672000 1609.840000 2107.680000 1546.824000 1.000000
2107.696000 1526.076800 2119.248000 1453.259200 1.000000
2149.376000 1588.252800 2171.552000 1511.779200 1.000000
2208.416000 1565.576000 2230.064000 1482.172800 1.000000
2233.856000 1407.563200 2240.224000 1321.561600 1.000000
2218.704000 1878.496000 2252.640000 1835.792000 1.000000
2232.432000 1870.608000 2266.416000 1824.720000 1.000000
2276.624000 1387.376000 2286.544000 1290.060800 1.000000
2263.456000 1842.624000 2297.504000 1788.336000 1.000000
2265.168000 1848.752000 2299.024000 1795.840000 1.000000
2269.424000 1915.040000 2307.824000 1870.368000 1.000000
2307.120000 1413.220800 2315.744000 1309.988800 1.000000
2318.352000 1522.460800 2338.096000 1419.084800 1.000000
2323.088000 1799.456000 2344.048000 1741.552000 1.000000
2328.128000 1482.894400 2344.816000 1374.668800 1.000000
2313.968000 1785.824000 2347.616000 1716.864000 1.000000
2316.096000 1835.232000 2350.336000 1772.704000 1.000000
2341.744000 1605.616000 2367.712000 1502.953600 1.000000
2316.688000 2665.360000 2369.408000 2912.176000 1.000000
2338.176000 1818.032000 2373.936000 1749.744000 1.000000
2337.408000 1872.320000 2376.800000 1811.616000 1.000000
2342.928000 1789.872000 2377.472000 1716.736000 1.000000
2379.968000 1504.931200 2401.760000 1388.555200 1.000000
2386.576000 1468.724800 2405.504000 1350.478400 1.000000
2381.888000 1567.758400 2407.056000 1454.987200 1.000000
2400.496000 1359.731200 2411.424000 1237.152000 1.000000
2391.840000 1584.534400 2417.952000 1470.307200 1.000000
2404.304000 1383.968000 2418.432000 1262.220800 1.000000
2406.032000 1368.860800 2418.896000 1245.528000 1.000000
2402.720000 1430.144000 2421.408000 1306.172800 1.000000
2420.528000 1338.187200 2432.032000 1211.705600 1.000000
2427.152000 1327.902400 2438.672000 1199.633600 1.000000
2422.976000 1417.689600 2440.112000 1292.830400 1.000000
2426.992000 1492.481600 2448.384000 1371.678400 1.000000
2430.256000 1492.614400 2451.904000 1371.115200 1.000000
2439.968000 1404.208000 2453.792000 1275.443200 1.000000
2442.128000 1417.553600 2460.208000 1288.892800 1.000000
2439.024000 1501.977600 2461.984000 1379.436800 1.000000
2444.960000 1382.697600 2462.160000 1251.150400 1.000000
2446.432000 1377.238400 2462.592000 1245.004800 1.000000
2449.152000 1426.203200 2468.656000 1295.969600 1.000000
2444.176000 1487.257600 2468.784000 1362.510400 1.000000
2445.360000 1554.699200 2471.552000 1435.224000 1.000000
2470.960000 1796.432000 2473.296000 1726.560000 1.000000
2452.544000 1500.224000 2476.368000 1373.830400 1.000000
2459.664000 1422.718400 2478.240000 1290.716800 1.000000
2460.896000 1417.668800 2480.048000 1284.961600 1.000000
2454.768000 1520.529600 2480.672000 1393.491200 1.000000
2454.912000 1525.368000 2481.312000 1398.313600 1.000000
2460.720000 1489.195200 2483.424000 1361.449600 1.000000
2456.944000 1547.480000 2484.384000 1424.804800 1.000000
2465.072000 1438.675200 2485.536000 1306.374400 1.000000
2462.560000 1506.094400 2487.568000 1376.302400 1.000000
2477.200000 1303.891200 2489.328000 1163.867200 1.000000
2477.232000 1332.454400 2491.648000 1190.828800 1.000000
2465.760000 1521.705600 2492.416000 1391.200000 1.000000
2469.712000 1500.163200 2494.112000 1369.800000 1.000000
2462.400000 1611.856000 2494.672000 1493.963200 1.000000
2460.864000 1681.168000 2496.448000 1568.526400 1.000000
2474.640000 1468.526400 2497.184000 1331.742400 1.000000
2457.568000 1817.328000 2500.512000 1726.832000 1.000000
2488.832000 1503.888000 2515.664000 1366.166400 1.000000
2493.936000 1444.499200 2516.528000 1306.529600 1.000000
2480.304000 1723.328000 2518.928000 1615.152000 1.000000
2481.760000 1728.256000 2521.360000 1620.016000 1.000000
2487.808000 1719.632000 2527.296000 1610.464000 1.000000
2502.576000 1507.204800 2528.736000 1368.036800 1.000000
2504.560000 1529.675200 2534.848000 1393.318400 1.000000
2502.512000 1669.664000 2539.232000 1550.190400 1.000000
2515.024000 1482.667200 2541.136000 1344.761600 1.000000
2507.696000 1688.688000 2545.472000 1570.833600 1.000000
2507.808000 1719.744000 2548.000000 1606.128000 1.000000
2518.512000 1701.760000 2557.328000 1584.808000 1.000000
2521.232000 1679.360000 2558.176000 1560.595200 1.000000
2471.712000 1811.456000 2558.624000 1688.160000 1.000000
2525.472000 1716.000000 2565.792000 1598.286400 1.000000
2539.312000 1683.856000 2578.784000 1561.616000 1.000000
2538.000000 1724.432000 2580.400000 1605.200000 1.000000
2565.232000 1719.232000 2606.336000 1595.990400 1.000000
2564.416000 1735.248000 2608.096000 1612.832000 1.000000
2748.928000 90.290240 2610.576000 277.488000 1.000000
2569.536000 1698.176000 2610.848000 1571.833600 1.000000
2752.288000 70.195520 2611.248000 256.971200 1.000000
2572.000000 1681.280000 2612.784000 1552.793600 1.000000
2575.520000 1672.192000 2615.488000 1542.372800 1.000000
2573.040000 1723.280000 2615.968000 1598.862400 1.000000
2580.960000 1708.112000 2624.608000 1580.003200 1.000000
2584.640000 1690.192000 2626.320000 1560.198400 1.000000
2583.856000 1697.488000 2626.688000 1568.008000 1.000000
2583.296000 1725.408000 2627.264000 1598.832000 1.000000
2585.600000 1713.600000 2628.624000 1584.345600 1.000000
2588.640000 1682.560000 2630.128000 1550.040000 1.000000
2593.744000 1659.040000 2633.632000 1523.260800 1.000000
2593.184000 1677.680000 2634.704000 1543.529600 1.000000
2592.080000 1696.928000 2634.912000 1565.280000 1.000000
2593.072000 1708.624000 2636.960000 1577.788800 1.000000
2650.464000 1096.881600 2640.192000 952.582400 1.000000
2599.776000 1680.400000 2641.280000 1543.670400 1.000000
2600.624000 1726.672000 2646.352000 1594.955200 1.000000
2602.864000 1693.824000 2646.672000 1558.000000 1.000000
2601.280000 1735.200000 2647.056000 1603.888000 1.000000
2608.416000 1701.216000 2652.112000 1565.155200 1.000000
2481.248000 1146.483200 2653.200000 900.932800 1.000000
2610.928000 1747.376000 2658.064000 1615.520000 1.000000
2662.000000 1131.328000 2659.312000 990.684800 1.000000
2614.912000 1713.472000 2660.672000 1576.753600 1.000000
2614.176000 1730.896000 2660.912000 1596.096000 1.000000
2614.064000 1743.104000 2661.520000 1610.144000 1.000000
2619.616000 1679.232000 2662.624000 1538.872000 1.000000
2620.608000 1666.336000 2663.008000 1523.574400 1.000000
2619.280000 1737.328000 2666.352000 1602.176000 1.000000
2670.464000 1078.617600 2668.816000 917.176000 1.000000
2627.488000 1733.440000 2674.672000 1595.817600 1.000000
2678.928000 1080.913600 2678.528000 917.628800 1.000000
2633.120000 1716.480000 2679.904000 1576.144000 1.000000
2635.072000 1727.952000 2682.960000 1588.580800 1.000000
2636.784000 1720.736000 2683.776000 1579.860800 1.000000
2861.584000 60.928800 2718.048000 228.004800 1.000000
2857.552000 121.974080 2718.800000 283.968000 1.000000
2867.776000 106.918560 2727.120000 271.905600 1.000000
2729.968000 1031.744000 2737.232000 847.995200 1.000000
2886.016000 58.655520 2740.240000 226.230400 1.000000
3044.624000 43.315680 2894.928000 181.652800 1.000000
2838.288000 2640.848000 2976.720000 2494.112000 1.000000
2902.464000 1566.358400 2987.536000 1234.913600 1.000000
2972.544000 1533.894400 3018.528000 1316.971200 1.000000
3000.832000 1256.460800 3032.448000 1001.473600 1.000000
3006.448000 1333.798400 3047.664000 1064.782400 1.000000
3493.488000 262.008000 3338.064000 86.121760 1.000000
3821.952000 8.358592 3652.752000 4.417776 1.000000
3847.088000 52.683840 3677.808000 53.848480 1.000000
3852.688000 72.555360 3684.848000 70.657440 1.000000
