500.560000 2845.456000 707.976000 119.114240 1.000000
1743.536000 2475.760000 1990.960000 42.308160 1.000000
1942.592000 2533.120000 2188.464000 143.963200 1.000000
1959.408000 2503.008000 2215.760000 125.004480 1.000000
2091.360000 2829.840000 2227.296000 463.601600 1.000000
2105.872000 2617.232000 2327.536000 263.636800 1.000000
2162.688000 2624.240000 2380.864000 286.776000 1.000000
2288.096000 2789.856000 2430.288000 476.664000 1.000000
2125.408000 2377.760000 2439.328000 70.008480 1.000000
2139.392000 2388.448000 2450.928000 83.386240 1.000000
2131.968000 2345.616000 2458.496000 47.224480 1.000000
2585.504000 1313.870400 2469.392000 1961.664000 1.000000
2570.640000 1190.854400 2470.832000 2043.776000 1.000000
2330.208000 2756.736000 2484.688000 466.494400 1.000000
2223.648000 2500.704000 2494.768000 197.278400 1.000000
2305.024000 2671.264000 2497.728000 376.643200 1.000000
2223.808000 2489.568000 2500.848000 189.022400 1.000000
2235.616000 2485.328000 2512.880000 188.635200 1.000000
2240.032000 2501.136000 2515.296000 204.769600 1.000000
2651.760000 1281.731200 2538.016000 1988.512000 1.000000
2245.712000 2447.024000 2540.208000 158.463360 1.000000
2213.360000 2329.136000 2557.232000 54.926240 1.000000
2599.296000 1210.372800 2581.424000 1792.704000 1.000000
2604.048000 1201.190400 2592.208000 1787.984000 1.000000
2621.360000 1328.492800 2621.792000 1561.433600 1.000000
2665.312000 1167.862400 2664.288000 1823.472000 1.000000
3151.440000 1890.256000 3223.712000 1115.540800 1.000000
