188.172800 1345.880000 26.694240 357.716800 1.000000
205.284800 1349.516800 46.852640 365.147200 1.000000
270.702400 1336.070400 116.284320 352.680000 1.000000
241.267200 728.284800 120.551200 19.614080 1.000000
266.064000 1382.769600 120.817280 408.787200 1.000000
268.836800 1393.294400 126.188320 419.448000 1.000000
281.185600 1379.814400 137.541760 401.134400 1.000000
134.926240 2595.504000 159.616960 1774.128000 1.000000
147.497120 2593.120000 170.827200 1772.912000 1.000000
180.873600 2596.288000 203.728000 1776.656000 1.000000
193.336000 2634.976000 219.756800 1812.592000 1.000000
249.833600 2611.984000 271.624000 1794.448000 1.000000
384.784000 1593.016000 274.944000 753.641600 1.000000
439.819200 1149.196800 288.433600 58.598560 1.000000
421.244800 1597.539200 314.329600 762.075200 1.000000
294.395200 2631.600000 315.200000 1816.896000 1.000000
354.988800 2127.856000 315.881600 1246.790400 1.000000
327.531200 2684.608000 350.916800 1873.520000 1.000000
343.513600 2647.888000 363.380800 1835.232000 1.000000
350.156800 2597.504000 364.790400 1787.680000 1.000000
352.934400 2627.648000 368.612800 1816.992000 1.000000
511.872000 1212.435200 368.958400 138.391040 1.000000
473.072000 1670.112000 377.864000 840.403200 1.000000
355.332800 2709.712000 380.699200 1896.256000 1.000000
359.526400 2670.784000 380.988800 1858.368000 1.000000
366.086400 2735.904000 392.464000 1924.224000 1.000000
370.544000 2688.016000 392.926400 1875.920000 1.000000
534.971200 1198.419200 394.475200 121.304640 1.000000
538.126400 1231.030400 402.086400 162.406400 1.000000
385.428800 2624.224000 403.139200 1814.864000 1.000000
395.358400 2658.928000 413.040000 1848.752000 1.000000
518.772800 1581.904000 415.780800 745.270400 1.000000
458.334400 2124.960000 421.552000 1252.723200 1.000000
562.852800 1163.364800 422.899200 84.816320 1.000000
405.633600 2664.576000 422.953600 1855.056000 1.000000
565.969600 1156.840000 423.366400 75.440000 1.000000
418.908800 2660.128000 433.769600 1854.272000 1.000000
421.249600 2639.424000 435.956800 1831.120000 1.000000
580.628800 1163.409600 440.992000 83.511680 1.000000
581.001600 1211.576000 447.777600 141.642560 1.000000
433.345600 2642.896000 448.972800 1835.600000 1.000000
440.784000 2703.680000 461.699200 1894.112000 1.000000
462.265600 2797.072000 486.156800 1990.528000 1.000000
605.033600 1405.089600 490.214400 454.180800 1.000000
560.894400 2545.424000 560.219200 1752.432000 1.000000
673.252800 1382.944000 564.006400 431.396800 1.000000
701.081600 1303.604800 588.851200 272.225600 1.000000
728.552000 1295.172800 621.323200 265.080000 1.000000
851.984000 1407.211200 764.436800 477.846400 1.000000
922.555200 2614.656000 904.563200 1833.424000 1.000000
997.707200 1278.576000 921.036800 276.888000 1.000000
1005.811200 1292.692800 931.027200 298.278400 1.000000
963.185600 2572.944000 938.564800 1795.904000 1.000000
1044.121600 1264.832000 970.929600 262.510400 1.000000
1012.873600 2577.536000 986.160000 1803.808000 1.000000
1059.600000 1188.436800 989.000000 150.354720 1.000000
1035.809600 2112.416000 997.795200 1284.440000 1.000000
1086.881600 1271.011200 1023.828800 257.356800 1.000000
1060.857600 2418.592000 1024.859200 1682.352000 1.000000
1069.160000 2522.032000 1036.798400 1759.472000 1.000000
1079.838400 2035.296000 1039.940800 1200.776000 1.000000
1079.160000 2549.456000 1047.203200 1782.608000 1.000000
1092.017600 2081.520000 1053.004800 1256.008000 1.000000
1116.256000 1186.616000 1054.612800 154.025600 1.000000
1118.996800 1101.620800 1054.809600 38.911360 1.000000
1120.817600 1213.564800 1061.086400 182.307200 1.000000
1120.420800 1234.316800 1063.854400 204.238400 1.000000
1100.553600 2533.376000 1065.419200 1771.120000 1.000000
1110.865600 2461.136000 1072.355200 1716.192000 1.000000
1134.235200 1092.115200 1074.049600 32.462560 1.000000
1121.267200 2509.232000 1085.499200 1751.968000 1.000000
1129.801600 2502.400000 1092.323200 1746.960000 1.000000
1151.001600 2476.496000 1111.035200 1727.136000 1.000000
1151.243200 2545.440000 1113.707200 1784.400000 1.000000
1152.600000 2556.848000 1115.657600 1793.024000 1.000000
1180.600000 1409.697600 1126.505600 505.513600 1.000000
1166.284800 2526.352000 1127.664000 1768.736000 1.000000
1173.937600 2059.936000 1135.068800 1232.752000 1.000000
1194.742400 1094.865600 1141.526400 41.236480 1.000000
1204.958400 1075.712000 1154.204800 18.420640 1.000000
1243.086400 1094.267200 1199.668800 47.800320 1.000000
1252.292800 1416.875200 1207.465600 523.329600 1.000000
1260.156800 1396.803200 1215.819200 501.377600 1.000000
1332.825600 2571.024000 1281.753600 1814.992000 1.000000
1307.899200 1287.908800 1283.368000 254.915200 1.000000
1339.572800 1267.414400 1312.467200 226.617600 1.000000
1353.971200 1390.899200 1321.369600 496.297600 1.000000
1382.059200 1223.596800 1362.304000 169.750400 1.000000
1396.067200 1215.558400 1378.004800 159.152320 1.000000
1410.872000 1299.760000 1393.638400 285.739200 1.000000
1418.731200 1407.444800 1394.828800 520.020800 1.000000
1402.787200 1213.043200 1396.926400 158.944480 1.000000
1436.966400 1409.992000 1414.816000 524.633600 1.000000
1446.872000 1396.753600 1424.798400 509.465600 1.000000
1448.964800 1384.312000 1425.948800 492.838400 1.000000
1462.235200 1420.358400 1441.534400 540.912000 1.000000
1515.190400 2050.368000 1475.396800 1250.764800 1.000000
1522.425600 2042.800000 1485.300800 1243.372800 1.000000
1530.995200 2057.936000 1492.233600 1262.366400 1.000000
1575.491200 2059.072000 1536.852800 1266.483200 1.000000
1606.480000 2474.688000 1539.136000 1749.568000 1.000000
1554.606400 1417.195200 1543.732800 544.929600 1.000000
1576.256000 1409.907200 1568.838400 538.531200 1.000000
1625.280000 1422.745600 1622.272000 560.982400 1.000000
1743.536000 2475.760000 1665.792000 1759.280000 1.000000
1724.432000 2110.592000 1670.128000 1429.187200 1.000000
1685.616000 1578.404800 1670.848000 838.192000 1.000000
1669.600000 1408.491200 1673.632000 543.948800 1.000000
1786.672000 2853.072000 1678.384000 2081.584000 1.000000
1739.312000 2147.504000 1680.864000 1471.512000 1.000000
1769.488000 2548.176000 1683.984000 1813.664000 1.000000
1803.088000 2872.208000 1691.760000 2096.720000 1.000000
1762.416000 2143.408000 1702.096000 1468.966400 1.000000
1731.296000 1865.296000 1707.008000 1065.782400 1.000000
1704.928000 1443.457600 1708.480000 593.699200 1.000000
1745.504000 1970.544000 1712.256000 1178.624000 1.000000
1707.008000 1402.758400 1714.944000 541.689600 1.000000
1767.968000 2050.240000 1726.640000 1269.256000 1.000000
1748.704000 1773.440000 1729.152000 983.366400 1.000000
1815.024000 2487.088000 1730.864000 1770.080000 1.000000
1773.936000 2043.936000 1734.384000 1263.203200 1.000000
1849.632000 2781.536000 1738.304000 2030.864000 1.000000
1846.672000 2599.568000 1752.000000 1865.264000 1.000000
1764.432000 1557.924800 1755.616000 815.052800 1.000000
1858.544000 2633.248000 1756.416000 1893.648000 1.000000
1750.032000 1434.571200 1758.800000 585.908800 1.000000
1821.984000 2181.808000 1759.440000 1508.936000 1.000000
1759.664000 1457.688000 1767.552000 618.014400 1.000000
1837.904000 2175.568000 1776.032000 1506.236800 1.000000
1841.616000 2194.272000 1778.224000 1524.872000 1.000000
1891.840000 2764.384000 1782.752000 2013.856000 1.000000
1855.408000 2230.752000 1787.216000 1558.840000 1.000000
1873.072000 2431.728000 1788.144000 1730.880000 1.000000
1754.576000 1287.868800 1788.976000 290.523200 1.000000
1872.752000 2280.512000 1798.544000 1609.936000 1.000000
1839.520000 2022.944000 1802.816000 1240.452800 1.000000
1764.608000 1241.214400 1805.232000 228.281600 1.000000
1760.336000 1158.152000 1805.712000 111.365120 1.000000
1882.352000 2273.200000 1809.056000 1602.320000 1.000000
1843.664000 1988.720000 1809.440000 1205.942400 1.000000
1944.320000 2944.016000 1810.064000 2146.272000 1.000000
1832.096000 1816.992000 1813.056000 1028.488000 1.000000
1851.088000 2003.520000 1815.216000 1221.929600 1.000000
1943.424000 2852.768000 1816.992000 2090.144000 1.000000
1887.984000 2259.776000 1817.424000 1588.848000 1.000000
1801.040000 1419.166400 1818.816000 571.836800 1.000000
1784.272000 1264.624000 1824.032000 265.088000 1.000000
1781.760000 1226.376000 1825.968000 216.576000 1.000000
1914.912000 2477.968000 1826.000000 1768.256000 1.000000
1830.704000 1565.403200 1827.360000 829.548800 1.000000
1846.592000 1803.344000 1828.256000 1016.004800 1.000000
1962.640000 2914.528000 1830.576000 2126.464000 1.000000
1779.552000 1145.798400 1832.288000 101.798720 1.000000
1786.720000 1160.232000 1838.752000 119.031360 1.000000
1788.816000 1146.859200 1843.792000 105.808480 1.000000
1933.744000 2415.632000 1846.368000 1721.376000 1.000000
1981.728000 2887.712000 1847.104000 2110.000000 1.000000
1811.008000 1179.027200 1862.336000 145.997120 1.000000
1957.232000 2481.120000 1862.480000 1772.560000 1.000000
1962.176000 2529.904000 1864.976000 1810.176000 1.000000
1967.584000 2468.736000 1873.200000 1764.416000 1.000000
1904.736000 1981.808000 1873.776000 1204.923200 1.000000
1815.648000 1143.851200 1874.304000 103.479040 1.000000
1872.880000 1540.480000 1875.760000 803.849600 1.000000
1896.720000 1878.400000 1876.048000 1092.744000 1.000000
1855.264000 1403.692800 1880.400000 558.947200 1.000000
1863.088000 1467.518400 1883.072000 642.409600 1.000000
1917.472000 1995.216000 1883.456000 1217.268800 1.000000
1980.416000 2482.384000 1884.400000 1773.104000 1.000000
2032.320000 2900.528000 1889.648000 2120.640000 1.000000
1980.608000 2368.688000 1895.072000 1686.560000 1.000000
2009.648000 2645.648000 1895.616000 1914.784000 1.000000
1986.048000 2405.392000 1896.992000 1712.400000 1.000000
2034.144000 2838.944000 1899.312000 2076.944000 1.000000
1990.672000 2385.952000 1902.496000 1699.520000 1.000000
1842.208000 1161.166400 1904.320000 131.899360 1.000000
1841.264000 1151.120000 1904.352000 118.326080 1.000000
1851.040000 1192.387200 1910.240000 178.028800 1.000000
1855.552000 1196.862400 1915.072000 185.812800 1.000000
2037.952000 2694.944000 1915.344000 1958.208000 1.000000
1851.824000 1145.668800 1916.048000 111.536480 1.000000
1947.456000 1895.872000 1923.952000 1116.400000 1.000000
1921.936000 1564.680000 1925.840000 838.769600 1.000000
2036.304000 2583.888000 1926.000000 1863.104000 1.000000
2063.568000 2810.992000 1928.432000 2057.136000 1.000000
1926.736000 1578.585600 1930.624000 853.507200 1.000000
1931.344000 1598.534400 1931.024000 873.636800 1.000000
2034.064000 2498.816000 1932.064000 1790.960000 1.000000
1937.216000 1596.227200 1937.168000 872.011200 1.000000
1871.424000 1170.657600 1937.264000 146.616960 1.000000
2071.264000 2772.288000 1937.440000 2025.600000 1.000000
2056.064000 2639.712000 1937.632000 1911.216000 1.000000
2028.160000 2368.000000 1938.304000 1687.120000 1.000000
1869.248000 1124.230400 1941.040000 86.635040 1.000000
1918.672000 1452.694400 1941.920000 621.894400 1.000000
2078.752000 2790.448000 1942.128000 2042.768000 1.000000
2050.720000 2552.560000 1942.992000 1833.552000 1.000000
2001.280000 2083.584000 1943.536000 1423.132800 1.000000
2059.360000 2620.240000 1944.112000 1893.264000 1.000000
1875.552000 1151.795200 1945.136000 120.507680 1.000000
2091.360000 2829.840000 1947.616000 2073.648000 1.000000
2024.000000 2205.360000 1952.400000 1542.953600 1.000000
2023.744000 2192.416000 1952.480000 1529.825600 1.000000
2068.768000 2601.824000 1953.024000 1876.080000 1.000000
1987.392000 1976.960000 1953.856000 1204.092800 1.000000
1883.536000 1143.720000 1954.768000 110.831360 1.000000
2012.288000 2081.248000 1955.248000 1421.180800 1.000000
2044.512000 2350.448000 1955.392000 1674.352000 1.000000
1911.808000 1356.340800 1956.672000 414.526400 1.000000
1930.880000 1448.128000 1957.024000 616.932800 1.000000
2057.552000 2470.832000 1958.112000 1767.296000 1.000000
1970.336000 1781.280000 1958.336000 1005.507200 1.000000
1892.240000 1190.272000 1958.496000 178.995200 1.000000
2024.544000 2147.328000 1959.952000 1488.768000 1.000000
2099.808000 2781.248000 1960.880000 2033.680000 1.000000
2059.616000 2449.552000 1962.336000 1750.688000 1.000000
1978.240000 1824.208000 1962.544000 1047.281600 1.000000
2092.688000 2681.344000 1966.208000 1949.088000 1.000000
1889.280000 1094.339200 1966.672000 53.904640 1.000000
1983.312000 1833.696000 1967.040000 1057.622400 1.000000
1980.064000 1803.792000 1967.248000 1028.150400 1.000000
2112.592000 2829.840000 1967.328000 2072.816000 1.000000
1894.352000 1131.713600 1967.632000 101.372800 1.000000
2047.040000 2247.344000 1967.856000 1584.710400 1.000000
1937.040000 1421.398400 1968.016000 583.406400 1.000000
2037.024000 2118.704000 1975.968000 1463.960000 1.000000
2119.776000 2793.760000 1978.128000 2044.528000 1.000000
2095.136000 2598.048000 1979.648000 1872.512000 1.000000
2020.144000 2022.368000 1982.624000 1254.540800 1.000000
2111.648000 2693.424000 1983.168000 1961.232000 1.000000
2111.312000 2642.304000 1986.928000 1911.056000 1.000000
2105.872000 2617.232000 1987.408000 1890.592000 1.000000
2115.424000 2665.504000 1989.600000 1935.216000 1.000000
2061.248000 2156.176000 1993.792000 1498.707200 1.000000
2126.960000 2700.208000 1993.808000 1967.584000 1.000000
2145.264000 2815.328000 1995.712000 2066.352000 1.000000
2017.984000 1891.552000 1995.728000 1114.718400 1.000000
1992.080000 1592.777600 1996.752000 871.595200 1.000000
1993.840000 1587.649600 1999.472000 866.465600 1.000000
2079.888000 2247.632000 2000.592000 1586.492800 1.000000
2039.552000 2018.912000 2000.912000 1252.433600 1.000000
2098.000000 2400.256000 2001.840000 1714.272000 1.000000
1966.208000 1410.819200 2001.920000 572.388800 1.000000
2066.368000 2128.400000 2002.208000 1471.299200 1.000000
2012.576000 1779.920000 2003.120000 1007.156800 1.000000
1919.456000 1073.702400 2005.840000 39.097760 1.000000
2044.640000 2026.544000 2005.856000 1261.776000 1.000000
1923.936000 1080.217600 2006.192000 47.201280 1.000000
2133.056000 2652.672000 2007.312000 1923.200000 1.000000
2031.952000 1910.736000 2008.832000 1139.883200 1.000000
2136.736000 2643.648000 2012.352000 1916.496000 1.000000
2080.656000 2153.104000 2014.128000 1494.400000 1.000000
2098.384000 2286.096000 2014.512000 1620.960000 1.000000
2148.448000 2695.424000 2014.880000 1967.168000 1.000000
2112.576000 2392.896000 2016.496000 1710.064000 1.000000
2086.576000 2176.176000 2016.880000 1517.484800 1.000000
2095.648000 2217.088000 2019.488000 1555.179200 1.000000
2034.320000 1832.944000 2020.800000 1062.299200 1.000000
2090.480000 2169.568000 2020.848000 1510.147200 1.000000
2058.464000 2020.256000 2021.920000 1256.584000 1.000000
2045.088000 1870.992000 2026.704000 1099.336000 1.000000
2104.192000 2225.392000 2028.128000 1562.568000 1.000000
2128.448000 2426.832000 2028.608000 1735.536000 1.000000
1992.784000 1391.747200 2031.392000 550.251200 1.000000
2105.888000 2204.752000 2031.520000 1545.598400 1.000000
2093.920000 2106.192000 2031.840000 1452.673600 1.000000
2123.504000 2340.112000 2032.432000 1669.344000 1.000000
1993.984000 1412.555200 2032.768000 577.198400 1.000000
1989.152000 1379.270400 2032.960000 532.824000 1.000000
2103.408000 2167.424000 2034.288000 1507.795200 1.000000
2182.480000 2748.656000 2039.120000 2010.624000 1.000000
2124.176000 2271.280000 2040.480000 1605.328000 1.000000
2139.392000 2388.448000 2042.048000 1709.456000 1.000000
2163.536000 2559.488000 2045.088000 1844.304000 1.000000
2137.456000 2333.888000 2045.520000 1665.328000 1.000000
2031.552000 1533.520000 2046.672000 807.028800 1.000000
2125.968000 2226.816000 2048.448000 1564.014400 1.000000
2152.256000 2430.528000 2049.360000 1741.968000 1.000000
2035.392000 1540.600000 2050.000000 816.784000 1.000000
2165.072000 2480.432000 2054.688000 1780.768000 1.000000
2039.584000 1529.952000 2056.112000 802.851200 1.000000
2160.944000 2441.600000 2056.304000 1750.272000 1.000000
2043.440000 1549.940800 2056.592000 826.955200 1.000000
2009.296000 1405.516800 2057.616000 577.604800 1.000000
2206.224000 2751.888000 2058.880000 2012.912000 1.000000
2183.600000 2595.264000 2059.472000 1876.688000 1.000000
2047.760000 1541.358400 2062.448000 817.395200 1.000000
2213.152000 2767.632000 2063.296000 2028.016000 1.000000
2137.456000 2134.096000 2070.528000 1482.028800 1.000000
2135.104000 2117.632000 2070.768000 1463.592000 1.000000
2053.312000 1533.688000 2070.880000 809.051200 1.000000
2226.144000 2768.608000 2072.944000 2030.272000 1.000000
2056.928000 1550.723200 2074.192000 828.840000 1.000000
2222.720000 2751.152000 2074.960000 2014.288000 1.000000
2249.136000 2954.768000 2075.744000 2160.432000 1.000000
2139.280000 2089.248000 2077.648000 1439.364800 1.000000
2032.720000 1389.632000 2078.208000 553.403200 1.000000
2210.016000 2624.912000 2079.744000 1903.792000 1.000000
2257.584000 2967.328000 2081.360000 2170.944000 1.000000
2242.880000 2813.536000 2084.976000 2065.696000 1.000000
2181.216000 2341.760000 2086.144000 1672.992000 1.000000
2194.464000 2423.680000 2089.696000 1735.808000 1.000000
2006.288000 1190.392000 2089.856000 198.300800 1.000000
2000.192000 1144.001600 2090.448000 128.252000 1.000000
2272.272000 2969.664000 2092.272000 2174.064000 1.000000
2266.256000 2909.104000 2093.680000 2131.952000 1.000000
2074.864000 1535.054400 2093.824000 812.676800 1.000000
2075.120000 1527.208000 2095.424000 804.480000 1.000000
2174.032000 2145.984000 2105.840000 1492.985600 1.000000
2288.096000 2789.856000 2127.328000 2048.016000 1.000000
2024.928000 1080.198400 2128.960000 56.033920 1.000000
2083.184000 1395.252800 2131.712000 565.004800 1.000000
2113.632000 1270.764800 2193.520000 369.542400 1.000000
2538.864000 1543.896000 2401.152000 2163.648000 1.000000
2555.808000 1575.161600 2408.768000 2207.936000 1.000000
2537.712000 1201.609600 2469.728000 1798.576000 1.000000
2592.672000 1272.096000 2506.880000 1903.984000 1.000000
2666.416000 1528.840000 2519.040000 2221.552000 1.000000
2662.528000 1515.161600 2520.400000 2206.432000 1.000000
2624.208000 1291.137600 2521.120000 1811.904000 1.000000
2656.576000 1454.900800 2527.984000 2138.352000 1.000000
2678.400000 1515.740800 2535.216000 2213.248000 1.000000
2676.752000 1503.808000 2536.896000 2201.792000 1.000000
2675.504000 1444.473600 2548.064000 2135.232000 1.000000
2686.560000 1475.656000 2551.584000 2167.136000 1.000000
2681.360000 1441.822400 2555.360000 2134.640000 1.000000
2651.760000 1281.731200 2564.688000 1937.168000 1.000000
2618.096000 1200.691200 2568.608000 2000.160000 1.000000
2729.376000 1546.008000 2576.608000 2265.984000 1.000000
2704.912000 1446.568000 2576.832000 2145.440000 1.000000
2734.976000 1542.822400 2582.448000 2263.984000 1.000000
2729.168000 1518.059200 2583.136000 2231.296000 1.000000
2729.680000 1499.283200 2588.128000 2210.336000 1.000000
2730.800000 1508.796800 2588.544000 2221.648000 1.000000
2746.224000 1510.366400 2601.632000 2228.656000 1.000000
2665.312000 1167.862400 2608.448000 1765.920000 1.000000
2755.184000 1487.486400 2614.096000 2204.688000 1.000000
2798.416000 1526.939200 2645.280000 2271.440000 1.000000
2804.416000 1541.828800 2648.400000 2290.144000 1.000000
