42.190880 1083.003200 43.063680 2492.400000 1.000000
74.433280 1086.609600 80.783520 2498.640000 1.000000
99.605760 1106.230400 99.024480 2517.152000 1.000000
105.077440 1091.726400 108.602880 2500.000000 1.000000
123.009760 1108.694400 123.785440 2516.848000 1.000000
20.647680 516.622400 128.694720 2014.272000 1.000000
38.950240 562.614400 136.169280 2048.576000 1.000000
188.172800 1345.880000 141.704800 2774.784000 1.000000
48.769600 564.076800 146.252000 2048.480000 1.000000
149.208320 1122.915200 148.286240 2530.192000 1.000000
56.193920 541.377600 153.394880 2027.904000 1.000000
149.023680 1101.003200 153.476320 2507.536000 1.000000
174.857600 1109.771200 174.068800 2516.000000 1.000000
79.375520 546.216000 176.137600 2029.312000 1.000000
101.390720 658.622400 186.940800 2121.808000 1.000000
191.243200 1094.481600 195.859200 2496.960000 1.000000
122.157760 665.584000 200.777600 2129.584000 1.000000
126.852320 684.630400 204.616000 2142.784000 1.000000
59.986560 301.286400 209.262400 1794.336000 1.000000
147.601280 744.521600 210.422400 2190.800000 1.000000
199.964800 1070.441600 212.550400 2467.296000 1.000000
146.648000 731.052800 213.358400 2181.392000 1.000000
207.377600 1084.209600 215.088000 2483.040000 1.000000
214.422400 1110.489600 219.721600 2514.816000 1.000000
154.831040 706.688000 228.659200 2160.896000 1.000000
224.052800 1114.020800 229.180800 2518.896000 1.000000
96.852320 343.008000 235.798400 1831.424000 1.000000
89.962080 304.988800 237.044800 1796.144000 1.000000
110.563680 408.140800 237.278400 1895.680000 1.000000
168.764800 660.300800 246.208000 2119.680000 1.000000
256.955200 1185.252800 248.944000 2605.472000 1.000000
182.600000 724.539200 253.720000 2172.912000 1.000000
142.866240 415.345600 266.120000 1900.416000 1.000000
121.812320 282.104000 271.672000 1770.880000 1.000000
211.393600 678.553600 287.932800 2132.672000 1.000000
144.043200 295.825600 290.075200 1782.368000 1.000000
157.662720 360.376000 291.710400 1843.312000 1.000000
181.563200 409.859200 305.764800 1890.448000 1.000000
373.033600 1586.305600 308.068800 2956.720000 1.000000
219.878400 511.446400 323.492800 1996.544000 1.000000
251.916800 716.172800 324.558400 2158.608000 1.000000
318.993600 1107.683200 330.998400 2502.256000 1.000000
407.134400 1600.032000 345.371200 2969.936000 1.000000
411.654400 1626.816000 345.590400 3004.384000 1.000000
412.606400 1597.747200 352.902400 2966.096000 1.000000
417.342400 1590.707200 357.883200 2958.784000 1.000000
186.873600 87.507360 367.142400 1583.313600 1.000000
424.225600 1576.923200 368.792000 2943.312000 1.000000
241.556800 266.958400 388.608000 1744.736000 1.000000
326.280000 729.657600 395.276800 2167.232000 1.000000
399.408000 1192.504000 396.705600 2625.344000 1.000000
312.678400 542.897600 409.414400 2011.568000 1.000000
328.305600 643.763200 410.232000 2094.752000 1.000000
403.064000 1133.833600 412.372800 2543.008000 1.000000
297.081600 405.476800 417.969600 1876.784000 1.000000
333.936000 608.779200 423.129600 2065.120000 1.000000
311.102400 424.985600 428.944000 1894.304000 1.000000
346.944000 658.384000 430.040000 2106.016000 1.000000
410.889600 1006.425600 437.046400 2418.096000 1.000000
381.185600 745.473600 450.158400 2175.232000 1.000000
444.057600 1132.870400 451.384000 2547.632000 1.000000
350.984000 451.241600 457.387200 1917.664000 1.000000
357.633600 504.067200 458.801600 1973.984000 1.000000
345.638400 438.390400 459.643200 1905.184000 1.000000
382.496000 675.236800 461.227200 2117.712000 1.000000
431.817600 975.368000 467.553600 2391.040000 1.000000
411.307200 752.320000 478.441600 2178.528000 1.000000
482.884800 1214.555200 479.380800 2641.616000 1.000000
496.438400 1247.275200 491.136000 2681.792000 1.000000
395.003200 532.502400 493.428800 1992.416000 1.000000
473.793600 1053.902400 498.886400 2469.504000 1.000000
501.260800 1198.339200 500.732800 2620.720000 1.000000
387.556800 431.316800 502.112000 1893.792000 1.000000
504.601600 1169.840000 511.147200 2587.904000 1.000000
451.638400 760.732800 518.049600 2184.512000 1.000000
399.761600 396.769600 519.918400 1857.312000 1.000000
386.809600 278.512000 525.926400 1743.888000 1.000000
389.598400 293.513600 526.966400 1757.808000 1.000000
525.131200 1199.563200 527.835200 2619.984000 1.000000
466.459200 795.753600 528.137600 2216.448000 1.000000
445.161600 553.211200 540.720000 2009.568000 1.000000
554.232000 1219.211200 555.638400 2639.280000 1.000000
421.100800 278.584000 558.076800 1740.960000 1.000000
406.048000 159.617120 561.763200 1629.360000 1.000000
557.646400 1156.737600 566.904000 2567.856000 1.000000
504.136000 749.313600 571.353600 2168.432000 1.000000
581.001600 1211.576000 586.121600 2628.672000 1.000000
580.628800 1163.409600 591.612800 2573.408000 1.000000
575.684800 1017.888000 592.491200 2431.792000 1.000000
534.536000 770.526400 600.694400 2183.088000 1.000000
520.283200 620.395200 605.958400 2059.776000 1.000000
545.172800 770.436800 611.476800 2183.776000 1.000000
532.177600 592.473600 621.544000 2035.792000 1.000000
522.294400 644.262400 624.832000 2076.256000 1.000000
542.747200 613.779200 628.473600 2052.128000 1.000000
551.844800 650.328000 632.977600 2081.472000 1.000000
571.302400 758.668800 639.705600 2169.776000 1.000000
558.430400 642.609600 639.881600 2074.064000 1.000000
572.971200 771.129600 640.072000 2180.464000 1.000000
586.352000 799.982400 648.891200 2208.784000 1.000000
651.878400 1224.715200 657.505600 2636.848000 1.000000
581.344000 688.414400 660.745600 2110.336000 1.000000
637.473600 1057.953600 666.924800 2456.816000 1.000000
676.320000 1317.587200 670.856000 2740.208000 1.000000
593.460800 659.088000 673.252800 2084.416000 1.000000
591.432000 639.881600 674.512000 2068.576000 1.000000
660.462400 1175.724800 674.592000 2584.032000 1.000000
589.646400 586.345600 678.300800 2025.856000 1.000000
602.350400 662.920000 683.361600 2087.824000 1.000000
596.841600 564.865600 687.846400 2007.616000 1.000000
619.139200 676.683200 695.052800 2097.856000 1.000000
629.872000 610.846400 714.945600 2042.224000 1.000000
689.108800 1063.993600 716.097600 2459.008000 1.000000
618.281600 478.880000 720.545600 1917.104000 1.000000
662.233600 805.854400 724.289600 2206.768000 1.000000
663.534400 796.305600 728.104000 2197.200000 1.000000
629.312000 486.852800 731.899200 1923.616000 1.000000
652.044800 663.840000 732.676800 2083.072000 1.000000
654.233600 585.280000 738.841600 2019.440000 1.000000
634.252800 456.252800 740.273600 1891.488000 1.000000
643.320000 493.572800 740.504000 1931.888000 1.000000
735.145600 1250.113600 745.126400 2659.808000 1.000000
682.142400 801.196800 745.481600 2201.392000 1.000000
664.283200 606.836800 748.843200 2035.536000 1.000000
671.318400 655.574400 753.755200 2074.736000 1.000000
656.760000 477.500800 758.832000 1912.336000 1.000000
697.547200 777.414400 764.560000 2172.176000 1.000000
690.246400 624.275200 774.566400 2047.072000 1.000000
702.891200 716.203200 775.556800 2120.928000 1.000000
677.852800 490.604800 777.868800 1923.904000 1.000000
702.160000 690.644800 778.854400 2100.928000 1.000000
710.432000 748.012800 780.528000 2149.120000 1.000000
724.209600 798.995200 789.273600 2193.008000 1.000000
717.022400 692.033600 790.828800 2099.392000 1.000000
716.801600 702.094400 791.427200 2109.072000 1.000000
729.880000 815.406400 792.473600 2209.904000 1.000000
714.470400 660.432000 794.854400 2074.832000 1.000000
791.900800 1311.785600 798.705600 2715.232000 1.000000
724.996800 602.590400 810.238400 2026.864000 1.000000
777.636800 1081.337600 810.340800 2470.544000 1.000000
728.892800 629.192000 812.758400 2047.920000 1.000000
801.209600 1203.225600 822.964800 2601.536000 1.000000
747.241600 664.889600 825.286400 2074.976000 1.000000
769.156800 717.214400 843.488000 2115.792000 1.000000
767.449600 587.867200 852.523200 2011.440000 1.000000
838.577600 1275.153600 856.907200 2670.720000 1.000000
760.240000 452.296000 863.046400 1875.760000 1.000000
758.179200 402.715200 863.849600 1827.200000 1.000000
854.958400 1306.950400 869.102400 2700.016000 1.000000
786.308800 601.763200 870.092800 2021.024000 1.000000
797.323200 648.929600 874.192000 2059.072000 1.000000
750.588800 237.596800 874.816000 1673.824000 1.000000
771.657600 369.664000 881.521600 1793.840000 1.000000
866.913600 1284.659200 883.227200 2674.768000 1.000000
746.668800 94.481440 883.585600 1545.139200 1.000000
814.662400 750.721600 885.012800 2140.176000 1.000000
751.392000 122.102400 885.628800 1571.428800 1.000000
822.072000 797.446400 888.334400 2180.416000 1.000000
812.467200 672.323200 892.126400 2072.912000 1.000000
825.195200 778.059200 892.768000 2160.640000 1.000000
839.987200 762.249600 908.449600 2145.728000 1.000000
844.284800 785.313600 910.454400 2166.128000 1.000000
834.904000 689.476800 910.587200 2086.784000 1.000000
851.550400 803.123200 916.675200 2183.216000 1.000000
824.745600 494.318400 919.089600 1909.376000 1.000000
827.832000 450.275200 925.137600 1866.416000 1.000000
834.518400 502.150400 928.979200 1916.368000 1.000000
868.184000 810.097600 932.014400 2189.968000 1.000000
853.544000 657.126400 933.524800 2060.352000 1.000000
853.552000 625.491200 935.209600 2033.872000 1.000000
909.123200 1205.787200 936.160000 2591.168000 1.000000
880.252800 820.908800 943.636800 2199.280000 1.000000
816.025600 36.995520 951.430400 1487.398400 1.000000
933.073600 1206.262400 960.740800 2591.248000 1.000000
887.257600 644.758400 963.870400 2045.952000 1.000000
931.483200 1147.440000 967.702400 2510.736000 1.000000
988.998400 1580.028800 1005.924800 2911.184000 1.000000
940.368000 704.854400 1014.491200 2090.928000 1.000000
955.025600 747.835200 1024.187200 2125.120000 1.000000
948.673600 627.147200 1025.619200 2026.144000 1.000000
952.660800 683.302400 1026.675200 2073.216000 1.000000
1001.416000 1266.329600 1032.608000 2641.696000 1.000000
942.836800 437.102400 1037.657600 1839.904000 1.000000
943.835200 448.480000 1037.760000 1849.312000 1.000000
957.633600 552.550400 1041.089600 1955.328000 1.000000
1016.636800 1320.441600 1045.532800 2695.280000 1.000000
988.027200 827.883200 1051.992000 2194.832000 1.000000
1027.489600 1334.220800 1057.644800 2710.112000 1.000000
1037.545600 1406.254400 1065.320000 2788.352000 1.000000
981.720000 540.787200 1066.588800 1938.128000 1.000000
987.358400 548.806400 1070.235200 1947.776000 1.000000
989.212800 504.964800 1076.576000 1901.072000 1.000000
997.088000 539.454400 1080.284800 1935.584000 1.000000
1031.043200 1019.612800 1087.174400 2374.608000 1.000000
1001.246400 507.873600 1087.470400 1902.832000 1.000000
1006.995200 503.161600 1092.622400 1897.648000 1.000000
992.806400 206.617600 1101.046400 1620.944000 1.000000
1072.572800 1377.900800 1106.331200 2751.792000 1.000000
1032.622400 652.105600 1106.758400 2037.776000 1.000000
1075.470400 1350.523200 1109.561600 2723.408000 1.000000
1061.761600 1012.737600 1113.555200 2360.016000 1.000000
1052.924800 613.840000 1128.020800 2003.408000 1.000000
1091.339200 1241.190400 1132.288000 2606.512000 1.000000
1085.801600 1071.612800 1134.003200 2423.184000 1.000000
1071.620800 829.086400 1134.820800 2189.232000 1.000000
1068.880000 698.334400 1139.235200 2074.000000 1.000000
1037.678400 181.358400 1143.272000 1593.564800 1.000000
1078.428800 796.440000 1144.142400 2155.840000 1.000000
1046.225600 262.873600 1146.412800 1666.048000 1.000000
1095.824000 1054.724800 1147.694400 2403.120000 1.000000
1101.777600 1037.928000 1156.681600 2384.016000 1.000000
1096.852800 809.665600 1162.555200 2165.376000 1.000000
1086.500800 571.860800 1164.110400 1960.128000 1.000000
1100.745600 817.648000 1165.814400 2173.200000 1.000000
1091.091200 535.292800 1167.097600 1924.192000 1.000000
1118.996800 1101.620800 1169.196800 2452.720000 1.000000
1116.395200 1070.564800 1170.755200 2418.864000 1.000000
1069.163200 187.550400 1170.960000 1595.384000 1.000000
1096.627200 557.004800 1174.833600 1941.552000 1.000000
1081.267200 276.260800 1177.563200 1675.088000 1.000000
1109.510400 778.785600 1178.366400 2136.320000 1.000000
1119.787200 817.932800 1183.784000 2173.056000 1.000000
1110.438400 653.560000 1184.011200 2033.584000 1.000000
1088.588800 205.422400 1187.558400 1612.160000 1.000000
1144.950400 1176.683200 1191.225600 2531.312000 1.000000
1123.142400 615.182400 1194.900800 2002.960000 1.000000
1128.675200 747.748800 1197.033600 2107.648000 1.000000
1097.756800 174.550400 1198.995200 1582.392000 1.000000
1154.166400 1290.854400 1199.740800 2658.176000 1.000000
1141.464000 790.820800 1208.560000 2143.392000 1.000000
1143.784000 778.099200 1208.947200 2132.976000 1.000000
1148.428800 672.587200 1218.182400 2044.704000 1.000000
1168.040000 1087.780800 1222.361600 2429.184000 1.000000
1127.518400 161.955200 1225.512000 1568.777600 1.000000
1150.500800 465.795200 1231.728000 1846.544000 1.000000
1163.665600 698.660800 1234.228800 2064.864000 1.000000
1180.190400 1074.915200 1234.780800 2415.440000 1.000000
1167.840000 770.454400 1235.084800 2123.952000 1.000000
1175.593600 741.444800 1243.510400 2098.512000 1.000000
1178.097600 801.092800 1244.593600 2149.728000 1.000000
1177.089600 767.908800 1245.441600 2120.688000 1.000000
1166.011200 379.062400 1250.808000 1758.688000 1.000000
1177.451200 386.662400 1261.121600 1766.048000 1.000000
1204.958400 1075.712000 1262.468800 2413.424000 1.000000
1182.616000 393.356800 1266.169600 1773.744000 1.000000
1203.587200 646.691200 1274.488000 2018.608000 1.000000
1218.134400 749.484800 1285.209600 2102.064000 1.000000
1218.600000 650.294400 1288.678400 2019.984000 1.000000
1222.024000 799.062400 1289.270400 2144.272000 1.000000
1230.024000 790.161600 1295.792000 2134.608000 1.000000
1227.424000 662.987200 1296.590400 2029.424000 1.000000
1226.379200 392.534400 1305.904000 1767.168000 1.000000
1229.612800 433.235200 1308.228800 1804.528000 1.000000
1247.320000 802.425600 1314.670400 2145.856000 1.000000
1251.033600 753.006400 1317.520000 2106.016000 1.000000
1251.470400 763.995200 1319.099200 2110.240000 1.000000
1232.022400 133.914080 1321.809600 1536.211200 1.000000
1255.726400 698.827200 1323.664000 2056.960000 1.000000
1257.592000 782.883200 1324.446400 2125.808000 1.000000
1241.190400 130.202400 1328.470400 1532.529600 1.000000
1262.480000 744.232000 1329.958400 2092.640000 1.000000
1255.556800 459.985600 1331.324800 1828.576000 1.000000
1264.633600 572.062400 1332.651200 1937.920000 1.000000
1278.932800 775.470400 1346.048000 2116.304000 1.000000
1286.140800 791.692800 1350.792000 2131.392000 1.000000
1287.062400 721.019200 1354.147200 2070.624000 1.000000
1287.000000 570.296000 1357.862400 1931.904000 1.000000
1289.393600 554.268800 1360.408000 1915.888000 1.000000
1291.548800 492.504000 1364.097600 1856.112000 1.000000
1297.491200 712.913600 1364.832000 2062.720000 1.000000
1299.441600 723.118400 1365.979200 2072.112000 1.000000
1296.212800 572.734400 1366.262400 1934.928000 1.000000
1298.617600 561.689600 1368.401600 1924.112000 1.000000
1300.888000 520.780800 1372.734400 1883.424000 1.000000
1305.928000 826.968000 1373.385600 2169.792000 1.000000
1306.744000 714.105600 1373.468800 2064.720000 1.000000
1308.179200 512.206400 1379.160000 1872.624000 1.000000
1300.464000 179.699200 1380.480000 1567.977600 1.000000
1324.046400 1034.524800 1384.232000 2392.160000 1.000000
1315.107200 499.294400 1386.766400 1857.344000 1.000000
1323.496000 726.214400 1389.848000 2072.480000 1.000000
1324.740800 678.702400 1390.846400 2034.336000 1.000000
1329.614400 659.504000 1395.793600 2015.968000 1.000000
1330.502400 544.316800 1399.977600 1902.000000 1.000000
1342.574400 313.372800 1416.796800 1685.072000 1.000000
1344.083200 247.169600 1418.156800 1624.592000 1.000000
1350.624000 578.174400 1418.870400 1933.280000 1.000000
1355.644800 706.364800 1419.779200 2053.664000 1.000000
1350.692800 440.920000 1421.905600 1798.144000 1.000000
1357.726400 471.656000 1428.188800 1827.984000 1.000000
1354.944000 250.460800 1428.625600 1626.176000 1.000000
1378.996800 1298.262400 1441.302400 2670.912000 1.000000
1376.548800 1387.307200 1442.516800 2739.680000 1.000000
1384.451200 1056.201600 1447.062400 2410.000000 1.000000
1384.854400 551.996800 1451.388800 1904.016000 1.000000
1386.128000 1036.334400 1451.756800 2386.960000 1.000000
1191.366400 63.271520 1456.516800 1332.985600 1.000000
1389.958400 730.713600 1458.816000 2069.872000 1.000000
1391.502400 1394.160000 1461.028800 2746.528000 1.000000
1399.308800 665.785600 1464.401600 2016.064000 1.000000
1409.070400 736.464000 1474.145600 2075.280000 1.000000
1409.292800 595.936000 1474.739200 1944.144000 1.000000
1410.872000 1299.760000 1475.510400 2670.560000 1.000000
1412.867200 1233.643200 1477.710400 2602.256000 1.000000
1412.113600 561.644800 1477.920000 1909.280000 1.000000
1418.025600 1286.587200 1483.459200 2655.776000 1.000000
1425.801600 547.742400 1491.590400 1894.352000 1.000000
1419.492800 993.907200 1494.788800 2344.336000 1.000000
1431.630400 1295.763200 1498.145600 2662.992000 1.000000
1431.184000 1307.456000 1498.689600 2674.896000 1.000000
1433.126400 722.998400 1499.064000 2060.176000 1.000000
1433.660800 655.403200 1499.150400 2003.600000 1.000000
1437.083200 738.216000 1502.822400 2072.128000 1.000000
1440.238400 764.390400 1505.424000 2093.184000 1.000000
1445.536000 781.476800 1509.531200 2109.056000 1.000000
1452.673600 708.611200 1515.454400 2046.160000 1.000000
1451.584000 690.102400 1516.000000 2031.968000 1.000000
1452.840000 735.379200 1518.668800 2068.592000 1.000000
1455.742400 450.712000 1520.574400 1796.800000 1.000000
1460.075200 677.798400 1523.280000 2021.136000 1.000000
1446.872000 1396.753600 1526.348800 2742.592000 1.000000
1463.315200 738.926400 1529.107200 2070.592000 1.000000
1463.513600 785.806400 1529.680000 2111.760000 1.000000
1472.203200 711.745600 1535.008000 2047.216000 1.000000
1475.256000 539.494400 1538.048000 1881.120000 1.000000
1478.755200 524.708800 1542.504000 1866.336000 1.000000
1483.118400 212.308800 1543.870400 1580.504000 1.000000
1484.780800 743.798400 1550.472000 2073.840000 1.000000
1488.796800 680.700800 1554.091200 2021.680000 1.000000
1496.163200 733.608000 1560.292800 2063.376000 1.000000
1512.982400 725.171200 1577.643200 2054.384000 1.000000
1546.036800 732.600000 1608.416000 2058.160000 1.000000
1557.555200 107.664800 1609.056000 1484.635200 1.000000
1554.393600 484.504000 1612.432000 1819.856000 1.000000
1562.092800 482.323200 1620.448000 1818.368000 1.000000
1615.920000 642.425600 1674.400000 1970.704000 1.000000
1584.963200 1443.713600 1680.640000 2775.040000 1.000000
1593.619200 1437.412800 1690.048000 2768.512000 1.000000
1607.440000 1446.633600 1707.280000 2777.184000 1.000000
1680.064000 609.940800 1735.664000 1929.744000 1.000000
1687.152000 705.307200 1747.488000 2023.280000 1.000000
1692.480000 624.752000 1748.896000 1941.088000 1.000000
1698.944000 656.409600 1753.392000 1978.032000 1.000000
1699.008000 682.857600 1757.056000 2004.592000 1.000000
1720.368000 358.718400 1764.288000 1686.448000 1.000000
1722.368000 338.555200 1764.448000 1669.472000 1.000000
1713.152000 653.369600 1769.168000 1969.792000 1.000000
1735.696000 337.515200 1775.488000 1666.976000 1.000000
1724.976000 734.592000 1779.520000 2055.760000 1.000000
1730.832000 706.323200 1787.376000 2024.928000 1.000000
1761.968000 345.424000 1800.224000 1671.056000 1.000000
1809.536000 285.956800 1841.984000 1613.344000 1.000000
1754.576000 1287.868800 1848.976000 2628.928000 1.000000
1764.208000 1269.512000 1861.536000 2609.376000 1.000000
1773.152000 1168.635200 1862.304000 2500.928000 1.000000
1763.648000 1295.472000 1863.472000 2636.288000 1.000000
1828.704000 456.155200 1868.576000 1764.768000 1.000000
1772.560000 1287.942400 1871.200000 2627.216000 1.000000
1777.504000 1244.614400 1872.752000 2576.768000 1.000000
1795.344000 1063.251200 1877.024000 2374.032000 1.000000
1790.288000 1132.992000 1877.600000 2455.936000 1.000000
1788.816000 1146.859200 1877.904000 2471.216000 1.000000
1840.320000 488.512000 1880.752000 1795.376000 1.000000
1799.008000 1073.766400 1882.384000 2384.032000 1.000000
1784.272000 1264.624000 1882.992000 2598.848000 1.000000
1862.320000 273.792000 1889.040000 1595.891200 1.000000
1762.000000 1548.324800 1898.896000 2819.808000 1.000000
1815.648000 1143.851200 1902.256000 2466.368000 1.000000
1764.432000 1557.924800 1903.712000 2831.120000 1.000000
1869.024000 512.830400 1909.792000 1813.728000 1.000000
1771.376000 1551.971200 1910.672000 2823.360000 1.000000
1823.600000 1173.132800 1916.528000 2494.288000 1.000000
1878.896000 521.699200 1918.224000 1822.400000 1.000000
1770.640000 1661.456000 1920.880000 2965.168000 1.000000
1882.480000 521.708800 1924.768000 1821.920000 1.000000
1844.912000 1071.712000 1927.504000 2375.568000 1.000000
1788.096000 1550.808000 1930.144000 2822.656000 1.000000
1841.264000 1151.120000 1933.904000 2470.880000 1.000000
1842.480000 1142.395200 1934.064000 2460.512000 1.000000
1847.520000 1112.217600 1937.328000 2422.912000 1.000000
1902.560000 558.360000 1945.616000 1854.192000 1.000000
1912.144000 479.670400 1950.080000 1777.984000 1.000000
1943.760000 181.918400 1954.896000 1509.481600 1.000000
1859.072000 1187.740800 1956.608000 2505.024000 1.000000
1948.544000 230.785600 1961.648000 1551.172800 1.000000
1869.248000 1124.230400 1962.624000 2435.952000 1.000000
1879.216000 1068.862400 1966.432000 2373.504000 1.000000
1854.800000 1334.491200 1967.632000 2657.696000 1.000000
1871.424000 1170.657600 1967.728000 2487.712000 1.000000
1823.008000 1550.550400 1971.840000 2817.216000 1.000000
1960.464000 261.316800 1975.040000 1574.785600 1.000000
1890.016000 1077.115200 1977.184000 2381.072000 1.000000
1883.536000 1143.720000 1977.856000 2460.016000 1.000000
1969.744000 254.465600 1983.168000 1567.966400 1.000000
1894.352000 1131.713600 1987.856000 2441.888000 1.000000
1896.208000 1149.465600 1993.360000 2463.296000 1.000000
1898.928000 1165.932800 1995.776000 2477.600000 1.000000
2012.576000 150.535840 2014.240000 1475.649600 1.000000
1991.600000 440.891200 2019.776000 1734.016000 1.000000
1925.360000 1124.643200 2021.152000 2431.920000 1.000000
1872.880000 1540.480000 2028.176000 2804.400000 1.000000
2040.544000 145.091360 2037.056000 1469.593600 1.000000
1990.784000 656.856000 2037.104000 1948.256000 1.000000
2040.208000 404.476800 2060.256000 1696.832000 1.000000
2045.648000 382.836800 2063.184000 1677.536000 1.000000
2080.240000 103.700800 2068.416000 1433.217600 1.000000
1946.784000 1348.128000 2073.888000 2652.368000 1.000000
2024.656000 784.419200 2084.016000 2077.248000 1.000000
2042.160000 624.958400 2085.632000 1905.280000 1.000000
2111.968000 24.410560 2088.864000 1365.139200 1.000000
2073.344000 403.512000 2088.992000 1694.432000 1.000000
1926.736000 1578.585600 2095.296000 2844.096000 1.000000
2006.208000 1067.744000 2099.536000 2356.240000 1.000000
2030.544000 892.763200 2102.336000 2167.456000 1.000000
2087.904000 415.942400 2104.912000 1706.976000 1.000000
1964.992000 1409.105600 2108.672000 2704.944000 1.000000
2134.032000 41.552000 2109.424000 1378.275200 1.000000
2031.024000 982.086400 2115.600000 2251.520000 1.000000
2030.368000 1001.473600 2116.032000 2272.000000 1.000000
2024.928000 1080.198400 2118.544000 2366.608000 1.000000
2042.480000 927.654400 2118.592000 2199.904000 1.000000
2146.144000 53.856000 2120.944000 1387.563200 1.000000
2106.016000 416.356800 2120.944000 1703.408000 1.000000
2105.104000 446.451200 2124.016000 1730.688000 1.000000
2029.600000 1091.683200 2124.464000 2380.032000 1.000000
2124.688000 302.206400 2124.688000 1599.888000 1.000000
2034.304000 1096.670400 2131.728000 2384.880000 1.000000
1984.944000 1439.603200 2134.720000 2730.928000 1.000000
2161.424000 77.220800 2136.240000 1406.171200 1.000000
1993.984000 1412.555200 2140.096000 2702.928000 1.000000
2028.832000 1208.467200 2143.536000 2506.064000 1.000000
2033.808000 1188.379200 2144.576000 2481.984000 1.000000
2127.408000 526.710400 2151.664000 1806.016000 1.000000
2042.704000 1200.857600 2155.664000 2492.512000 1.000000
2212.896000 57.895360 2178.160000 1387.214400 1.000000
1988.240000 1676.912000 2180.096000 2973.744000 1.000000
2203.920000 139.096800 2180.112000 1454.761600 1.000000
2208.496000 131.175360 2182.336000 1448.008000 1.000000
2096.672000 994.145600 2184.272000 2255.120000 1.000000
2050.944000 1391.998400 2198.624000 2676.576000 1.000000
3088.496000 1561.182400 2934.416000 2797.792000 1.000000
