140.074560 1086.142400 135.860160 2993.056000 1.000000
56.193920 541.377600 145.782880 2540.080000 1.000000
158.627680 1097.656000 153.250720 3006.032000 1.000000
79.375520 546.216000 164.801600 2539.760000 1.000000
94.473600 594.638400 178.225600 2577.920000 1.000000
126.852320 684.630400 197.209600 2646.464000 1.000000
48.616800 220.371200 208.521600 2200.256000 1.000000
120.015040 309.211200 258.824000 2280.128000 1.000000
249.105600 517.904000 347.544000 2494.832000 1.000000
295.740800 681.902400 372.331200 2621.488000 1.000000
318.528000 784.161600 379.132800 2710.624000 1.000000
289.889600 573.481600 380.651200 2532.128000 1.000000
344.116800 772.979200 408.308800 2693.184000 1.000000
357.387200 777.988800 423.497600 2697.216000 1.000000
403.841600 789.185600 467.254400 2704.064000 1.000000
413.072000 768.371200 481.649600 2677.072000 1.000000
474.350400 1065.184000 506.499200 2981.056000 1.000000
473.793600 1053.902400 507.963200 2968.128000 1.000000
451.638400 760.732800 521.940800 2667.040000 1.000000
466.459200 795.753600 533.547200 2699.408000 1.000000
419.820800 415.700800 537.340800 2342.432000 1.000000
534.536000 770.526400 607.668800 2658.800000 1.000000
522.294400 644.262400 611.513600 2555.184000 1.000000
537.748800 758.630400 615.804800 2648.000000 1.000000
502.592000 151.538080 654.539200 2055.344000 1.000000
517.622400 147.757120 664.892800 2053.296000 1.000000
619.139200 676.683200 702.129600 2567.392000 1.000000
629.872000 610.846400 722.488000 2510.992000 1.000000
577.977600 124.975520 727.929600 2020.912000 1.000000
663.534400 796.305600 738.673600 2665.104000 1.000000
634.252800 456.252800 746.369600 2348.160000 1.000000
605.672000 141.544800 751.995200 2031.456000 1.000000
664.283200 606.836800 758.483200 2501.424000 1.000000
688.374400 738.257600 776.404800 2596.848000 1.000000
702.891200 716.203200 788.619200 2583.504000 1.000000
710.432000 748.012800 793.940800 2611.248000 1.000000
717.022400 692.033600 802.150400 2560.304000 1.000000
760.240000 452.296000 872.251200 2318.688000 1.000000
777.379200 514.257600 876.888000 2385.184000 1.000000
771.657600 369.664000 891.652800 2223.024000 1.000000
811.385600 486.275200 919.524800 2344.512000 1.000000
834.904000 689.476800 926.052800 2542.944000 1.000000
839.987200 762.249600 928.836800 2597.264000 1.000000
824.745600 494.318400 931.214400 2351.744000 1.000000
853.544000 657.126400 949.676800 2509.568000 1.000000
882.404800 799.481600 970.040000 2625.664000 1.000000
890.027200 621.465600 987.235200 2476.128000 1.000000
952.660800 683.302400 1048.003200 2514.912000 1.000000
967.804800 814.208000 1059.118400 2625.856000 1.000000
976.150400 741.265600 1070.292800 2558.960000 1.000000
981.720000 540.787200 1083.995200 2371.808000 1.000000
1015.299200 1053.585600 1100.614400 2864.352000 1.000000
1032.622400 652.105600 1131.379200 2474.480000 1.000000
1035.416000 672.556800 1133.809600 2491.616000 1.000000
1052.924800 613.840000 1152.433600 2437.616000 1.000000
1061.761600 1012.737600 1153.369600 2807.632000 1.000000
1111.398400 809.275200 1210.528000 2593.856000 1.000000
1115.035200 577.267200 1213.312000 2388.128000 1.000000
1126.091200 709.096000 1226.716800 2506.016000 1.000000
1143.784000 778.099200 1244.761600 2559.424000 1.000000
1148.428800 672.587200 1248.662400 2471.024000 1.000000
1152.456000 726.664000 1252.185600 2515.808000 1.000000
1152.644800 796.947200 1254.288000 2574.688000 1.000000
1155.700800 450.476800 1259.664000 2237.504000 1.000000
1178.097600 801.092800 1279.876800 2574.336000 1.000000
1184.054400 66.070560 1287.862400 1864.176000 1.000000
1192.326400 757.017600 1293.033600 2535.280000 1.000000
1211.062400 63.204320 1305.494400 1206.281600 1.000000
1222.721600 62.518240 1322.227200 1855.216000 1.000000
1222.024000 799.062400 1326.912000 2565.344000 1.000000
1229.612800 433.235200 1329.684800 2206.672000 1.000000
1251.033600 753.006400 1354.795200 2527.264000 1.000000
1262.480000 744.232000 1366.315200 2510.320000 1.000000
1278.932800 775.470400 1384.641600 2533.056000 1.000000
1291.548800 492.504000 1389.060800 2255.152000 1.000000
1286.140800 791.692800 1392.160000 2547.008000 1.000000
1300.464000 179.699200 1394.433600 1948.464000 1.000000
1300.888000 520.780800 1400.395200 2284.240000 1.000000
1314.971200 530.497600 1414.686400 2292.016000 1.000000
1323.496000 726.214400 1427.448000 2484.240000 1.000000
1339.017600 251.585600 1431.433600 2007.472000 1.000000
1329.614400 659.504000 1432.233600 2429.216000 1.000000
1344.083200 247.169600 1435.038400 2002.016000 1.000000
1362.150400 415.611200 1457.736000 2160.960000 1.000000
1352.828800 777.691200 1463.304000 2522.528000 1.000000
1365.084800 569.792000 1466.116800 2326.192000 1.000000
1361.393600 1025.225600 1484.313600 2819.136000 1.000000
1399.308800 665.785600 1502.590400 2423.472000 1.000000
1412.113600 561.644800 1511.376000 2306.016000 1.000000
1386.128000 1036.334400 1513.099200 2825.632000 1.000000
1433.660800 655.403200 1537.019200 2408.368000 1.000000
1455.742400 450.712000 1547.526400 2178.784000 1.000000
1440.238400 764.390400 1549.921600 2496.512000 1.000000
1460.075200 677.798400 1566.016000 2424.224000 1.000000
1463.315200 738.926400 1574.427200 2473.184000 1.000000
1463.513600 768.179200 1574.640000 2495.920000 1.000000
1478.755200 524.708800 1575.142400 2252.432000 1.000000
1463.513600 785.806400 1578.737600 2514.080000 1.000000
1472.203200 711.745600 1579.012800 2447.664000 1.000000
1484.780800 743.798400 1596.500800 2473.584000 1.000000
1459.553600 1177.820800 1604.864000 2994.336000 1.000000
1504.598400 664.048000 1605.504000 2406.704000 1.000000
1517.787200 446.180800 1605.568000 2163.088000 1.000000
1496.163200 733.608000 1608.848000 2460.592000 1.000000
1498.952000 771.307200 1612.304000 2493.488000 1.000000
1585.923200 513.944000 1677.488000 2220.256000 1.000000
1600.784000 442.083200 1686.336000 2144.912000 1.000000
1594.083200 547.920000 1687.856000 2256.848000 1.000000
1586.145600 702.230400 1695.808000 2421.568000 1.000000
1692.480000 624.752000 1792.336000 2319.152000 1.000000
1687.152000 705.307200 1797.376000 2409.632000 1.000000
1698.944000 656.409600 1800.672000 2360.624000 1.000000
1699.008000 682.857600 1803.584000 2389.200000 1.000000
1713.152000 653.369600 1817.712000 2348.944000 1.000000
1761.968000 345.424000 1824.784000 2025.904000 1.000000
1730.832000 706.323200 1839.440000 2408.384000 1.000000
1750.016000 897.326400 1885.168000 2632.848000 1.000000
1865.216000 96.666560 1888.240000 1779.968000 1.000000
1817.200000 447.801600 1891.536000 2112.400000 1.000000
1840.320000 488.512000 1918.656000 2146.096000 1.000000
1760.336000 1158.152000 1940.480000 2917.088000 1.000000
1756.976000 1182.337600 1943.312000 2948.976000 1.000000
1773.152000 1168.635200 1959.664000 2925.024000 1.000000
1764.608000 1241.214400 1960.976000 3006.688000 1.000000
1788.816000 1146.859200 1972.672000 2889.136000 1.000000
1788.592000 1161.891200 1977.248000 2908.640000 1.000000
1948.544000 230.785600 1980.736000 1881.744000 1.000000
1902.560000 558.360000 1989.680000 2205.696000 1.000000
1960.464000 261.316800 1996.928000 1906.288000 1.000000
1910.672000 586.643200 2000.064000 2236.944000 1.000000
1815.648000 1143.851200 2002.768000 2882.000000 1.000000
1969.744000 254.465600 2005.088000 1897.376000 1.000000
1842.480000 1142.395200 2032.656000 2872.064000 1.000000
1841.264000 1151.120000 2034.256000 2882.544000 1.000000
1852.000000 1166.478400 2047.840000 2896.288000 1.000000
1869.248000 1124.230400 2060.896000 2840.864000 1.000000
1871.424000 1170.657600 2070.240000 2897.424000 1.000000
2028.096000 347.987200 2073.248000 1977.952000 1.000000
1883.536000 1143.720000 2079.536000 2866.784000 1.000000
1983.088000 640.656000 2084.176000 2282.400000 1.000000
2045.648000 382.836800 2093.872000 2009.408000 1.000000
1990.784000 656.856000 2093.904000 2304.944000 1.000000
2040.208000 404.476800 2094.512000 2028.944000 1.000000
1896.208000 1149.465600 2096.288000 2868.784000 1.000000
1900.704000 1139.260800 2097.552000 2853.856000 1.000000
1917.216000 1081.420800 2104.032000 2769.488000 1.000000
2125.456000 35.543040 2118.688000 1384.889600 1.000000
2073.344000 403.512000 2123.600000 2024.848000 1.000000
2134.032000 41.552000 2126.416000 1389.240000 1.000000
2146.144000 53.856000 2128.480000 1701.856000 1.000000
2042.160000 624.958400 2137.840000 2256.672000 1.000000
2161.424000 77.220800 2145.104000 1720.496000 1.000000
2106.016000 416.356800 2156.912000 2030.896000 1.000000
2105.104000 446.451200 2162.624000 2062.528000 1.000000
2129.296000 343.851200 2163.744000 1963.104000 1.000000
2188.048000 103.899680 2172.544000 1739.936000 1.000000
2189.440000 145.509440 2180.848000 1775.968000 1.000000
2217.424000 12.260672 2181.456000 1660.688000 1.000000
2042.480000 927.654400 2203.072000 2563.984000 1.000000
2031.024000 982.086400 2204.544000 2618.128000 1.000000
2096.672000 994.145600 2277.520000 2614.320000 1.000000
