1157.304000 2511.600000 1419.192000 334.184000 1.000000
1898.688000 2669.184000 2087.600000 652.867200 1.000000
1843.168000 2317.360000 2119.008000 353.406400 1.000000
1861.440000 2275.360000 2147.472000 321.217600 1.000000
1985.408000 2557.232000 2201.824000 564.742400 1.000000
2091.360000 2829.840000 2213.520000 821.307200 1.000000
1986.928000 2489.536000 2221.760000 514.899200 1.000000
1993.616000 2499.952000 2225.136000 525.811200 1.000000
2099.808000 2781.248000 2235.920000 788.302400 1.000000
2120.000000 2806.560000 2246.640000 809.606400 1.000000
1926.976000 2173.824000 2249.504000 226.984000 1.000000
2066.160000 2462.640000 2308.512000 508.456000 1.000000
2239.072000 2963.680000 2312.064000 917.835200 1.000000
2004.240000 2146.240000 2347.232000 210.472000 1.000000
2098.000000 2400.256000 2357.664000 470.257600 1.000000
2024.544000 2147.328000 2369.840000 215.913600 1.000000
2284.096000 2808.960000 2389.328000 842.601600 1.000000
2035.872000 2105.664000 2400.128000 171.876800 1.000000
2152.256000 2430.528000 2402.144000 506.732800 1.000000
2207.552000 2568.896000 2409.168000 624.964800 1.000000
2092.240000 2232.464000 2410.912000 317.030400 1.000000
2137.456000 2333.888000 2417.840000 431.960000 1.000000
2133.248000 2308.192000 2422.928000 406.200000 1.000000
2125.712000 2286.080000 2425.152000 383.976000 1.000000
2086.576000 2176.176000 2428.192000 255.729600 1.000000
2236.272000 2571.696000 2432.960000 637.931200 1.000000
2105.888000 2204.752000 2435.008000 294.592000 1.000000
2150.928000 2306.512000 2440.432000 410.454400 1.000000
2154.848000 2320.176000 2442.064000 422.654400 1.000000
2145.536000 2289.168000 2443.536000 392.576000 1.000000
2138.512000 2266.976000 2444.976000 368.115200 1.000000
2163.040000 2324.816000 2445.936000 430.976000 1.000000
2218.640000 2482.736000 2447.776000 562.673600 1.000000
2125.968000 2226.816000 2449.936000 316.393600 1.000000
2656.576000 1454.900800 2459.664000 1985.056000 1.000000
2235.616000 2485.328000 2462.608000 570.446400 1.000000
2686.560000 1475.656000 2473.440000 2003.376000 1.000000
2668.032000 1437.328000 2475.936000 1978.176000 1.000000
2661.408000 1419.675200 2479.232000 1962.896000 1.000000
2736.032000 1533.268800 2483.680000 2069.600000 1.000000
2239.728000 2439.664000 2483.776000 534.065600 1.000000
2610.288000 1315.912000 2490.576000 1862.032000 1.000000
2607.056000 1294.840000 2499.488000 1843.248000 1.000000
2135.104000 2117.632000 2505.936000 204.940800 1.000000
2624.208000 1291.137600 2516.176000 1850.240000 1.000000
2619.536000 1283.859200 2516.912000 1841.520000 1.000000
2486.800000 1088.049600 2517.696000 1592.521600 1.000000
2609.392000 1258.424000 2522.256000 1814.432000 1.000000
2543.072000 1143.896000 2531.808000 1681.456000 1.000000
2174.032000 2145.984000 2535.328000 248.086400 1.000000
2651.760000 1281.731200 2543.312000 1857.216000 1.000000
2630.704000 1234.636800 2544.832000 1841.248000 1.000000
2221.824000 2220.016000 2551.744000 339.529600 1.000000
2594.224000 1210.328000 2554.176000 1684.192000 1.000000
2236.096000 2237.168000 2559.728000 359.534400 1.000000
