13.795200 1827.856000 12.421632 1100.766400 1.000000
30.402720 2012.208000 152.320160 1292.910400 1.000000
37.618080 2013.056000 159.684960 1291.406400 1.000000
46.022560 1854.176000 162.369600 1134.534400 1.000000
41.046080 2216.208000 168.904000 1492.739200 1.000000
58.323520 1856.592000 174.803200 1137.750400 1.000000
61.498880 2587.584000 198.824000 1837.632000 1.000000
58.235040 2943.072000 203.123200 2149.952000 1.000000
224.353600 2592.960000 209.476800 1729.072000 1.000000
92.752320 2090.416000 214.481600 1372.718400 1.000000
94.087360 2104.320000 216.014400 1388.232000 1.000000
78.036320 2949.008000 221.328000 2157.536000 1.000000
77.328960 2903.120000 221.366400 2118.544000 1.000000
81.524320 2966.816000 224.748800 2172.864000 1.000000
107.698240 2492.752000 239.083200 1753.344000 1.000000
127.071680 2089.616000 247.881600 1374.656000 1.000000
128.607360 2125.424000 248.955200 1410.801600 1.000000
163.728000 1048.054400 257.259200 187.420800 1.000000
139.734240 2092.256000 260.910400 1377.870400 1.000000
141.630560 2139.840000 263.177600 1424.788800 1.000000
175.808000 963.577600 266.302400 192.524800 1.000000
144.957760 2114.928000 266.324800 1400.385600 1.000000
182.307200 1068.195200 269.916800 300.697600 1.000000
149.615520 2136.368000 270.360000 1420.542400 1.000000
166.971200 2077.680000 286.308800 1366.065600 1.000000
209.968000 935.371200 306.470400 168.545600 1.000000
214.241600 1057.584000 308.116800 296.848000 1.000000
206.905600 2076.608000 325.193600 1368.259200 1.000000
211.262400 2177.856000 332.307200 1468.700800 1.000000
249.156800 1850.512000 359.990400 1148.859200 1.000000
273.785600 883.726400 362.075200 115.310240 1.000000
260.278400 2009.984000 374.256000 1308.820800 1.000000
252.097600 2803.264000 377.750400 2043.920000 1.000000
269.563200 1851.472000 379.152000 1152.144000 1.000000
291.160000 1154.540800 382.692800 400.716800 1.000000
278.156800 1955.504000 390.462400 1257.363200 1.000000
265.697600 2780.368000 392.558400 2022.656000 1.000000
280.524800 1839.136000 392.617600 1140.748800 1.000000
282.966400 2015.616000 396.299200 1315.342400 1.000000
282.339200 2208.784000 400.273600 1500.134400 1.000000
279.646400 2645.840000 402.825600 1903.360000 1.000000
296.352000 1959.616000 408.107200 1263.177600 1.000000
297.273600 2482.656000 418.406400 1758.992000 1.000000
330.801600 856.049600 420.558400 93.046240 1.000000
333.224000 1034.729600 425.745600 287.401600 1.000000
333.569600 1342.886400 433.809600 597.236800 1.000000
325.764800 1847.120000 434.014400 1152.312000 1.000000
338.049600 1370.180800 438.753600 618.795200 1.000000
339.080000 1846.960000 445.648000 1152.556800 1.000000
332.657600 2164.944000 448.939200 1461.812800 1.000000
359.593600 835.910400 450.576000 63.668960 1.000000
331.352000 2659.824000 451.784000 1919.568000 1.000000
339.907200 2077.152000 453.504000 1381.811200 1.000000
344.977600 1959.520000 454.521600 1266.782400 1.000000
342.056000 2108.320000 455.752000 1410.176000 1.000000
346.212800 1899.216000 456.289600 1206.937600 1.000000
356.430400 1956.176000 465.419200 1265.201600 1.000000
361.363200 1860.272000 468.171200 1167.548800 1.000000
361.980800 1900.288000 470.377600 1209.993600 1.000000
362.976000 1920.576000 471.099200 1229.132800 1.000000
360.830400 2259.072000 475.916800 1555.540800 1.000000
380.115200 1237.512000 476.222400 503.745600 1.000000
382.032000 1906.192000 490.452800 1215.921600 1.000000
402.899200 1370.564800 500.910400 641.492800 1.000000
390.726400 2113.952000 501.836800 1422.502400 1.000000
398.580800 1844.400000 503.611200 1156.142400 1.000000
403.892800 1958.528000 512.700800 1270.033600 1.000000
419.017600 815.601600 517.326400 90.418400 1.000000
413.452800 1875.328000 517.833600 1191.758400 1.000000
414.633600 1844.688000 521.628800 1156.598400 1.000000
431.897600 771.190400 523.513600 34.263680 1.000000
425.972800 1341.691200 530.592000 611.721600 1.000000
442.382400 881.755200 534.870400 128.736800 1.000000
437.208000 2019.424000 544.228800 1332.507200 1.000000
447.899200 1142.092800 545.534400 397.430400 1.000000
444.809600 2130.416000 556.387200 1444.728000 1.000000
464.144000 1109.804800 562.696000 366.112000 1.000000
473.129600 1344.129600 566.555200 616.744000 1.000000
467.830400 1544.076800 567.228800 818.409600 1.000000
464.774400 2374.672000 575.692800 1672.624000 1.000000
476.185600 2010.048000 583.395200 1329.171200 1.000000
486.566400 1444.435200 585.036800 716.379200 1.000000
488.625600 1421.816000 588.472000 694.073600 1.000000
494.404800 1360.216000 590.502400 636.268800 1.000000
497.219200 1143.798400 592.635200 402.782400 1.000000
495.556800 1385.731200 595.953600 660.352000 1.000000
499.710400 1122.720000 597.561600 382.414400 1.000000
499.566400 1442.606400 598.627200 715.712000 1.000000
503.904000 1104.036800 600.364800 366.153600 1.000000
502.344000 1466.366400 603.595200 744.577600 1.000000
507.368000 1457.246400 606.729600 731.868800 1.000000
510.915200 1918.048000 613.588800 1243.089600 1.000000
518.339200 1583.427200 615.025600 867.340800 1.000000
519.497600 1360.792000 617.441600 643.025600 1.000000
526.955200 1441.299200 624.880000 716.987200 1.000000
522.993600 2454.288000 631.316800 1750.224000 1.000000
531.824000 1838.016000 632.276800 1162.308800 1.000000
537.649600 1401.030400 634.872000 685.793600 1.000000
536.260800 1584.964800 637.224000 879.827200 1.000000
542.764800 1844.288000 643.457600 1169.713600 1.000000
551.619200 1527.360000 653.312000 821.206400 1.000000
553.593600 1837.696000 655.579200 1163.606400 1.000000
552.803200 2105.824000 655.614400 1427.929600 1.000000
551.585600 2428.848000 656.968000 1725.632000 1.000000
557.030400 2502.272000 662.244800 1796.000000 1.000000
562.073600 2922.000000 665.537600 2166.992000 1.000000
575.313600 1582.827200 675.680000 875.924800 1.000000
572.617600 2435.632000 676.953600 1737.904000 1.000000
574.534400 2073.840000 677.470400 1398.024000 1.000000
584.321600 1594.592000 685.206400 885.457600 1.000000
601.841600 1310.987200 698.680000 632.161600 1.000000
605.966400 1598.696000 704.398400 891.336000 1.000000
620.691200 1285.857600 716.252800 606.656000 1.000000
620.779200 2520.400000 722.782400 1818.016000 1.000000
628.819200 2533.072000 728.593600 1829.776000 1.000000
628.003200 2498.416000 728.713600 1798.688000 1.000000
632.668800 2427.872000 732.787200 1734.528000 1.000000
646.864000 2400.640000 746.496000 1712.768000 1.000000
650.841600 2546.832000 750.099200 1844.736000 1.000000
657.310400 1895.472000 754.177600 1232.009600 1.000000
656.776000 2374.000000 756.249600 1687.856000 1.000000
657.366400 983.323200 758.137600 219.241600 1.000000
669.790400 2757.360000 765.939200 2031.040000 1.000000
671.073600 1331.694400 766.758400 659.752000 1.000000
668.372800 1930.096000 766.985600 1266.100800 1.000000
679.940800 1845.216000 776.214400 1182.859200 1.000000
684.105600 1342.236800 778.942400 672.147200 1.000000
684.196800 2142.160000 784.864000 1479.753600 1.000000
693.676800 1992.880000 790.232000 1331.256000 1.000000
696.113600 1941.888000 792.636800 1280.681600 1.000000
701.299200 1976.864000 797.852800 1316.444800 1.000000
709.675200 1881.408000 806.051200 1225.556800 1.000000
719.446400 1333.905600 815.905600 667.496000 1.000000
721.832000 2247.568000 817.444800 1576.764800 1.000000
724.472000 2109.728000 819.720000 1446.552000 1.000000
726.296000 1914.832000 821.027200 1258.049600 1.000000
731.752000 2614.352000 825.318400 1911.376000 1.000000
731.574400 1850.944000 827.028800 1195.406400 1.000000
734.516800 1830.256000 829.483200 1171.769600 1.000000
739.969600 2622.736000 831.657600 1918.528000 1.000000
736.449600 1872.032000 832.560000 1218.580800 1.000000
745.979200 2678.784000 836.833600 1969.184000 1.000000
743.035200 1841.568000 837.720000 1185.524800 1.000000
746.196800 2610.912000 838.812800 1909.984000 1.000000
747.782400 1921.792000 841.811200 1265.486400 1.000000
761.036800 1943.104000 854.051200 1288.512000 1.000000
761.224000 1884.176000 855.867200 1231.467200 1.000000
762.806400 1899.712000 857.248000 1246.364800 1.000000
775.870400 1878.832000 869.619200 1227.691200 1.000000
781.438400 2442.080000 870.838400 1766.224000 1.000000
782.313600 2226.880000 875.040000 1562.921600 1.000000
788.803200 1910.736000 880.988800 1259.140800 1.000000
792.708800 1888.672000 884.588800 1237.273600 1.000000
794.576000 1939.696000 888.033600 1289.755200 1.000000
796.808000 2165.040000 890.641600 1500.081600 1.000000
798.156800 1894.208000 891.286400 1240.553600 1.000000
803.443200 1865.296000 897.030400 1214.300800 1.000000
805.784000 1966.096000 898.633600 1316.296000 1.000000
814.846400 1826.064000 908.297600 1175.604800 1.000000
825.046400 1902.272000 916.531200 1254.612800 1.000000
838.363200 2716.272000 919.457600 2008.528000 1.000000
831.017600 2224.000000 919.784000 1566.204800 1.000000
834.864000 2339.312000 922.289600 1671.888000 1.000000
838.150400 2364.096000 925.516800 1696.144000 1.000000
838.324800 1339.675200 933.571200 682.400000 1.000000
838.312000 1328.742400 934.308800 672.313600 1.000000
847.385600 2231.936000 934.345600 1575.750400 1.000000
846.958400 2189.616000 934.784000 1535.747200 1.000000
852.737600 1345.860800 949.112000 691.144000 1.000000
863.964800 2238.864000 950.537600 1584.038400 1.000000
859.011200 1830.784000 953.833600 1186.504000 1.000000
867.254400 2259.824000 954.297600 1602.928000 1.000000
870.425600 1822.640000 962.681600 1178.299200 1.000000
880.491200 2414.128000 963.670400 1743.632000 1.000000
876.523200 1986.928000 966.452800 1344.768000 1.000000
897.916800 2829.984000 973.400000 2111.728000 1.000000
896.139200 2409.696000 978.267200 1746.768000 1.000000
895.003200 2018.432000 982.712000 1374.905600 1.000000
918.849600 2797.120000 991.723200 2086.288000 1.000000
919.531200 2742.736000 995.046400 2040.560000 1.000000
915.019200 2404.512000 995.561600 1739.040000 1.000000
929.089600 2768.464000 1002.568000 2061.648000 1.000000
925.433600 2092.848000 1011.116800 1449.656000 1.000000
928.676800 2047.264000 1014.425600 1406.452800 1.000000
949.046400 2812.928000 1020.393600 2105.696000 1.000000
956.104000 2786.960000 1025.304000 2078.832000 1.000000
982.072000 2841.488000 1047.032000 2127.568000 1.000000
971.059200 2436.736000 1047.076800 1774.688000 1.000000
966.190400 2062.352000 1050.097600 1424.620800 1.000000
985.865600 2393.376000 1062.790400 1735.296000 1.000000
994.936000 2621.152000 1065.040000 1942.576000 1.000000
989.560000 2415.152000 1066.057600 1756.096000 1.000000
1005.868800 1814.736000 1094.454400 1183.416000 1.000000
1018.289600 2090.576000 1100.761600 1457.756800 1.000000
1029.024000 2106.384000 1108.699200 1471.953600 1.000000
1033.753600 1815.056000 1120.460800 1185.360000 1.000000
1044.403200 1970.976000 1127.596800 1341.664000 1.000000
1037.728000 1803.968000 1128.009600 1175.556800 1.000000
1046.155200 1814.096000 1133.524800 1185.472000 1.000000
1034.384000 1354.772800 1133.875200 715.896000 1.000000
1075.276800 2738.592000 1137.116800 2046.896000 1.000000
1070.379200 1865.328000 1154.784000 1239.358400 1.000000
1057.147200 1354.366400 1157.051200 716.867200 1.000000
1075.209600 1970.192000 1157.139200 1345.059200 1.000000
1092.758400 2057.584000 1171.430400 1431.134400 1.000000
1096.896000 2148.592000 1172.129600 1516.769600 1.000000
1129.672000 2951.968000 1176.452800 2235.008000 1.000000
1126.968000 2060.736000 1203.827200 1438.764800 1.000000
1125.747200 2016.048000 1204.014400 1393.374400 1.000000
1103.480000 1295.600000 1205.814400 649.089600 1.000000
1153.971200 2587.328000 1212.470400 1926.224000 1.000000
1132.774400 1863.328000 1214.652800 1247.203200 1.000000
1159.144000 2193.440000 1230.624000 1568.977600 1.000000
1182.860800 2628.864000 1238.166400 1962.000000 1.000000
1174.784000 2230.224000 1243.574400 1602.512000 1.000000
1173.752000 2191.312000 1244.088000 1566.984000 1.000000
1197.475200 2604.208000 1251.596800 1942.480000 1.000000
1144.587200 1300.337600 1254.585600 663.088000 1.000000
1199.729600 2560.160000 1256.222400 1903.472000 1.000000
1177.404800 1862.016000 1258.908800 1247.316800 1.000000
1181.086400 1347.841600 1282.768000 720.451200 1.000000
1251.147200 2548.288000 1302.889600 1899.376000 1.000000
1254.764800 2637.536000 1303.612800 1978.384000 1.000000
1237.686400 1703.504000 1331.940800 1055.398400 1.000000
1294.936000 2542.432000 1344.592000 1895.264000 1.000000
1277.856000 2075.088000 1347.360000 1466.577600 1.000000
1287.265600 2093.584000 1356.537600 1483.284800 1.000000
1305.179200 2332.064000 1362.534400 1709.248000 1.000000
1339.867200 2576.400000 1382.705600 1936.016000 1.000000
1335.043200 2377.856000 1388.886400 1749.888000 1.000000
1291.947200 1350.955200 1394.630400 733.403200 1.000000
1331.331200 2011.824000 1401.195200 1411.523200 1.000000
1359.121600 2393.312000 1411.580800 1768.064000 1.000000
1362.838400 2412.992000 1412.696000 1788.144000 1.000000
1389.832000 2776.320000 1420.336000 2108.016000 1.000000
1330.585600 1687.328000 1421.488000 1049.406400 1.000000
1376.987200 2408.048000 1426.254400 1783.328000 1.000000
1381.675200 2362.832000 1433.116800 1742.912000 1.000000
1407.313600 2756.800000 1436.734400 2094.272000 1.000000
1399.550400 2393.616000 1447.411200 1774.704000 1.000000
1423.993600 2343.488000 1473.544000 1730.768000 1.000000
1401.670400 1851.088000 1478.681600 1260.283200 1.000000
1449.355200 2696.576000 1478.913600 2045.376000 1.000000
1440.619200 2427.632000 1484.676800 1808.528000 1.000000
1460.028800 2713.504000 1484.771200 2063.056000 1.000000
1437.929600 2308.576000 1488.585600 1699.552000 1.000000
1446.900800 2345.472000 1495.216000 1731.984000 1.000000
1469.929600 2695.920000 1496.792000 2047.280000 1.000000
1424.873600 1832.432000 1503.411200 1241.409600 1.000000
1435.022400 1901.424000 1508.822400 1310.467200 1.000000
1441.232000 1856.528000 1516.832000 1265.691200 1.000000
1523.144000 2940.848000 1531.225600 2260.272000 1.000000
1467.094400 1849.776000 1542.124800 1262.056000 1.000000
1472.803200 1900.608000 1545.472000 1312.323200 1.000000
1479.892800 1844.912000 1554.936000 1259.168000 1.000000
1552.262400 2967.792000 1555.497600 2282.864000 1.000000
1481.878400 1861.856000 1556.044800 1274.972800 1.000000
1486.068800 1880.448000 1559.059200 1294.137600 1.000000
1542.112000 2521.872000 1574.009600 1901.552000 1.000000
1503.985600 1790.704000 1584.827200 1206.622400 1.000000
1509.310400 1830.944000 1585.883200 1247.129600 1.000000
1517.366400 1798.544000 1595.691200 1214.496000 1.000000
1521.971200 1840.112000 1597.324800 1256.763200 1.000000
1485.774400 1293.801600 1597.731200 680.857600 1.000000
1603.664000 2968.144000 1600.880000 2290.432000 1.000000
1526.332800 1818.864000 1601.600000 1235.076800 1.000000
1536.004800 1842.368000 1611.184000 1260.115200 1.000000
1591.460800 2558.192000 1617.824000 1937.504000 1.000000
1619.072000 2917.232000 1619.808000 2607.920000 1.000000
1597.800000 1967.536000 1662.064000 1391.787200 1.000000
1587.254400 1793.360000 1665.328000 1216.238400 1.000000
1599.788800 1803.872000 1675.392000 1227.147200 1.000000
1620.960000 2018.976000 1681.536000 1443.110400 1.000000
1610.336000 1796.208000 1687.712000 1222.241600 1.000000
1688.032000 2642.672000 1699.648000 2020.592000 1.000000
1718.816000 2803.488000 1715.776000 2162.304000 1.000000
1584.681600 1088.412800 1716.656000 450.809600 1.000000
1731.856000 2664.816000 1739.056000 2043.920000 1.000000
1683.328000 2011.376000 1740.768000 1440.152000 1.000000
1595.089600 842.395200 1746.656000 160.664000 1.000000
1717.312000 2367.184000 1748.144000 1777.264000 1.000000
1756.240000 2712.880000 1760.672000 2085.088000 1.000000
1766.688000 2732.240000 1762.768000 2106.912000 1.000000
1732.336000 2332.240000 1763.696000 1747.488000 1.000000
1694.800000 1825.952000 1767.360000 1258.388800 1.000000
1710.368000 1993.152000 1769.760000 1425.014400 1.000000
1778.416000 2690.112000 1779.328000 2069.184000 1.000000
1737.312000 2052.832000 1789.840000 1484.320000 1.000000
1682.816000 1337.636800 1791.072000 747.654400 1.000000
1724.400000 1854.544000 1792.336000 1288.704000 1.000000
1760.688000 2293.280000 1794.720000 1713.104000 1.000000
1725.456000 1787.200000 1794.784000 1219.089600 1.000000
1770.992000 2380.480000 1796.560000 1790.576000 1.000000
1798.544000 2712.240000 1797.120000 2088.432000 1.000000
1663.520000 1118.161600 1797.168000 487.656000 1.000000
1775.984000 2395.760000 1800.400000 1808.032000 1.000000
1745.376000 2024.480000 1801.232000 1459.830400 1.000000
1686.400000 1245.550400 1809.840000 643.894400 1.000000
1777.872000 2306.304000 1810.736000 1725.424000 1.000000
1820.880000 2755.344000 1813.616000 2124.528000 1.000000
1761.936000 2034.704000 1816.544000 1468.155200 1.000000
1782.320000 2274.400000 1816.944000 1697.600000 1.000000
1814.912000 2606.992000 1822.688000 1994.256000 1.000000
1851.600000 2983.552000 1823.136000 2322.112000 1.000000
1708.832000 1332.902400 1823.392000 746.891200 1.000000
1774.384000 2079.840000 1824.896000 1516.470400 1.000000
1804.000000 2356.544000 1829.088000 1775.072000 1.000000
1838.464000 2744.096000 1830.592000 2118.368000 1.000000
1725.136000 1345.152000 1839.152000 763.806400 1.000000
1720.432000 1271.344000 1841.760000 672.523200 1.000000
1856.144000 2783.312000 1843.344000 2153.600000 1.000000
1839.744000 2587.760000 1844.480000 1982.352000 1.000000
1891.696000 2970.768000 1861.008000 2314.160000 1.000000
1904.416000 2984.000000 1870.560000 2328.000000 1.000000
1798.912000 1847.856000 1870.816000 1289.382400 1.000000
1862.064000 2383.872000 1884.944000 1814.256000 1.000000
1781.232000 1418.942400 1888.768000 851.088000 1.000000
1781.408000 1400.089600 1890.688000 833.345600 1.000000
1817.120000 1689.552000 1898.944000 1140.548800 1.000000
1914.944000 2711.664000 1902.288000 2101.664000 1.000000
1766.096000 1115.667200 1904.048000 510.131200 1.000000
1828.624000 1658.096000 1913.616000 1110.140800 1.000000
1869.840000 1772.368000 1944.304000 1217.622400 1.000000
1821.648000 1221.172800 1950.784000 625.734400 1.000000
1827.904000 882.611200 1992.784000 261.588800 1.000000
2106.688000 1569.732800 2107.680000 1546.824000 1.000000
2166.960000 1958.544000 2148.128000 1791.584000 1.000000
2225.760000 1472.267200 2230.064000 1482.172800 1.000000
2303.664000 1858.272000 2266.416000 1824.720000 1.000000
2337.200000 1910.480000 2292.464000 1874.000000 1.000000
2353.104000 1764.672000 2320.288000 1754.864000 1.000000
2337.488000 1368.555200 2350.144000 1409.368000 1.000000
2385.872000 1779.664000 2350.336000 1772.704000 1.000000
2385.824000 1291.753600 2405.504000 1350.478400 1.000000
2414.256000 1478.784000 2409.104000 1529.288000 1.000000
2415.616000 1514.312000 2409.792000 1555.651200 1.000000
2376.544000 1181.257600 2411.424000 1237.152000 1.000000
2412.400000 1426.657600 2414.128000 1482.556800 1.000000
2379.920000 1153.873600 2418.224000 1208.321600 1.000000
2391.040000 1214.760000 2421.184000 1273.636800 1.000000
2393.840000 1247.472000 2421.408000 1306.172800 1.000000
2385.760000 1179.116800 2421.664000 1235.142400 1.000000
2428.272000 1494.644800 2422.528000 1543.659200 1.000000
2425.104000 1369.681600 2433.072000 1433.864000 1.000000
2405.344000 1219.603200 2434.688000 1280.524800 1.000000
2421.696000 1249.313600 2446.464000 1314.124800 1.000000
2445.808000 1428.944000 2447.888000 1489.068800 1.000000
2435.888000 1305.720000 2451.904000 1371.115200 1.000000
2461.376000 1682.080000 2458.960000 1690.384000 1.000000
2432.096000 1219.152000 2460.208000 1288.892800 1.000000
2448.192000 1320.758400 2462.512000 1389.084800 1.000000
2451.584000 1290.908800 2468.784000 1362.510400 1.000000
2463.632000 1371.240000 2471.552000 1435.224000 1.000000
2451.424000 1214.873600 2478.240000 1290.716800 1.000000
2451.808000 1208.779200 2480.048000 1284.961600 1.000000
2462.544000 1234.070400 2486.496000 1311.358400 1.000000
2494.544000 1423.748800 2494.672000 1493.963200 1.000000
2488.000000 1239.347200 2510.512000 1323.460800 1.000000
2483.792000 1202.532800 2511.584000 1287.366400 1.000000
2512.752000 1422.915200 2511.872000 1495.150400 1.000000
2520.752000 1457.536000 2514.912000 1530.355200 1.000000
2492.208000 1220.756800 2516.528000 1306.529600 1.000000
2514.240000 1274.286400 2528.736000 1368.036800 1.000000
2530.736000 1381.633600 2534.736000 1461.843200 1.000000
2547.840000 1475.521600 2539.232000 1550.190400 1.000000
2549.792000 1408.272000 2547.168000 1489.884800 1.000000
2549.040000 1334.865600 2554.864000 1430.214400 1.000000
2570.208000 1480.894400 2558.176000 1560.595200 1.000000
2575.776000 1492.009600 2562.864000 1571.148800 1.000000
2564.928000 1390.243200 2566.272000 1475.404800 1.000000
2580.208000 1500.329600 2566.816000 1579.662400 1.000000
2573.568000 1398.256000 2573.344000 1485.291200 1.000000
2566.480000 1327.774400 2574.080000 1428.576000 1.000000
2578.976000 1391.948800 2579.712000 1480.171200 1.000000
2590.784000 1359.056000 2595.408000 1456.225600 1.000000
2614.688000 1520.099200 2596.560000 1606.944000 1.000000
2614.208000 1453.416000 2605.648000 1547.214400 1.000000
2623.632000 1505.268800 2606.336000 1595.990400 1.000000
2627.456000 1515.219200 2609.344000 1604.384000 1.000000
2624.160000 1479.651200 2610.848000 1571.833600 1.000000
2624.432000 1464.995200 2612.736000 1559.339200 1.000000
2619.296000 1360.427200 2620.448000 1462.812800 1.000000
2638.016000 1462.593600 2626.320000 1560.198400 1.000000
2645.408000 1502.649600 2627.264000 1598.832000 1.000000
2638.176000 1448.766400 2627.552000 1548.652800 1.000000
2628.928000 1361.412800 2630.400000 1467.704000 1.000000
2639.456000 1419.056000 2633.632000 1523.260800 1.000000
2552.896000 933.720000 2633.728000 986.225600 1.000000
2644.224000 1440.547200 2634.704000 1543.529600 1.000000
2567.104000 865.748800 2640.192000 952.582400 1.000000
2654.128000 1460.932800 2640.736000 1565.024000 1.000000
2659.184000 1451.273600 2646.672000 1558.000000 1.000000
2667.200000 1500.148800 2647.056000 1603.888000 1.000000
2654.800000 1388.777600 2651.008000 1500.952000 1.000000
2666.896000 1466.105600 2652.896000 1574.427200 1.000000
2666.768000 1440.204800 2654.112000 1550.996800 1.000000
2676.480000 1500.198400 2656.352000 1606.544000 1.000000
2677.808000 1481.283200 2660.432000 1590.886400 1.000000
2672.784000 1445.563200 2660.496000 1557.980800 1.000000
2674.304000 1456.110400 2660.512000 1567.872000 1.000000
2677.360000 1476.267200 2660.736000 1586.435200 1.000000
2671.968000 1431.048000 2660.896000 1544.987200 1.000000
2679.120000 1487.147200 2660.912000 1596.096000 1.000000
2675.520000 1450.440000 2662.016000 1562.835200 1.000000
2684.096000 1464.904000 2668.512000 1579.062400 1.000000
2583.776000 836.491200 2668.816000 917.176000 1.000000
2684.256000 1455.550400 2669.440000 1570.609600 1.000000
2688.912000 1460.940800 2673.456000 1576.710400 1.000000
2694.640000 1464.315200 2678.288000 1580.763200 1.000000
2700.384000 1471.048000 2682.960000 1588.580800 1.000000
2700.112000 1461.801600 2683.776000 1579.860800 1.000000
2611.504000 932.587200 2686.400000 999.124800 1.000000
2704.000000 1465.568000 2686.944000 1584.368000 1.000000
2916.992000 1227.401600 2884.560000 1495.659200 1.000000
2971.952000 1093.683200 2975.488000 1378.100800 1.000000
3172.096000 2082.080000 2993.472000 2355.792000 1.000000
2615.520000 308.470400 3207.248000 164.059200 1.000000
3919.504000 1553.492800 3785.824000 2047.056000 1.000000
