13.795200 1827.856000 11.069696 1336.608000 1.000000
30.402720 2012.208000 178.288000 1522.995200 1.000000
34.433280 2033.184000 181.353600 1539.721600 1.000000
33.103040 2442.112000 186.923200 1928.912000 1.000000
46.022560 1854.176000 189.921600 1368.084800 1.000000
35.335840 2586.432000 190.811200 2064.896000 1.000000
38.915360 2390.160000 191.684800 1882.432000 1.000000
42.460320 2570.848000 197.692800 2050.880000 1.000000
54.408000 2051.600000 202.086400 1560.716800 1.000000
58.323520 1856.592000 203.003200 1370.867200 1.000000
52.204480 2967.552000 211.953600 2410.560000 1.000000
69.508800 2084.032000 216.222400 1593.438400 1.000000
58.235040 2943.072000 216.387200 2391.376000 1.000000
74.421760 2540.960000 227.862400 2024.640000 1.000000
224.353600 2592.960000 228.347200 1957.312000 1.000000
78.036320 2949.008000 234.241600 2396.672000 1.000000
86.453120 2022.768000 234.502400 1530.937600 1.000000
79.437600 2924.576000 235.654400 2372.384000 1.000000
107.772160 2090.688000 253.779200 1603.520000 1.000000
107.698240 2492.752000 257.713600 1980.736000 1.000000
144.682560 979.721600 273.680000 480.432000 1.000000
158.984800 1854.784000 297.950400 1375.771200 1.000000
175.808000 963.577600 302.896000 461.265600 1.000000
159.546240 2073.136000 303.798400 1587.854400 1.000000
191.259200 1063.747200 317.468800 566.526400 1.000000
190.744000 966.352000 319.016000 467.654400 1.000000
193.752000 953.814400 320.705600 453.977600 1.000000
183.892800 2142.208000 327.982400 1654.112000 1.000000
192.278400 2428.912000 337.339200 1928.224000 1.000000
209.968000 935.371200 339.124800 436.836800 1.000000
215.195200 1034.468800 341.723200 540.398400 1.000000
214.241600 1057.584000 342.368000 561.900800 1.000000
224.062400 1014.600000 350.777600 522.846400 1.000000
225.337600 946.851200 354.745600 449.216000 1.000000
252.592000 1005.222400 381.472000 503.172800 1.000000
254.342400 1011.913600 381.768000 521.753600 1.000000
246.305600 2012.880000 386.212800 1534.760000 1.000000
260.278400 2009.984000 399.940800 1533.484800 1.000000
273.785600 883.726400 404.358400 388.252800 1.000000
269.563200 1851.472000 405.272000 1378.657600 1.000000
265.697600 2780.368000 409.236800 2253.168000 1.000000
279.684800 1901.088000 415.462400 1428.843200 1.000000
278.156800 1955.504000 416.918400 1480.027200 1.000000
277.500800 2787.952000 419.032000 2259.072000 1.000000
291.160000 1154.540800 419.116800 660.254400 1.000000
279.646400 2645.840000 422.076800 2131.392000 1.000000
282.966400 2015.616000 422.731200 1539.481600 1.000000
282.339200 2208.784000 423.251200 1723.168000 1.000000
286.608000 2230.704000 427.608000 1744.128000 1.000000
296.352000 1959.616000 433.684800 1486.537600 1.000000
297.020800 1886.976000 434.100800 1414.784000 1.000000
296.566400 2338.944000 437.582400 1847.808000 1.000000
296.052800 2658.352000 437.648000 2144.944000 1.000000
311.824000 1133.881600 439.564800 640.800000 1.000000
304.067200 2260.048000 443.312000 1774.544000 1.000000
318.792000 1402.497600 447.465600 914.281600 1.000000
317.027200 1367.273600 447.473600 877.724800 1.000000
323.217600 1126.185600 449.888000 634.729600 1.000000
333.224000 1034.729600 458.896000 547.462400 1.000000
337.899200 1206.153600 462.308800 724.753600 1.000000
341.612800 870.246400 466.227200 376.401600 1.000000
335.427200 1254.174400 469.067200 777.184000 1.000000
342.524800 1163.548800 469.348800 681.241600 1.000000
331.352000 2659.824000 470.032000 2145.712000 1.000000
345.382400 768.484800 470.241600 263.848000 1.000000
341.561600 1228.955200 470.422400 747.976000 1.000000
345.137600 1102.580800 472.683200 617.374400 1.000000
332.657600 2164.944000 472.972800 1681.824000 1.000000
343.857600 1440.966400 473.800000 957.038400 1.000000
346.592000 1280.649600 477.160000 800.907200 1.000000
341.123200 2302.528000 478.929600 1815.920000 1.000000
354.726400 1311.276800 479.100800 826.542400 1.000000
344.977600 1959.520000 480.713600 1488.920000 1.000000
346.292800 1941.056000 482.092800 1469.275200 1.000000
357.798400 860.854400 482.427200 361.523200 1.000000
364.416000 827.700800 490.136000 327.606400 1.000000
355.819200 1846.976000 490.625600 1379.352000 1.000000
366.734400 1346.195200 492.081600 860.404800 1.000000
366.657600 787.124800 492.395200 283.622400 1.000000
355.560000 2302.256000 493.420800 1817.504000 1.000000
361.980800 1900.288000 496.840000 1432.238400 1.000000
360.830400 2259.072000 497.756800 1776.336000 1.000000
369.502400 1846.032000 502.462400 1378.433600 1.000000
380.115200 1237.512000 506.723200 758.156800 1.000000
384.331200 1486.156800 513.987200 1004.328000 1.000000
382.825600 2325.232000 519.195200 1839.936000 1.000000
392.448000 2696.112000 522.348800 2180.000000 1.000000
398.849600 770.675200 523.745600 265.254400 1.000000
402.622400 2262.336000 537.577600 1782.384000 1.000000
406.712000 2649.280000 541.513600 2140.832000 1.000000
418.756800 750.896000 542.822400 245.496000 1.000000
408.427200 2240.832000 543.611200 1761.184000 1.000000
421.846400 795.196800 547.073600 293.747200 1.000000
421.982400 872.457600 547.772800 380.483200 1.000000
414.633600 1844.688000 547.928000 1380.633600 1.000000
425.972800 1341.691200 555.348800 863.491200 1.000000
429.112000 1390.155200 556.177600 909.033600 1.000000
427.276800 2580.880000 559.588800 2080.688000 1.000000
427.712000 1841.664000 560.081600 1377.931200 1.000000
436.520000 1098.604800 560.388800 613.003200 1.000000
437.208000 2019.424000 569.420800 1551.480000 1.000000
447.899200 1142.092800 573.897600 658.572800 1.000000
442.297600 2384.096000 576.046400 1899.360000 1.000000
445.955200 1841.648000 577.195200 1379.526400 1.000000
454.870400 1247.336000 579.873600 765.497600 1.000000
455.766400 1057.731200 580.627200 574.664000 1.000000
455.724800 1373.816000 584.721600 897.846400 1.000000
464.144000 1109.804800 591.488000 625.921600 1.000000
467.830400 1544.076800 594.273600 1066.558400 1.000000
473.129600 1344.129600 596.600000 867.220800 1.000000
472.659200 1243.878400 598.009600 767.230400 1.000000
476.195200 1267.849600 601.937600 791.731200 1.000000
477.404800 1183.761600 603.097600 705.166400 1.000000
477.961600 854.400000 603.168000 366.873600 1.000000
480.192000 1121.155200 606.256000 640.420800 1.000000
476.185600 2010.048000 608.104000 1545.801600 1.000000
480.828800 1305.838400 608.377600 829.625600 1.000000
486.566400 1444.435200 611.480000 966.608000 1.000000
488.625600 1421.816000 614.827200 945.867200 1.000000
493.755200 2930.608000 618.158400 2403.840000 1.000000
494.404800 1360.216000 619.779200 886.793600 1.000000
495.504000 1268.753600 621.779200 792.305600 1.000000
496.392000 1310.254400 622.208000 836.777600 1.000000
495.556800 1385.731200 622.404800 911.414400 1.000000
499.566400 1442.606400 626.200000 967.268800 1.000000
499.710400 1122.720000 626.774400 641.347200 1.000000
503.904000 1104.036800 629.918400 624.550400 1.000000
506.464000 1298.238400 631.779200 824.286400 1.000000
507.368000 1457.246400 632.228800 980.969600 1.000000
504.939200 1568.867200 633.729600 1095.440000 1.000000
508.390400 1280.590400 635.564800 807.200000 1.000000
510.915200 1918.048000 639.643200 1463.043200 1.000000
519.497600 1360.792000 645.084800 890.201600 1.000000
518.339200 1583.427200 645.116800 1112.164800 1.000000
526.955200 1441.299200 651.456000 966.601600 1.000000
527.268800 1351.598400 652.787200 882.089600 1.000000
522.993600 2454.288000 653.489600 1968.416000 1.000000
529.657600 1481.572800 654.518400 1008.515200 1.000000
531.824000 1838.016000 657.462400 1382.316800 1.000000
532.580800 1419.302400 657.465600 946.476800 1.000000
531.808000 2445.296000 661.336000 1960.592000 1.000000
536.260800 1584.964800 663.232000 1118.449600 1.000000
533.646400 1502.350400 664.425600 1037.396800 1.000000
534.516800 1600.496000 664.691200 1133.334400 1.000000
538.161600 1490.262400 665.617600 1020.241600 1.000000
540.344000 1523.795200 665.838400 1060.996800 1.000000
539.595200 1873.136000 667.840000 1413.187200 1.000000
543.361600 1538.350400 669.630400 1074.798400 1.000000
542.764800 1844.288000 670.291200 1388.272000 1.000000
544.640000 1953.904000 672.988800 1490.920000 1.000000
547.262400 1569.072000 673.296000 1102.158400 1.000000
566.996800 2873.984000 674.886400 2762.784000 1.000000
550.961600 1433.849600 675.542400 966.179200 1.000000
551.619200 1527.360000 678.513600 1062.243200 1.000000
551.585600 2428.848000 678.988800 1943.792000 1.000000
556.694400 1405.048000 679.697600 932.220800 1.000000
555.368000 1493.404800 680.208000 1030.702400 1.000000
553.120000 599.982400 680.908800 100.681600 1.000000
553.593600 1837.696000 681.528000 1382.201600 1.000000
556.403200 2482.720000 683.592000 1995.840000 1.000000
559.224000 1507.297600 684.892800 1043.851200 1.000000
562.817600 1587.780800 689.472000 1119.824000 1.000000
564.864000 1493.396800 690.668800 1029.488000 1.000000
567.140800 1344.908800 696.075200 894.908800 1.000000
571.046400 1522.761600 696.272000 1055.708800 1.000000
573.294400 1612.032000 697.537600 1142.158400 1.000000
571.038400 2498.304000 698.323200 2014.144000 1.000000
574.721600 1319.803200 699.030400 868.128000 1.000000
574.704000 1566.897600 699.716800 1099.379200 1.000000
575.313600 1582.827200 700.766400 1117.281600 1.000000
574.534400 2073.840000 701.454400 1614.608000 1.000000
581.665600 1314.894400 705.422400 861.368000 1.000000
584.321600 1594.592000 709.712000 1126.691200 1.000000
586.358400 1324.163200 709.936000 873.641600 1.000000
589.646400 1834.608000 716.329600 1382.388800 1.000000
594.516800 1282.555200 716.953600 833.220800 1.000000
591.091200 1844.128000 717.292800 1395.329600 1.000000
595.446400 2438.208000 721.920000 1958.144000 1.000000
599.006400 551.907200 727.868800 45.793280 1.000000
600.622400 625.964800 728.788800 128.507840 1.000000
603.939200 1328.320000 730.438400 878.299200 1.000000
613.624000 1349.510400 735.600000 901.516800 1.000000
620.691200 1285.857600 744.516800 836.920000 1.000000
628.819200 2533.072000 751.486400 2046.688000 1.000000
628.003200 2498.416000 752.720000 2015.760000 1.000000
628.214400 554.184000 754.408000 50.367680 1.000000
639.270400 2946.384000 755.097600 2420.336000 1.000000
637.252800 1331.267200 760.712000 884.748800 1.000000
637.800000 2146.800000 761.896000 1686.800000 1.000000
639.883200 2369.136000 763.640000 1895.536000 1.000000
643.334400 2260.112000 766.865600 1792.448000 1.000000
635.921600 572.260800 767.836800 68.812960 1.000000
640.731200 593.409600 768.587200 91.314400 1.000000
650.841600 2546.832000 772.451200 2061.792000 1.000000
669.790400 2757.360000 786.308800 2254.176000 1.000000
668.372800 1930.096000 791.668800 1481.494400 1.000000
663.030400 560.912000 792.038400 57.636160 1.000000
688.593600 1976.608000 808.611200 1529.430400 1.000000
693.676800 1992.880000 817.260800 1540.632000 1.000000
696.113600 1941.888000 817.305600 1493.924800 1.000000
699.270400 1859.968000 821.696000 1417.041600 1.000000
700.841600 2157.168000 822.174400 1703.360000 1.000000
701.299200 1976.864000 822.539200 1528.990400 1.000000
706.177600 1958.064000 826.548800 1511.924800 1.000000
712.566400 2344.880000 832.209600 1878.176000 1.000000
715.256000 2188.048000 836.208000 1727.456000 1.000000
724.896000 2309.568000 843.580800 1846.480000 1.000000
726.296000 1914.832000 844.732800 1469.348800 1.000000
726.984000 1934.480000 845.956800 1490.160000 1.000000
732.856000 2233.664000 851.641600 1774.496000 1.000000
731.574400 1850.944000 852.020800 1410.033600 1.000000
734.516800 1830.256000 855.110400 1386.867200 1.000000
736.449600 1872.032000 856.342400 1429.817600 1.000000
734.604800 1343.400000 856.363200 901.841600 1.000000
740.472000 2285.952000 859.217600 1824.912000 1.000000
745.979200 2678.784000 859.982400 2186.672000 1.000000
729.675200 572.256000 862.011200 73.031840 1.000000
743.035200 1841.568000 863.208000 1397.020800 1.000000
747.782400 1921.792000 866.648000 1477.288000 1.000000
746.078400 1828.752000 867.374400 1386.379200 1.000000
741.324800 577.672000 871.878400 79.784320 1.000000
760.939200 2290.960000 877.036800 1831.856000 1.000000
761.036800 1943.104000 878.094400 1497.486400 1.000000
761.224000 1884.176000 879.462400 1442.142400 1.000000
761.116800 1829.328000 879.803200 1387.238400 1.000000
762.806400 1899.712000 881.729600 1457.404800 1.000000
765.104000 2224.528000 882.129600 1767.456000 1.000000
758.646400 566.673600 891.206400 68.216640 1.000000
762.438400 575.332800 893.166400 78.276960 1.000000
781.438400 2442.080000 895.633600 1975.664000 1.000000
782.313600 2226.880000 899.307200 1772.096000 1.000000
787.960000 2615.696000 900.961600 2131.616000 1.000000
790.800000 2633.040000 903.425600 2147.664000 1.000000
788.803200 1910.736000 906.350400 1469.236800 1.000000
794.576000 1939.696000 912.763200 1498.950400 1.000000
795.305600 2297.728000 912.860800 1840.096000 1.000000
796.808000 2165.040000 913.939200 1714.096000 1.000000
798.156800 1894.208000 915.012800 1454.481600 1.000000
804.724800 2277.776000 918.782400 1820.512000 1.000000
807.816000 1930.880000 925.052800 1492.518400 1.000000
814.846400 1826.064000 932.654400 1386.796800 1.000000
825.046400 1902.272000 941.092800 1465.675200 1.000000
831.017600 2224.000000 944.550400 1774.384000 1.000000
838.363200 2716.272000 946.505600 2226.256000 1.000000
834.864000 2339.312000 946.844800 1881.424000 1.000000
836.859200 1782.944000 948.768000 1345.411200 1.000000
838.150400 2364.096000 951.696000 1902.096000 1.000000
836.585600 2000.608000 952.041600 1559.846400 1.000000
843.510400 2321.040000 955.974400 1864.016000 1.000000
851.315200 2705.920000 957.539200 2217.680000 1.000000
838.312000 1328.742400 958.585600 894.468800 1.000000
849.883200 2545.840000 959.724800 2071.072000 1.000000
846.958400 2189.616000 959.852800 1742.368000 1.000000
847.385600 2231.936000 960.238400 1782.560000 1.000000
849.886400 2254.640000 961.961600 1804.272000 1.000000
861.249600 2985.152000 962.393600 2467.680000 1.000000
855.700800 1824.320000 972.072000 1389.081600 1.000000
863.964800 2238.864000 975.516800 1790.928000 1.000000
859.011200 1830.784000 976.216000 1397.294400 1.000000
868.251200 2445.664000 978.433600 1972.752000 1.000000
867.254400 2259.824000 978.931200 1809.920000 1.000000
860.897600 1330.214400 980.656000 895.492800 1.000000
897.916800 2829.984000 999.556800 2331.968000 1.000000
896.139200 2409.696000 1004.044800 1956.000000 1.000000
918.849600 2797.120000 1019.508800 2305.792000 1.000000
919.531200 2742.736000 1021.097600 2255.056000 1.000000
911.713600 2128.352000 1021.332800 1688.928000 1.000000
915.019200 2404.512000 1021.678400 1946.352000 1.000000
929.089600 2768.464000 1029.817600 2278.944000 1.000000
949.046400 2812.928000 1047.236800 2323.840000 1.000000
956.104000 2786.960000 1053.204800 2297.328000 1.000000
921.512000 598.793600 1055.700800 110.547840 1.000000
959.232000 1819.456000 1071.740800 1390.737600 1.000000
969.441600 2391.888000 1072.683200 1936.608000 1.000000
971.059200 2436.736000 1072.758400 1982.160000 1.000000
975.371200 1817.568000 1087.400000 1389.446400 1.000000
985.865600 2393.376000 1087.819200 1942.512000 1.000000
994.936000 2621.152000 1093.123200 2152.240000 1.000000
1005.868800 1814.736000 1116.488000 1388.907200 1.000000
1053.870400 2889.824000 1141.299200 2393.056000 1.000000
1033.753600 1815.056000 1143.259200 1391.793600 1.000000
1044.403200 1970.976000 1151.104000 1544.489600 1.000000
1034.384000 1354.772800 1153.908800 931.281600 1.000000
1052.371200 1835.792000 1161.742400 1413.734400 1.000000
1031.843200 608.731200 1168.731200 125.341920 1.000000
1054.976000 1297.771200 1169.460800 867.758400 1.000000
1057.147200 1354.366400 1177.041600 931.908800 1.000000
1070.379200 1865.328000 1177.764800 1441.640000 1.000000
1071.150400 1812.112000 1180.406400 1391.947200 1.000000
1075.209600 1970.192000 1181.385600 1546.396800 1.000000
1090.268800 1916.864000 1195.716800 1497.430400 1.000000
1096.896000 2148.592000 1197.998400 1718.448000 1.000000
1089.411200 1239.750400 1209.060800 809.350400 1.000000
1129.672000 2951.968000 1209.108800 2456.832000 1.000000
1103.480000 1295.600000 1222.550400 869.958400 1.000000
1135.643200 1900.864000 1241.008000 1482.827200 1.000000
1133.806400 1332.481600 1254.593600 914.480000 1.000000
1180.409600 2563.168000 1267.256000 2109.872000 1.000000
1182.860800 2628.864000 1267.473600 2169.536000 1.000000
1144.587200 1300.337600 1268.520000 879.240000 1.000000
1173.752000 2191.312000 1270.190400 1765.552000 1.000000
1172.904000 1799.664000 1277.782400 1386.616000 1.000000
1162.529600 1345.619200 1279.096000 929.945600 1.000000
1197.475200 2604.208000 1282.257600 2148.512000 1.000000
1177.404800 1862.016000 1282.888000 1447.112000 1.000000
1199.729600 2560.160000 1285.436800 2108.592000 1.000000
1184.190400 1809.568000 1290.278400 1396.649600 1.000000
1194.326400 1798.512000 1298.716800 1386.633600 1.000000
1216.648000 2566.512000 1300.972800 2115.024000 1.000000
1218.742400 2278.320000 1310.324800 1850.032000 1.000000
1241.086400 2648.784000 1320.684800 2191.072000 1.000000
1221.099200 1799.104000 1326.244800 1387.950400 1.000000
1254.764800 2637.536000 1336.131200 2184.192000 1.000000
1220.265600 1349.241600 1336.280000 936.078400 1.000000
1237.184000 1810.976000 1343.001600 1398.502400 1.000000
1245.043200 1350.505600 1361.681600 939.086400 1.000000
1253.676800 1692.688000 1363.001600 1266.244800 1.000000
1290.392000 2672.464000 1366.254400 2213.536000 1.000000
1294.936000 2542.432000 1373.342400 2099.344000 1.000000
1235.459200 616.601600 1379.174400 143.560160 1.000000
1305.179200 2332.064000 1391.428800 1905.568000 1.000000
1297.108800 1795.664000 1402.139200 1389.950400 1.000000
1332.739200 2705.280000 1407.256000 2251.568000 1.000000
1339.867200 2576.400000 1415.680000 2127.072000 1.000000
1275.187200 639.432000 1421.014400 170.246400 1.000000
1331.331200 2011.824000 1426.752000 1604.960000 1.000000
1380.544000 2747.328000 1448.926400 2290.736000 1.000000
1389.832000 2776.320000 1457.025600 2316.224000 1.000000
1395.481600 2795.648000 1460.214400 2334.288000 1.000000
1381.675200 2362.832000 1463.156800 1938.864000 1.000000
1407.313600 2756.800000 1472.840000 2301.008000 1.000000
1399.550400 2393.616000 1478.974400 1968.912000 1.000000
1385.153600 2002.624000 1479.308800 1596.520000 1.000000
1362.846400 1342.112000 1479.617600 937.243200 1.000000
1381.667200 1759.648000 1485.064000 1361.185600 1.000000
1439.411200 2945.872000 1496.324800 2466.304000 1.000000
1401.670400 1851.088000 1499.784000 1450.041600 1.000000
1423.993600 2343.488000 1503.344000 1925.056000 1.000000
1361.568000 650.956800 1508.124800 186.286400 1.000000
1410.865600 1887.920000 1510.126400 1491.811200 1.000000
1364.904000 666.859200 1515.142400 205.720000 1.000000
1437.929600 2308.576000 1517.550400 1891.936000 1.000000
1460.928000 2825.984000 1518.953600 2363.264000 1.000000
1427.264000 1932.288000 1521.238400 1534.971200 1.000000
1424.873600 1832.432000 1523.756800 1433.732800 1.000000
1446.900800 2345.472000 1527.032000 1927.456000 1.000000
1430.211200 1854.624000 1527.684800 1456.094400 1.000000
1435.022400 1901.424000 1531.635200 1503.705600 1.000000
1472.652800 2809.200000 1532.313600 2350.864000 1.000000
1469.929600 2695.920000 1533.195200 2249.904000 1.000000
1441.232000 1856.528000 1538.875200 1459.152000 1.000000
1445.323200 1914.208000 1540.452800 1515.982400 1.000000
1438.515200 1757.360000 1541.190400 1362.081600 1.000000
1440.892800 1804.272000 1541.436800 1408.684800 1.000000
1397.872000 671.076800 1544.128000 210.998400 1.000000
1403.683200 654.609600 1550.046400 193.292800 1.000000
1467.094400 1849.776000 1563.993600 1453.297600 1.000000
1469.940800 1879.312000 1565.187200 1486.720000 1.000000
1484.718400 2220.000000 1567.412800 1811.040000 1.000000
1472.803200 1900.608000 1568.318400 1503.475200 1.000000
1491.006400 2259.552000 1569.800000 1851.760000 1.000000
1502.478400 2501.168000 1574.254400 2076.320000 1.000000
1523.144000 2940.848000 1574.537600 2469.776000 1.000000
1495.604800 2234.064000 1574.899200 1826.688000 1.000000
1500.796800 2274.960000 1577.502400 1864.480000 1.000000
1481.878400 1861.856000 1577.811200 1466.531200 1.000000
1486.068800 1880.448000 1581.000000 1485.793600 1.000000
1552.262400 2967.792000 1598.563200 2496.720000 1.000000
1480.288000 1288.502400 1599.324800 884.403200 1.000000
1519.990400 2194.960000 1601.472000 1791.760000 1.000000
1483.769600 1317.185600 1602.256000 914.318400 1.000000
1503.985600 1790.704000 1603.232000 1398.518400 1.000000
1526.012800 2216.928000 1604.928000 1811.680000 1.000000
1521.971200 1840.112000 1617.776000 1448.729600 1.000000
1596.104000 2236.304000 1672.224000 1836.192000 1.000000
1597.800000 1967.536000 1686.384000 1579.356800 1.000000
1549.440000 951.284800 1689.232000 522.192000 1.000000
1602.016000 1953.232000 1690.944000 1564.612800 1.000000
1599.788800 1803.872000 1696.080000 1416.416000 1.000000
1663.904000 2991.632000 1700.640000 2525.648000 1.000000
1610.336000 1796.208000 1706.272000 1410.244800 1.000000
1561.675200 839.275200 1707.232000 401.555200 1.000000
1584.681600 1088.412800 1715.808000 672.947200 1.000000
1688.032000 2642.672000 1740.544000 2216.768000 1.000000
1689.664000 2620.576000 1743.312000 2196.384000 1.000000
1598.840000 878.465600 1744.304000 444.752000 1.000000
1663.584000 1999.408000 1750.256000 1613.152000 1.000000
1680.496000 2307.520000 1751.440000 1908.096000 1.000000
1709.104000 2642.752000 1759.280000 2217.184000 1.000000
1657.808000 1366.750400 1776.688000 979.182400 1.000000
1712.064000 2349.744000 1779.088000 1948.368000 1.000000
1717.312000 2367.184000 1782.640000 1964.320000 1.000000
1735.328000 2685.552000 1782.816000 2256.528000 1.000000
1682.816000 1337.636800 1797.824000 948.446400 1.000000
1732.336000 2332.240000 1797.856000 1934.464000 1.000000
1731.888000 2307.600000 1799.536000 1910.672000 1.000000
1727.616000 2059.536000 1806.992000 1676.080000 1.000000
1766.688000 2732.240000 1807.552000 2304.592000 1.000000
1687.632000 1301.339200 1809.872000 907.718400 1.000000
1686.400000 1245.550400 1813.200000 850.436800 1.000000
1724.400000 1854.544000 1813.952000 1475.134400 1.000000
1725.456000 1787.200000 1815.520000 1404.382400 1.000000
1750.960000 2357.264000 1815.712000 1956.064000 1.000000
1737.312000 2052.832000 1817.072000 1668.608000 1.000000
1731.776000 1930.864000 1817.520000 1551.028800 1.000000
1688.080000 1233.790400 1819.232000 837.472000 1.000000
1753.008000 2234.800000 1821.920000 1844.640000 1.000000
1778.416000 2690.112000 1822.992000 2265.808000 1.000000
1760.688000 2293.280000 1827.280000 1898.368000 1.000000
1709.568000 1319.396800 1831.152000 932.867200 1.000000
1770.992000 2380.480000 1831.488000 1979.856000 1.000000
1775.984000 2395.760000 1835.648000 1994.208000 1.000000
1720.176000 1381.440000 1837.824000 997.846400 1.000000
1798.544000 2712.240000 1840.784000 2285.744000 1.000000
1720.432000 1271.344000 1844.304000 876.440000 1.000000
1777.872000 2306.304000 1844.912000 1910.192000 1.000000
1725.136000 1345.152000 1846.096000 961.059200 1.000000
1782.320000 2274.400000 1850.016000 1880.688000 1.000000
1779.168000 2109.632000 1854.336000 1728.896000 1.000000
1820.880000 2755.344000 1858.704000 2321.808000 1.000000
1811.792000 2525.056000 1862.128000 2121.088000 1.000000
1693.376000 546.011200 1862.624000 77.920320 1.000000
1809.744000 2436.448000 1864.816000 2036.272000 1.000000
1797.664000 2241.872000 1865.040000 1854.416000 1.000000
1804.000000 2356.544000 1865.184000 1961.120000 1.000000
1809.824000 2420.080000 1867.088000 2020.272000 1.000000
1705.504000 670.499200 1867.872000 227.241600 1.000000
1713.744000 701.097600 1873.504000 259.528000 1.000000
1838.464000 2744.096000 1876.128000 2314.848000 1.000000
1836.528000 2547.392000 1886.160000 2150.960000 1.000000
1839.744000 2587.760000 1886.720000 2173.664000 1.000000
1772.992000 1454.424000 1887.568000 1074.963200 1.000000
1728.704000 723.646400 1889.360000 282.430400 1.000000
1781.232000 1418.942400 1898.656000 1034.608000 1.000000
1749.824000 621.660800 1900.112000 159.956640 1.000000
1891.696000 2970.768000 1912.816000 2522.400000 1.000000
1751.712000 699.838400 1913.984000 259.702400 1.000000
1894.528000 2999.136000 1914.512000 2548.624000 1.000000
1904.416000 2984.000000 1924.592000 2533.968000 1.000000
1754.720000 493.852800 1930.448000 34.405760 1.000000
1776.864000 680.974400 1941.312000 240.604800 1.000000
1914.944000 2711.664000 1950.640000 2293.440000 1.000000
1821.648000 1221.172800 1951.360000 830.993600 1.000000
1832.544000 1332.608000 1955.600000 955.268800 1.000000
1879.488000 1973.840000 1961.232000 1607.776000 1.000000
1882.576000 1931.920000 1965.680000 1560.884800 1.000000
1952.784000 2917.088000 1973.712000 2483.216000 1.000000
1827.904000 882.611200 1981.392000 480.569600 1.000000
1829.504000 741.489600 1991.968000 314.784000 1.000000
1971.168000 2699.984000 2004.400000 2293.328000 1.000000
1883.776000 682.440000 2053.488000 247.945600 1.000000
2021.408000 2631.392000 2055.456000 2236.784000 1.000000
2069.616000 2677.264000 2096.272000 2287.856000 1.000000
2026.000000 1426.894400 2123.296000 1313.382400 1.000000
1957.168000 750.947200 2125.952000 341.268800 1.000000
2043.968000 1445.688000 2138.368000 1335.040000 1.000000
2086.624000 1518.449600 2169.664000 1420.390400 1.000000
2145.456000 1942.272000 2208.016000 1768.560000 1.000000
2149.792000 1919.296000 2213.968000 1747.152000 1.000000
2165.680000 1950.000000 2226.224000 1778.848000 1.000000
2141.696000 1471.724800 2232.176000 1379.555200 1.000000
2178.416000 1951.984000 2238.176000 1782.720000 1.000000
2182.736000 1978.256000 2240.560000 1807.440000 1.000000
2156.368000 1528.166400 2242.192000 1436.443200 1.000000
2170.096000 1515.526400 2254.496000 1428.564800 1.000000
2188.160000 1502.494400 2276.704000 1414.691200 1.000000
2186.864000 1472.755200 2281.408000 1385.990400 1.000000
2206.960000 1487.859200 2297.840000 1402.107200 1.000000
2240.800000 1564.456000 2307.312000 1486.774400 1.000000
2225.760000 1472.267200 2314.048000 1391.092800 1.000000
2336.208000 2898.784000 2330.176000 2523.264000 1.000000
2281.280000 1588.702400 2338.944000 1536.099200 1.000000
2288.160000 1846.464000 2348.224000 1745.280000 1.000000
2290.624000 1873.952000 2348.688000 1770.400000 1.000000
2258.384000 1274.308800 2364.464000 1193.854400 1.000000
2261.536000 1217.147200 2373.168000 1137.604800 1.000000
2316.048000 1843.280000 2375.904000 1744.816000 1.000000
2329.184000 1827.664000 2390.128000 1731.600000 1.000000
2337.200000 1910.480000 2390.912000 1808.784000 1.000000
2340.048000 1783.776000 2404.288000 1692.384000 1.000000
2355.824000 1795.856000 2418.624000 1705.168000 1.000000
2353.840000 1767.472000 2418.880000 1678.832000 1.000000
2344.192000 1803.216000 2420.240000 1698.368000 1.000000
2356.704000 1780.368000 2421.168000 1691.328000 1.000000
2348.448000 1776.576000 2428.032000 1674.368000 1.000000
2326.320000 1331.547200 2428.608000 1264.636800 1.000000
2364.528000 1777.040000 2428.928000 1688.752000 1.000000
2372.384000 1770.720000 2436.944000 1684.128000 1.000000
2253.984000 649.006400 2442.288000 290.555200 1.000000
2378.176000 1760.352000 2443.344000 1675.200000 1.000000
2240.656000 470.324800 2446.464000 86.705280 1.000000
2353.056000 1436.196800 2450.864000 1366.777600 1.000000
2405.904000 1746.512000 2471.904000 1665.792000 1.000000
2418.256000 1826.896000 2477.232000 1740.832000 1.000000
2389.680000 1179.665600 2484.272000 1119.256000 1.000000
2385.824000 1291.753600 2491.008000 1234.153600 1.000000
2413.664000 1931.952000 2499.056000 1816.512000 1.000000
2390.592000 1234.006400 2501.952000 1175.056000 1.000000
2385.760000 1179.116800 2502.160000 1117.057600 1.000000
2415.616000 1514.312000 2502.464000 1450.347200 1.000000
2391.040000 1214.760000 2503.376000 1155.249600 1.000000
2414.256000 1478.784000 2503.744000 1419.056000 1.000000
2393.840000 1247.472000 2503.920000 1189.331200 1.000000
2412.400000 1426.657600 2504.992000 1370.660800 1.000000
2410.944000 1409.353600 2508.752000 1351.051200 1.000000
2428.272000 1494.644800 2516.576000 1433.721600 1.000000
2421.856000 1356.836800 2517.776000 1307.019200 1.000000
2403.392000 1196.692800 2517.808000 1138.017600 1.000000
2434.304000 1516.401600 2519.760000 1455.915200 1.000000
2413.184000 1229.016000 2524.400000 1172.683200 1.000000
2433.888000 1411.337600 2528.176000 1358.350400 1.000000
2458.512000 1675.520000 2529.136000 1607.904000 1.000000
2422.592000 1254.929600 2530.448000 1199.750400 1.000000
2421.696000 1249.313600 2531.168000 1193.841600 1.000000
2420.592000 1184.308800 2534.896000 1128.947200 1.000000
2422.992000 1208.859200 2536.208000 1153.990400 1.000000
2438.464000 1356.076800 2537.888000 1303.275200 1.000000
2431.248000 1268.548800 2538.416000 1214.257600 1.000000
2435.888000 1305.720000 2539.536000 1252.235200 1.000000
2459.488000 1535.920000 2544.416000 1475.118400 1.000000
2423.680000 1127.576000 2544.592000 1072.510400 1.000000
2440.672000 1288.324800 2546.352000 1234.745600 1.000000
2442.400000 1304.385600 2546.704000 1252.080000 1.000000
2441.872000 1292.748800 2546.768000 1239.084800 1.000000
2429.840000 1148.006400 2548.080000 1094.403200 1.000000
2448.192000 1320.758400 2551.296000 1269.264000 1.000000
2450.112000 1325.512000 2552.368000 1273.924800 1.000000
2455.312000 1329.510400 2556.448000 1279.872000 1.000000
2451.584000 1290.908800 2557.728000 1239.331200 1.000000
2437.408000 1098.473600 2560.720000 1045.025600 1.000000
2463.632000 1371.240000 2561.024000 1319.204800 1.000000
2451.424000 1214.873600 2564.336000 1164.435200 1.000000
2451.808000 1208.779200 2564.976000 1159.025600 1.000000
2454.272000 1190.001600 2568.448000 1141.390400 1.000000
2462.544000 1234.070400 2573.168000 1185.609600 1.000000
2461.008000 1179.598400 2576.304000 1131.449600 1.000000
2472.160000 1297.326400 2576.528000 1250.897600 1.000000
2462.384000 1184.142400 2577.504000 1136.342400 1.000000
2504.976000 1609.392000 2581.040000 1552.723200 1.000000
2477.856000 1310.048000 2582.080000 1264.593600 1.000000
2472.032000 1241.025600 2584.032000 1198.747200 1.000000
2477.920000 1269.235200 2585.424000 1222.196800 1.000000
2494.544000 1423.748800 2588.848000 1374.024000 1.000000
2473.536000 1178.654400 2589.216000 1132.910400 1.000000
2521.888000 1611.136000 2596.048000 1556.241600 1.000000
2480.928000 1191.774400 2596.128000 1146.676800 1.000000
2492.368000 1288.006400 2597.600000 1246.971200 1.000000
2483.792000 1202.532800 2597.840000 1156.737600 1.000000
2486.144000 1221.262400 2598.096000 1176.755200 1.000000
2495.664000 1290.972800 2600.208000 1250.592000 1.000000
2485.824000 1187.260800 2600.448000 1142.600000 1.000000
2506.736000 1371.899200 2604.496000 1325.984000 1.000000
2509.232000 1378.462400 2606.800000 1332.187200 1.000000
2512.752000 1422.915200 2606.944000 1374.584000 1.000000
2524.032000 1491.737600 2608.224000 1446.208000 1.000000
2509.856000 1365.812800 2608.832000 1320.600000 1.000000
2531.936000 1574.571200 2610.528000 1523.627200 1.000000
2520.752000 1457.536000 2610.832000 1410.492800 1.000000
2472.016000 1087.600000 2612.960000 1040.713600 1.000000
2537.952000 1583.257600 2615.824000 1532.686400 1.000000
2515.152000 1329.780800 2616.432000 1288.361600 1.000000
2536.896000 1551.233600 2617.536000 1502.268800 1.000000
2523.504000 1364.592000 2622.048000 1320.691200 1.000000
2524.576000 1298.657600 2627.792000 1260.630400 1.000000
2552.320000 1566.248000 2631.696000 1518.280000 1.000000
2537.488000 1398.955200 2632.496000 1355.235200 1.000000
2554.064000 1556.177600 2633.584000 1509.067200 1.000000
2534.608000 1349.926400 2634.144000 1309.260800 1.000000
2538.000000 1372.140800 2635.792000 1329.961600 1.000000
2547.840000 1475.521600 2636.480000 1428.444800 1.000000
2542.912000 1401.238400 2637.648000 1358.320000 1.000000
2543.728000 1394.483200 2639.088000 1352.224000 1.000000
2557.984000 1543.112000 2639.328000 1496.932800 1.000000
2542.016000 1313.132800 2644.352000 1276.468800 1.000000
2565.408000 1563.332800 2645.184000 1517.200000 1.000000
2544.928000 1341.420800 2645.200000 1304.398400 1.000000
2552.768000 1380.160000 2649.920000 1340.014400 1.000000
2549.040000 1334.865600 2649.952000 1298.288000 1.000000
2551.040000 1356.880000 2650.416000 1317.705600 1.000000
2555.344000 1398.580800 2650.880000 1357.352000 1.000000
2570.208000 1480.894400 2659.088000 1438.129600 1.000000
2564.928000 1390.243200 2660.032000 1350.720000 1.000000
2558.096000 1326.520000 2660.384000 1292.051200 1.000000
2575.776000 1492.009600 2661.072000 1451.652800 1.000000
2581.760000 1545.590400 2661.600000 1503.100800 1.000000
2580.304000 1532.393600 2662.896000 1489.798400 1.000000
2580.208000 1500.329600 2665.616000 1459.134400 1.000000
2574.768000 1431.427200 2666.704000 1391.590400 1.000000
2566.480000 1327.774400 2667.952000 1294.499200 1.000000
2580.912000 1487.524800 2668.176000 1446.326400 1.000000
2589.408000 1510.297600 2673.632000 1470.259200 1.000000
2589.504000 1505.176000 2674.352000 1465.340800 1.000000
2536.640000 952.262400 2676.704000 893.507200 1.000000
2588.224000 1464.590400 2678.464000 1424.995200 1.000000
2582.272000 1352.390400 2681.072000 1317.404800 1.000000
2586.864000 1381.353600 2684.016000 1344.723200 1.000000
2600.096000 1471.452800 2686.960000 1433.904000 1.000000
2602.832000 1488.929600 2688.800000 1451.582400 1.000000
2851.408000 701.030400 2693.248000 808.788800 1.000000
2609.264000 1464.608000 2698.048000 1428.451200 1.000000
2603.392000 1395.700800 2698.864000 1360.761600 1.000000
2624.096000 1559.907200 2703.008000 1522.563200 1.000000
2608.896000 1400.008000 2703.952000 1366.328000 1.000000
2614.208000 1453.416000 2704.400000 1418.672000 1.000000
2616.208000 1460.740800 2705.200000 1425.542400 1.000000
2623.632000 1505.268800 2707.408000 1471.340800 1.000000
2626.752000 1524.494400 2709.360000 1488.494400 1.000000
2627.456000 1515.219200 2711.184000 1480.052800 1.000000
2624.160000 1479.651200 2711.200000 1445.310400 1.000000
2623.232000 1458.507200 2711.888000 1424.838400 1.000000
2624.432000 1464.995200 2712.960000 1431.630400 1.000000
2616.544000 1378.864000 2713.472000 1346.892800 1.000000
2619.344000 1410.614400 2713.856000 1377.385600 1.000000
2632.480000 1531.689600 2714.064000 1497.145600 1.000000
2624.416000 1447.118400 2714.496000 1413.969600 1.000000
2618.800000 1394.147200 2714.832000 1362.033600 1.000000
2628.816000 1482.793600 2715.072000 1449.841600 1.000000
2567.104000 865.748800 2717.280000 810.139200 1.000000
2619.296000 1360.427200 2717.344000 1328.872000 1.000000
2602.976000 1173.958400 2717.744000 1134.078400 1.000000
2631.040000 1459.180800 2719.840000 1426.478400 1.000000
2621.120000 1354.291200 2720.208000 1323.777600 1.000000
2636.512000 1481.270400 2722.656000 1450.316800 1.000000
2579.168000 944.432000 2723.216000 879.004800 1.000000
2631.824000 1399.702400 2726.688000 1369.604800 1.000000
2638.016000 1462.593600 2727.008000 1430.444800 1.000000
2628.928000 1361.412800 2727.424000 1331.803200 1.000000
2630.112000 1369.265600 2727.936000 1339.788800 1.000000
2632.336000 1393.644800 2727.952000 1363.628800 1.000000
2638.176000 1448.766400 2728.064000 1418.060800 1.000000
2645.408000 1502.649600 2729.616000 1471.204800 1.000000
2644.432000 1484.548800 2730.480000 1453.731200 1.000000
2636.048000 1402.908800 2732.304000 1373.035200 1.000000
2639.456000 1419.056000 2732.560000 1390.158400 1.000000
2644.224000 1440.547200 2734.832000 1411.321600 1.000000
2648.560000 1464.409600 2736.304000 1435.012800 1.000000
2643.104000 1390.926400 2738.736000 1362.832000 1.000000
2649.984000 1456.224000 2740.032000 1426.649600 1.000000
2653.776000 1480.483200 2740.944000 1451.398400 1.000000
2654.128000 1460.932800 2742.384000 1432.708800 1.000000
2653.600000 1423.950400 2745.088000 1396.377600 1.000000
2661.728000 1485.776000 2747.632000 1458.824000 1.000000
2659.184000 1451.273600 2748.256000 1424.329600 1.000000
2666.992000 1540.264000 2748.720000 1510.732800 1.000000
2654.800000 1388.777600 2750.272000 1363.259200 1.000000
2658.576000 1420.041600 2752.272000 1394.467200 1.000000
2667.600000 1492.084800 2753.600000 1465.561600 1.000000
2664.128000 1446.278400 2753.856000 1420.857600 1.000000
2663.216000 1441.208000 2753.872000 1415.793600 1.000000
2665.472000 1455.988800 2754.400000 1430.187200 1.000000
2663.216000 1436.260800 2754.432000 1410.732800 1.000000
2668.544000 1476.070400 2755.152000 1450.217600 1.000000
2611.504000 932.587200 2758.048000 873.065600 1.000000
2679.392000 1522.928000 2762.400000 1496.795200 1.000000
2672.784000 1445.563200 2762.848000 1421.788800 1.000000
2671.968000 1431.048000 2763.200000 1407.665600 1.000000
2674.304000 1456.110400 2763.280000 1432.324800 1.000000
2675.872000 1466.216000 2763.680000 1442.244800 1.000000
2677.360000 1476.267200 2763.824000 1452.171200 1.000000
2677.808000 1481.283200 2763.856000 1456.764800 1.000000
2671.696000 1424.212800 2763.984000 1400.816000 1.000000
2670.720000 1401.022400 2764.544000 1378.236800 1.000000
2679.120000 1487.147200 2764.848000 1462.504000 1.000000
2681.264000 1496.769600 2766.016000 1471.740800 1.000000
2681.632000 1501.910400 2766.128000 1477.139200 1.000000
2679.440000 1461.612800 2767.984000 1438.124800 1.000000
2684.768000 1491.564800 2770.368000 1467.833600 1.000000
2690.912000 1505.900800 2775.248000 1483.227200 1.000000
2691.008000 1494.262400 2776.064000 1471.321600 1.000000
2688.912000 1460.940800 2776.976000 1439.321600 1.000000
2692.880000 1482.142400 2779.296000 1460.177600 1.000000
2694.640000 1464.315200 2782.016000 1443.355200 1.000000
2700.384000 1471.048000 2787.552000 1450.521600 1.000000
2700.112000 1461.801600 2787.632000 1441.878400 1.000000
2704.560000 1487.800000 2790.640000 1468.368000 1.000000
2704.000000 1465.568000 2791.728000 1445.776000 1.000000
2716.800000 1470.833600 2803.648000 1455.459200 1.000000
2722.960000 1486.600000 2807.984000 1470.976000 1.000000
2727.728000 1449.648000 2815.616000 1433.878400 1.000000
2660.576000 838.819200 2816.768000 790.012800 1.000000
2742.352000 1459.771200 2828.176000 1448.086400 1.000000
2878.384000 2928.720000 2834.912000 2638.656000 1.000000
2912.768000 2963.600000 2863.520000 2673.168000 1.000000
2921.936000 2961.456000 2874.096000 2670.000000 1.000000
2915.600000 1204.267200 2930.512000 1353.243200 1.000000
2813.696000 1322.488000 2932.256000 1323.336000 1.000000
3117.600000 2992.032000 3054.272000 2730.624000 1.000000
2940.720000 769.057600 3106.736000 793.696000 1.000000
3008.800000 1185.976000 3122.320000 1245.187200 1.000000
3015.424000 907.872000 3164.336000 958.673600 1.000000
2974.128000 523.016000 3171.280000 541.054400 1.000000
3262.992000 1629.632000 3318.272000 1626.160000 1.000000
3505.984000 198.875200 3778.944000 220.121600 1.000000
3908.320000 1554.254400 3967.104000 1747.264000 1.000000
