13.795200 1827.856000 13.594192 315.227200 1.000000
84.596320 1846.272000 667.582400 384.734400 1.000000
91.076160 2467.136000 722.812800 997.176000 1.000000
144.957760 2114.928000 733.150400 672.233600 1.000000
166.971200 2077.680000 749.182400 636.808000 1.000000
77.328960 2903.120000 753.105600 1356.056000 1.000000
95.833440 2961.696000 768.611200 1401.088000 1.000000
108.371520 2964.256000 780.110400 1406.067200 1.000000
279.684800 1901.088000 833.579200 469.838400 1.000000
278.156800 1955.504000 836.352000 525.537600 1.000000
291.475200 1851.600000 838.235200 411.200000 1.000000
282.966400 2015.616000 846.790400 585.171200 1.000000
297.020800 1886.976000 847.220800 455.707200 1.000000
267.355200 2213.536000 850.729600 783.108800 1.000000
296.352000 1959.616000 854.054400 532.473600 1.000000
282.339200 2208.784000 864.449600 778.096000 1.000000
325.764800 1847.120000 869.302400 411.092800 1.000000
320.939200 1898.992000 870.001600 471.563200 1.000000
325.681600 2197.856000 901.020800 775.608000 1.000000
339.907200 2077.152000 902.507200 654.640000 1.000000
382.032000 1906.192000 926.555200 483.067200 1.000000
331.352000 2659.824000 939.819200 1185.638400 1.000000
414.102400 1896.912000 957.152000 476.836800 1.000000
437.208000 2019.424000 985.819200 610.870400 1.000000
550.984000 2072.160000 1092.076800 681.398400 1.000000
511.910400 2856.160000 1095.206400 1366.769600 1.000000
519.753600 2850.096000 1101.926400 1361.353600 1.000000
547.622400 2442.736000 1108.865600 1027.686400 1.000000
534.424000 2852.272000 1114.369600 1363.372800 1.000000
572.617600 2435.632000 1129.900800 1023.936000 1.000000
595.446400 2438.208000 1148.336000 1029.526400 1.000000
628.003200 2498.416000 1177.656000 1086.433600 1.000000
657.310400 1895.472000 1177.804800 509.401600 1.000000
643.334400 2260.112000 1184.332800 886.312000 1.000000
650.841600 2546.832000 1198.872000 1130.684800 1.000000
688.593600 1976.608000 1210.531200 603.139200 1.000000
684.196800 2142.160000 1214.553600 771.056000 1.000000
696.113600 1941.888000 1216.476800 567.280000 1.000000
669.790400 2757.360000 1221.057600 1304.217600 1.000000
701.299200 1976.864000 1222.459200 600.891200 1.000000
706.177600 1958.064000 1225.409600 584.220800 1.000000
700.841600 2157.168000 1229.158400 787.086400 1.000000
703.945600 2547.760000 1245.064000 1138.166400 1.000000
743.035200 1841.568000 1256.764800 460.536000 1.000000
761.224000 1884.176000 1274.995200 513.937600 1.000000
762.806400 1899.712000 1276.441600 528.844800 1.000000
782.536000 1869.696000 1294.878400 500.505600 1.000000
782.313600 2226.880000 1303.254400 862.510400 1.000000
781.438400 2442.080000 1306.508800 1060.203200 1.000000
796.833600 1994.000000 1310.161600 639.865600 1.000000
800.532800 1918.288000 1312.337600 559.713600 1.000000
796.808000 2165.040000 1315.188800 805.406400 1.000000
849.932800 1733.936000 1337.452800 239.566400 1.000000
836.859200 1782.944000 1345.288000 410.062400 1.000000
863.964800 2238.864000 1374.380800 886.972800 1.000000
861.249600 2985.152000 1375.694400 1501.195200 1.000000
867.254400 2259.824000 1377.916800 908.296000 1.000000
880.491200 2414.128000 1389.545600 1050.619200 1.000000
897.916800 2829.984000 1406.544000 1389.984000 1.000000
906.249600 2948.672000 1411.584000 1480.163200 1.000000
915.019200 2404.512000 1420.185600 1043.465600 1.000000
929.089600 2768.464000 1431.980800 1346.726400 1.000000
933.040000 2409.392000 1434.099200 1049.057600 1.000000
949.046400 2812.928000 1448.220800 1386.284800 1.000000
956.104000 2786.960000 1451.163200 1362.784000 1.000000
959.238400 2634.032000 1457.222400 1241.323200 1.000000
989.560000 2415.152000 1484.288000 1060.780800 1.000000
994.936000 2621.152000 1486.505600 1242.163200 1.000000
1001.948800 2817.232000 1489.304000 1392.558400 1.000000
1075.209600 1970.192000 1567.387200 646.536000 1.000000
1094.902400 2504.976000 1572.022400 1155.644800 1.000000
1092.758400 2057.584000 1581.944000 740.604800 1.000000
1096.896000 2148.592000 1582.123200 827.136000 1.000000
1097.539200 1994.624000 1587.190400 678.324800 1.000000
1132.854400 2543.120000 1601.840000 1191.763200 1.000000
1237.049600 2528.512000 1691.952000 1196.193600 1.000000
1206.012800 1690.816000 1701.200000 243.985600 1.000000
1254.764800 2637.536000 1702.912000 1287.414400 1.000000
1294.936000 2542.432000 1739.584000 1214.003200 1.000000
1283.252800 2022.416000 1759.712000 725.054400 1.000000
1280.121600 1811.232000 1772.112000 498.027200 1.000000
1339.867200 2576.400000 1776.560000 1246.862400 1.000000
1380.544000 2747.328000 1798.640000 1388.817600 1.000000
1320.680000 1860.032000 1806.720000 556.420800 1.000000
1395.481600 2795.648000 1809.568000 1428.771200 1.000000
1399.550400 2393.616000 1840.320000 1099.396800 1.000000
1385.153600 2002.624000 1856.880000 722.065600 1.000000
1452.822400 2804.928000 1857.312000 1445.004800 1.000000
1456.150400 2789.920000 1859.616000 1431.900800 1.000000
1423.993600 2343.488000 1866.128000 1058.144000 1.000000
1472.652800 2809.200000 1872.016000 1449.112000 1.000000
1469.929600 2695.920000 1878.064000 1361.824000 1.000000
1437.929600 2308.576000 1881.712000 1026.888000 1.000000
1401.670400 1851.088000 1886.864000 566.054400 1.000000
1446.900800 2345.472000 1887.792000 1060.928000 1.000000
1411.531200 1816.640000 1897.232000 518.422400 1.000000
1413.673600 1792.128000 1901.536000 496.184000 1.000000
1523.968000 2958.688000 1904.064000 1568.678400 1.000000
1523.144000 2940.848000 1904.976000 1554.516800 1.000000
1435.022400 1901.424000 1914.896000 620.628800 1.000000
1441.232000 1856.528000 1925.184000 571.624000 1.000000
1552.262400 2967.792000 1925.344000 1578.398400 1.000000
1438.515200 1757.360000 1926.848000 459.827200 1.000000
1441.689600 1840.544000 1927.472000 553.992000 1.000000
1439.811200 1797.504000 1928.272000 503.060800 1.000000
1440.892800 1804.272000 1930.160000 511.336000 1.000000
1491.006400 2259.552000 1932.112000 991.857600 1.000000
1484.718400 2220.000000 1932.784000 950.961600 1.000000
1500.796800 2274.960000 1940.928000 1004.937600 1.000000
1574.595200 2954.464000 1944.304000 1571.606400 1.000000
1519.990400 2194.960000 1966.784000 932.190400 1.000000
1494.534400 1745.936000 1985.568000 459.795200 1.000000
1540.328000 2177.056000 1987.024000 919.478400 1.000000
1591.460800 2558.192000 1995.584000 1267.641600 1.000000
1526.332800 1818.864000 2012.464000 540.564800 1.000000
1663.904000 2991.632000 2013.632000 1612.256000 1.000000
1571.092800 2137.856000 2018.304000 886.646400 1.000000
1688.032000 2642.672000 2068.432000 1347.001600 1.000000
1689.664000 2620.576000 2073.056000 1332.121600 1.000000
1610.000000 1966.576000 2076.960000 714.348800 1.000000
1680.496000 2307.520000 2103.120000 1061.012800 1.000000
1756.240000 2712.880000 2122.192000 1411.440000 1.000000
1712.064000 2349.744000 2125.504000 1099.592000 1.000000
1766.688000 2732.240000 2125.936000 1428.550400 1.000000
1717.312000 2367.184000 2127.136000 1116.342400 1.000000
1778.416000 2690.112000 2140.208000 1396.952000 1.000000
1680.000000 1988.112000 2141.056000 746.486400 1.000000
1732.336000 2332.240000 2144.320000 1087.689600 1.000000
1798.544000 2712.240000 2153.856000 1414.979200 1.000000
1703.280000 2029.136000 2160.160000 789.896000 1.000000
1770.992000 2380.480000 2172.448000 1131.889600 1.000000
1775.984000 2395.760000 2175.856000 1147.356800 1.000000
1760.688000 2293.280000 2177.200000 1055.353600 1.000000
1838.464000 2744.096000 2184.464000 1443.832000 1.000000
1827.664000 2647.424000 2187.616000 1368.094400 1.000000
1737.312000 2052.832000 2187.904000 817.776000 1.000000
1787.776000 2382.832000 2188.368000 1138.632000 1.000000
1777.872000 2306.304000 2191.648000 1067.070400 1.000000
1706.096000 1822.512000 2194.208000 570.200000 1.000000
1782.320000 2274.400000 2198.752000 1038.721600 1.000000
1809.744000 2436.448000 2199.920000 1191.355200 1.000000
1745.376000 2024.480000 2201.328000 792.569600 1.000000
1731.776000 1930.864000 2201.520000 691.019200 1.000000
1781.920000 2244.080000 2206.848000 1009.784000 1.000000
1804.000000 2356.544000 2207.488000 1116.736000 1.000000
1817.936000 2447.440000 2208.000000 1194.008000 1.000000
1761.936000 2034.704000 2215.120000 803.528000 1.000000
1797.664000 2241.872000 2218.240000 1012.316800 1.000000
1914.944000 2711.664000 2255.856000 1439.731200 1.000000
1826.912000 2051.840000 2274.320000 829.430400 1.000000
1817.120000 1689.552000 2330.496000 450.124800 1.000000
1943.104000 2163.520000 2344.672000 1058.915200 1.000000
1837.728000 1673.920000 2354.560000 442.179200 1.000000
2127.952000 1551.169600 2554.160000 1582.896000 1.000000
2385.824000 1291.753600 2833.136000 1507.057600 1.000000
2393.840000 1247.472000 2850.320000 1474.297600 1.000000
2438.464000 1356.076800 2865.392000 1573.627200 1.000000
