311.824000 1133.881600 141.055040 2420.336000 1.000000
409.011200 1297.705600 201.179200 2586.912000 1.000000
345.382400 768.484800 216.432000 2028.560000 1.000000
359.593600 835.910400 231.017600 2053.088000 1.000000
443.232000 1387.438400 235.811200 2694.672000 1.000000
455.724800 1373.816000 261.417600 2687.904000 1.000000
447.899200 1142.092800 278.577600 2419.712000 1.000000
419.017600 815.601600 280.849600 2110.752000 1.000000
488.625600 1421.816000 292.075200 2748.832000 1.000000
421.846400 795.196800 293.313600 2049.728000 1.000000
480.192000 1121.155200 305.507200 2398.400000 1.000000
499.710400 1122.720000 322.212800 2398.432000 1.000000
536.260800 1584.964800 327.448000 2919.712000 1.000000
517.772800 1395.057600 331.243200 2711.504000 1.000000
519.497600 1360.792000 337.710400 2670.832000 1.000000
477.961600 854.400000 337.777600 2096.208000 1.000000
558.196800 1291.382400 373.920000 2509.600000 1.000000
553.120000 599.982400 445.344000 1812.128000 1.000000
657.366400 983.323200 525.273600 2255.056000 1.000000
688.624000 1322.108800 567.056000 2527.200000 1.000000
860.897600 1330.214400 703.428800 2524.352000 1.000000
808.569600 578.352000 711.598400 1785.712000 1.000000
921.092800 1334.024000 769.422400 2522.304000 1.000000
929.864000 1338.486400 781.547200 2524.432000 1.000000
1034.384000 1354.772800 898.857600 2533.504000 1.000000
1057.147200 1354.366400 923.958400 2530.400000 1.000000
1132.449600 1252.936000 1010.305600 2422.736000 1.000000
1144.587200 1300.337600 1018.243200 2469.344000 1.000000
1162.529600 1345.619200 1040.000000 2510.032000 1.000000
1196.398400 1695.552000 1081.846400 3005.680000 1.000000
1267.908800 1313.876800 1228.020800 2463.872000 1.000000
1496.366400 666.324800 1405.364800 1804.336000 1.000000
1526.796800 301.675200 1432.819200 1565.193600 1.000000
1529.822400 681.108800 1434.555200 1815.360000 1.000000
1537.208000 888.044800 1447.032000 2023.824000 1.000000
1544.208000 1109.086400 1462.968000 2240.896000 1.000000
1561.675200 839.275200 1471.179200 1976.352000 1.000000
1584.681600 1088.412800 1503.281600 2216.464000 1.000000
1601.856000 1077.233600 1519.281600 2200.864000 1.000000
1657.808000 1366.750400 1592.299200 2479.760000 1.000000
1699.504000 689.156800 1595.206400 1810.688000 1.000000
1610.736000 1315.841600 1615.200000 2427.856000 1.000000
1684.304000 1767.344000 1655.744000 2972.528000 1.000000
1763.328000 1362.148800 1705.328000 2463.184000 1.000000
1781.232000 1418.942400 1731.104000 2517.088000 1.000000
1941.696000 345.024000 1801.968000 1431.008000 1.000000
1837.728000 1673.920000 1814.000000 2804.048000 1.000000
1992.256000 40.875360 1816.240000 1153.878400 1.000000
2010.208000 39.761280 1833.072000 1150.934400 1.000000
1993.744000 226.990400 1837.824000 1315.017600 1.000000
2005.024000 236.628800 1849.104000 1334.780800 1.000000
2032.864000 42.464320 1851.760000 1151.872000 1.000000
2036.624000 57.855040 1856.640000 1164.531200 1.000000
2079.376000 84.336800 1897.136000 1185.875200 1.000000
2090.848000 35.940000 1903.520000 1135.771200 1.000000
1393.776000 143.548800 1915.312000 1108.742400 1.000000
2106.688000 1569.732800 1978.352000 1701.056000 1.000000
2105.584000 1868.064000 2041.344000 2271.456000 1.000000
2225.760000 1472.267200 2089.776000 1563.467200 1.000000
2145.456000 1942.272000 2100.560000 2358.336000 1.000000
2164.352000 1952.112000 2127.792000 2364.096000 1.000000
2182.736000 1978.256000 2153.936000 2382.720000 1.000000
2326.320000 1331.547200 2174.112000 1383.841600 1.000000
2384.208000 1189.382400 2211.968000 1235.462400 1.000000
2385.824000 1291.753600 2226.960000 1328.222400 1.000000
2307.120000 1838.880000 2242.080000 1975.808000 1.000000
2316.480000 1835.216000 2251.296000 1968.080000 1.000000
2389.680000 1179.665600 2257.616000 1208.737600 1.000000
2419.376000 1272.512000 2259.488000 1303.808000 1.000000
2423.072000 1329.716800 2268.560000 1353.481600 1.000000
2439.328000 1224.798400 2271.760000 1245.624000 1.000000
2434.048000 1277.054400 2273.728000 1303.848000 1.000000
2353.104000 1764.672000 2276.384000 1871.488000 1.000000
2348.448000 1776.576000 2276.480000 1889.184000 1.000000
2412.400000 1426.657600 2276.624000 1449.603200 1.000000
2435.888000 1305.720000 2279.680000 1330.502400 1.000000
2362.128000 1760.384000 2287.328000 1865.616000 1.000000
2414.256000 1478.784000 2287.488000 1507.406400 1.000000
2373.152000 1715.712000 2291.600000 1806.496000 1.000000
2438.464000 1356.076800 2291.792000 1370.308800 1.000000
2415.616000 1514.312000 2295.600000 1554.336000 1.000000
2385.872000 1779.664000 2306.320000 1905.968000 1.000000
2445.808000 1428.944000 2311.904000 1442.684800 1.000000
2434.304000 1516.401600 2318.176000 1544.172800 1.000000
2463.632000 1371.240000 2318.816000 1384.033600 1.000000
2459.488000 1535.920000 2346.544000 1557.556800 1.000000
2583.776000 836.491200 2352.368000 903.099200 1.000000
2418.944000 1785.648000 2353.760000 1877.504000 1.000000
2494.544000 1423.748800 2361.936000 1424.744000 1.000000
2487.152000 1492.843200 2366.544000 1502.252800 1.000000
2479.712000 1538.305600 2368.240000 1554.128000 1.000000
2512.208000 1380.774400 2372.496000 1382.374400 1.000000
2504.560000 1504.308800 2385.776000 1508.545600 1.000000
2527.072000 1418.867200 2394.336000 1418.796800 1.000000
2520.752000 1457.536000 2394.864000 1457.428800 1.000000
2511.536000 1519.528000 2398.464000 1518.742400 1.000000
2558.096000 1326.520000 2407.248000 1297.696000 1.000000
2482.288000 1738.448000 2412.080000 1796.288000 1.000000
2552.768000 1380.160000 2412.352000 1369.408000 1.000000
2519.776000 1594.171200 2420.576000 1606.256000 1.000000
2532.064000 1547.273600 2423.728000 1549.387200 1.000000
2547.840000 1475.521600 2424.816000 1465.688000 1.000000
2545.312000 1558.512000 2439.696000 1558.270400 1.000000
2570.208000 1480.894400 2446.912000 1469.420800 1.000000
2557.984000 1543.112000 2450.512000 1535.971200 1.000000
2589.520000 1428.521600 2459.888000 1407.504000 1.000000
2580.912000 1487.524800 2463.136000 1467.046400 1.000000
2575.248000 1528.505600 2464.688000 1514.937600 1.000000
2588.224000 1464.590400 2466.000000 1443.283200 1.000000
2544.400000 1702.032000 2468.736000 1726.944000 1.000000
2599.248000 1455.206400 2474.736000 1430.356800 1.000000
2602.832000 1488.929600 2485.008000 1463.550400 1.000000
2614.208000 1453.416000 2488.896000 1422.033600 1.000000
2607.152000 1510.185600 2493.696000 1483.422400 1.000000
2623.632000 1505.268800 2509.776000 1470.444800 1.000000
2627.184000 1547.515200 2522.432000 1515.048000 1.000000
2632.480000 1531.689600 2523.008000 1497.011200 1.000000
2651.616000 1447.073600 2524.624000 1397.953600 1.000000
2672.784000 1445.563200 2546.080000 1382.891200 1.000000
2688.912000 1460.940800 2565.600000 1391.484800 1.000000
2694.640000 1464.315200 2571.584000 1393.710400 1.000000
2863.408000 1369.105600 2654.560000 1284.990400 1.000000
2864.880000 1329.022400 2704.144000 1109.104000 1.000000
2916.992000 1227.401600 2731.376000 970.604800 1.000000
2915.600000 1204.267200 2733.648000 851.140800 1.000000
