13.795200 1827.856000 13.917216 2389.440000 1.000000
170.721600 1052.995200 57.876800 1592.518400 1.000000
175.808000 963.577600 67.930720 1501.168000 1.000000
209.870400 961.704000 99.970560 1500.880000 1.000000
282.339200 2208.784000 106.015520 2808.288000 1.000000
278.156800 1955.504000 114.453440 2530.624000 1.000000
279.684800 1901.088000 118.337760 2467.776000 1.000000
280.524800 1839.136000 126.671840 2403.056000 1.000000
296.352000 1959.616000 134.016960 2532.144000 1.000000
299.716800 1861.136000 141.580160 2424.944000 1.000000
306.059200 1913.904000 145.752160 2481.584000 1.000000
255.976000 989.534400 146.008480 1527.985600 1.000000
327.329600 2064.736000 161.067200 2644.208000 1.000000
333.366400 1951.920000 173.976000 2524.688000 1.000000
342.056000 2108.320000 174.772800 2698.288000 1.000000
339.907200 2077.152000 175.262400 2660.064000 1.000000
334.422400 1893.424000 177.092800 2458.496000 1.000000
361.363200 1860.272000 205.785600 2420.704000 1.000000
371.160000 1898.992000 215.049600 2463.424000 1.000000
382.900800 1947.472000 225.851200 2516.592000 1.000000
390.726400 2113.952000 226.046400 2703.760000 1.000000
333.224000 1034.729600 226.846400 1568.484800 1.000000
337.899200 1206.153600 227.649600 1742.640000 1.000000
342.524800 1163.548800 232.056000 1699.008000 1.000000
345.950400 1330.438400 233.099200 1879.952000 1.000000
354.726400 1311.276800 242.123200 1855.904000 1.000000
345.382400 768.484800 250.832000 1309.411200 1.000000
384.044800 1465.577600 261.729600 2010.848000 1.000000
364.416000 827.700800 267.353600 1365.718400 1.000000
366.657600 787.124800 271.457600 1325.900800 1.000000
437.208000 2019.424000 280.403200 2589.760000 1.000000
398.849600 770.675200 305.387200 1309.033600 1.000000
464.195200 2009.424000 308.990400 2579.200000 1.000000
476.185600 2010.048000 320.593600 2578.080000 1.000000
421.982400 872.457600 323.192000 1403.537600 1.000000
440.147200 1306.926400 324.718400 1846.416000 1.000000
447.899200 1142.092800 344.064000 1676.608000 1.000000
455.724800 1373.816000 344.443200 1916.192000 1.000000
454.870400 1247.336000 346.667200 1784.112000 1.000000
467.830400 1544.076800 347.643200 2094.032000 1.000000
505.979200 1864.288000 361.092800 2420.176000 1.000000
510.915200 1918.048000 362.790400 2478.688000 1.000000
473.129600 1344.129600 363.241600 1884.688000 1.000000
484.560000 1324.486400 373.259200 1864.848000 1.000000
477.961600 854.400000 374.478400 1388.723200 1.000000
488.625600 1421.816000 378.006400 1968.368000 1.000000
495.504000 1268.753600 383.865600 1804.592000 1.000000
496.392000 1310.254400 386.257600 1845.552000 1.000000
499.566400 1442.606400 389.489600 1988.592000 1.000000
539.595200 1873.136000 395.574400 2422.416000 1.000000
518.339200 1583.427200 397.169600 2132.528000 1.000000
542.764800 1844.288000 398.875200 2397.296000 1.000000
521.184000 1557.201600 399.155200 2098.288000 1.000000
543.748800 1827.216000 399.614400 2378.528000 1.000000
532.969600 1315.227200 414.475200 1838.320000 1.000000
526.955200 1441.299200 415.947200 1984.720000 1.000000
534.516800 1600.496000 416.092800 2151.104000 1.000000
536.260800 1584.964800 416.331200 2131.248000 1.000000
540.344000 1523.795200 419.956800 2061.904000 1.000000
574.534400 2073.840000 424.027200 2648.208000 1.000000
546.169600 1469.016000 425.264000 2006.048000 1.000000
555.368000 1493.404800 433.643200 2032.288000 1.000000
559.224000 1507.297600 440.192000 2044.064000 1.000000
591.091200 1844.128000 449.846400 2392.032000 1.000000
571.046400 1522.761600 454.108800 2059.920000 1.000000
553.120000 599.982400 457.321600 1127.920000 1.000000
581.665600 1314.894400 461.486400 1828.592000 1.000000
586.358400 1324.163200 463.344000 1837.200000 1.000000
584.321600 1594.592000 468.323200 2140.832000 1.000000
601.841600 1310.987200 484.302400 1823.104000 1.000000
623.640000 1805.216000 486.048000 2348.928000 1.000000
637.800000 2146.800000 490.353600 2726.560000 1.000000
617.212800 1619.072000 503.680000 2167.808000 1.000000
668.372800 1930.096000 530.496000 2480.240000 1.000000
628.214400 554.184000 535.760000 1086.347200 1.000000
684.196800 2142.160000 540.865600 2719.824000 1.000000
635.921600 572.260800 546.264000 1101.001600 1.000000
688.593600 1976.608000 548.542400 2535.744000 1.000000
700.841600 2157.168000 559.033600 2737.760000 1.000000
696.113600 1941.888000 559.249600 2493.520000 1.000000
701.299200 1976.864000 562.832000 2535.008000 1.000000
699.270400 1859.968000 566.518400 2406.768000 1.000000
657.366400 983.323200 570.894400 1519.112000 1.000000
663.030400 560.912000 573.697600 1089.696000 1.000000
711.937600 1997.040000 574.209600 2555.840000 1.000000
721.832000 2247.568000 579.006400 2834.480000 1.000000
724.472000 2109.728000 584.216000 2679.344000 1.000000
726.296000 1914.832000 591.049600 2467.424000 1.000000
736.878400 2041.824000 599.356800 2600.992000 1.000000
736.449600 1872.032000 604.344000 2417.968000 1.000000
722.462400 1364.113600 609.313600 1868.368000 1.000000
747.782400 1921.792000 615.014400 2467.840000 1.000000
761.036800 1943.104000 629.035200 2492.752000 1.000000
788.803200 1910.736000 659.089600 2454.672000 1.000000
797.683200 2234.272000 660.057600 2817.136000 1.000000
796.808000 2165.040000 663.993600 2726.624000 1.000000
786.491200 1338.457600 673.273600 1839.616000 1.000000
819.249600 1865.856000 694.784000 2402.752000 1.000000
825.046400 1902.272000 698.076800 2445.024000 1.000000
831.017600 2224.000000 698.291200 2802.864000 1.000000
834.864000 2339.312000 700.238400 2933.568000 1.000000
843.510400 2321.040000 709.796800 2911.792000 1.000000
847.385600 2231.936000 714.996800 2809.120000 1.000000
849.886400 2254.640000 716.934400 2837.488000 1.000000
857.958400 2359.472000 723.841600 2955.856000 1.000000
863.964800 2238.864000 732.276800 2819.120000 1.000000
867.254400 2259.824000 735.974400 2841.488000 1.000000
859.011200 1830.784000 737.836800 2366.816000 1.000000
876.523200 1986.928000 753.684800 2537.088000 1.000000
895.003200 2018.432000 771.057600 2569.136000 1.000000
913.598400 1774.320000 780.745600 2299.776000 1.000000
911.713600 2128.352000 786.744000 2690.528000 1.000000
929.864000 1338.486400 824.236800 1831.328000 1.000000
949.761600 2075.664000 829.974400 2628.944000 1.000000
1020.952000 1776.336000 859.302400 2296.960000 1.000000
1018.289600 2090.576000 905.409600 2641.232000 1.000000
1052.371200 1835.792000 946.790400 2356.784000 1.000000
1075.209600 1970.192000 968.454400 2504.512000 1.000000
1092.758400 2057.584000 986.214400 2596.752000 1.000000
1096.896000 2148.592000 989.027200 2700.912000 1.000000
1125.747200 2016.048000 1022.406400 2553.504000 1.000000
1126.968000 2060.736000 1022.790400 2599.744000 1.000000
1132.774400 1863.328000 1032.881600 2382.544000 1.000000
1132.449600 1252.936000 1038.468800 1739.392000 1.000000
1133.806400 1332.481600 1039.529600 1817.200000 1.000000
1144.587200 1300.337600 1048.600000 1785.616000 1.000000
1187.307200 2241.664000 1087.995200 2804.448000 1.000000
1220.265600 1349.241600 1126.624000 1828.752000 1.000000
1249.545600 1995.184000 1156.896000 2520.096000 1.000000
1256.771200 2294.544000 1166.444800 2859.392000 1.000000
1305.179200 2332.064000 1217.468800 2899.584000 1.000000
1331.331200 2011.824000 1245.944000 2535.664000 1.000000
1342.536000 2211.376000 1257.257600 2757.728000 1.000000
1330.585600 1687.328000 1259.889600 2199.168000 1.000000
1359.121600 2393.312000 1279.024000 2967.792000 1.000000
1381.675200 2362.832000 1304.321600 2930.880000 1.000000
1385.153600 2002.624000 1306.057600 2517.984000 1.000000
1410.865600 1887.920000 1333.014400 2394.656000 1.000000
1427.264000 1932.288000 1348.582400 2443.632000 1.000000
1423.993600 2343.488000 1350.078400 2907.040000 1.000000
1435.022400 1901.424000 1357.779200 2407.680000 1.000000
1440.892800 1804.272000 1364.228800 2301.200000 1.000000
1438.515200 1757.360000 1372.041600 2243.792000 1.000000
1469.940800 1879.312000 1395.116800 2381.888000 1.000000
1480.288000 1288.502400 1401.364800 1758.400000 1.000000
1486.068800 1880.448000 1413.057600 2379.184000 1.000000
1484.718400 2220.000000 1415.257600 2761.328000 1.000000
1496.366400 666.324800 1418.158400 1152.408000 1.000000
1498.620800 1803.216000 1425.700800 2295.104000 1.000000
1509.310400 1830.944000 1436.683200 2322.752000 1.000000
1516.947200 1286.084800 1440.616000 1753.696000 1.000000
1529.822400 681.108800 1443.217600 1164.220800 1.000000
1526.796800 301.675200 1448.222400 861.649600 1.000000
1519.990400 2194.960000 1452.622400 2729.232000 1.000000
1526.332800 1818.864000 1456.011200 2311.792000 1.000000
1544.208000 1109.086400 1471.305600 1582.547200 1.000000
1540.328000 2177.056000 1476.011200 2709.552000 1.000000
1561.675200 839.275200 1479.107200 1318.652800 1.000000
1584.681600 1088.412800 1504.505600 1555.496000 1.000000
1603.936000 391.496000 1515.780800 910.326400 1.000000
1587.254400 1793.360000 1517.809600 2278.240000 1.000000
1596.104000 2236.304000 1538.176000 2773.264000 1.000000
1610.336000 1796.208000 1546.564800 2281.808000 1.000000
1610.736000 1315.841600 1602.240000 1773.040000 1.000000
1699.504000 689.156800 1609.040000 1167.256000 1.000000
1750.864000 666.636800 1658.864000 1144.107200 1.000000
1731.776000 1930.864000 1680.256000 2422.192000 1.000000
1732.336000 2332.240000 1690.656000 2877.216000 1.000000
1758.096000 1446.984000 1691.632000 1910.496000 1.000000
1753.008000 2234.800000 1710.848000 2764.704000 1.000000
1760.688000 2293.280000 1718.784000 2828.944000 1.000000
1774.384000 2079.840000 1727.984000 2582.096000 1.000000
1770.992000 2380.480000 1734.672000 2925.072000 1.000000
1779.168000 2109.632000 1734.800000 2617.424000 1.000000
1827.904000 882.611200 1738.032000 1332.486400 1.000000
1775.984000 2395.760000 1739.904000 2944.224000 1.000000
1777.872000 2306.304000 1742.512000 2839.776000 1.000000
1781.920000 2244.080000 1744.016000 2769.360000 1.000000
1782.320000 2274.400000 1745.056000 2804.752000 1.000000
1787.776000 2382.832000 1754.048000 2930.048000 1.000000
1804.000000 2356.544000 1770.112000 2897.376000 1.000000
1809.744000 2436.448000 1777.136000 2994.752000 1.000000
1841.936000 2212.816000 1781.072000 2542.192000 1.000000
1931.504000 413.308800 1815.712000 875.126400 1.000000
1941.696000 345.024000 1821.248000 818.598400 1.000000
1840.688000 2179.552000 1826.352000 2850.160000 1.000000
1879.488000 1973.840000 1834.928000 2449.552000 1.000000
1882.576000 1931.920000 1837.328000 2411.120000 1.000000
2010.208000 39.761280 1866.352000 527.020800 1.000000
2099.248000 1453.401600 1886.800000 1601.888000 1.000000
2101.008000 1670.400000 1902.592000 1838.896000 1.000000
2151.248000 1756.272000 1964.752000 1927.680000 1.000000
2214.816000 1323.467200 2001.808000 1454.137600 1.000000
2225.760000 1472.267200 2021.136000 1605.200000 1.000000
2165.680000 1950.000000 2030.128000 2213.872000 1.000000
2190.832000 1942.352000 2054.784000 2197.504000 1.000000
2326.320000 1331.547200 2113.360000 1438.726400 1.000000
2281.952000 1862.832000 2116.032000 2042.736000 1.000000
2349.072000 1274.336000 2131.248000 1378.910400 1.000000
2295.888000 1883.024000 2134.496000 2062.464000 1.000000
2307.120000 1838.880000 2140.944000 2012.208000 1.000000
2316.048000 1843.280000 2151.696000 2016.400000 1.000000
2376.544000 1181.257600 2156.720000 1276.091200 1.000000
2379.920000 1153.873600 2158.512000 1248.670400 1.000000
2381.520000 1226.596800 2164.272000 1321.355200 1.000000
2385.760000 1179.116800 2166.560000 1273.273600 1.000000
2384.208000 1189.382400 2166.736000 1281.668800 1.000000
2386.640000 1205.628800 2168.080000 1299.729600 1.000000
2370.480000 1455.710400 2168.944000 1565.409600 1.000000
2385.824000 1291.753600 2172.448000 1387.992000 1.000000
2391.040000 1214.760000 2174.400000 1308.460800 1.000000
2393.840000 1247.472000 2179.536000 1339.889600 1.000000
2337.200000 1910.480000 2180.416000 2093.424000 1.000000
2397.536000 1210.737600 2181.200000 1304.320000 1.000000
2353.104000 1764.672000 2184.080000 1920.672000 1.000000
2356.704000 1780.368000 2188.960000 1940.576000 1.000000
2389.680000 1179.665600 2195.248000 1264.097600 1.000000
2413.184000 1229.016000 2196.928000 1319.772800 1.000000
2404.560000 1391.960000 2199.392000 1492.734400 1.000000
2373.152000 1715.712000 2200.672000 1862.352000 1.000000
2422.992000 1208.859200 2205.216000 1297.315200 1.000000
2372.384000 1770.720000 2205.488000 1926.208000 1.000000
2419.376000 1272.512000 2206.736000 1366.542400 1.000000
2434.736000 1128.028800 2211.296000 1210.508800 1.000000
2430.656000 1177.876800 2211.312000 1263.056000 1.000000
2412.400000 1426.657600 2211.440000 1525.489600 1.000000
2423.072000 1329.716800 2214.896000 1423.752000 1.000000
2432.096000 1219.152000 2215.520000 1306.179200 1.000000
2414.256000 1478.784000 2219.456000 1584.660800 1.000000
2385.872000 1779.664000 2220.656000 1934.208000 1.000000
2418.480000 1704.880000 2222.320000 1882.432000 1.000000
2439.328000 1224.798400 2224.176000 1309.675200 1.000000
2396.352000 1738.992000 2227.376000 1886.224000 1.000000
2405.136000 1707.072000 2233.136000 1849.296000 1.000000
2451.424000 1214.873600 2233.424000 1299.048000 1.000000
2438.464000 1356.076800 2234.144000 1446.377600 1.000000
2454.736000 1166.054400 2234.240000 1244.814400 1.000000
2454.272000 1190.001600 2235.600000 1270.355200 1.000000
2428.272000 1494.644800 2235.968000 1600.352000 1.000000
2448.192000 1320.758400 2240.800000 1411.124800 1.000000
2407.760000 1757.344000 2241.504000 1905.072000 1.000000
2460.016000 1229.182400 2244.496000 1312.404800 1.000000
2445.808000 1428.944000 2247.360000 1524.200000 1.000000
2455.312000 1329.510400 2247.808000 1419.446400 1.000000
2462.544000 1234.070400 2248.080000 1316.025600 1.000000
2412.960000 1771.232000 2248.496000 1922.448000 1.000000
2438.416000 1545.688000 2252.208000 1659.008000 1.000000
2462.928000 1314.526400 2253.744000 1400.579200 1.000000
2473.536000 1178.654400 2254.160000 1256.150400 1.000000
2418.944000 1785.648000 2255.184000 1939.712000 1.000000
2472.032000 1241.025600 2260.160000 1318.384000 1.000000
2483.792000 1202.532800 2266.656000 1277.776000 1.000000
2432.432000 1785.568000 2268.320000 1937.360000 1.000000
2486.896000 1195.401600 2268.544000 1272.124800 1.000000
2477.856000 1310.048000 2269.216000 1391.556800 1.000000
2487.952000 1227.609600 2272.208000 1306.137600 1.000000
2448.000000 1680.752000 2275.888000 1812.912000 1.000000
2461.232000 1615.520000 2281.840000 1736.576000 1.000000
2493.408000 1364.376000 2291.936000 1453.057600 1.000000
2502.448000 1343.924800 2297.824000 1428.630400 1.000000
2494.544000 1423.748800 2298.432000 1515.020800 1.000000
2510.640000 1259.980800 2298.560000 1334.193600 1.000000
2493.664000 1482.100800 2303.472000 1579.710400 1.000000
2518.608000 1237.995200 2304.864000 1314.844800 1.000000
2524.576000 1298.657600 2315.504000 1372.852800 1.000000
2504.560000 1504.308800 2315.632000 1603.072000 1.000000
2512.752000 1422.915200 2316.528000 1514.864000 1.000000
2501.792000 1583.736000 2320.768000 1694.384000 1.000000
2501.696000 1592.766400 2322.256000 1703.568000 1.000000
2504.128000 1607.328000 2325.680000 1720.560000 1.000000
2561.984000 934.476800 2327.088000 1030.779200 1.000000
2508.112000 1586.224000 2328.352000 1695.504000 1.000000
2532.304000 1343.726400 2328.608000 1423.928000 1.000000
2524.032000 1491.737600 2334.432000 1589.483200 1.000000
2515.008000 1593.974400 2335.968000 1703.664000 1.000000
2525.104000 1508.251200 2337.088000 1605.904000 1.000000
2522.432000 1568.406400 2341.040000 1674.096000 1.000000
2544.928000 1341.420800 2341.664000 1417.284800 1.000000
2525.232000 1573.756800 2344.784000 1678.816000 1.000000
2521.888000 1611.136000 2345.648000 1721.248000 1.000000
2528.080000 1560.777600 2346.800000 1664.768000 1.000000
2531.936000 1574.571200 2350.704000 1678.288000 1.000000
2558.096000 1326.520000 2354.528000 1400.150400 1.000000
2576.192000 970.448000 2356.784000 1064.307200 1.000000
2547.840000 1475.521600 2358.464000 1565.761600 1.000000
2556.096000 1384.688000 2358.688000 1468.228800 1.000000
2536.592000 1595.880000 2359.536000 1701.776000 1.000000
2563.312000 1343.065600 2360.960000 1418.342400 1.000000
2541.456000 1586.843200 2363.904000 1691.024000 1.000000
2541.120000 1602.160000 2364.128000 1707.728000 1.000000
2564.928000 1390.243200 2367.680000 1472.992000 1.000000
2569.584000 1367.729600 2370.672000 1447.140800 1.000000
2558.160000 1497.368000 2371.120000 1590.771200 1.000000
2558.768000 1511.153600 2373.584000 1605.904000 1.000000
2572.912000 1372.616000 2375.152000 1452.158400 1.000000
2544.400000 1702.032000 2378.288000 1823.136000 1.000000
2574.768000 1431.427200 2382.944000 1516.697600 1.000000
2611.504000 932.587200 2384.048000 1018.852800 1.000000
2575.776000 1492.009600 2388.720000 1583.132800 1.000000
2615.904000 950.270400 2389.488000 1037.003200 1.000000
2590.784000 1359.056000 2390.960000 1435.465600 1.000000
2576.976000 1496.931200 2391.008000 1587.585600 1.000000
2595.104000 1338.256000 2392.160000 1409.772800 1.000000
2582.192000 1465.232000 2393.360000 1551.963200 1.000000
2580.912000 1487.524800 2393.936000 1576.414400 1.000000
2580.208000 1500.329600 2394.736000 1590.804800 1.000000
2589.488000 1413.363200 2395.888000 1495.737600 1.000000
2580.256000 1519.033600 2396.272000 1610.832000 1.000000
2590.560000 1446.268800 2400.560000 1530.505600 1.000000
2589.504000 1505.176000 2404.208000 1595.225600 1.000000
2586.816000 1527.854400 2404.512000 1619.392000 1.000000
2603.392000 1395.700800 2408.208000 1473.792000 1.000000
2599.248000 1455.206400 2409.824000 1537.564800 1.000000
2595.056000 1514.646400 2411.200000 1605.072000 1.000000
2600.096000 1471.452800 2411.760000 1555.446400 1.000000
2602.832000 1488.929600 2416.544000 1575.516800 1.000000
2609.024000 1443.540800 2419.184000 1524.505600 1.000000
2607.152000 1510.185600 2423.696000 1597.040000 1.000000
2619.872000 1383.792000 2424.352000 1457.536000 1.000000
2618.800000 1394.147200 2425.120000 1468.032000 1.000000
2610.176000 1496.822400 2425.152000 1583.248000 1.000000
2624.432000 1464.995200 2434.672000 1547.921600 1.000000
2624.416000 1447.118400 2435.680000 1526.115200 1.000000
2623.232000 1458.507200 2435.872000 1538.006400 1.000000
2615.952000 1571.302400 2439.248000 1662.512000 1.000000
2623.632000 1505.268800 2439.776000 1589.612800 1.000000
2636.048000 1402.908800 2442.160000 1475.875200 1.000000
2628.816000 1482.793600 2443.216000 1564.331200 1.000000
2631.040000 1459.180800 2443.296000 1538.028800 1.000000
2618.528000 1593.628800 2443.424000 1689.584000 1.000000
2626.752000 1524.494400 2443.968000 1610.128000 1.000000
2637.248000 1472.062400 2449.296000 1538.680000 1.000000
2638.016000 1462.593600 2450.896000 1540.812800 1.000000
2632.480000 1531.689600 2451.344000 1617.456000 1.000000
2640.032000 1469.851200 2454.112000 1548.032000 1.000000
2644.432000 1484.548800 2459.280000 1563.723200 1.000000
2654.800000 1388.777600 2459.440000 1455.449600 1.000000
2651.520000 1475.700800 2466.064000 1551.664000 1.000000
2653.248000 1485.998400 2468.704000 1562.369600 1.000000
2661.840000 1408.217600 2468.800000 1474.908800 1.000000
2659.184000 1451.273600 2471.040000 1522.830400 1.000000
2659.856000 1475.840000 2474.480000 1550.291200 1.000000
2666.768000 1440.204800 2477.424000 1509.302400 1.000000
2666.896000 1466.105600 2480.384000 1537.899200 1.000000
2669.200000 1460.665600 2481.696000 1531.603200 1.000000
2671.952000 1436.288000 2482.656000 1503.835200 1.000000
2667.600000 1492.084800 2483.280000 1566.625600 1.000000
2674.640000 1430.107200 2483.344000 1496.852800 1.000000
2672.784000 1445.563200 2484.032000 1513.984000 1.000000
2674.160000 1440.809600 2484.080000 1508.691200 1.000000
2669.840000 1485.884800 2485.216000 1559.212800 1.000000
2674.304000 1456.110400 2486.688000 1525.460800 1.000000
2682.816000 1445.532800 2493.840000 1512.568000 1.000000
2684.768000 1491.564800 2501.152000 1562.752000 1.000000
2688.912000 1460.940800 2501.664000 1528.744000 1.000000
2694.640000 1464.315200 2507.600000 1532.681600 1.000000
2690.912000 1505.900800 2507.984000 1575.454400 1.000000
2700.112000 1461.801600 2513.344000 1528.038400 1.000000
2714.336000 1469.552000 2527.584000 1530.128000 1.000000
2719.824000 1445.732800 2532.512000 1506.913600 1.000000
2722.960000 1486.600000 2540.528000 1542.769600 1.000000
2742.352000 1459.771200 2554.672000 1516.993600 1.000000
2934.144000 1154.240000 2616.192000 1350.974400 1.000000
2851.408000 701.030400 2636.432000 718.422400 1.000000
2940.720000 769.057600 2677.968000 748.760000 1.000000
2877.728000 782.584000 2685.312000 846.326400 1.000000
2955.088000 785.545600 2696.512000 765.244800 1.000000
3010.048000 885.856000 2757.104000 846.284800 1.000000
3177.648000 2084.944000 3061.248000 2079.136000 1.000000
3192.736000 2210.992000 3098.080000 2220.800000 1.000000
3693.056000 218.044800 3383.616000 201.974400 1.000000
3778.592000 1024.456000 3567.760000 873.548800 1.000000
3837.600000 160.672000 3754.304000 164.401600 1.000000
3962.112000 1723.312000 3878.176000 1569.976000 1.000000
4015.024000 388.331200 4006.704000 460.251200 1.000000
