770.308800 574.409600 625.116800 2851.152000 1.000000
1740.512000 1416.504000 647.934400 262.201600 1.000000
1286.851200 655.620800 1194.662400 2828.384000 1.000000
1403.683200 654.609600 1319.444800 2804.448000 1.000000
1496.366400 666.324800 1420.689600 2801.104000 1.000000
1526.796800 301.675200 1441.532800 2582.608000 1.000000
1529.822400 681.108800 1461.000000 2804.016000 1.000000
1750.864000 666.636800 1702.656000 2742.528000 1.000000
1751.712000 699.838400 1710.720000 2781.392000 1.000000
1989.424000 1346.892800 2167.248000 1203.928000 1.000000
2225.760000 1472.267200 2189.728000 1435.556800 1.000000
2583.776000 836.491200 2345.904000 883.849600 1.000000
2182.736000 1978.256000 2378.432000 2460.080000 1.000000
2425.968000 1460.780800 2384.432000 1302.142400 1.000000
2468.336000 1328.835200 2385.680000 1147.876800 1.000000
2428.272000 1494.644800 2400.192000 1335.406400 1.000000
2300.736000 1831.408000 2400.544000 1785.728000 1.000000
2302.496000 1845.376000 2407.872000 1800.288000 1.000000
2307.120000 1838.880000 2410.144000 1790.256000 1.000000
2494.608000 1348.545600 2411.216000 1179.259200 1.000000
2434.304000 1516.401600 2416.160000 1355.384000 1.000000
2347.904000 1789.568000 2435.008000 1714.752000 1.000000
2344.192000 1803.216000 2444.160000 1707.152000 1.000000
2487.152000 1492.843200 2455.872000 1303.795200 1.000000
2407.760000 1757.344000 2466.560000 2051.232000 1.000000
2262.144000 1964.480000 2470.768000 2291.984000 1.000000
2542.112000 1389.033600 2471.904000 1196.112000 1.000000
2520.752000 1457.536000 2476.784000 1257.473600 1.000000
2343.728000 1830.640000 2478.096000 1663.152000 1.000000
2450.560000 1676.192000 2495.184000 1517.201600 1.000000
2547.840000 1475.521600 2508.304000 1258.939200 1.000000
2418.944000 1785.648000 2509.296000 1664.720000 1.000000
2536.592000 1595.880000 2518.832000 1474.998400 1.000000
2509.488000 1600.048000 2521.408000 1393.416000 1.000000
2557.984000 1543.112000 2524.544000 1381.595200 1.000000
2558.160000 1497.368000 2528.128000 1269.630400 1.000000
2580.912000 1487.524800 2547.920000 1246.806400 1.000000
2607.152000 1510.185600 2579.824000 1252.670400 1.000000
2613.520000 1540.404800 2599.872000 1272.932800 1.000000
2864.880000 1329.022400 2690.112000 953.907200 1.000000
2915.600000 1204.267200 2699.120000 585.289600 1.000000
3327.040000 28.705920 3080.672000 994.459200 1.000000
