205.800000 1813.888000 505.481600 219.992000 1.000000
226.553600 2647.792000 594.259200 1019.104000 1.000000
353.664000 1814.528000 651.960000 249.268800 1.000000
363.380800 1835.232000 662.272000 274.180800 1.000000
380.988800 1858.368000 681.457600 304.972800 1.000000
380.699200 1896.256000 684.440000 347.745600 1.000000
396.684800 1783.840000 692.185600 222.540800 1.000000
392.464000 1924.224000 697.604800 383.832000 1.000000
380.656000 2722.000000 735.424000 1107.915200 1.000000
448.972800 1835.600000 745.792000 287.190400 1.000000
903.304000 1875.680000 1193.889600 425.728000 1.000000
977.150400 2568.736000 1221.825600 1661.856000 1.000000
1028.416000 2563.120000 1263.449600 1664.192000 1.000000
985.982400 2495.744000 1263.593600 1009.502400 1.000000
991.665600 2489.088000 1269.668800 1004.800000 1.000000
1007.974400 2588.288000 1278.721600 1108.169600 1.000000
1005.822400 1780.224000 1302.065600 335.603200 1.000000
1018.884800 1771.184000 1318.009600 329.592000 1.000000
1054.089600 2517.120000 1323.152000 1043.196800 1.000000
1024.859200 1682.352000 1323.214400 245.496000 1.000000
1026.198400 1716.800000 1325.388800 277.472000 1.000000
1029.592000 1759.248000 1328.099200 319.385600 1.000000
1040.598400 1738.608000 1339.296000 300.832000 1.000000
1047.203200 1782.608000 1343.764800 348.878400 1.000000
1086.083200 2569.392000 1348.284800 1105.243200 1.000000
1096.889600 2578.352000 1355.436800 1115.902400 1.000000
1086.552000 1804.992000 1385.977600 380.081600 1.000000
1093.289600 1758.256000 1393.201600 332.452800 1.000000
1104.024000 1793.440000 1403.131200 370.944000 1.000000
1113.480000 1771.456000 1414.054400 349.307200 1.000000
1127.664000 1768.736000 1428.088000 349.558400 1.000000
1568.331200 2490.592000 1781.760000 1121.280000 1.000000
1521.428800 1743.792000 1840.592000 403.857600 1.000000
1701.824000 2914.896000 1849.888000 1437.526400 1.000000
1540.808000 1706.320000 1863.472000 373.603200 1.000000
1550.488000 1769.536000 1864.912000 435.014400 1.000000
1560.156800 1773.248000 1875.216000 440.931200 1.000000
1717.808000 2814.320000 1876.896000 1374.472000 1.000000
1725.264000 2508.032000 1920.400000 1170.296000 1.000000
1730.464000 2501.776000 1927.504000 1165.992000 1.000000
1673.424000 2119.584000 1935.792000 811.140800 1.000000
1788.160000 2541.888000 1969.936000 1212.956800 1.000000
1647.568000 1749.168000 1972.160000 434.444800 1.000000
1781.488000 2479.488000 1976.128000 1151.740800 1.000000
1722.176000 2154.080000 1977.664000 846.617600 1.000000
1784.848000 2471.904000 1981.392000 1145.200000 1.000000
1657.008000 1743.552000 1982.608000 431.680000 1.000000
1801.904000 2534.208000 1984.704000 1208.507200 1.000000
1662.624000 1728.832000 1990.384000 418.718400 1.000000
1867.664000 2864.272000 1998.208000 1432.966400 1.000000
1671.904000 1729.040000 1999.536000 420.361600 1.000000
1882.832000 2887.088000 2006.368000 1451.600000 1.000000
1738.304000 2030.864000 2010.608000 750.489600 1.000000
1837.264000 2500.944000 2023.056000 1184.734400 1.000000
1770.640000 2154.304000 2023.072000 854.611200 1.000000
1840.800000 2469.376000 2032.928000 1151.062400 1.000000
1841.152000 2455.456000 2038.352000 1138.169600 1.000000
1857.136000 2512.016000 2038.656000 1197.939200 1.000000
1778.992000 2118.592000 2038.720000 829.836800 1.000000
1661.552000 1429.376000 2048.544000 74.884960 1.000000
1859.200000 2465.360000 2050.592000 1151.736000 1.000000
1870.608000 2479.056000 2058.064000 1169.579200 1.000000
1867.392000 2466.160000 2059.088000 1153.006400 1.000000
1677.472000 1451.027200 2060.400000 109.622560 1.000000
1782.752000 2013.856000 2060.656000 740.616000 1.000000
1815.216000 2167.776000 2065.216000 874.952000 1.000000
1956.512000 2911.104000 2065.248000 1481.825600 1.000000
1870.160000 2433.520000 2066.400000 1118.497600 1.000000
1967.024000 2910.432000 2072.208000 1484.424000 1.000000
1770.240000 1889.344000 2072.384000 601.753600 1.000000
1890.768000 2460.880000 2080.064000 1152.713600 1.000000
1970.048000 2891.920000 2080.384000 1469.214400 1.000000
1816.992000 2090.144000 2081.184000 813.558400 1.000000
1800.272000 1990.240000 2081.248000 721.571200 1.000000
1888.752000 2430.704000 2086.160000 1120.406400 1.000000
1772.224000 1805.968000 2092.464000 515.889600 1.000000
1853.168000 2196.512000 2097.136000 901.740800 1.000000
1905.056000 2443.888000 2097.264000 1135.353600 1.000000
1774.848000 1791.360000 2098.432000 502.809600 1.000000
1847.104000 2110.000000 2105.440000 833.849600 1.000000
1783.792000 1796.784000 2106.304000 510.009600 1.000000
1777.456000 1754.064000 2108.880000 465.678400 1.000000
1778.400000 1728.128000 2113.264000 443.188800 1.000000
1968.448000 2612.096000 2117.488000 1302.400000 1.000000
1791.392000 1774.336000 2118.192000 488.212800 1.000000
1954.144000 2529.232000 2122.144000 1236.624000 1.000000
1788.144000 1730.880000 2123.360000 447.795200 1.000000
1984.704000 2674.432000 2124.672000 1344.812800 1.000000
1891.440000 2243.104000 2127.248000 948.328000 1.000000
1974.832000 2584.736000 2129.568000 1283.478400 1.000000
1764.256000 1524.041600 2142.288000 216.235200 1.000000
1920.096000 2296.496000 2143.296000 993.816000 1.000000
1996.016000 2581.248000 2146.896000 1285.963200 1.000000
2003.536000 2640.864000 2146.992000 1327.572800 1.000000
2050.848000 2886.688000 2149.152000 1479.201600 1.000000
1899.344000 2116.128000 2157.040000 848.808000 1.000000
1920.096000 2232.096000 2157.040000 942.288000 1.000000
1926.144000 2246.432000 2157.744000 957.070400 1.000000
1798.544000 1609.936000 2158.592000 329.259200 1.000000
1895.872000 2088.496000 2159.520000 825.488000 1.000000
1820.064000 1716.352000 2161.648000 441.699200 1.000000
1908.880000 2123.024000 2162.848000 857.864000 1.000000
1864.976000 1810.176000 2186.048000 541.336000 1.000000
1846.368000 1721.376000 2187.600000 449.852800 1.000000
1991.648000 2374.816000 2193.328000 1083.201600 1.000000
1877.696000 1837.840000 2194.512000 567.792000 1.000000
1993.280000 2352.160000 2199.392000 1063.188800 1.000000
1948.832000 2140.128000 2201.024000 875.400000 1.000000
1880.880000 1821.744000 2201.552000 551.660800 1.000000
1992.944000 2338.128000 2204.672000 1047.827200 1.000000
1915.344000 1958.208000 2206.880000 706.896000 1.000000
2064.224000 2601.984000 2207.392000 1309.897600 1.000000
1864.736000 1722.272000 2207.664000 451.555200 1.000000
2024.768000 2430.016000 2210.496000 1143.683200 1.000000
2020.864000 2416.960000 2211.088000 1128.625600 1.000000
1881.920000 1791.872000 2211.872000 527.248000 1.000000
1937.440000 2025.600000 2212.272000 777.980800 1.000000
2009.984000 2364.928000 2213.200000 1076.896000 1.000000
1942.128000 2042.768000 2214.160000 793.336000 1.000000
1896.752000 1842.832000 2215.712000 577.827200 1.000000
2029.200000 2428.096000 2216.848000 1144.278400 1.000000
2029.968000 2418.736000 2219.008000 1134.672000 1.000000
1967.008000 2092.144000 2225.408000 843.870400 1.000000
2028.688000 2383.536000 2226.816000 1098.345600 1.000000
1967.328000 2072.816000 2232.880000 824.236800 1.000000
1960.880000 2033.680000 2235.920000 788.302400 1.000000
1888.480000 1698.672000 2237.984000 435.656000 1.000000
1928.384000 1876.720000 2239.440000 618.452800 1.000000
1896.992000 1712.400000 2243.264000 450.353600 1.000000
1890.384000 1674.576000 2243.552000 413.606400 1.000000
1902.096000 1736.880000 2244.256000 472.936000 1.000000
1893.968000 1695.840000 2244.976000 433.990400 1.000000
1931.776000 1877.472000 2244.992000 619.872000 1.000000
1975.600000 2055.120000 2246.640000 809.606400 1.000000
1857.808000 1516.888000 2249.504000 226.984000 1.000000
1895.072000 1686.560000 2249.632000 426.086400 1.000000
2018.224000 2236.736000 2250.128000 965.318400 1.000000
2025.712000 2257.184000 2251.648000 985.289600 1.000000
1902.496000 1699.520000 2252.864000 438.017600 1.000000
2075.104000 2448.928000 2252.896000 1171.814400 1.000000
1975.792000 2008.544000 2254.608000 766.800000 1.000000
2105.504000 2513.712000 2260.752000 1250.694400 1.000000
1942.992000 1833.552000 2266.096000 575.788800 1.000000
2091.776000 2439.168000 2269.568000 1165.694400 1.000000
2082.560000 2403.232000 2271.408000 1128.350400 1.000000
1948.992000 1817.136000 2276.864000 561.787200 1.000000
2134.752000 2546.448000 2280.448000 1279.784000 1.000000
2074.720000 2331.072000 2282.416000 1056.934400 1.000000
1989.600000 1935.216000 2289.392000 692.230400 1.000000
2077.296000 2294.496000 2293.040000 1027.227200 1.000000
1986.928000 1911.056000 2293.088000 664.534400 1.000000
1950.352000 1750.720000 2293.232000 495.291200 1.000000
1946.752000 1732.768000 2293.504000 476.403200 1.000000
2086.752000 2324.624000 2295.904000 1052.660800 1.000000
2006.320000 1967.760000 2296.672000 730.851200 1.000000
2099.232000 2356.240000 2299.600000 1085.713600 1.000000
2049.024000 2132.928000 2302.240000 885.942400 1.000000
1948.992000 1702.864000 2303.376000 448.433600 1.000000
2008.448000 1951.648000 2304.016000 711.889600 1.000000
2014.880000 1967.168000 2305.536000 731.187200 1.000000
2070.608000 2207.104000 2307.328000 949.819200 1.000000
1995.328000 1882.208000 2308.368000 634.160000 1.000000
2012.416000 1946.016000 2311.008000 708.806400 1.000000
2044.672000 2063.344000 2312.384000 830.435200 1.000000
2080.368000 2225.152000 2312.640000 969.112000 1.000000
1892.368000 1423.480000 2312.880000 118.221280 1.000000
2081.264000 2214.096000 2315.440000 960.444800 1.000000
2012.352000 1916.496000 2318.160000 674.182400 1.000000
2001.696000 1871.904000 2319.056000 626.121600 1.000000
2089.424000 2229.600000 2319.632000 974.844800 1.000000
1902.752000 1438.662400 2319.904000 140.219680 1.000000
2096.384000 2252.656000 2321.968000 993.952000 1.000000
2072.304000 2131.392000 2324.336000 889.180800 1.000000
1901.616000 1419.257600 2324.784000 114.593280 1.000000
2006.576000 1828.656000 2335.040000 583.353600 1.000000
2092.272000 2174.064000 2335.984000 926.484800 1.000000
2098.848000 2189.216000 2339.344000 940.091200 1.000000
2058.880000 2012.912000 2340.032000 784.385600 1.000000
2100.688000 2161.664000 2347.168000 917.678400 1.000000
1952.480000 1529.825600 2349.680000 260.864000 1.000000
2074.960000 2014.288000 2352.224000 792.174400 1.000000
2085.952000 2055.296000 2355.568000 829.889600 1.000000
2044.144000 1899.664000 2356.416000 661.254400 1.000000
2118.448000 2180.288000 2356.624000 936.652800 1.000000
2520.992000 2703.504000 2356.656000 2235.936000 1.000000
1969.488000 1560.441600 2362.496000 299.136000 1.000000
2099.568000 2083.584000 2363.008000 857.155200 1.000000
1959.952000 1488.768000 2369.840000 215.913600 1.000000
2093.936000 2031.968000 2370.544000 808.840000 1.000000
1984.384000 1571.660800 2372.160000 318.896000 1.000000
2049.280000 1858.240000 2372.640000 619.875200 1.000000
2125.280000 2138.416000 2375.488000 904.964800 1.000000
2118.208000 2112.656000 2376.640000 879.532800 1.000000
2059.472000 1876.688000 2379.168000 639.443200 1.000000
2062.768000 1869.088000 2383.568000 634.878400 1.000000
2028.656000 1722.656000 2383.664000 484.868800 1.000000
2041.920000 1750.672000 2390.704000 514.152000 1.000000
2028.976000 1699.856000 2391.984000 461.566400 1.000000
2014.512000 1620.960000 2395.120000 378.040000 1.000000
1996.272000 1546.886400 2397.168000 289.712000 1.000000
2494.704000 2292.560000 2397.520000 2061.312000 1.000000
2053.552000 1765.296000 2399.856000 529.156800 1.000000
2042.048000 1709.456000 2400.944000 475.547200 1.000000
2056.304000 1750.272000 2406.144000 518.526400 1.000000
2039.280000 1675.616000 2407.296000 440.961600 1.000000
2076.608000 1825.440000 2408.704000 595.422400 1.000000
2068.864000 1796.272000 2409.312000 565.616000 1.000000
2015.408000 1568.872000 2410.912000 317.030400 1.000000
2040.080000 1657.536000 2412.912000 423.420800 1.000000
2019.520000 1579.865600 2412.960000 330.147200 1.000000
2047.440000 1679.072000 2415.312000 446.912000 1.000000
2022.784000 1569.262400 2419.200000 318.452800 1.000000
1993.936000 1447.715200 2422.064000 173.536000 1.000000
2054.832000 1672.224000 2423.792000 440.734400 1.000000
2016.880000 1517.484800 2428.192000 255.729600 1.000000
2147.040000 1999.600000 2434.320000 787.025600 1.000000
2031.520000 1545.598400 2435.008000 294.592000 1.000000
2091.424000 1756.128000 2442.608000 529.547200 1.000000
2048.448000 1564.014400 2449.936000 316.393600 1.000000
2569.008000 2298.592000 2454.192000 2097.184000 1.000000
2573.024000 2251.264000 2469.872000 2067.376000 1.000000
2487.056000 1957.984000 2472.144000 1852.800000 1.000000
2578.368000 2238.176000 2478.048000 2060.144000 1.000000
2589.216000 2270.064000 2478.944000 2085.616000 1.000000
2588.544000 2221.648000 2490.432000 2052.704000 1.000000
2058.736000 1465.747200 2492.800000 202.220800 1.000000
2089.168000 1560.192000 2496.112000 319.539200 1.000000
2595.408000 2212.144000 2497.744000 2049.424000 1.000000
2100.688000 1584.268800 2502.432000 348.987200 1.000000
2070.768000 1463.592000 2505.936000 204.940800 1.000000
2063.040000 1425.928000 2506.320000 158.209280 1.000000
2069.408000 1452.371200 2507.168000 190.187200 1.000000
2628.480000 2275.376000 2509.776000 2098.832000 1.000000
2520.320000 1907.552000 2515.216000 1819.504000 1.000000
2643.376000 2295.888000 2517.520000 2123.312000 1.000000
2104.608000 1543.280000 2520.048000 301.412800 1.000000
2613.504000 2180.704000 2521.072000 2034.048000 1.000000
2091.648000 1488.694400 2521.840000 238.212800 1.000000
2094.544000 1498.643200 2522.000000 249.371200 1.000000
2654.352000 2288.160000 2525.872000 2120.224000 1.000000
2105.840000 1492.985600 2535.328000 248.086400 1.000000
2564.688000 1937.168000 2543.312000 1857.216000 1.000000
