153.061600 1767.728000 128.166720 2586.096000 1.000000
219.756800 1812.592000 193.336000 2634.976000 1.000000
46.852640 365.147200 205.284800 1349.516800 1.000000
120.551200 19.614080 241.267200 728.284800 1.000000
271.624000 1794.448000 249.833600 2611.984000 1.000000
120.817280 408.787200 266.064000 1382.769600 1.000000
126.188320 419.448000 268.836800 1393.294400 1.000000
116.284320 352.680000 270.702400 1336.070400 1.000000
112.240000 162.484800 278.305600 1231.139200 1.000000
137.541760 401.134400 281.185600 1379.814400 1.000000
92.153120 37.199520 283.777600 1104.982400 1.000000
315.200000 1816.896000 294.395200 2631.600000 1.000000
350.916800 1873.520000 327.531200 2684.608000 1.000000
187.963200 401.137600 329.894400 1376.683200 1.000000
363.380800 1835.232000 343.513600 2647.888000 1.000000
364.790400 1787.680000 350.156800 2597.504000 1.000000
315.881600 1246.790400 354.988800 2127.856000 1.000000
380.699200 1896.256000 355.332800 2709.712000 1.000000
380.988800 1858.368000 359.526400 2670.784000 1.000000
392.464000 1924.224000 366.086400 2735.904000 1.000000
392.926400 1875.920000 370.544000 2688.016000 1.000000
261.516800 746.176000 373.033600 1586.305600 1.000000
274.944000 753.641600 384.784000 1593.016000 1.000000
401.652800 1798.240000 388.102400 2606.112000 1.000000
415.076800 1931.200000 388.516800 2740.336000 1.000000
440.057600 2034.000000 405.115200 2851.824000 1.000000
433.769600 1854.272000 418.908800 2660.128000 1.000000
314.329600 762.075200 421.244800 1597.539200 1.000000
448.972800 1835.600000 433.345600 2642.896000 1.000000
409.566400 1299.809600 440.350400 2170.000000 1.000000
461.699200 1894.112000 440.784000 2703.680000 1.000000
421.552000 1252.723200 458.334400 2124.960000 1.000000
486.156800 1990.528000 462.265600 2797.072000 1.000000
433.387200 1275.724800 468.156800 2144.208000 1.000000
356.920000 121.624960 501.260800 1198.339200 1.000000
352.380800 86.767200 504.601600 1169.840000 1.000000
368.958400 138.391040 511.872000 1212.435200 1.000000
415.780800 745.270400 518.772800 1581.904000 1.000000
402.086400 162.406400 538.126400 1231.030400 1.000000
526.643200 1295.112000 558.625600 2157.440000 1.000000
560.219200 1752.432000 560.894400 2545.424000 1.000000
422.899200 84.816320 562.852800 1163.364800 1.000000
423.366400 75.440000 565.969600 1156.840000 1.000000
446.212800 169.200000 576.435200 1235.563200 1.000000
440.992000 83.511680 580.628800 1163.409600 1.000000
480.984000 460.745600 595.944000 1411.787200 1.000000
490.214400 454.180800 605.033600 1405.089600 1.000000
588.851200 272.225600 701.081600 1303.604800 1.000000
621.323200 265.080000 728.552000 1295.172800 1.000000
750.128000 488.715200 840.846400 1416.376000 1.000000
841.723200 1859.312000 854.601600 2641.168000 1.000000
795.964800 301.536000 885.593600 1308.848000 1.000000
846.366400 460.115200 927.580800 1389.539200 1.000000
862.988800 776.204800 934.595200 1579.060800 1.000000
868.627200 773.804800 941.212800 1576.377600 1.000000
938.564800 1795.904000 963.185600 2572.944000 1.000000
947.096000 1858.976000 971.172800 2633.792000 1.000000
894.382400 450.976000 972.521600 1377.828800 1.000000
931.027200 298.278400 1005.811200 1292.692800 1.000000
986.160000 1803.808000 1012.873600 2577.536000 1.000000
989.000000 150.354720 1059.600000 1188.436800 1.000000
1036.798400 1759.472000 1069.160000 2522.032000 1.000000
1047.203200 1782.608000 1079.160000 2549.456000 1.000000
1019.113600 458.110400 1083.896000 1376.744000 1.000000
1023.828800 257.356800 1086.881600 1271.011200 1.000000
1057.859200 1790.992000 1090.100800 2559.456000 1.000000
1053.004800 1256.008000 1092.017600 2081.520000 1.000000
1065.419200 1771.120000 1100.553600 2533.376000 1.000000
1072.355200 1716.192000 1110.865600 2461.136000 1.000000
1054.809600 38.911360 1118.996800 1101.620800 1.000000
1063.854400 204.238400 1120.420800 1234.316800 1.000000
1085.499200 1751.968000 1121.267200 2509.232000 1.000000
1092.323200 1746.960000 1129.801600 2502.400000 1.000000
1074.049600 32.462560 1134.235200 1092.115200 1.000000
1111.035200 1727.136000 1151.001600 2476.496000 1.000000
1113.707200 1784.400000 1151.243200 2545.440000 1.000000
1122.312000 1264.182400 1161.577600 2087.632000 1.000000
1127.664000 1768.736000 1166.284800 2526.352000 1.000000
1135.068800 1232.752000 1173.937600 2059.936000 1.000000
1141.526400 41.236480 1194.742400 1094.865600 1.000000
1154.204800 18.420640 1204.958400 1075.712000 1.000000
1194.758400 17.985120 1238.846400 1071.875200 1.000000
1199.668800 47.800320 1243.086400 1094.267200 1.000000
1199.150400 34.179680 1243.692800 1082.627200 1.000000
1207.465600 523.329600 1252.292800 1416.875200 1.000000
1215.819200 501.377600 1260.156800 1396.803200 1.000000
1283.368000 254.915200 1307.899200 1287.908800 1.000000
1273.395200 492.627200 1311.267200 1392.971200 1.000000
1281.753600 1814.992000 1332.825600 2571.024000 1.000000
1362.304000 169.750400 1382.059200 1223.596800 1.000000
1378.004800 159.152320 1396.067200 1215.558400 1.000000
1396.926400 158.944480 1402.787200 1213.043200 1.000000
1393.638400 285.739200 1410.872000 1299.760000 1.000000
1394.828800 520.020800 1418.731200 1407.444800 1.000000
1414.816000 524.633600 1436.966400 1409.992000 1.000000
1424.798400 509.465600 1446.872000 1396.753600 1.000000
1475.396800 1250.764800 1515.190400 2050.368000 1.000000
1485.300800 1243.372800 1522.425600 2042.800000 1.000000
1492.233600 1262.366400 1530.995200 2057.936000 1.000000
1543.732800 544.929600 1554.606400 1417.195200 1.000000
1556.579200 534.267200 1566.332800 1405.827200 1.000000
1527.214400 1731.488000 1594.649600 2453.408000 1.000000
1531.030400 1742.176000 1600.144000 2468.304000 1.000000
1539.136000 1749.568000 1606.480000 2474.688000 1.000000
1622.272000 560.982400 1625.280000 1422.745600 1.000000
1682.864000 220.236800 1658.160000 1241.884800 1.000000
1673.632000 543.948800 1669.600000 1408.491200 1.000000
1698.912000 221.440000 1670.688000 1241.990400 1.000000
1597.502400 1757.296000 1671.792000 2477.520000 1.000000
1670.848000 838.192000 1685.616000 1578.404800 1.000000
1723.888000 564.161600 1716.432000 1420.904000 1.000000
1670.128000 1429.187200 1724.432000 2110.592000 1.000000
1733.632000 547.208000 1725.072000 1406.793600 1.000000
1653.392000 1732.080000 1728.848000 2443.008000 1.000000
1707.008000 1065.782400 1731.296000 1865.296000 1.000000
1769.472000 277.904000 1731.344000 1277.118400 1.000000
1680.864000 1471.512000 1739.312000 2147.504000 1.000000
1659.680000 1792.592000 1740.528000 2521.552000 1.000000
1665.376000 1743.584000 1742.736000 2458.592000 1.000000
1712.256000 1178.624000 1745.504000 1970.544000 1.000000
1754.144000 626.262400 1747.600000 1467.142400 1.000000
1758.800000 585.908800 1750.032000 1434.571200 1.000000
1788.976000 290.523200 1754.576000 1287.868800 1.000000
1804.400000 138.983040 1756.976000 1182.337600 1.000000
1767.552000 618.014400 1759.664000 1457.688000 1.000000
1755.616000 815.052800 1764.432000 1557.924800 1.000000
1805.232000 228.281600 1764.608000 1241.214400 1.000000
1726.640000 1269.256000 1767.968000 2050.240000 1.000000
1764.080000 808.368000 1771.376000 1551.971200 1.000000
1734.384000 1263.203200 1773.936000 2043.936000 1.000000
1832.288000 101.798720 1779.552000 1145.798400 1.000000
1825.968000 216.576000 1781.760000 1226.376000 1.000000
1824.032000 265.088000 1784.272000 1264.624000 1.000000
1839.920000 120.767840 1788.592000 1161.891200 1.000000
1843.792000 105.808480 1788.816000 1146.859200 1.000000
1826.608000 523.147200 1794.592000 1381.504000 1.000000
1863.120000 20.467200 1799.008000 1073.766400 1.000000
1814.880000 620.084800 1802.272000 1455.742400 1.000000
1691.760000 2096.720000 1803.088000 2872.208000 1.000000
1874.304000 103.479040 1815.648000 1143.851200 1.000000
1739.600000 1765.360000 1824.480000 2479.072000 1.000000
1827.360000 829.548800 1830.704000 1565.403200 1.000000
1813.056000 1028.488000 1832.096000 1816.992000 1.000000
1776.032000 1506.236800 1837.904000 2175.568000 1.000000
1802.816000 1240.452800 1839.520000 2022.944000 1.000000
1904.352000 118.326080 1841.264000 1151.120000 1.000000
1778.224000 1524.872000 1841.616000 2194.272000 1.000000
1904.320000 131.899360 1842.208000 1161.166400 1.000000
1906.896000 105.790240 1842.480000 1142.395200 1.000000
1809.440000 1205.942400 1843.664000 1988.720000 1.000000
1914.240000 120.244160 1849.936000 1152.449600 1.000000
1910.240000 178.028800 1851.040000 1192.387200 1.000000
1815.216000 1221.929600 1851.088000 2003.520000 1.000000
1880.400000 558.947200 1855.264000 1403.692800 1.000000
1787.216000 1558.840000 1855.408000 2230.752000 1.000000
1915.072000 185.812800 1855.552000 1196.862400 1.000000
1863.456000 836.880000 1865.648000 1567.142400 1.000000
1941.040000 86.635040 1869.248000 1124.230400 1.000000
1937.264000 146.616960 1871.424000 1170.657600 1.000000
1798.544000 1609.936000 1872.752000 2280.512000 1.000000
1809.056000 1602.320000 1882.352000 2273.200000 1.000000
1954.768000 110.831360 1883.536000 1143.720000 1.000000
1817.424000 1588.848000 1887.984000 2259.776000 1.000000
1966.672000 53.904640 1889.280000 1094.339200 1.000000
1799.120000 1791.328000 1890.240000 2506.704000 1.000000
1958.496000 178.995200 1892.240000 1190.272000 1.000000
1873.904000 1044.457600 1892.912000 1828.208000 1.000000
1805.424000 1773.856000 1894.240000 2486.528000 1.000000
1951.616000 336.923200 1895.200000 1272.027200 1.000000
1876.048000 1092.744000 1896.720000 1878.400000 1.000000
1800.272000 1990.240000 1913.328000 2730.032000 1.000000
1826.000000 1768.256000 1914.912000 2477.968000 1.000000
1899.696000 1036.548800 1915.408000 1817.712000 1.000000
1883.456000 1217.268800 1917.472000 1995.216000 1.000000
1830.112000 1733.616000 1918.496000 2433.952000 1.000000
1941.920000 621.894400 1918.672000 1452.694400 1.000000
2005.840000 39.097760 1919.456000 1073.702400 1.000000
1813.440000 1931.952000 1920.592000 2665.600000 1.000000
1930.624000 853.507200 1926.736000 1578.585600 1.000000
1957.024000 616.932800 1930.880000 1448.128000 1.000000
1931.024000 873.636800 1931.344000 1598.534400 1.000000
1846.368000 1721.376000 1933.744000 2415.632000 1.000000
1968.016000 583.406400 1937.040000 1421.398400 1.000000
1937.168000 872.011200 1937.216000 1596.227200 1.000000
1961.952000 664.537600 1937.920000 1479.904000 1.000000
1937.664000 883.251200 1938.208000 1607.408000 1.000000
1816.992000 2090.144000 1943.424000 2852.768000 1.000000
1810.064000 2146.272000 1944.320000 2944.016000 1.000000
1856.224000 1754.464000 1947.808000 2458.000000 1.000000
1862.480000 1772.560000 1957.232000 2481.120000 1.000000
1934.864000 1138.523200 1959.696000 1914.464000 1.000000
1864.976000 1810.176000 1962.176000 2529.904000 1.000000
2000.352000 570.732800 1964.992000 1409.105600 1.000000
2001.920000 572.388800 1966.208000 1410.819200 1.000000
1873.200000 1764.416000 1967.584000 2468.736000 1.000000
1997.824000 631.992000 1969.920000 1456.608000 1.000000
1958.336000 1005.507200 1970.336000 1781.280000 1.000000
2007.408000 579.451200 1972.160000 1415.787200 1.000000
1962.544000 1047.281600 1978.240000 1824.208000 1.000000
1967.248000 1028.150400 1980.064000 1803.792000 1.000000
1884.400000 1773.104000 1980.416000 2482.384000 1.000000
1967.040000 1057.622400 1983.312000 1833.696000 1.000000
1951.712000 1213.697600 1984.848000 1986.160000 1.000000
1896.992000 1712.400000 1986.048000 2405.392000 1.000000
1953.856000 1204.092800 1987.392000 1976.960000 1.000000
2032.960000 532.824000 1989.152000 1379.270400 1.000000
1902.496000 1699.520000 1990.672000 2385.952000 1.000000
1996.752000 871.595200 1992.080000 1592.777600 1.000000
2031.392000 550.251200 1992.784000 1391.747200 1.000000
1999.472000 866.465600 1993.840000 1587.649600 1.000000
2032.768000 577.198400 1993.984000 1412.555200 1.000000
1967.408000 1179.201600 1995.312000 1949.824000 1.000000
1896.752000 1842.832000 2001.296000 2563.056000 1.000000
2089.856000 198.300800 2006.288000 1190.392000 1.000000
1895.616000 1914.784000 2009.648000 2645.648000 1.000000
1955.248000 1421.180800 2012.288000 2081.248000 1.000000
2003.120000 1007.156800 2012.576000 1779.920000 1.000000
1954.288000 1449.683200 2014.480000 2107.232000 1.000000
1995.728000 1114.718400 2017.984000 1891.552000 1.000000
1982.624000 1254.540800 2020.144000 2022.368000 1.000000
2029.408000 852.969600 2020.496000 1573.142400 1.000000
1918.976000 1828.640000 2023.040000 2548.640000 1.000000
1952.480000 1529.825600 2023.744000 2192.416000 1.000000
1899.008000 1986.848000 2024.048000 2725.760000 1.000000
1959.952000 1488.768000 2024.544000 2147.328000 1.000000
2128.960000 56.033920 2024.928000 1080.198400 1.000000
1938.304000 1687.120000 2028.160000 2368.000000 1.000000
2046.672000 807.028800 2031.552000 1533.520000 1.000000
2008.832000 1139.883200 2031.952000 1910.736000 1.000000
2078.208000 553.403200 2032.720000 1389.632000 1.000000
1932.064000 1790.960000 2034.064000 2498.816000 1.000000
1899.312000 2076.944000 2034.144000 2838.944000 1.000000
2137.056000 77.175520 2034.304000 1096.670400 1.000000
2020.800000 1062.299200 2034.320000 1832.944000 1.000000
2122.304000 220.628800 2034.400000 1201.363200 1.000000
1895.872000 2088.496000 2034.832000 2851.872000 1.000000
2050.000000 816.784000 2035.392000 1540.600000 1.000000
1926.000000 1863.104000 2036.304000 2583.888000 1.000000
1975.968000 1463.960000 2037.024000 2118.704000 1.000000
1915.344000 1958.208000 2037.952000 2694.944000 1.000000
2000.912000 1252.433600 2039.552000 2018.912000 1.000000
2056.592000 826.955200 2043.440000 1549.940800 1.000000
1955.392000 1674.352000 2044.512000 2350.448000 1.000000
2005.856000 1261.776000 2044.640000 2026.544000 1.000000
2026.704000 1099.336000 2045.088000 1870.992000 1.000000
1967.856000 1584.710400 2047.040000 2247.344000 1.000000
2062.448000 817.395200 2047.760000 1541.358400 1.000000
2012.640000 1273.924800 2050.496000 2034.128000 1.000000
2070.880000 809.051200 2053.312000 1533.688000 1.000000
2074.192000 828.840000 2056.928000 1550.723200 1.000000
1958.112000 1767.296000 2057.552000 2470.832000 1.000000
2021.920000 1256.584000 2058.464000 2020.256000 1.000000
1944.112000 1893.264000 2059.360000 2620.240000 1.000000
1962.336000 1750.688000 2059.616000 2449.552000 1.000000
1993.792000 1498.707200 2061.248000 2156.176000 1.000000
1948.016000 1865.168000 2061.904000 2587.216000 1.000000
1928.432000 2057.136000 2063.568000 2810.992000 1.000000
2002.208000 1471.299200 2066.368000 2128.400000 1.000000
1946.512000 1963.584000 2070.960000 2702.320000 1.000000
1937.440000 2025.600000 2071.264000 2772.288000 1.000000
2086.080000 863.870400 2074.144000 1582.473600 1.000000
1974.464000 1757.280000 2074.544000 2457.056000 1.000000
2093.824000 812.676800 2074.864000 1535.054400 1.000000
2095.424000 804.480000 2075.120000 1527.208000 1.000000
1994.448000 1618.192000 2076.384000 2284.480000 1.000000
1942.128000 2042.768000 2078.752000 2790.448000 1.000000
2000.592000 1586.492800 2079.888000 2247.632000 1.000000
2014.128000 1494.400000 2080.656000 2153.104000 1.000000
2131.712000 565.004800 2083.184000 1395.252800 1.000000
2016.880000 1517.484800 2086.576000 2176.176000 1.000000
2020.848000 1510.147200 2090.480000 2169.568000 1.000000
1947.616000 2073.648000 2091.360000 2829.840000 1.000000
1966.208000 1949.088000 2092.688000 2681.344000 1.000000
2031.840000 1452.673600 2093.920000 2106.192000 1.000000
1979.648000 1872.512000 2095.136000 2598.048000 1.000000
2014.512000 1620.960000 2098.384000 2286.096000 1.000000
1960.880000 2033.680000 2099.808000 2781.248000 1.000000
2034.288000 1507.795200 2103.408000 2167.424000 1.000000
1987.408000 1890.592000 2105.872000 2617.232000 1.000000
2031.520000 1545.598400 2105.888000 2204.752000 1.000000
1975.792000 2008.544000 2109.600000 2751.312000 1.000000
1986.928000 1911.056000 2111.312000 2642.304000 1.000000
1983.168000 1961.232000 2111.648000 2693.424000 1.000000
2016.496000 1710.064000 2112.576000 2392.896000 1.000000
1967.328000 2072.816000 2112.592000 2829.840000 1.000000
2193.520000 369.542400 2113.632000 1270.764800 1.000000
1978.128000 2044.528000 2119.776000 2793.760000 1.000000
1975.600000 2055.120000 2120.000000 2806.560000 1.000000
2040.480000 1605.328000 2124.176000 2271.280000 1.000000
1993.808000 1967.584000 2126.960000 2700.208000 1.000000
2028.608000 1735.536000 2128.448000 2426.832000 1.000000
2007.312000 1923.200000 2133.056000 2652.672000 1.000000
2070.768000 1463.592000 2135.104000 2117.632000 1.000000
2012.352000 1916.496000 2136.736000 2643.648000 1.000000
2077.648000 1439.364800 2139.280000 2089.248000 1.000000
2082.784000 1419.606400 2143.232000 2072.592000 1.000000
1995.712000 2066.352000 2145.264000 2815.328000 1.000000
2014.880000 1967.168000 2148.448000 2695.424000 1.000000
2049.360000 1741.968000 2152.256000 2430.528000 1.000000
2045.088000 1844.304000 2163.536000 2559.488000 1.000000
2054.688000 1780.768000 2165.072000 2480.432000 1.000000
2089.168000 1560.192000 2167.088000 2215.072000 1.000000
2044.144000 1899.664000 2171.168000 2624.048000 1.000000
2039.120000 2010.624000 2182.480000 2748.656000 1.000000
2059.472000 1876.688000 2183.600000 2595.264000 1.000000
2098.672000 1624.720000 2187.136000 2287.360000 1.000000
2091.424000 1756.128000 2200.672000 2443.504000 1.000000
2039.088000 2133.584000 2203.296000 2913.968000 1.000000
2063.296000 2028.016000 2213.152000 2767.632000 1.000000
2049.024000 2132.928000 2216.048000 2912.768000 1.000000
2074.960000 2014.288000 2222.720000 2751.152000 1.000000
2084.320000 2092.000000 2245.696000 2853.264000 1.000000
2081.360000 2170.944000 2257.584000 2967.328000 1.000000
2093.680000 2131.952000 2266.256000 2909.104000 1.000000
2092.272000 2174.064000 2272.272000 2969.664000 1.000000
2127.328000 2048.016000 2288.096000 2789.856000 1.000000
2477.104000 1734.336000 2531.760000 1146.697600 1.000000
2469.728000 1798.576000 2537.712000 1201.609600 1.000000
2401.152000 2163.648000 2538.864000 1543.896000 1.000000
2490.544000 1731.968000 2546.784000 1143.078400 1.000000
2408.768000 2207.936000 2555.808000 1575.161600 1.000000
2485.760000 1584.771200 2592.208000 1227.752000 1.000000
2515.936000 1990.496000 2616.208000 1332.267200 1.000000
2564.688000 1937.168000 2651.760000 1281.731200 1.000000
2527.984000 2138.352000 2656.576000 1454.900800 1.000000
2529.792000 2212.224000 2672.928000 1516.761600 1.000000
2548.064000 2135.232000 2675.504000 1444.473600 1.000000
2536.896000 2201.792000 2676.752000 1503.808000 1.000000
2535.216000 2213.248000 2678.400000 1515.740800 1.000000
2555.360000 2134.640000 2681.360000 1441.822400 1.000000
2551.584000 2167.136000 2686.560000 1475.656000 1.000000
2574.336000 2232.240000 2720.080000 1522.518400 1.000000
2583.136000 2231.296000 2729.168000 1518.059200 1.000000
2576.608000 2265.984000 2729.376000 1546.008000 1.000000
2588.128000 2210.336000 2729.680000 1499.283200 1.000000
2588.544000 2221.648000 2730.800000 1508.796800 1.000000
2582.448000 2263.984000 2734.976000 1542.822400 1.000000
2587.440000 2256.400000 2738.512000 1535.684800 1.000000
2595.920000 2230.048000 2741.136000 1513.369600 1.000000
2602.816000 2235.520000 2749.008000 1515.180800 1.000000
2614.096000 2204.688000 2755.184000 1487.486400 1.000000
2645.280000 2271.440000 2798.416000 1526.939200 1.000000
2648.400000 2290.144000 2804.416000 1541.828800 1.000000
2654.352000 2288.160000 2809.840000 1538.758400 1.000000
3434.928000 2776.960000 3679.232000 1459.406400 1.000000
