112.771520 1768.224000 88.699520 2300.064000 1.000000
35.625120 397.688000 123.082240 1054.585600 1.000000
35.801440 384.064000 125.376960 1041.680000 1.000000
159.616960 1774.128000 138.393760 2305.040000 1.000000
170.827200 1772.912000 150.309600 2303.104000 1.000000
172.520000 1782.720000 150.799680 2313.616000 1.000000
36.050080 28.883680 152.196960 751.969600 1.000000
179.710400 1753.664000 161.284800 2281.456000 1.000000
205.800000 1813.888000 181.934400 2345.824000 1.000000
203.728000 1776.656000 183.500800 2305.552000 1.000000
213.689600 1805.792000 191.926400 2335.584000 1.000000
210.516800 1716.912000 197.708800 2236.256000 1.000000
92.153120 37.199520 201.051200 758.780800 1.000000
112.240000 162.484800 205.332800 883.697600 1.000000
241.428800 1822.320000 215.785600 2355.072000 1.000000
213.289600 1710.592000 223.144000 2252.256000 1.000000
142.718080 418.648000 223.552000 1069.992000 1.000000
255.139200 1857.472000 232.097600 2385.360000 1.000000
255.584000 1753.648000 239.308800 2277.744000 1.000000
271.624000 1794.448000 253.940800 2321.856000 1.000000
163.611200 60.610880 264.908800 775.862400 1.000000
187.963200 401.137600 266.057600 1053.739200 1.000000
187.022400 386.502400 266.635200 1040.476800 1.000000
292.246400 1840.768000 272.896000 2365.728000 1.000000
296.096000 1829.952000 276.336000 2354.832000 1.000000
197.534400 377.700800 276.451200 1032.467200 1.000000
296.811200 1815.472000 277.424000 2341.824000 1.000000
207.960000 409.272000 283.772800 1060.644800 1.000000
207.774400 391.952000 286.107200 1045.150400 1.000000
210.592000 399.683200 287.217600 1051.112000 1.000000
308.712000 1846.928000 288.996800 2371.504000 1.000000
311.425600 1842.592000 291.457600 2368.032000 1.000000
316.641600 1855.872000 297.185600 2380.176000 1.000000
315.200000 1816.896000 297.676800 2341.616000 1.000000
235.539200 427.422400 309.308800 1074.088000 1.000000
332.089600 1829.824000 314.480000 2353.584000 1.000000
350.916800 1873.520000 331.584000 2396.256000 1.000000
315.881600 1246.790400 332.064000 1823.024000 1.000000
274.944000 753.641600 334.072000 1301.392000 1.000000
286.014400 821.444800 339.377600 1366.515200 1.000000
284.776000 759.152000 343.444800 1306.179200 1.000000
270.585600 395.369600 343.820800 1043.924800 1.000000
278.288000 421.152000 349.564800 1067.710400 1.000000
259.521600 49.285120 351.528000 777.368000 1.000000
373.417600 1933.648000 352.113600 2453.536000 1.000000
337.817600 1255.961600 353.472000 1829.984000 1.000000
368.612800 1816.992000 354.273600 2337.760000 1.000000
298.409600 781.232000 355.088000 1325.707200 1.000000
379.432000 1863.984000 360.956800 2387.152000 1.000000
380.699200 1896.256000 364.147200 2415.904000 1.000000
378.660800 1778.592000 367.628800 2297.168000 1.000000
388.192000 1919.840000 368.547200 2439.552000 1.000000
313.502400 734.716800 371.060800 1285.185600 1.000000
392.270400 1937.408000 371.329600 2457.472000 1.000000
392.464000 1924.224000 371.480000 2444.112000 1.000000
392.926400 1875.920000 375.235200 2397.904000 1.000000
305.760000 428.982400 375.374400 1072.500800 1.000000
307.219200 425.121600 376.864000 1068.131200 1.000000
398.902400 1866.464000 382.574400 2387.712000 1.000000
326.964800 761.558400 383.510400 1306.856000 1.000000
401.652800 1798.240000 388.428800 2317.808000 1.000000
415.076800 1931.200000 394.667200 2449.792000 1.000000
323.520000 128.681600 404.100800 858.203200 1.000000
337.508800 137.990080 413.952000 864.211200 1.000000
433.769600 1854.272000 418.670400 2373.280000 1.000000
407.569600 1289.152000 421.156800 1857.120000 1.000000
371.201600 780.289600 425.625600 1321.616000 1.000000
413.164800 1308.584000 425.640000 1875.088000 1.000000
375.198400 832.348800 426.331200 1373.622400 1.000000
415.572800 1281.814400 429.849600 1850.112000 1.000000
383.337600 839.609600 432.868800 1380.011200 1.000000
356.920000 121.624960 433.070400 848.556800 1.000000
423.350400 1328.980800 435.420800 1894.304000 1.000000
448.972800 1835.600000 436.772800 2352.896000 1.000000
421.552000 1252.723200 440.580800 1822.784000 1.000000
427.033600 1259.841600 442.347200 1827.536000 1.000000
368.958400 138.391040 443.347200 862.385600 1.000000
390.912000 755.339200 446.534400 1298.302400 1.000000
432.163200 1322.564800 447.115200 1885.200000 1.000000
433.387200 1275.724800 448.035200 1841.200000 1.000000
396.787200 792.908800 449.969600 1332.995200 1.000000
397.180800 749.600000 452.868800 1292.849600 1.000000
400.187200 767.088000 453.961600 1308.070400 1.000000
386.737600 422.014400 455.284800 1060.980800 1.000000
409.067200 806.526400 460.430400 1343.576000 1.000000
449.646400 1266.993600 465.305600 1833.920000 1.000000
394.475200 121.304640 469.100800 848.804800 1.000000
486.156800 1990.528000 469.667200 2508.736000 1.000000
415.780800 745.270400 470.569600 1289.276800 1.000000
402.086400 162.406400 472.732800 882.657600 1.000000
469.443200 1279.003200 482.947200 1844.144000 1.000000
416.841600 97.085440 490.713600 824.248000 1.000000
428.380800 67.590080 502.054400 798.096000 1.000000
525.406400 2031.744000 508.320000 2550.768000 1.000000
446.212800 169.200000 512.881600 887.046400 1.000000
440.992000 83.511680 513.860800 812.243200 1.000000
547.361600 2054.400000 531.150400 2575.616000 1.000000
526.643200 1295.112000 540.793600 1855.792000 1.000000
490.214400 454.180800 550.724800 1087.128000 1.000000
516.264000 401.067200 576.452800 1041.140800 1.000000
555.764800 244.396800 613.995200 942.536000 1.000000
615.352000 281.083200 668.043200 972.184000 1.000000
695.987200 1809.584000 696.260800 2313.264000 1.000000
666.070400 289.896000 717.326400 976.241600 1.000000
666.288000 448.292800 717.860800 1075.505600 1.000000
684.460800 841.931200 725.512000 1365.169600 1.000000
689.140800 283.292800 738.748800 967.875200 1.000000
738.177600 1748.192000 745.804800 2238.832000 1.000000
714.491200 152.332800 763.048000 866.992000 1.000000
731.368000 186.568000 777.881600 890.728000 1.000000
750.128000 488.715200 794.908800 1104.446400 1.000000
773.331200 470.384000 816.019200 1084.742400 1.000000
775.502400 492.732800 817.881600 1106.550400 1.000000
776.696000 499.899200 819.244800 1112.179200 1.000000
783.184000 271.656000 825.193600 952.329600 1.000000
800.408000 164.372800 844.422400 871.668800 1.000000
803.419200 286.792000 845.598400 962.022400 1.000000
807.817600 494.942400 847.278400 1105.153600 1.000000
819.816000 207.043200 860.404800 905.641600 1.000000
820.457600 197.745600 861.313600 898.011200 1.000000
834.534400 84.657920 876.233600 787.201600 1.000000
862.988800 776.204800 897.521600 1295.121600 1.000000
904.563200 1833.424000 915.324800 2326.048000 1.000000
890.555200 171.824000 924.908800 873.857600 1.000000
894.652800 144.141760 930.876800 846.969600 1.000000
919.392000 474.297600 952.966400 1082.270400 1.000000
926.404800 496.708800 959.755200 1102.219200 1.000000
930.238400 14.929376 962.081600 738.929600 1.000000
931.027200 298.278400 962.310400 961.712000 1.000000
947.096000 1858.976000 962.561600 2348.336000 1.000000
950.992000 18.882880 980.563200 741.435200 1.000000
948.067200 314.806400 981.577600 976.848000 1.000000
952.782400 774.729600 984.656000 1287.950400 1.000000
976.990400 1805.280000 992.374400 2291.296000 1.000000
963.110400 509.468800 992.684800 1111.699200 1.000000
963.915200 304.852800 992.875200 968.012800 1.000000
981.059200 1786.864000 996.966400 2272.560000 1.000000
968.692800 490.230400 998.422400 1096.651200 1.000000
986.160000 1803.808000 1003.574400 2289.968000 1.000000
988.497600 1746.192000 1006.187200 2224.912000 1.000000
990.574400 1309.003200 1007.891200 1841.936000 1.000000
980.950400 347.441600 1008.188800 1003.825600 1.000000
989.000000 150.354720 1012.406400 847.836800 1.000000
986.243200 468.635200 1014.296000 1077.768000 1.000000
997.795200 1284.440000 1016.134400 1817.712000 1.000000
993.952000 482.398400 1021.424000 1087.515200 1.000000
1001.892800 23.473120 1026.419200 740.496000 1.000000
1002.472000 220.051200 1028.812800 902.374400 1.000000
1002.435200 483.380800 1029.905600 1088.001600 1.000000
1004.152000 493.862400 1030.323200 1098.660800 1.000000
1013.811200 1719.952000 1033.096000 2194.000000 1.000000
1011.705600 205.241600 1035.537600 891.449600 1.000000
1011.368000 480.992000 1037.920000 1084.851200 1.000000
1016.510400 284.280000 1040.035200 957.142400 1.000000
1023.828800 257.356800 1044.931200 937.515200 1.000000
1021.905600 23.751200 1045.803200 740.833600 1.000000
1022.169600 176.491200 1046.393600 869.931200 1.000000
1025.545600 225.297600 1049.123200 905.833600 1.000000
1025.028800 496.782400 1050.652800 1098.627200 1.000000
1028.944000 196.702400 1051.977600 886.017600 1.000000
1032.604800 20.295520 1054.884800 737.419200 1.000000
1039.940800 1200.776000 1057.416000 1738.736000 1.000000
1040.251200 189.689600 1061.448000 883.036800 1.000000
1040.400000 50.720160 1061.464000 764.100800 1.000000
1047.203200 1782.608000 1067.220800 2264.816000 1.000000
1050.062400 54.558240 1071.268800 766.862400 1.000000
1047.523200 795.257600 1074.228800 1303.276800 1.000000
1054.809600 38.911360 1075.200000 754.489600 1.000000
1054.612800 154.025600 1075.262400 846.934400 1.000000
1061.086400 182.307200 1080.075200 874.585600 1.000000
1072.745600 1292.665600 1089.028800 1822.608000 1.000000
1074.049600 32.462560 1090.361600 745.417600 1.000000
1068.822400 767.720000 1092.555200 1279.355200 1.000000
1074.694400 140.504800 1094.110400 832.800000 1.000000
1071.833600 790.446400 1097.563200 1295.422400 1.000000
1076.412800 1780.784000 1098.664000 2259.728000 1.000000
1077.558400 1754.592000 1101.665600 2229.808000 1.000000
1085.456000 97.701920 1102.017600 802.614400 1.000000
1084.352000 150.042400 1103.715200 841.766400 1.000000
1097.380800 142.010400 1113.136000 833.412800 1.000000
1106.640000 1200.464000 1123.774400 1734.928000 1.000000
1106.139200 32.488960 1124.353600 743.153600 1.000000
1113.324800 93.834560 1126.491200 801.230400 1.000000
1111.740800 1752.432000 1135.900800 2227.168000 1.000000
1122.185600 515.508800 1139.857600 1111.304000 1.000000
1125.142400 1711.392000 1150.204800 2177.296000 1.000000
1135.068800 1232.752000 1151.017600 1764.272000 1.000000
1127.664000 1768.736000 1152.129600 2243.888000 1.000000
1141.526400 41.236480 1153.128000 749.723200 1.000000
1194.758400 17.985120 1199.750400 726.560000 1.000000
1199.668800 47.800320 1204.867200 750.926400 1.000000
1199.150400 34.179680 1204.894400 738.806400 1.000000
1203.348800 39.179040 1208.246400 743.676800 1.000000
1207.812800 494.030400 1219.574400 1085.080000 1.000000
1215.819200 501.377600 1226.644800 1091.057600 1.000000
1228.360000 307.902400 1235.656000 986.464000 1.000000
1234.547200 497.180800 1244.315200 1086.953600 1.000000
1239.483200 523.100800 1249.371200 1107.467200 1.000000
1273.395200 492.627200 1279.203200 1085.678400 1.000000
1285.571200 507.964800 1293.104000 1098.968000 1.000000
1289.472000 493.862400 1295.817600 1085.545600 1.000000
1320.425600 520.022400 1323.083200 1106.595200 1.000000
1325.329600 513.419200 1326.211200 1100.628800 1.000000
1365.836800 547.734400 1365.764800 1125.278400 1.000000
1396.926400 158.944480 1375.337600 869.088000 1.000000
1393.638400 285.739200 1381.628800 964.616000 1.000000
1368.126400 1261.491200 1384.398400 1775.664000 1.000000
1394.828800 520.020800 1389.646400 1102.368000 1.000000
1415.820800 295.856000 1402.332800 972.198400 1.000000
1426.630400 226.388800 1406.195200 920.772800 1.000000
1410.457600 507.294400 1406.627200 1091.521600 1.000000
1414.816000 524.633600 1408.865600 1106.547200 1.000000
1434.393600 275.840000 1416.766400 954.508800 1.000000
1424.798400 509.465600 1420.052800 1093.344000 1.000000
1464.168000 89.454560 1441.867200 813.272000 1.000000
1459.398400 511.657600 1450.275200 1093.062400 1.000000
1498.603200 288.174400 1475.758400 961.612800 1.000000
1487.254400 531.417600 1477.769600 1107.075200 1.000000
1495.817600 535.752000 1485.963200 1110.158400 1.000000
1499.601600 521.094400 1488.313600 1096.851200 1.000000
1485.300800 1243.372800 1498.968000 1752.400000 1.000000
1554.524800 137.102720 1520.435200 847.038400 1.000000
1543.732800 544.929600 1530.364800 1116.376000 1.000000
1556.579200 534.267200 1541.225600 1104.627200 1.000000
1574.443200 555.358400 1558.179200 1124.016000 1.000000
1527.214400 1731.488000 1569.027200 2177.488000 1.000000
1587.843200 538.771200 1569.888000 1108.217600 1.000000
1594.051200 570.324800 1576.899200 1134.342400 1.000000
1540.808000 1706.320000 1582.076800 2144.928000 1.000000
1549.800000 1697.120000 1590.384000 2133.376000 1.000000
1581.732800 1778.016000 1625.664000 2229.504000 1.000000
1707.104000 535.656000 1679.600000 1099.300800 1.000000
1668.912000 1221.268800 1681.824000 1727.776000 1.000000
1714.944000 541.689600 1687.488000 1104.192000 1.000000
1661.552000 1429.376000 1689.024000 1849.904000 1.000000
1715.360000 694.451200 1694.528000 1221.312000 1.000000
1723.664000 574.395200 1695.984000 1131.166400 1.000000
1723.888000 564.161600 1697.088000 1122.198400 1.000000
1670.128000 1429.187200 1697.760000 1847.408000 1.000000
1653.392000 1732.080000 1698.992000 2169.168000 1.000000
1688.432000 1290.305600 1703.888000 1782.528000 1.000000
1687.696000 1303.160000 1705.232000 1793.888000 1.000000
1733.632000 547.208000 1705.872000 1108.550400 1.000000
1740.848000 573.259200 1712.608000 1129.422400 1.000000
1665.376000 1743.584000 1712.944000 2182.864000 1.000000
1720.640000 884.614400 1713.872000 1348.510400 1.000000
1775.856000 118.034240 1715.840000 825.721600 1.000000
1769.472000 277.904000 1718.384000 944.964800 1.000000
1745.616000 593.419200 1718.512000 1144.651200 1.000000
1688.688000 1460.616000 1719.968000 1875.264000 1.000000
1785.520000 119.406880 1723.824000 824.163200 1.000000
1752.624000 551.532800 1724.080000 1110.580800 1.000000
1754.144000 626.262400 1728.000000 1173.257600 1.000000
1768.224000 529.262400 1734.608000 1088.942400 1.000000
1788.976000 290.523200 1738.000000 955.529600 1.000000
1804.400000 138.983040 1740.800000 839.070400 1.000000
1726.640000 1269.256000 1741.504000 1762.704000 1.000000
1805.712000 111.365120 1743.680000 814.504000 1.000000
1755.616000 815.052800 1744.032000 1284.944000 1.000000
1800.352000 232.900800 1744.528000 909.008000 1.000000
1728.352000 1277.035200 1744.528000 1769.600000 1.000000
1776.224000 575.593600 1745.248000 1130.361600 1.000000
1801.712000 270.667200 1747.360000 937.044800 1.000000
1805.232000 228.281600 1748.624000 905.608000 1.000000
1734.384000 1263.203200 1748.832000 1757.040000 1.000000
1797.984000 349.491200 1749.232000 999.540800 1.000000
1764.080000 808.368000 1751.040000 1278.640000 1.000000
1810.800000 194.876800 1751.152000 879.083200 1.000000
1808.752000 215.486400 1751.600000 895.091200 1.000000
1811.232000 308.643200 1758.496000 969.313600 1.000000
1830.112000 61.714720 1760.016000 769.512000 1.000000
1766.672000 940.852800 1760.592000 1409.116800 1.000000
1832.288000 101.798720 1764.560000 803.648000 1.000000
1825.968000 216.576000 1766.320000 890.382400 1.000000
1824.032000 265.088000 1767.840000 931.380800 1.000000
1801.936000 604.819200 1771.968000 1152.433600 1.000000
1760.064000 1249.710400 1772.464000 1743.040000 1.000000
1839.920000 120.767840 1773.488000 819.400000 1.000000
1843.792000 105.808480 1774.544000 804.041600 1.000000
1814.784000 553.540800 1779.840000 1109.174400 1.000000
1747.536000 1488.916800 1780.400000 1901.360000 1.000000
1810.128000 660.235200 1780.784000 1194.507200 1.000000
1818.816000 571.836800 1783.408000 1123.604800 1.000000
1814.880000 620.084800 1784.272000 1163.262400 1.000000
1863.120000 20.467200 1785.968000 727.833600 1.000000
1736.960000 1769.952000 1789.920000 2207.088000 1.000000
1739.600000 1765.360000 1792.368000 2203.136000 1.000000
1749.104000 1673.488000 1795.280000 2094.368000 1.000000
1783.968000 1257.137600 1797.056000 1749.328000 1.000000
1739.008000 1883.136000 1800.816000 2336.528000 1.000000
1758.336000 1657.152000 1804.128000 2072.816000 1.000000
1813.056000 1028.488000 1809.840000 1530.584000 1.000000
1738.304000 2030.864000 1810.816000 2488.304000 1.000000
1827.360000 829.548800 1811.568000 1294.915200 1.000000
1802.816000 1240.452800 1814.608000 1736.032000 1.000000
1904.352000 118.326080 1829.440000 810.411200 1.000000
1904.464000 124.507200 1829.712000 816.324800 1.000000
1906.896000 105.790240 1831.232000 800.833600 1.000000
1902.992000 174.907200 1832.480000 853.905600 1.000000
1770.240000 1889.344000 1833.408000 2339.856000 1.000000
1881.280000 534.856000 1835.984000 1088.291200 1.000000
1840.560000 1038.800000 1836.112000 1537.556800 1.000000
1916.448000 70.305920 1836.960000 767.854400 1.000000
1914.240000 120.244160 1838.128000 811.971200 1.000000
1910.240000 178.028800 1838.400000 855.288000 1.000000
1783.792000 1796.784000 1840.432000 2236.512000 1.000000
1788.144000 1730.880000 1840.464000 2158.704000 1.000000
1829.120000 1247.115200 1841.184000 1738.352000 1.000000
1829.136000 1264.004800 1841.616000 1756.320000 1.000000
1832.208000 1231.512000 1843.056000 1723.392000 1.000000
1882.400000 580.699200 1843.120000 1126.782400 1.000000
1863.456000 836.880000 1846.336000 1297.232000 1.000000
1792.656000 1795.984000 1850.080000 2235.760000 1.000000
1806.624000 1613.152000 1850.144000 2022.672000 1.000000
1934.832000 30.917120 1851.280000 733.648000 1.000000
1918.272000 276.156800 1851.456000 930.748800 1.000000
1858.448000 1025.043200 1851.712000 1523.595200 1.000000
1910.848000 364.292800 1851.952000 999.360000 1.000000
1897.904000 543.153600 1853.984000 1094.534400 1.000000
1800.304000 1760.832000 1855.168000 2194.816000 1.000000
1799.120000 1791.328000 1855.952000 2228.992000 1.000000
1913.552000 387.177600 1856.768000 1016.857600 1.000000
1817.424000 1588.848000 1857.616000 1996.416000 1.000000
1782.752000 2013.856000 1858.432000 2467.168000 1.000000
1805.424000 1773.856000 1859.488000 2209.920000 1.000000
1897.488000 624.076800 1859.632000 1163.806400 1.000000
1937.264000 146.616960 1859.984000 832.180800 1.000000
1941.040000 86.635040 1860.688000 781.264000 1.000000
1880.944000 830.558400 1861.984000 1290.268800 1.000000
1806.016000 1791.872000 1863.632000 2230.560000 1.000000
1945.136000 120.507680 1865.392000 811.529600 1.000000
1873.904000 1044.457600 1868.496000 1544.584000 1.000000
1797.920000 1958.624000 1868.976000 2409.456000 1.000000
1820.064000 1716.352000 1872.112000 2140.176000 1.000000
1954.768000 110.831360 1872.512000 803.656000 1.000000
1876.048000 1092.744000 1872.848000 1590.894400 1.000000
1915.264000 567.521600 1872.976000 1112.480000 1.000000
1883.904000 998.729600 1876.032000 1497.035200 1.000000
1966.672000 53.904640 1880.960000 751.059200 1.000000
1958.496000 178.995200 1880.976000 853.400000 1.000000
1795.456000 2150.944000 1881.168000 2638.688000 1.000000
1813.440000 1931.952000 1881.824000 2377.408000 1.000000
1826.000000 1768.256000 1882.016000 2200.752000 1.000000
1830.112000 1733.616000 1884.400000 2161.120000 1.000000
1931.568000 580.628800 1888.224000 1128.910400 1.000000
1877.328000 1286.184000 1890.464000 1770.352000 1.000000
1881.168000 1231.675200 1890.656000 1723.216000 1.000000
1875.248000 1301.158400 1892.112000 1784.128000 1.000000
1956.784000 372.499200 1894.720000 1003.491200 1.000000
1963.824000 308.225600 1895.120000 951.393600 1.000000
1857.808000 1516.888000 1896.144000 1918.864000 1.000000
1956.672000 414.526400 1897.520000 1036.158400 1.000000
1838.656000 1803.920000 1897.920000 2243.136000 1.000000
1810.064000 2146.272000 1898.928000 2633.008000 1.000000
1892.288000 1212.459200 1899.632000 1702.288000 1.000000
1846.368000 1721.376000 1900.176000 2144.912000 1.000000
1964.512000 360.728000 1900.816000 994.939200 1.000000
1941.920000 621.894400 1901.136000 1160.145600 1.000000
1849.872000 1732.336000 1904.176000 2157.952000 1.000000
1993.040000 63.283680 1904.896000 752.388800 1.000000
1815.216000 2167.776000 1906.320000 2662.304000 1.000000
1816.656000 2154.416000 1906.960000 2642.864000 1.000000
1925.360000 884.174400 1908.240000 1338.489600 1.000000
1930.624000 853.507200 1910.000000 1308.948800 1.000000
2005.840000 39.097760 1913.552000 730.684800 1.000000
1931.024000 873.636800 1913.632000 1327.939200 1.000000
1931.216000 942.321600 1917.376000 1401.516800 1.000000
1831.728000 2195.920000 1922.128000 2699.664000 1.000000
1961.952000 664.537600 1922.288000 1191.707200 1.000000
1895.968000 1431.819200 1924.816000 1837.120000 1.000000
1864.976000 1810.176000 1925.520000 2252.128000 1.000000
1901.616000 1419.257600 1929.792000 1825.296000 1.000000
1977.936000 581.305600 1930.192000 1125.833600 1.000000
1873.200000 1764.416000 1930.864000 2194.624000 1.000000
1949.232000 922.857600 1933.808000 1377.616000 1.000000
1871.728000 1912.528000 1940.560000 2357.392000 1.000000
1888.480000 1698.672000 1941.088000 2116.192000 1.000000
2012.192000 479.516800 1942.464000 1044.062400 1.000000
1884.400000 1773.104000 1943.904000 2203.904000 1.000000
1895.072000 1686.560000 1945.888000 2101.696000 1.000000
1893.968000 1695.840000 1947.072000 2111.568000 1.000000
1958.336000 1005.507200 1948.800000 1497.142400 1.000000
1889.632000 1781.216000 1949.072000 2213.440000 1.000000
1845.936000 2269.152000 1949.792000 2787.600000 1.000000
1896.992000 1712.400000 1950.080000 2137.072000 1.000000
1853.168000 2196.512000 1950.128000 2696.032000 1.000000
2005.776000 548.572800 1954.304000 1096.166400 1.000000
1902.496000 1699.520000 1955.792000 2115.792000 1.000000
1890.752000 1873.616000 1956.880000 2315.360000 1.000000
2007.408000 579.451200 1956.976000 1122.494400 1.000000
1967.248000 1028.150400 1958.320000 1519.928000 1.000000
2011.024000 553.992000 1958.400000 1101.214400 1.000000
1951.712000 1213.697600 1959.200000 1699.920000 1.000000
1862.016000 2215.040000 1959.632000 2720.320000 1.000000
1967.040000 1057.622400 1959.936000 1549.361600 1.000000
1896.752000 1842.832000 1964.048000 2282.736000 1.000000
1866.976000 2198.976000 1965.568000 2699.552000 1.000000
1895.616000 1914.784000 1967.744000 2360.096000 1.000000
2019.248000 595.907200 1970.032000 1135.425600 1.000000
1943.536000 1423.132800 1973.152000 1825.088000 1.000000
2032.960000 532.824000 1976.032000 1084.006400 1.000000
1899.008000 1986.848000 1980.000000 2434.160000 1.000000
1973.904000 1208.560000 1980.272000 1693.344000 1.000000
2032.768000 577.198400 1980.800000 1119.140800 1.000000
2030.016000 594.616000 1980.960000 1133.430400 1.000000
1886.432000 2171.968000 1983.392000 2664.208000 1.000000
1955.248000 1421.180800 1983.488000 1823.184000 1.000000
1954.288000 1449.683200 1986.000000 1849.280000 1.000000
1895.872000 2088.496000 1986.032000 2553.552000 1.000000
1899.312000 2076.944000 1987.248000 2539.600000 1.000000
1998.064000 1060.974400 1990.208000 1548.707200 1.000000
2003.120000 1007.156800 1990.784000 1496.057600 1.000000
1952.480000 1529.825600 1990.816000 1933.424000 1.000000
1960.144000 1443.441600 1991.200000 1843.568000 1.000000
2012.688000 900.888000 1992.144000 1350.158400 1.000000
1938.304000 1687.120000 1992.304000 2101.200000 1.000000
1982.624000 1254.540800 1992.416000 1738.432000 1.000000
1979.520000 1289.486400 1993.552000 1766.768000 1.000000
1915.344000 1958.208000 1994.432000 2403.776000 1.000000
1926.000000 1863.104000 1995.792000 2301.264000 1.000000
1958.576000 1532.387200 1997.344000 1935.072000 1.000000
1969.488000 1437.587200 1998.752000 1836.288000 1.000000
2015.344000 988.171200 1999.168000 1475.702400 1.000000
1946.752000 1732.768000 2003.072000 2158.784000 1.000000
2029.408000 852.969600 2003.440000 1303.459200 1.000000
1948.992000 1702.864000 2003.968000 2119.680000 1.000000
1955.392000 1674.352000 2008.176000 2084.992000 1.000000
1996.480000 1273.102400 2008.352000 1751.168000 1.000000
2036.896000 836.400000 2008.960000 1288.206400 1.000000
2025.424000 984.964800 2010.144000 1471.878400 1.000000
1940.368000 1854.640000 2010.624000 2294.912000 1.000000
2020.800000 1062.299200 2013.056000 1548.371200 1.000000
1937.632000 1911.216000 2013.104000 2353.840000 1.000000
2005.360000 1231.574400 2013.536000 1714.864000 1.000000
1967.856000 1584.710400 2013.616000 1987.424000 1.000000
1888.752000 2430.704000 2014.816000 2964.912000 1.000000
1944.112000 1893.264000 2016.384000 2335.584000 1.000000
1978.592000 1535.764800 2017.120000 1937.696000 1.000000
1928.432000 2057.136000 2018.672000 2513.456000 1.000000
1890.768000 2460.880000 2019.488000 2992.320000 1.000000
1958.112000 1767.296000 2019.936000 2196.192000 1.000000
2079.776000 534.585600 2019.984000 1081.028800 1.000000
1913.200000 2243.984000 2021.056000 2750.032000 1.000000
2050.000000 816.784000 2021.376000 1270.566400 1.000000
1962.336000 1750.688000 2021.456000 2175.680000 1.000000
2026.704000 1099.336000 2021.520000 1585.798400 1.000000
1937.440000 2025.600000 2024.208000 2479.408000 1.000000
2056.112000 802.851200 2024.432000 1259.192000 1.000000
1920.096000 2232.096000 2026.160000 2737.648000 1.000000
2036.720000 1047.251200 2026.432000 1533.964800 1.000000
2056.592000 826.955200 2026.784000 1280.236800 1.000000
2121.056000 203.788800 2028.432000 859.606400 1.000000
2062.096000 795.868800 2028.768000 1252.782400 1.000000
2040.960000 1021.486400 2028.800000 1509.716800 1.000000
1920.096000 2296.496000 2031.744000 2812.048000 1.000000
1985.104000 1591.710400 2031.792000 1992.832000 1.000000
2021.920000 1256.584000 2033.568000 1737.184000 1.000000
1974.464000 1757.280000 2034.752000 2182.416000 1.000000
2027.056000 1251.409600 2036.560000 1731.456000 1.000000
1993.968000 1565.276800 2037.104000 1967.216000 1.000000
2070.880000 809.051200 2037.920000 1263.600000 1.000000
1933.728000 2211.520000 2039.184000 2710.800000 1.000000
1947.616000 2073.648000 2040.304000 2533.696000 1.000000
1994.448000 1618.192000 2041.872000 2021.424000 1.000000
2074.192000 828.840000 2042.384000 1281.579200 1.000000
2010.192000 1478.392000 2042.912000 1877.920000 1.000000
2006.672000 1513.875200 2043.840000 1913.920000 1.000000
2105.264000 569.200000 2045.552000 1107.753600 1.000000
1986.000000 1734.288000 2045.840000 2154.000000 1.000000
1956.496000 2057.744000 2048.064000 2514.576000 1.000000
2014.128000 1494.400000 2049.040000 1893.504000 1.000000
1960.880000 2033.680000 2050.800000 2487.536000 1.000000
1972.848000 1927.648000 2051.520000 2373.136000 1.000000
1939.776000 2285.472000 2053.024000 2801.328000 1.000000
2016.880000 1517.484800 2054.848000 1917.408000 1.000000
2015.408000 1568.872000 2057.456000 1971.456000 1.000000
1975.792000 2008.544000 2060.544000 2460.176000 1.000000
2095.424000 804.480000 2060.608000 1257.900800 1.000000
1987.408000 1890.592000 2062.032000 2332.656000 1.000000
1967.328000 2072.816000 2062.096000 2530.864000 1.000000
2083.456000 934.822400 2062.272000 1382.696000 1.000000
2014.512000 1620.960000 2062.928000 2023.536000 1.000000
2019.520000 1579.865600 2063.072000 1982.176000 1.000000
2031.840000 1452.673600 2064.480000 1849.648000 1.000000
1983.168000 1961.232000 2064.992000 2404.224000 1.000000
1986.928000 1911.056000 2066.208000 2355.792000 1.000000
1948.160000 2333.056000 2068.800000 2859.120000 1.000000
1989.600000 1935.216000 2069.008000 2377.616000 1.000000
2093.168000 912.926400 2069.424000 1361.244800 1.000000
1995.328000 1882.208000 2070.416000 2323.008000 1.000000
2131.712000 565.004800 2071.632000 1102.832000 1.000000
2034.288000 1507.795200 2071.808000 1907.648000 1.000000
2016.496000 1710.064000 2074.064000 2123.856000 1.000000
2001.696000 1871.904000 2076.064000 2312.096000 1.000000
1988.736000 2018.432000 2078.400000 2468.112000 1.000000
1993.808000 1967.584000 2078.656000 2411.872000 1.000000
2038.320000 1554.024000 2080.336000 1953.856000 1.000000
2028.976000 1699.856000 2084.592000 2113.024000 1.000000
2040.480000 1605.328000 2088.000000 2008.384000 1.000000
2028.608000 1735.536000 2088.576000 2154.304000 1.000000
1966.448000 2340.096000 2089.248000 2864.560000 1.000000
1995.712000 2066.352000 2091.024000 2521.264000 1.000000
2063.040000 1425.928000 2091.520000 1820.704000 1.000000
2012.352000 1916.496000 2091.888000 2357.776000 1.000000
2006.320000 1967.760000 2091.888000 2410.928000 1.000000
2008.448000 1951.648000 2092.112000 2393.168000 1.000000
2040.080000 1657.536000 2092.640000 2063.280000 1.000000
2039.280000 1675.616000 2092.896000 2083.056000 1.000000
2118.352000 965.686400 2095.904000 1422.129600 1.000000
2023.104000 1884.064000 2099.680000 2322.416000 1.000000
2014.880000 1967.168000 2100.000000 2407.808000 1.000000
2042.048000 1709.456000 2100.640000 2119.024000 1.000000
2047.440000 1679.072000 2102.384000 2085.904000 1.000000
2070.768000 1463.592000 2102.816000 1859.568000 1.000000
1980.512000 2324.512000 2103.680000 2845.840000 1.000000
2070.528000 1482.028800 2105.648000 1877.664000 1.000000
2041.584000 1767.296000 2106.768000 2189.888000 1.000000
2047.312000 1722.176000 2106.800000 2135.440000 1.000000
2049.360000 1741.968000 2110.912000 2159.472000 1.000000
2056.304000 1750.272000 2119.152000 2168.368000 1.000000
1992.944000 2338.128000 2119.600000 2859.456000 1.000000
2042.992000 1877.680000 2120.192000 2316.448000 1.000000
1993.280000 2352.160000 2122.208000 2872.400000 1.000000
1991.648000 2374.816000 2123.168000 2899.376000 1.000000
2089.168000 1560.192000 2133.152000 1957.376000 1.000000
2018.224000 2236.736000 2133.504000 2738.896000 1.000000
2059.472000 1876.688000 2137.728000 2314.096000 1.000000
2105.840000 1492.985600 2141.008000 1889.168000 1.000000
2009.984000 2364.928000 2141.056000 2886.816000 1.000000
2086.144000 1672.992000 2141.792000 2076.144000 1.000000
2106.704000 1519.736000 2145.184000 1914.464000 1.000000
2014.320000 2383.104000 2147.536000 2907.872000 1.000000
2079.440000 1794.096000 2148.592000 2217.536000 1.000000
2108.464000 1530.667200 2148.640000 1929.168000 1.000000
2076.608000 1825.440000 2149.408000 2254.656000 1.000000
2098.672000 1624.720000 2149.504000 2024.592000 1.000000
2037.504000 2227.808000 2152.912000 2723.392000 1.000000
2058.880000 2012.912000 2153.344000 2460.320000 1.000000
2013.536000 2428.384000 2153.808000 2955.296000 1.000000
2164.192000 1106.465600 2154.656000 1600.192000 1.000000
2091.424000 1756.128000 2157.024000 2172.112000 1.000000
2049.024000 2132.928000 2157.376000 2604.160000 1.000000
2063.296000 2028.016000 2159.424000 2475.168000 1.000000
2028.688000 2383.536000 2163.408000 2905.456000 1.000000
2057.888000 2115.104000 2164.272000 2581.328000 1.000000
2072.864000 1991.520000 2166.016000 2434.144000 1.000000
2024.768000 2430.016000 2166.080000 2954.480000 1.000000
2060.576000 2141.680000 2168.480000 2613.632000 1.000000
2074.960000 2014.288000 2169.888000 2458.080000 1.000000
2029.968000 2418.736000 2170.576000 2944.016000 1.000000
2064.272000 2122.592000 2171.680000 2590.096000 1.000000
2052.576000 2241.600000 2173.136000 2737.664000 1.000000
2065.104000 2168.560000 2178.768000 2650.752000 1.000000
2072.304000 2131.392000 2181.728000 2601.760000 1.000000
2084.320000 2092.000000 2189.088000 2551.136000 1.000000
2079.424000 2139.584000 2190.080000 2611.216000 1.000000
2069.040000 2220.144000 2190.640000 2710.592000 1.000000
2085.696000 2103.072000 2191.728000 2564.416000 1.000000
2093.936000 2031.968000 2191.824000 2477.216000 1.000000
2093.728000 2059.248000 2194.928000 2510.880000 1.000000
2081.360000 2170.944000 2195.024000 2653.536000 1.000000
2079.472000 2198.480000 2197.728000 2684.448000 1.000000
2081.264000 2214.096000 2201.200000 2703.744000 1.000000
2099.568000 2083.584000 2204.672000 2539.744000 1.000000
2092.272000 2174.064000 2208.960000 2655.296000 1.000000
2089.728000 2219.168000 2211.040000 2708.704000 1.000000
2105.104000 2124.656000 2216.576000 2593.104000 1.000000
2098.848000 2189.216000 2217.792000 2672.448000 1.000000
2127.328000 2048.016000 2229.072000 2495.216000 1.000000
2083.376000 2502.768000 2240.464000 3011.584000 1.000000
2143.472000 2010.064000 2242.960000 2451.104000 1.000000
2147.040000 1999.600000 2246.256000 2438.928000 1.000000
2250.896000 1327.683200 2277.952000 982.777600 1.000000
2258.912000 1303.470400 2283.248000 966.188800 1.000000
2263.280000 1282.124800 2285.904000 947.396800 1.000000
2281.488000 1203.907200 2293.312000 888.398400 1.000000
2269.616000 1309.699200 2294.368000 973.772800 1.000000
2142.048000 2493.088000 2304.464000 2998.304000 1.000000
2332.448000 1181.550400 2339.296000 860.067200 1.000000
2346.464000 1171.451200 2350.288000 849.771200 1.000000
2360.320000 1169.654400 2365.120000 844.680000 1.000000
2371.984000 1164.939200 2375.584000 839.086400 1.000000
2379.312000 1153.176000 2378.688000 828.169600 1.000000
2416.432000 1151.532800 2413.024000 820.288000 1.000000
2437.216000 2234.432000 2582.896000 1675.296000 1.000000
2487.056000 1957.984000 2595.968000 1396.819200 1.000000
2485.760000 1584.771200 2606.256000 1289.870400 1.000000
2556.240000 1688.160000 2618.816000 1143.937600 1.000000
2515.040000 1991.024000 2623.488000 1410.118400 1.000000
2530.688000 1919.872000 2628.624000 1345.049600 1.000000
2522.528000 2030.128000 2636.864000 1443.174400 1.000000
2518.720000 2054.176000 2638.704000 1468.187200 1.000000
2524.048000 2072.848000 2646.304000 1485.539200 1.000000
2547.824000 1938.624000 2648.976000 1359.296000 1.000000
2542.288000 2036.544000 2657.968000 1448.913600 1.000000
2527.984000 2138.352000 2659.840000 1549.760000 1.000000
2564.688000 1937.168000 2665.456000 1354.926400 1.000000
2536.896000 2201.792000 2677.520000 1602.320000 1.000000
2545.360000 2146.784000 2678.848000 1549.280000 1.000000
2548.064000 2135.232000 2679.312000 1537.694400 1.000000
2551.584000 2167.136000 2688.688000 1569.865600 1.000000
2552.192000 2212.512000 2695.680000 1611.264000 1.000000
2581.664000 2145.168000 2714.656000 1541.480000 1.000000
2574.336000 2232.240000 2721.456000 1626.128000 1.000000
2578.368000 2238.176000 2726.768000 1629.136000 1.000000
2593.168000 2154.032000 2727.568000 1545.960000 1.000000
2576.608000 2265.984000 2729.728000 1654.432000 1.000000
2583.136000 2231.296000 2730.064000 1622.720000 1.000000
2592.736000 2177.280000 2730.512000 1569.448000 1.000000
2583.920000 2237.840000 2731.872000 1627.552000 1.000000
2588.128000 2210.336000 2732.192000 1601.808000 1.000000
2582.448000 2263.984000 2735.136000 1651.040000 1.000000
2581.792000 2271.120000 2735.584000 1657.520000 1.000000
2589.984000 2230.640000 2737.408000 1620.688000 1.000000
2588.160000 2263.504000 2740.816000 1649.472000 1.000000
2589.216000 2270.064000 2743.056000 1655.120000 1.000000
2595.920000 2230.048000 2743.216000 1618.320000 1.000000
2596.784000 2235.920000 2745.216000 1623.472000 1.000000
2591.952000 2281.904000 2747.936000 1665.920000 1.000000
2601.632000 2228.656000 2748.416000 1615.360000 1.000000
2613.504000 2180.704000 2753.872000 1566.795200 1.000000
2602.976000 2274.816000 2757.904000 1656.016000 1.000000
2614.096000 2204.688000 2758.624000 1593.172800 1.000000
2644.944000 2200.352000 2781.408000 1558.334400 1.000000
2648.400000 2290.144000 2806.304000 1657.136000 1.000000
2505.712000 2709.936000 2820.960000 1876.112000 1.000000
2636.960000 2474.176000 2826.288000 1792.320000 1.000000
2661.024000 2632.512000 2860.752000 1815.520000 1.000000
2658.896000 2593.568000 2870.816000 1913.152000 1.000000
