3.387952 270.635200 3.526928 528.057600 1.000000
6.843360 714.360000 8.866976 884.483200 1.000000
68.442400 1669.424000 24.829280 1825.440000 1.000000
24.127360 397.440000 37.703680 612.361600 1.000000
24.983200 404.265600 38.730240 620.321600 1.000000
31.888480 415.352000 43.956960 630.851200 1.000000
31.534560 399.201600 44.228000 614.564800 1.000000
35.539520 409.440000 47.908960 625.062400 1.000000
35.801440 384.064000 49.721280 600.688000 1.000000
60.477280 743.390400 62.952480 913.566400 1.000000
67.927360 693.403200 67.596160 866.025600 1.000000
96.938560 663.483200 98.680800 838.822400 1.000000
83.658560 64.030880 104.801120 313.272000 1.000000
94.281920 414.276800 105.802240 625.982400 1.000000
102.572960 432.619200 112.306720 645.675200 1.000000
109.245600 430.603200 119.140000 643.176000 1.000000
111.324640 384.692800 123.169760 600.348800 1.000000
170.827200 1772.912000 125.120000 1936.800000 1.000000
106.858400 46.131520 133.088800 291.340800 1.000000
125.920800 439.569600 135.007200 652.648000 1.000000
217.457600 2666.096000 136.175520 2885.920000 1.000000
220.659200 2707.392000 137.738880 2932.336000 1.000000
129.040960 434.753600 139.799680 648.569600 1.000000
219.963200 2619.840000 140.304800 2838.256000 1.000000
187.544000 1767.808000 143.101120 1930.992000 1.000000
224.728000 2664.592000 143.999200 2884.208000 1.000000
229.011200 2667.600000 149.040000 2886.784000 1.000000
232.094400 2642.544000 151.900960 2860.080000 1.000000
143.661920 437.504000 153.030240 650.249600 1.000000
142.718080 418.648000 153.055200 634.041600 1.000000
205.800000 1813.888000 158.768160 1979.472000 1.000000
203.728000 1776.656000 159.365600 1939.472000 1.000000
240.700800 2662.992000 162.344000 2883.120000 1.000000
238.435200 2621.776000 163.889600 2840.464000 1.000000
248.368000 2763.104000 165.028800 2992.288000 1.000000
213.689600 1805.792000 168.019200 1969.792000 1.000000
157.754880 420.462400 168.193600 635.795200 1.000000
251.705600 2691.312000 171.115200 2915.792000 1.000000
253.593600 2708.016000 172.976000 2930.480000 1.000000
256.534400 2760.720000 174.329600 2990.112000 1.000000
164.692800 394.824000 175.937600 612.552000 1.000000
258.132800 2649.808000 179.342400 2869.232000 1.000000
263.499200 2680.016000 183.790400 2900.832000 1.000000
269.513600 2695.824000 191.286400 2915.984000 1.000000
272.236800 2647.680000 195.534400 2865.856000 1.000000
241.428800 1822.320000 196.470400 1984.672000 1.000000
272.779200 2666.880000 197.174400 2885.440000 1.000000
187.963200 401.137600 198.654400 617.422400 1.000000
278.518400 2715.216000 198.931200 2939.376000 1.000000
276.785600 2695.184000 199.092800 2916.112000 1.000000
278.601600 2689.984000 202.651200 2911.360000 1.000000
199.238400 421.456000 206.732800 636.641600 1.000000
207.960000 409.272000 217.326400 625.208000 1.000000
260.723200 1765.008000 219.424000 1929.216000 1.000000
211.806400 379.312000 222.803200 595.641600 1.000000
216.483200 397.929600 226.312000 614.675200 1.000000
269.731200 1757.120000 228.638400 1920.304000 1.000000
271.624000 1794.448000 229.086400 1959.040000 1.000000
224.628800 620.168000 229.449600 807.080000 1.000000
226.249600 431.409600 234.443200 645.249600 1.000000
227.464000 409.862400 235.432000 625.820800 1.000000
285.264000 1696.608000 247.196800 1854.752000 1.000000
248.944000 709.160000 248.144000 879.355200 1.000000
241.185600 447.408000 248.857600 659.496000 1.000000
296.204800 1932.560000 248.993600 2095.840000 1.000000
284.460800 1617.344000 249.184000 1764.816000 1.000000
296.096000 1829.952000 250.494400 1993.360000 1.000000
243.057600 433.336000 250.892800 646.510400 1.000000
296.811200 1815.472000 252.939200 1978.720000 1.000000
303.769600 1942.592000 255.656000 2105.760000 1.000000
245.931200 372.329600 255.715200 588.348800 1.000000
237.732800 54.505600 257.422400 307.659200 1.000000
330.084800 2651.056000 258.792000 2868.048000 1.000000
336.600000 2758.256000 261.761600 2986.160000 1.000000
312.337600 1863.664000 268.028800 2026.992000 1.000000
263.982400 451.644800 270.323200 663.526400 1.000000
315.200000 1816.896000 272.601600 1980.208000 1.000000
316.641600 1855.872000 273.009600 2019.280000 1.000000
319.408000 1923.456000 273.443200 2086.256000 1.000000
321.723200 1904.096000 274.368000 2066.736000 1.000000
280.137600 773.936000 277.072000 938.152000 1.000000
280.660800 765.059200 278.374400 929.608000 1.000000
270.585600 395.369600 278.731200 610.641600 1.000000
325.440000 1921.088000 278.904000 2085.920000 1.000000
325.465600 1875.904000 280.915200 2039.536000 1.000000
279.702400 384.118400 284.220800 600.936000 1.000000
328.857600 1869.392000 284.264000 2032.432000 1.000000
277.806400 451.966400 284.486400 663.318400 1.000000
278.288000 421.152000 286.025600 635.702400 1.000000
328.982400 1821.872000 286.784000 1985.376000 1.000000
331.792000 1912.608000 287.222400 2076.048000 1.000000
283.427200 448.976000 289.878400 659.923200 1.000000
332.089600 1829.824000 290.024000 1993.616000 1.000000
293.227200 763.118400 291.158400 928.003200 1.000000
298.409600 781.232000 295.635200 945.651200 1.000000
366.625600 2646.928000 297.142400 2862.256000 1.000000
321.537600 1262.132800 297.508800 1448.681600 1.000000
299.817600 763.555200 297.827200 928.566400 1.000000
299.584000 739.769600 299.036800 906.412800 1.000000
370.060800 2732.064000 299.132800 2955.968000 1.000000
369.105600 2657.728000 299.774400 2872.240000 1.000000
303.592000 776.345600 301.209600 941.179200 1.000000
309.331200 835.772800 303.612800 1003.556800 1.000000
296.272000 440.486400 304.006400 651.886400 1.000000
309.422400 831.513600 304.376000 996.380800 1.000000
375.572800 2676.848000 305.118400 2895.472000 1.000000
375.488000 2668.720000 306.179200 2886.032000 1.000000
350.916800 1873.520000 307.552000 2036.272000 1.000000
313.502400 734.716800 312.593600 902.769600 1.000000
307.219200 425.121600 314.185600 638.710400 1.000000
312.265600 431.740800 319.353600 645.889600 1.000000
363.380800 1835.232000 321.545600 1997.600000 1.000000
368.612800 1816.992000 328.752000 1978.944000 1.000000
373.417600 1933.648000 328.883200 2095.312000 1.000000
369.598400 1805.552000 328.944000 1967.216000 1.000000
401.267200 2662.880000 332.870400 2880.368000 1.000000
328.032000 437.408000 333.923200 649.892800 1.000000
375.049600 1794.864000 335.155200 1956.480000 1.000000
338.864000 728.990400 338.811200 896.713600 1.000000
382.680000 1914.064000 338.862400 2076.368000 1.000000
380.699200 1896.256000 340.139200 2056.464000 1.000000
353.609600 793.798400 344.160000 958.606400 1.000000
388.192000 1919.840000 344.723200 2081.648000 1.000000
330.310400 111.805120 345.681600 370.176000 1.000000
347.763200 754.070400 347.276800 919.952000 1.000000
392.270400 1937.408000 348.496000 2099.200000 1.000000
392.464000 1924.224000 348.848000 2086.400000 1.000000
337.508800 137.990080 349.992000 394.121600 1.000000
394.057600 1908.352000 350.294400 2070.224000 1.000000
392.672000 1861.456000 350.756800 2024.272000 1.000000
392.926400 1875.920000 350.948800 2038.896000 1.000000
391.782400 1772.048000 351.836800 1933.840000 1.000000
377.828800 1293.608000 353.073600 1478.566400 1.000000
347.412800 428.160000 354.336000 641.716800 1.000000
353.065600 726.601600 355.619200 897.011200 1.000000
349.985600 436.155200 355.952000 649.774400 1.000000
349.156800 416.644800 356.388800 630.070400 1.000000
383.662400 1235.204800 361.617600 1421.628800 1.000000
368.171200 841.827200 363.052800 1006.806400 1.000000
403.227200 1841.776000 363.473600 2005.312000 1.000000
401.652800 1798.240000 363.553600 1960.224000 1.000000
349.993600 47.219840 364.075200 306.740800 1.000000
368.729600 825.270400 364.548800 990.278400 1.000000
352.558400 146.724480 366.467200 403.198400 1.000000
361.020800 396.731200 367.814400 612.236800 1.000000
356.920000 121.624960 369.664000 377.553600 1.000000
360.769600 222.387200 370.435200 473.177600 1.000000
361.600000 177.355200 371.067200 431.177600 1.000000
415.076800 1931.200000 371.331200 2092.944000 1.000000
412.164800 1823.104000 372.134400 1983.120000 1.000000
362.569600 151.534720 373.835200 406.476800 1.000000
367.892800 413.521600 374.504000 625.896000 1.000000
377.184000 719.475200 376.048000 888.467200 1.000000
400.444800 1233.540800 377.515200 1419.921600 1.000000
400.955200 1265.944000 378.446400 1451.889600 1.000000
363.918400 55.145280 380.062400 314.393600 1.000000
422.953600 1855.056000 382.174400 2017.712000 1.000000
385.507200 737.537600 384.208000 904.915200 1.000000
409.566400 1299.809600 386.272000 1483.672000 1.000000
375.496000 166.502400 386.323200 421.376000 1.000000
381.720000 441.510400 386.846400 653.686400 1.000000
428.195200 1776.032000 390.390400 1936.576000 1.000000
431.904000 1868.832000 390.888000 2031.488000 1.000000
416.566400 1318.635200 392.172800 1503.148800 1.000000
433.769600 1854.272000 392.619200 2015.696000 1.000000
386.737600 422.014400 394.680000 634.955200 1.000000
383.616000 92.445920 395.667200 349.779200 1.000000
400.187200 767.088000 397.726400 930.600000 1.000000
389.110400 166.363200 397.742400 419.236800 1.000000
421.552000 1252.723200 399.044800 1437.648000 1.000000
424.852800 1300.240000 400.377600 1483.934400 1.000000
394.515200 433.211200 400.459200 644.934400 1.000000
428.432000 1356.446400 402.531200 1540.124800 1.000000
393.017600 156.830720 403.340800 411.083200 1.000000
430.176000 1313.540800 406.406400 1496.614400 1.000000
394.475200 121.304640 407.155200 378.699200 1.000000
397.299200 173.582400 407.526400 427.676800 1.000000
432.574400 1297.796800 408.900800 1480.270400 1.000000
449.624000 1876.656000 409.646400 2035.328000 1.000000
448.972800 1835.600000 410.244800 1996.160000 1.000000
402.086400 162.406400 412.961600 416.593600 1.000000
465.884800 2035.424000 418.630400 2201.376000 1.000000
443.185600 1315.433600 419.036800 1500.083200 1.000000
461.699200 1894.112000 420.900800 2056.080000 1.000000
447.220800 1311.169600 423.507200 1494.928000 1.000000
466.304000 1839.104000 427.547200 2001.360000 1.000000
413.652800 29.449440 428.259200 288.684800 1.000000
416.841600 97.085440 429.457600 353.585600 1.000000
454.334400 1288.668800 431.760000 1473.212800 1.000000
422.625600 126.260000 433.571200 382.163200 1.000000
422.857600 59.845440 437.620800 318.019200 1.000000
424.752000 115.388640 438.232000 371.078400 1.000000
437.976000 436.950400 441.364800 646.340800 1.000000
428.380800 67.590080 441.563200 325.606400 1.000000
439.406400 442.892800 443.408000 653.774400 1.000000
436.848000 143.820160 447.182400 398.033600 1.000000
440.492800 127.084480 447.464000 381.632000 1.000000
440.992000 83.511680 453.704000 340.819200 1.000000
451.252800 448.528000 455.268800 660.454400 1.000000
447.148800 208.236800 456.523200 459.980800 1.000000
448.204800 158.860000 457.988800 413.044800 1.000000
468.472000 768.404800 464.153600 932.398400 1.000000
507.121600 1930.256000 467.075200 2089.504000 1.000000
495.083200 1334.062400 471.358400 1516.100800 1.000000
492.803200 1259.825600 471.545600 1444.710400 1.000000
494.032000 1248.387200 473.284800 1433.804800 1.000000
512.524800 1905.488000 475.102400 2065.584000 1.000000
499.924800 1324.734400 476.691200 1507.142400 1.000000
502.267200 1342.374400 478.868800 1523.216000 1.000000
500.108800 1268.272000 480.016000 1451.862400 1.000000
480.984000 460.745600 484.564800 672.297600 1.000000
505.825600 1263.457600 484.825600 1447.132800 1.000000
500.219200 442.800000 503.220800 654.905600 1.000000
526.643200 1295.112000 504.300800 1478.302400 1.000000
505.518400 459.368000 509.452800 670.531200 1.000000
539.292800 1296.200000 516.728000 1479.734400 1.000000
510.220800 158.975840 519.593600 411.145600 1.000000
560.244800 1735.152000 528.880000 1891.680000 1.000000
548.780800 444.649600 551.432000 657.043200 1.000000
553.776000 458.446400 555.571200 668.203200 1.000000
551.726400 97.626880 559.072000 351.452800 1.000000
573.694400 455.156800 575.732800 665.875200 1.000000
582.953600 456.171200 584.531200 667.126400 1.000000
588.888000 438.248000 591.203200 652.142400 1.000000
588.851200 272.225600 592.412800 515.804800 1.000000
594.360000 475.446400 595.948800 684.163200 1.000000
639.721600 1764.576000 609.816000 1921.920000 1.000000
615.352000 281.083200 620.088000 524.582400 1.000000
620.006400 256.123200 625.827200 500.160000 1.000000
624.369600 453.470400 625.913600 665.139200 1.000000
631.468800 284.784000 633.748800 528.084800 1.000000
631.027200 230.238400 636.379200 478.793600 1.000000
695.987200 1809.584000 665.417600 1967.168000 1.000000
664.700800 184.571200 668.137600 435.779200 1.000000
666.288000 448.292800 668.803200 659.979200 1.000000
665.137600 201.484800 669.489600 453.328000 1.000000
672.766400 295.531200 675.264000 536.318400 1.000000
679.288000 445.934400 680.417600 657.091200 1.000000
676.956800 220.953600 680.576000 470.985600 1.000000
673.897600 160.510400 680.936000 412.873600 1.000000
713.398400 1806.880000 684.859200 1964.304000 1.000000
689.968000 439.785600 690.192000 651.155200 1.000000
722.681600 1810.128000 695.086400 1966.720000 1.000000
692.742400 290.884800 695.236800 531.150400 1.000000
707.720000 182.588800 708.843200 436.920000 1.000000
713.830400 780.556800 709.585600 941.971200 1.000000
710.678400 458.961600 709.624000 668.838400 1.000000
708.908800 174.913600 711.424000 430.260800 1.000000
738.177600 1748.192000 712.300800 1898.768000 1.000000
716.067200 481.574400 715.283200 688.670400 1.000000
714.491200 152.332800 716.904000 408.500800 1.000000
731.368000 186.568000 733.640000 438.369600 1.000000
734.609600 131.432000 733.929600 386.078400 1.000000
737.932800 497.520000 735.659200 704.209600 1.000000
754.416000 145.106400 756.169600 399.539200 1.000000
764.436800 477.846400 764.660800 686.822400 1.000000
767.030400 456.260800 764.878400 664.716800 1.000000
768.104000 487.475200 766.486400 694.867200 1.000000
809.084800 2666.096000 769.612800 2880.480000 1.000000
775.502400 492.732800 774.166400 699.750400 1.000000
783.184000 271.656000 783.419200 511.024000 1.000000
787.608000 126.428960 791.068800 377.974400 1.000000
834.299200 2645.904000 798.800000 2854.576000 1.000000
838.236800 2654.960000 800.046400 2866.032000 1.000000
799.728000 219.105600 802.200000 463.972800 1.000000
803.419200 286.792000 803.444800 525.867200 1.000000
811.256000 315.803200 810.312000 553.432000 1.000000
814.860800 309.372800 812.668800 546.172800 1.000000
831.996800 822.984000 825.577600 982.067200 1.000000
850.678400 1753.584000 827.828800 1906.848000 1.000000
868.489600 2683.568000 833.796800 2894.576000 1.000000
859.614400 1867.136000 835.318400 2022.000000 1.000000
846.366400 460.115200 843.982400 669.667200 1.000000
880.155200 2680.928000 846.710400 2892.128000 1.000000
850.740800 474.366400 847.950400 682.980800 1.000000
882.689600 2669.776000 849.169600 2879.824000 1.000000
851.348800 185.886400 851.172800 437.840000 1.000000
879.174400 1857.456000 855.992000 2011.584000 1.000000
860.244800 162.798400 858.748800 416.488000 1.000000
865.222400 225.048000 862.371200 472.768000 1.000000
870.998400 784.203200 866.220800 944.358400 1.000000
878.864000 154.265760 878.075200 407.808000 1.000000
882.646400 487.720000 879.542400 695.596800 1.000000
883.188800 267.075200 882.051200 505.761600 1.000000
913.616000 2653.760000 883.224000 2861.616000 1.000000
886.409600 165.380800 884.150400 418.632000 1.000000
890.670400 471.288000 886.859200 678.592000 1.000000
886.521600 183.995200 886.915200 435.244800 1.000000
890.492800 458.544000 888.249600 667.435200 1.000000
921.696000 2597.504000 889.971200 2801.456000 1.000000
926.028800 2567.616000 897.051200 2772.704000 1.000000
920.643200 1815.200000 898.526400 1968.784000 1.000000
931.099200 2632.768000 900.494400 2840.400000 1.000000
903.516800 26.629760 900.881600 289.163200 1.000000
915.115200 762.990400 908.576000 923.676800 1.000000
938.532800 2621.344000 909.259200 2825.984000 1.000000
939.913600 2604.752000 910.651200 2808.480000 1.000000
900.656000 263.692800 912.596800 499.084800 1.000000
914.563200 197.238400 912.867200 447.902400 1.000000
943.195200 2575.472000 913.424000 2778.720000 1.000000
915.952000 19.610080 913.971200 281.636800 1.000000
920.436800 780.425600 913.982400 941.336000 1.000000
919.033600 510.542400 915.574400 715.742400 1.000000
921.036800 276.888000 916.489600 513.907200 1.000000
938.564800 1795.904000 917.083200 1951.952000 1.000000
926.404800 496.708800 922.660800 702.352000 1.000000
952.504000 2629.936000 924.331200 2835.312000 1.000000
931.299200 782.777600 926.862400 943.118400 1.000000
931.027200 298.278400 927.172800 533.294400 1.000000
930.422400 24.080960 928.297600 285.640000 1.000000
935.241600 315.456000 928.443200 551.249600 1.000000
933.920000 769.428800 929.472000 931.054400 1.000000
935.276800 274.860800 932.993600 512.291200 1.000000
940.185600 335.936000 936.563200 568.952000 1.000000
947.473600 439.971200 941.867200 650.305600 1.000000
949.518400 483.548800 943.196800 687.782400 1.000000
947.828800 472.928000 943.910400 679.761600 1.000000
948.067200 314.806400 944.193600 547.683200 1.000000
950.715200 347.560000 945.060800 581.115200 1.000000
952.782400 774.729600 946.326400 934.492800 1.000000
968.689600 1779.376000 948.977600 1932.000000 1.000000
956.182400 467.604800 951.180800 674.771200 1.000000
976.990400 1805.280000 957.441600 1958.784000 1.000000
985.982400 2495.744000 957.955200 2698.608000 1.000000
985.859200 2560.816000 958.524800 2763.472000 1.000000
984.564800 2507.008000 958.528000 2709.920000 1.000000
981.059200 1786.864000 961.256000 1939.952000 1.000000
965.235200 22.933120 962.584000 283.699200 1.000000
989.499200 2550.704000 963.772800 2752.832000 1.000000
972.860800 281.632000 967.873600 517.355200 1.000000
986.160000 1803.808000 968.195200 1957.488000 1.000000
976.756800 511.129600 970.310400 714.369600 1.000000
997.339200 2493.264000 971.129600 2695.936000 1.000000
988.497600 1746.192000 971.408000 1895.248000 1.000000
987.276800 1335.884800 972.318400 1511.155200 1.000000
978.456000 36.055680 973.332800 295.937600 1.000000
978.212800 27.223360 974.089600 288.152000 1.000000
990.574400 1309.003200 974.297600 1486.200000 1.000000
980.950400 347.441600 975.374400 580.228800 1.000000
982.283200 16.787840 978.636800 276.873600 1.000000
1005.500800 2495.168000 978.968000 2699.136000 1.000000
985.273600 33.511520 982.424000 292.763200 1.000000
1007.974400 2588.288000 982.772800 2789.872000 1.000000
1000.675200 1707.360000 983.769600 1852.432000 1.000000
990.409600 244.625600 985.225600 486.270400 1.000000
991.214400 746.126400 985.556800 912.027200 1.000000
992.985600 175.971200 987.089600 428.499200 1.000000
1004.697600 1748.944000 987.268800 1899.056000 1.000000
1008.748800 1703.920000 990.558400 1850.352000 1.000000
1013.401600 1765.552000 994.643200 1917.856000 1.000000
1012.060800 1707.184000 995.328000 1852.336000 1.000000
1002.435200 483.380800 996.633600 689.961600 1.000000
1002.472000 220.051200 997.260800 465.528000 1.000000
1004.152000 493.862400 997.699200 700.438400 1.000000
1015.656000 1756.960000 998.384000 1907.840000 1.000000
1002.593600 15.701488 998.446400 274.590400 1.000000
1006.072000 471.563200 1000.705600 678.744000 1.000000
1014.320000 1283.912000 1001.100800 1461.041600 1.000000
1018.176000 1746.544000 1001.369600 1896.000000 1.000000
1009.803200 503.131200 1003.224000 709.452800 1.000000
1011.368000 480.992000 1004.867200 687.148800 1.000000
1023.257600 1762.640000 1005.950400 1913.536000 1.000000
1024.859200 1682.352000 1008.523200 1824.144000 1.000000
1016.510400 284.280000 1011.185600 523.755200 1.000000
1029.443200 1753.760000 1012.214400 1902.976000 1.000000
1035.710400 2575.280000 1013.892800 2776.096000 1.000000
1021.905600 23.751200 1016.867200 284.075200 1.000000
1025.028800 496.782400 1017.088000 702.124800 1.000000
1023.828800 257.356800 1017.345600 499.531200 1.000000
1033.587200 1209.540800 1019.148800 1389.604800 1.000000
1034.360000 1262.164800 1019.590400 1439.804800 1.000000
1025.545600 225.297600 1019.841600 470.456000 1.000000
1028.924800 89.124640 1024.006400 345.648000 1.000000
1031.883200 45.836960 1024.473600 306.324800 1.000000
1046.819200 2593.184000 1024.742400 2793.168000 1.000000
1032.604800 20.295520 1026.635200 280.552000 1.000000
1047.203200 1782.608000 1029.104000 1935.376000 1.000000
1037.219200 225.102400 1029.944000 472.713600 1.000000
1044.904000 1255.417600 1030.588800 1432.064000 1.000000
1053.404800 2548.416000 1032.169600 2747.136000 1.000000
1040.251200 189.689600 1033.568000 440.987200 1.000000
1055.641600 2491.120000 1033.600000 2692.480000 1.000000
1053.004800 1256.008000 1038.561600 1431.411200 1.000000
1061.096000 2489.920000 1039.617600 2691.664000 1.000000
1044.752000 292.952000 1040.656000 542.600000 1.000000
1064.236800 2532.896000 1041.932800 2733.952000 1.000000
1047.846400 86.856320 1042.150400 342.680000 1.000000
1050.062400 54.558240 1043.508800 313.803200 1.000000
1050.611200 22.528320 1044.105600 282.470400 1.000000
1053.907200 771.632000 1046.566400 931.752000 1.000000
1054.612800 154.025600 1046.891200 404.624000 1.000000
1054.043200 138.568480 1047.384000 389.691200 1.000000
1066.457600 1749.536000 1049.043200 1898.800000 1.000000
1065.419200 1771.120000 1049.233600 1922.448000 1.000000
1057.412800 458.734400 1049.705600 666.715200 1.000000
1066.640000 1704.496000 1052.070400 1848.912000 1.000000
1061.891200 492.969600 1052.489600 697.091200 1.000000
1067.766400 1722.368000 1052.532800 1870.560000 1.000000
1061.086400 182.307200 1053.822400 433.534400 1.000000
1074.099200 2564.448000 1054.438400 2765.168000 1.000000
1077.521600 2550.864000 1055.176000 2751.616000 1.000000
1069.537600 1705.152000 1056.548800 1849.920000 1.000000
1072.240000 1822.928000 1056.776000 1975.072000 1.000000
1064.993600 20.384800 1058.190400 279.817600 1.000000
1065.908800 481.468800 1058.353600 685.332800 1.000000
1072.745600 1292.665600 1058.609600 1468.643200 1.000000
1075.456000 1796.704000 1060.585600 1948.608000 1.000000
1076.412800 1780.784000 1060.611200 1931.728000 1.000000
1068.620800 75.624800 1061.331200 334.539200 1.000000
1077.558400 1754.592000 1061.966400 1904.688000 1.000000
1070.436800 523.881600 1062.862400 726.972800 1.000000
1071.833600 790.446400 1064.060800 947.979200 1.000000
1074.049600 32.462560 1064.542400 291.267200 1.000000
1086.083200 2569.392000 1066.155200 2770.160000 1.000000
1075.376000 163.979200 1068.905600 414.636800 1.000000
1084.308800 1742.400000 1069.604800 1891.648000 1.000000
1078.750400 505.734400 1069.884800 709.254400 1.000000
1085.499200 1751.968000 1069.904000 1900.608000 1.000000
1086.552000 1804.992000 1071.899200 1957.248000 1.000000
1086.035200 1712.688000 1072.142400 1857.888000 1.000000
1080.740800 496.576000 1073.390400 700.760000 1.000000
1084.108800 488.772800 1075.158400 693.891200 1.000000
1085.456000 97.701920 1076.129600 354.595200 1.000000
1097.204800 2569.632000 1077.752000 2770.624000 1.000000
1096.654400 1770.400000 1081.192000 1919.776000 1.000000
1096.219200 1784.800000 1081.715200 1935.456000 1.000000
1095.368000 181.339200 1083.846400 430.644800 1.000000
1092.948800 772.241600 1086.220800 932.339200 1.000000
1100.985600 1764.576000 1086.345600 1913.120000 1.000000
1103.603200 1757.072000 1090.676800 1908.000000 1.000000
1111.035200 1727.136000 1098.024000 1874.416000 1.000000
1113.480000 1771.456000 1099.019200 1921.040000 1.000000
1113.707200 1784.400000 1099.892800 1934.480000 1.000000
1111.576000 512.377600 1102.356800 716.958400 1.000000
1113.324800 93.834560 1103.422400 352.195200 1.000000
1120.734400 1312.456000 1107.224000 1485.832000 1.000000
1122.516800 1243.852800 1107.307200 1419.596800 1.000000
1125.142400 1711.392000 1111.614400 1856.784000 1.000000
1122.185600 515.508800 1113.004800 720.254400 1.000000
1127.664000 1768.736000 1114.190400 1917.936000 1.000000
1126.505600 505.513600 1118.489600 710.616000 1.000000
1135.068800 1232.752000 1120.185600 1411.316800 1.000000
1137.209600 526.292800 1128.302400 729.062400 1.000000
1144.252800 1268.880000 1131.022400 1444.076800 1.000000
1141.526400 41.236480 1132.209600 299.257600 1.000000
1148.860800 514.382400 1138.387200 719.019200 1.000000
1154.204800 18.420640 1144.041600 278.788800 1.000000
1159.288000 519.864000 1149.299200 723.664000 1.000000
1169.753600 488.147200 1159.291200 693.091200 1.000000
1171.024000 19.090080 1160.206400 278.457600 1.000000
1177.358400 412.664000 1161.784000 655.398400 1.000000
1173.220800 503.961600 1162.300800 707.209600 1.000000
1183.678400 50.768640 1171.038400 307.544000 1.000000
1182.321600 533.857600 1171.121600 735.401600 1.000000
1194.758400 17.985120 1182.460800 276.808000 1.000000
1194.966400 524.939200 1183.262400 727.875200 1.000000
1199.668800 47.800320 1187.035200 304.110400 1.000000
1200.617600 505.668800 1190.515200 707.465600 1.000000
1207.465600 523.329600 1195.411200 725.236800 1.000000
1207.812800 494.030400 1196.609600 697.219200 1.000000
1215.819200 501.377600 1204.096000 703.678400 1.000000
1216.425600 489.110400 1205.036800 693.014400 1.000000
1226.734400 479.369600 1213.736000 683.171200 1.000000
1232.195200 486.043200 1219.246400 689.974400 1.000000
1234.547200 497.180800 1222.179200 700.268800 1.000000
1241.928000 515.129600 1229.416000 716.142400 1.000000
1256.926400 513.723200 1243.441600 717.252800 1.000000
1274.907200 268.384000 1259.062400 525.020800 1.000000
1283.368000 254.915200 1267.705600 514.769600 1.000000
1282.177600 518.472000 1267.796800 722.174400 1.000000
1284.219200 528.932800 1268.616000 730.638400 1.000000
1281.753600 1814.992000 1271.318400 1965.376000 1.000000
1285.571200 507.964800 1272.299200 712.721600 1.000000
1289.472000 493.862400 1276.174400 699.196800 1.000000
1303.600000 477.148800 1290.697600 682.801600 1.000000
1300.411200 1794.096000 1292.152000 1945.952000 1.000000
1314.708800 231.305600 1296.993600 494.568000 1.000000
1320.425600 520.022400 1304.739200 723.268800 1.000000
1319.606400 544.142400 1304.846400 743.852800 1.000000
1321.369600 496.297600 1305.854400 700.211200 1.000000
1325.329600 513.419200 1309.404800 716.844800 1.000000
1331.651200 505.793600 1314.024000 709.688000 1.000000
1349.515200 516.833600 1331.316800 719.278400 1.000000
1351.377600 485.395200 1335.184000 689.806400 1.000000
1362.304000 169.750400 1344.096000 437.516800 1.000000
1365.836800 547.734400 1349.592000 747.192000 1.000000
1371.302400 515.435200 1355.193600 716.668800 1.000000
1378.004800 159.152320 1357.108800 428.240000 1.000000
1374.057600 537.675200 1357.574400 739.092800 1.000000
1396.926400 158.944480 1368.499200 424.947200 1.000000
1371.091200 2400.016000 1368.592000 2593.120000 1.000000
1388.464000 538.734400 1371.675200 739.048000 1.000000
1393.638400 285.739200 1374.147200 539.225600 1.000000
1394.828800 520.020800 1377.913600 722.758400 1.000000
1407.012800 539.294400 1390.011200 740.187200 1.000000
1410.457600 507.294400 1393.368000 710.984000 1.000000
1413.524800 251.907200 1393.728000 510.296000 1.000000
1393.900800 2481.088000 1394.419200 2674.080000 1.000000
1414.816000 524.633600 1396.480000 727.320000 1.000000
1414.364800 536.771200 1397.438400 737.864000 1.000000
1426.630400 226.388800 1402.006400 487.315200 1.000000
1428.449600 255.580800 1405.212800 512.496000 1.000000
1434.393600 275.840000 1411.281600 529.435200 1.000000
1429.721600 526.099200 1411.776000 728.787200 1.000000
1449.433600 61.723840 1419.465600 338.963200 1.000000
1441.534400 540.912000 1423.446400 741.731200 1.000000
1444.006400 511.158400 1425.481600 714.132800 1.000000
1456.171200 545.632000 1437.585600 745.216000 1.000000
1459.092800 499.096000 1438.624000 703.368000 1.000000
1458.838400 555.556800 1439.526400 753.240000 1.000000
1459.398400 511.657600 1440.200000 714.449600 1.000000
1491.164800 509.507200 1471.148800 710.363200 1.000000
1485.300800 1243.372800 1471.171200 1415.452800 1.000000
1498.603200 288.174400 1473.164800 540.894400 1.000000
1496.230400 525.464000 1476.894400 725.670400 1.000000
1492.233600 1262.366400 1479.502400 1432.934400 1.000000
1511.902400 293.777600 1484.840000 545.868800 1.000000
1506.827200 560.307200 1487.928000 758.659200 1.000000
1519.603200 550.099200 1499.915200 749.452800 1.000000
1531.937600 535.707200 1511.384000 736.537600 1.000000
1521.428800 1743.792000 1519.744000 1887.360000 1.000000
1543.732800 544.929600 1522.681600 744.568000 1.000000
1536.852800 1266.483200 1522.787200 1435.404800 1.000000
1537.692800 1252.443200 1525.057600 1423.948800 1.000000
1556.579200 534.267200 1535.236800 734.073600 1.000000
1549.800000 1697.120000 1545.462400 1831.888000 1.000000
1550.488000 1769.536000 1546.416000 1914.384000 1.000000
1574.443200 555.358400 1552.350400 753.816000 1.000000
1576.323200 585.721600 1554.798400 782.419200 1.000000
1560.156800 1773.248000 1556.897600 1918.048000 1.000000
1582.643200 523.860800 1559.867200 723.915200 1.000000
1553.641600 2496.448000 1562.521600 2684.704000 1.000000
1586.288000 578.326400 1564.633600 773.499200 1.000000
1589.942400 596.697600 1568.323200 791.160000 1.000000
1594.051200 570.324800 1570.796800 766.558400 1.000000
1594.168000 529.555200 1570.952000 730.424000 1.000000
1598.188800 521.315200 1573.934400 723.808000 1.000000
1566.414400 2500.512000 1574.480000 2687.808000 1.000000
1568.331200 2490.592000 1575.550400 2677.728000 1.000000
1599.027200 585.976000 1575.867200 780.768000 1.000000
1599.764800 575.121600 1577.627200 771.384000 1.000000
1581.732800 1778.016000 1580.241600 1922.064000 1.000000
1609.440000 560.403200 1585.651200 758.163200 1.000000
1608.656000 541.548800 1585.684800 741.603200 1.000000
1587.787200 1719.072000 1586.156800 1857.696000 1.000000
1579.006400 2497.248000 1589.441600 2683.648000 1.000000
1597.502400 1757.296000 1597.558400 1898.096000 1.000000
1612.800000 1263.721600 1601.360000 1433.686400 1.000000
1654.608000 1716.896000 1654.416000 1855.808000 1.000000
1659.680000 1792.592000 1661.184000 1938.496000 1.000000
1662.624000 1728.832000 1662.560000 1868.192000 1.000000
1690.144000 568.107200 1664.944000 764.097600 1.000000
1658.528000 2102.736000 1665.408000 2261.824000 1.000000
1680.224000 1184.107200 1665.664000 1358.932800 1.000000
1665.792000 1759.280000 1665.760000 1900.416000 1.000000
1652.256000 2507.984000 1667.040000 2693.120000 1.000000
1681.776000 1292.795200 1670.832000 1460.107200 1.000000
1689.104000 853.744000 1671.616000 1003.686400 1.000000
1656.560000 2480.816000 1672.288000 2665.232000 1.000000
1661.840000 2190.560000 1672.544000 2360.720000 1.000000
1671.904000 1729.040000 1673.040000 1866.992000 1.000000
1701.504000 533.643200 1674.880000 732.473600 1.000000
1707.104000 535.656000 1681.296000 733.336000 1.000000
1705.504000 608.966400 1681.440000 801.595200 1.000000
1712.320000 508.552000 1685.472000 708.003200 1.000000
1678.384000 2081.584000 1686.160000 2236.448000 1.000000
1705.008000 779.206400 1686.784000 935.211200 1.000000
1683.984000 1813.664000 1687.232000 1961.552000 1.000000
1714.944000 541.689600 1688.224000 738.747200 1.000000
1706.736000 788.740800 1688.768000 943.096000 1.000000
1716.464000 582.574400 1690.320000 776.206400 1.000000
1715.344000 705.712000 1692.128000 885.654400 1.000000
1721.392000 589.211200 1695.168000 782.515200 1.000000
1723.888000 564.161600 1697.248000 759.864000 1.000000
1723.664000 574.395200 1697.264000 769.300800 1.000000
1712.256000 1178.624000 1698.400000 1351.432000 1.000000
1691.760000 2096.720000 1701.184000 2251.760000 1.000000
1734.672000 523.768000 1704.064000 723.590400 1.000000
1717.552000 1170.624000 1705.120000 1346.912000 1.000000
1733.632000 547.208000 1706.928000 744.428800 1.000000
1714.464000 1485.865600 1710.512000 1613.664000 1.000000
1729.152000 983.366400 1712.672000 1154.420800 1.000000
1725.488000 1254.852800 1713.616000 1423.276800 1.000000
1740.848000 573.259200 1714.112000 768.395200 1.000000
1742.784000 554.532800 1715.184000 750.691200 1.000000
1726.640000 1269.256000 1715.408000 1437.860800 1.000000
1714.224000 1675.264000 1715.472000 1806.368000 1.000000
1740.896000 720.292800 1717.872000 897.649600 1.000000
1745.616000 593.419200 1719.216000 786.011200 1.000000
1733.776000 1125.700800 1719.328000 1300.371200 1.000000
1719.168000 1683.984000 1721.344000 1815.680000 1.000000
1732.656000 1327.264000 1722.256000 1492.177600 1.000000
1747.504000 534.640000 1723.312000 726.563200 1.000000
1722.880000 1765.920000 1724.816000 1906.960000 1.000000
1752.624000 551.532800 1725.520000 747.996800 1.000000
1715.648000 2146.272000 1726.240000 2309.264000 1.000000
1739.072000 1275.520000 1726.480000 1443.998400 1.000000
1738.880000 1256.870400 1726.768000 1426.969600 1.000000
1738.368000 1320.278400 1727.648000 1485.828800 1.000000
1721.728000 1874.848000 1728.656000 2022.592000 1.000000
1731.040000 1703.072000 1729.328000 1844.096000 1.000000
1757.872000 558.270400 1729.744000 754.801600 1.000000
1722.176000 2154.080000 1732.720000 2317.216000 1.000000
1745.200000 1316.867200 1733.760000 1480.899200 1.000000
1762.208000 510.091200 1733.984000 709.606400 1.000000
1760.640000 564.315200 1735.136000 759.374400 1.000000
1755.360000 803.328000 1735.968000 955.782400 1.000000
1755.616000 815.052800 1736.960000 966.752000 1.000000
1765.168000 598.588800 1737.984000 791.603200 1.000000
1768.224000 529.262400 1739.504000 725.798400 1.000000
1729.520000 2154.944000 1740.192000 2319.968000 1.000000
1739.600000 1765.360000 1740.992000 1904.928000 1.000000
1732.944000 2145.952000 1744.304000 2310.128000 1.000000
1764.080000 808.368000 1744.736000 960.360000 1.000000
1725.264000 2508.032000 1745.248000 2691.184000 1.000000
1775.056000 544.843200 1746.496000 740.488000 1.000000
1760.064000 1249.710400 1746.720000 1417.070400 1.000000
1738.304000 2030.864000 1746.784000 2178.640000 1.000000
1739.008000 1883.136000 1747.008000 2032.768000 1.000000
1726.784000 2515.600000 1748.688000 2698.128000 1.000000
1777.664000 565.584000 1749.968000 761.641600 1.000000
1777.088000 554.244800 1750.256000 749.868800 1.000000
1781.264000 509.248000 1750.368000 705.601600 1.000000
1749.104000 1673.488000 1750.416000 1805.104000 1.000000
1770.304000 788.924800 1750.720000 943.846400 1.000000
1778.384000 593.521600 1750.784000 786.864000 1.000000
1788.976000 290.523200 1751.120000 544.052800 1.000000
1787.824000 315.852800 1751.184000 566.176000 1.000000
1770.656000 804.859200 1751.296000 957.342400 1.000000
1730.464000 2501.776000 1752.400000 2686.288000 1.000000
1763.120000 1311.360000 1753.456000 1477.280000 1.000000
1748.928000 1875.168000 1754.448000 2021.824000 1.000000
1783.296000 559.137600 1754.800000 754.308800 1.000000
1752.176000 1763.776000 1755.024000 1904.160000 1.000000
1787.440000 538.278400 1757.232000 733.030400 1.000000
1758.336000 1657.152000 1759.568000 1786.832000 1.000000
1799.072000 301.392000 1761.184000 553.291200 1.000000
1797.984000 349.491200 1761.744000 596.022400 1.000000
1804.400000 138.983040 1762.624000 409.832000 1.000000
1801.712000 270.667200 1762.800000 524.708800 1.000000
1768.608000 1403.779200 1762.848000 1534.787200 1.000000
1756.416000 1893.648000 1762.864000 2041.600000 1.000000
1805.712000 111.365120 1763.968000 382.104000 1.000000
1802.720000 311.068800 1765.696000 562.633600 1.000000
1750.656000 2285.872000 1765.936000 2466.880000 1.000000
1805.232000 228.281600 1766.064000 487.854400 1.000000
1786.336000 791.105600 1766.560000 945.635200 1.000000
1797.536000 565.675200 1768.480000 761.203200 1.000000
1808.752000 215.486400 1769.184000 476.385600 1.000000
1757.392000 2155.488000 1769.536000 2318.032000 1.000000
1810.800000 194.876800 1770.096000 457.001600 1.000000
1783.968000 1257.137600 1772.112000 1426.590400 1.000000
1811.232000 308.643200 1773.376000 559.420800 1.000000
1801.936000 604.819200 1774.640000 796.548800 1.000000
1782.224000 1406.380800 1776.832000 1537.779200 1.000000
1805.616000 574.148800 1776.976000 769.875200 1.000000
1793.456000 980.124800 1777.184000 1146.803200 1.000000
1774.848000 1791.360000 1778.096000 1933.904000 1.000000
1810.128000 660.235200 1782.160000 846.216000 1.000000
1775.440000 1905.888000 1782.544000 2052.496000 1.000000
1811.808000 560.744000 1783.152000 756.004800 1.000000
1772.768000 2123.824000 1784.160000 2282.176000 1.000000
1824.032000 265.088000 1784.432000 519.144000 1.000000
1825.968000 216.576000 1785.072000 472.916800 1.000000
1787.216000 1558.840000 1785.392000 1685.152000 1.000000
1795.856000 1309.985600 1785.696000 1474.148800 1.000000
1783.792000 1796.784000 1787.664000 1938.736000 1.000000
1774.672000 2140.400000 1787.856000 2302.896000 1.000000
1799.712000 1295.216000 1788.576000 1460.936000 1.000000
1832.288000 101.798720 1788.992000 372.244800 1.000000
1818.816000 571.836800 1789.136000 765.460800 1.000000
1802.816000 1240.452800 1789.888000 1409.792000 1.000000
1778.992000 2118.592000 1791.168000 2276.912000 1.000000
1788.144000 1730.880000 1791.264000 1867.568000 1.000000
1802.576000 1310.337600 1791.488000 1473.715200 1.000000
1778.432000 2177.552000 1791.680000 2344.048000 1.000000
1823.024000 550.209600 1792.576000 745.342400 1.000000
1781.344000 2150.256000 1794.096000 2313.312000 1.000000
1823.456000 584.113600 1795.024000 777.936000 1.000000
1791.392000 1774.336000 1795.248000 1916.576000 1.000000
1811.040000 1015.742400 1795.552000 1188.257600 1.000000
1809.440000 1205.942400 1795.856000 1375.268800 1.000000
1783.648000 2129.584000 1795.872000 2290.224000 1.000000
1843.792000 105.808480 1798.336000 374.796800 1.000000
1804.432000 1403.121600 1798.960000 1534.870400 1.000000
1798.544000 1609.936000 1799.056000 1739.408000 1.000000
1829.040000 666.440000 1799.568000 851.377600 1.000000
1793.184000 1936.784000 1802.288000 2085.008000 1.000000
1803.136000 1538.907200 1802.944000 1670.208000 1.000000
1800.304000 1760.832000 1804.288000 1900.816000 1.000000
1779.104000 2525.040000 1804.304000 2707.584000 1.000000
1803.280000 1736.544000 1806.768000 1873.808000 1.000000
1784.848000 2471.904000 1807.248000 2654.544000 1.000000
1797.920000 1958.624000 1807.504000 2105.328000 1.000000
1806.624000 1613.152000 1807.840000 1743.504000 1.000000
1836.672000 575.233600 1807.856000 768.804800 1.000000
1795.456000 2150.944000 1808.000000 2313.520000 1.000000
1782.832000 2633.088000 1808.208000 2823.472000 1.000000
1828.256000 1016.004800 1808.544000 1190.720000 1.000000
1805.424000 1773.856000 1809.632000 1913.456000 1.000000
1796.912000 2116.480000 1809.664000 2276.240000 1.000000
1800.272000 1990.240000 1809.696000 2137.616000 1.000000
1806.016000 1791.872000 1810.784000 1932.736000 1.000000
1842.112000 565.438400 1811.152000 760.203200 1.000000
1833.520000 791.152000 1811.952000 945.377600 1.000000
1810.816000 1730.992000 1813.568000 1868.624000 1.000000
1844.752000 550.683200 1813.888000 744.796800 1.000000
1792.032000 2482.816000 1814.400000 2665.360000 1.000000
1863.120000 20.467200 1814.528000 292.993600 1.000000
1792.768000 2472.080000 1815.328000 2654.432000 1.000000
1846.576000 586.617600 1816.160000 779.513600 1.000000
1817.424000 1588.848000 1816.416000 1715.792000 1.000000
1804.832000 2158.256000 1817.376000 2323.424000 1.000000
1805.008000 2134.176000 1817.712000 2295.152000 1.000000
1832.208000 1231.512000 1819.024000 1401.481600 1.000000
1840.560000 1038.800000 1822.928000 1209.006400 1.000000
1820.064000 1716.352000 1822.928000 1850.576000 1.000000
1810.064000 2146.272000 1824.496000 2308.912000 1.000000
1817.200000 1948.704000 1825.712000 2097.760000 1.000000
1794.672000 2709.248000 1826.016000 2910.560000 1.000000
1846.128000 989.001600 1826.352000 1161.884800 1.000000
1818.416000 1963.648000 1827.424000 2109.232000 1.000000
1874.304000 103.479040 1827.536000 373.192000 1.000000
1858.720000 562.084800 1828.144000 755.683200 1.000000
1818.000000 1980.560000 1828.496000 2123.264000 1.000000
1859.248000 573.008000 1828.976000 765.310400 1.000000
1815.216000 2167.776000 1829.648000 2334.208000 1.000000
1849.952000 853.105600 1829.680000 1002.246400 1.000000
1797.728000 2781.520000 1829.744000 3006.064000 1.000000
1816.992000 2090.144000 1829.968000 2244.288000 1.000000
1826.000000 1768.256000 1830.336000 1907.456000 1.000000
1827.456000 1775.776000 1832.592000 1915.216000 1.000000
1831.056000 1753.408000 1833.568000 1891.232000 1.000000
1865.280000 552.104000 1833.872000 746.768000 1.000000
1830.112000 1733.616000 1834.592000 1871.200000 1.000000
1834.896000 1773.184000 1838.608000 1912.128000 1.000000
1886.320000 116.995680 1839.648000 386.016000 1.000000
1874.144000 564.326400 1840.752000 758.134400 1.000000
1838.272000 1759.040000 1841.792000 1897.840000 1.000000
1838.656000 1803.920000 1843.360000 1946.592000 1.000000
1833.920000 2123.008000 1847.136000 2281.328000 1.000000
1878.672000 604.856000 1847.552000 796.696000 1.000000
1881.280000 534.856000 1847.808000 729.832000 1.000000
1869.952000 840.358400 1848.736000 989.059200 1.000000
1846.368000 1721.376000 1850.544000 1856.624000 1.000000
1883.072000 642.409600 1852.176000 828.310400 1.000000
1879.120000 702.638400 1852.736000 880.105600 1.000000
1868.544000 1263.824000 1852.848000 1433.918400 1.000000
1828.608000 2474.880000 1853.104000 2654.944000 1.000000
1849.872000 1732.336000 1853.440000 1869.120000 1.000000
1825.712000 2610.160000 1853.904000 2791.728000 1.000000
1838.720000 2141.104000 1855.152000 2302.128000 1.000000
1877.840000 842.572800 1856.432000 991.705600 1.000000
1904.352000 118.326080 1856.624000 385.232000 1.000000
1868.624000 1227.990400 1856.784000 1395.312000 1.000000
1830.368000 2513.536000 1856.832000 2694.416000 1.000000
1902.992000 174.907200 1857.680000 435.921600 1.000000
1880.944000 830.558400 1859.072000 980.030400 1.000000
1856.224000 1754.464000 1860.896000 1892.544000 1.000000
1847.104000 2110.000000 1861.520000 2267.088000 1.000000
1883.120000 845.369600 1861.568000 993.499200 1.000000
1848.272000 2136.608000 1862.704000 2296.160000 1.000000
1907.936000 221.614400 1863.280000 477.009600 1.000000
1848.304000 2162.016000 1863.664000 2325.424000 1.000000
1910.240000 178.028800 1864.000000 437.683200 1.000000
1897.904000 543.153600 1864.080000 738.200000 1.000000
1877.328000 1286.184000 1864.448000 1453.787200 1.000000
1882.944000 1115.036800 1865.088000 1287.438400 1.000000
1914.240000 120.244160 1865.296000 387.782400 1.000000
1860.512000 1800.480000 1865.296000 1945.056000 1.000000
1858.240000 1837.568000 1867.040000 1980.352000 1.000000
1862.480000 1772.560000 1867.712000 1912.688000 1.000000
1842.016000 2493.264000 1867.712000 2673.680000 1.000000
1893.520000 739.734400 1867.824000 909.534400 1.000000
1916.448000 70.305920 1868.144000 339.406400 1.000000
1839.392000 2522.128000 1868.224000 2700.240000 1.000000
1916.048000 111.536480 1868.240000 379.387200 1.000000
1880.080000 1306.604800 1869.152000 1472.268800 1.000000
1855.696000 2121.536000 1869.696000 2279.248000 1.000000
1864.976000 1810.176000 1870.192000 1955.344000 1.000000
1918.384000 124.798880 1870.624000 391.900800 1.000000
1903.312000 567.953600 1870.928000 760.086400 1.000000
1904.368000 555.033600 1871.760000 747.998400 1.000000
1915.856000 259.379200 1872.096000 511.646400 1.000000
1888.000000 1193.864000 1873.344000 1363.457600 1.000000
1871.728000 1912.528000 1873.680000 2057.296000 1.000000
1901.376000 705.129600 1875.248000 883.464000 1.000000
1901.984000 802.694400 1876.736000 954.569600 1.000000
1862.016000 2215.040000 1877.520000 2386.240000 1.000000
1892.288000 1212.459200 1878.560000 1381.707200 1.000000
1911.440000 588.024000 1879.616000 780.411200 1.000000
1899.696000 1036.548800 1879.792000 1207.068800 1.000000
1911.984000 624.398400 1880.912000 814.328000 1.000000
1868.144000 2119.664000 1883.824000 2277.584000 1.000000
1934.832000 30.917120 1883.920000 302.032000 1.000000
1857.136000 2512.016000 1885.744000 2691.456000 1.000000
1859.456000 2482.272000 1885.808000 2661.104000 1.000000
1877.696000 1837.840000 1886.304000 1980.752000 1.000000
1871.312000 2163.104000 1886.560000 2326.896000 1.000000
1915.552000 675.691200 1887.056000 857.379200 1.000000
1881.920000 1791.872000 1888.128000 1933.952000 1.000000
1937.264000 146.616960 1888.272000 411.241600 1.000000
1892.368000 1423.480000 1889.408000 1550.465600 1.000000
1902.256000 1292.164800 1889.440000 1458.438400 1.000000
1909.104000 1104.508800 1891.712000 1277.203200 1.000000
1888.480000 1698.672000 1892.464000 1830.896000 1.000000
1941.040000 86.635040 1893.024000 353.654400 1.000000
1912.160000 1120.860800 1896.736000 1291.662400 1.000000
1870.608000 2479.056000 1897.744000 2660.896000 1.000000
1901.616000 1419.257600 1897.760000 1547.251200 1.000000
1895.072000 1686.560000 1897.760000 1818.144000 1.000000
1890.752000 1873.616000 1900.496000 2018.992000 1.000000
1896.992000 1712.400000 1900.912000 1847.296000 1.000000
1875.216000 2444.416000 1902.288000 2626.560000 1.000000
1915.744000 1279.371200 1903.168000 1445.580800 1.000000
1898.896000 1762.608000 1904.032000 1899.680000 1.000000
1954.768000 110.831360 1904.528000 379.564800 1.000000
1925.360000 884.174400 1904.736000 1031.057600 1.000000
1938.128000 604.230400 1906.144000 796.328000 1.000000
1902.096000 1736.880000 1906.608000 1874.752000 1.000000
1902.496000 1699.520000 1906.704000 1832.640000 1.000000
1896.752000 1842.832000 1906.944000 1988.272000 1.000000
1923.952000 1116.400000 1907.264000 1287.417600 1.000000
1895.616000 1914.784000 1907.712000 2060.688000 1.000000
1930.624000 853.507200 1908.016000 1001.366400 1.000000
1942.896000 572.072000 1908.720000 766.915200 1.000000
1931.024000 873.636800 1909.584000 1021.224000 1.000000
1891.440000 2243.104000 1910.704000 2415.024000 1.000000
1931.216000 942.321600 1911.424000 1093.806400 1.000000
1895.872000 2088.496000 1911.808000 2242.704000 1.000000
1899.312000 2076.944000 1912.624000 2229.680000 1.000000
1965.504000 46.218880 1912.816000 316.049600 1.000000
1894.960000 2194.080000 1913.088000 2365.376000 1.000000
1885.072000 2506.896000 1913.632000 2685.152000 1.000000
1899.008000 1986.848000 1914.192000 2129.840000 1.000000
1966.672000 53.904640 1914.416000 324.174400 1.000000
1934.032000 1011.748800 1914.448000 1182.236800 1.000000
1934.736000 1023.099200 1914.528000 1195.014400 1.000000
1933.904000 1089.388800 1914.848000 1261.036800 1.000000
1967.632000 101.372800 1916.512000 369.289600 1.000000
1958.816000 400.536000 1917.552000 637.372800 1.000000
1952.736000 582.387200 1917.664000 775.299200 1.000000
1934.864000 1138.523200 1918.032000 1307.116800 1.000000
1950.112000 667.281600 1919.616000 852.140800 1.000000
1968.464000 240.177600 1921.712000 491.641600 1.000000
1964.512000 360.728000 1922.192000 601.571200 1.000000
1963.872000 451.656000 1923.744000 683.200000 1.000000
1978.096000 43.918080 1923.920000 314.494400 1.000000
1955.232000 696.497600 1925.280000 875.924800 1.000000
1918.976000 1828.640000 1925.632000 1971.440000 1.000000
1915.344000 1958.208000 1926.080000 2107.376000 1.000000
1947.904000 882.433600 1926.544000 1030.168000 1.000000
1961.152000 576.241600 1927.328000 769.555200 1.000000
1949.232000 922.857600 1929.008000 1071.705600 1.000000
1969.552000 519.835200 1930.528000 721.032000 1.000000
1954.736000 810.964800 1931.936000 962.604800 1.000000
1952.000000 1191.160000 1936.592000 1361.065600 1.000000
1956.208000 1050.195200 1936.896000 1220.771200 1.000000
1906.000000 2554.944000 1937.936000 2735.792000 1.000000
1920.096000 2232.096000 1938.224000 2404.640000 1.000000
1974.080000 550.148800 1938.352000 745.684800 1.000000
1959.520000 912.750400 1939.312000 1059.212800 1.000000
1975.616000 564.240000 1939.600000 757.876800 1.000000
1958.336000 1005.507200 1939.616000 1174.270400 1.000000
1920.096000 2296.496000 1940.592000 2471.584000 1.000000
1938.304000 1687.120000 1943.056000 1818.848000 1.000000
1977.936000 581.305600 1943.184000 773.880000 1.000000
1960.752000 1074.721600 1943.920000 1243.284800 1.000000
1944.208000 1542.481600 1944.112000 1669.968000 1.000000
1983.840000 528.049600 1945.040000 727.585600 1.000000
1928.432000 2057.136000 1945.392000 2206.864000 1.000000
1994.464000 251.168000 1946.736000 499.558400 1.000000
1941.680000 1760.432000 1947.024000 1896.272000 1.000000
1967.248000 1028.150400 1947.344000 1198.760000 1.000000
1925.072000 2261.152000 1947.488000 2434.368000 1.000000
1967.040000 1057.622400 1948.240000 1227.241600 1.000000
1983.648000 615.969600 1949.360000 804.852800 1.000000
1942.368000 1789.488000 1949.632000 1930.912000 1.000000
1940.368000 1854.640000 1949.872000 1998.528000 1.000000
1984.400000 727.913600 1950.496000 899.347200 1.000000
1984.016000 627.883200 1950.624000 816.011200 1.000000
1946.752000 1732.768000 1950.672000 1871.616000 1.000000
1951.280000 1570.115200 1951.600000 1696.560000 1.000000
1916.080000 2637.392000 1951.888000 2825.680000 1.000000
1937.440000 2025.600000 1951.920000 2175.216000 1.000000
1967.408000 1179.201600 1952.288000 1347.747200 1.000000
1952.400000 1542.953600 1952.704000 1669.392000 1.000000
1918.480000 2561.168000 1953.264000 2741.120000 1.000000
1948.992000 1702.864000 1953.296000 1837.040000 1.000000
1914.576000 2589.568000 1954.000000 2767.312000 1.000000
1987.744000 637.971200 1954.704000 824.668800 1.000000
1933.728000 2211.520000 1955.376000 2381.840000 1.000000
1936.320000 2148.912000 1955.792000 2310.240000 1.000000
1968.000000 1291.571200 1956.464000 1455.862400 1.000000
1994.976000 529.267200 1956.576000 726.849600 1.000000
1948.992000 1817.136000 1956.960000 1958.320000 1.000000
1993.856000 521.371200 1957.040000 720.076800 1.000000
1934.672000 2253.376000 1957.088000 2426.688000 1.000000
1967.872000 1304.608000 1957.376000 1469.384000 1.000000
1942.128000 2042.768000 1957.440000 2192.560000 1.000000
1959.952000 1488.768000 1958.096000 1613.920000 1.000000
1958.576000 1532.387200 1958.304000 1658.656000 1.000000
1955.392000 1674.352000 1959.280000 1805.408000 1.000000
1946.512000 1963.584000 1960.080000 2111.680000 1.000000
1981.488000 1061.059200 1963.088000 1230.276800 1.000000
1984.768000 950.427200 1963.104000 1100.844800 1.000000
1939.920000 2302.672000 1963.184000 2480.400000 1.000000
1958.112000 1767.296000 1965.200000 1905.920000 1.000000
1979.520000 1289.486400 1966.976000 1454.320000 1.000000
1944.320000 2223.632000 1966.976000 2393.728000 1.000000
1961.024000 1683.328000 1967.024000 1813.056000 1.000000
2012.192000 479.516800 1967.216000 679.411200 1.000000
1980.592000 1239.995200 1967.376000 1407.102400 1.000000
2004.832000 522.169600 1967.408000 720.776000 1.000000
1962.336000 1750.688000 1968.064000 1888.240000 1.000000
1965.488000 1669.456000 1969.072000 1800.432000 1.000000
1967.856000 1584.710400 1969.344000 1710.992000 1.000000
2008.064000 514.022400 1970.032000 713.657600 1.000000
1982.624000 1254.540800 1970.032000 1422.340800 1.000000
1969.488000 1560.441600 1970.320000 1687.264000 1.000000
1995.264000 902.883200 1971.840000 1050.169600 1.000000
1985.728000 1187.936000 1971.936000 1355.720000 1.000000
2007.408000 579.451200 1972.176000 771.358400 1.000000
1983.760000 1304.379200 1972.240000 1467.953600 1.000000
1975.312000 1450.134400 1972.592000 1574.387200 1.000000
2004.416000 647.707200 1972.768000 833.606400 1.000000
1948.160000 2333.056000 1973.152000 2513.120000 1.000000
1975.968000 1463.960000 1973.264000 1590.891200 1.000000
1997.680000 884.668800 1974.416000 1031.659200 1.000000
1951.312000 2306.208000 1975.072000 2484.432000 1.000000
1997.952000 999.881600 1975.888000 1170.822400 1.000000
1989.584000 1245.598400 1976.560000 1412.803200 1.000000
1999.472000 866.465600 1976.928000 1013.550400 1.000000
1989.440000 1266.428800 1977.024000 1433.673600 1.000000
1989.408000 1289.107200 1977.472000 1453.681600 1.000000
1960.880000 2033.680000 1977.712000 2183.872000 1.000000
1977.568000 1550.020800 1977.840000 1677.040000 1.000000
1998.064000 1060.974400 1978.352000 1229.361600 1.000000
1966.208000 1949.088000 1978.480000 2095.264000 1.000000
1999.104000 948.462400 1978.640000 1098.696000 1.000000
1978.592000 1535.764800 1978.720000 1661.648000 1.000000
1974.224000 1665.600000 1979.360000 1794.960000 1.000000
2019.632000 563.480000 1979.504000 759.252800 1.000000
2013.584000 638.398400 1980.784000 825.084800 1.000000
1971.856000 1836.672000 1981.168000 1980.320000 1.000000
1974.464000 1757.280000 1981.504000 1895.984000 1.000000
2003.120000 1007.156800 1982.192000 1177.332800 1.000000
1962.000000 2156.256000 1982.544000 2316.288000 1.000000
2018.352000 610.886400 1983.056000 801.660800 1.000000
1996.480000 1273.102400 1983.936000 1438.009600 1.000000
1972.848000 1927.648000 1984.656000 2072.864000 1.000000
1954.144000 2529.232000 1984.896000 2705.520000 1.000000
1967.328000 2072.816000 1985.216000 2224.528000 1.000000
1986.080000 1556.988800 1986.800000 1685.600000 1.000000
1979.648000 1872.512000 1987.824000 2018.176000 1.000000
2000.640000 1287.878400 1988.032000 1451.747200 1.000000
1985.104000 1591.710400 1988.048000 1718.640000 1.000000
1967.952000 2141.008000 1988.256000 2300.192000 1.000000
2009.248000 1030.824000 1988.720000 1199.084800 1.000000
2032.960000 532.824000 1990.384000 731.510400 1.000000
1976.208000 1988.032000 1990.656000 2134.896000 1.000000
1969.472000 2090.912000 1991.280000 2241.616000 1.000000
2016.160000 887.667200 1991.696000 1037.750400 1.000000
2015.072000 850.468800 1991.712000 997.481600 1.000000
2005.360000 1231.574400 1991.776000 1398.494400 1.000000
2015.344000 988.171200 1992.128000 1156.713600 1.000000
2004.352000 1278.627200 1992.672000 1442.948800 1.000000
1986.000000 1734.288000 1993.024000 1869.072000 1.000000
1966.448000 2340.096000 1993.056000 2518.912000 1.000000
1975.600000 2055.120000 1993.200000 2205.472000 1.000000
2005.856000 1261.776000 1993.760000 1427.579200 1.000000
1992.288000 1536.563200 1993.984000 1665.504000 1.000000
2030.016000 594.616000 1994.416000 786.211200 1.000000
1956.192000 2618.768000 1994.576000 2803.040000 1.000000
2031.392000 550.251200 1994.960000 744.598400 1.000000
2032.768000 577.198400 1995.472000 769.752000 1.000000
1993.968000 1565.276800 1995.888000 1690.624000 1.000000
1972.336000 2290.944000 1996.768000 2467.888000 1.000000
1983.168000 1961.232000 1997.376000 2107.232000 1.000000
1987.408000 1890.592000 1998.128000 2036.096000 1.000000
2012.640000 1273.924800 1998.496000 1436.902400 1.000000
2023.152000 864.460800 1999.088000 1010.401600 1.000000
1986.928000 1911.056000 1999.680000 2057.536000 1.000000
2020.800000 1062.299200 2001.184000 1231.011200 1.000000
1989.600000 1935.216000 2002.032000 2079.712000 1.000000
2034.480000 685.552000 2002.160000 865.603200 1.000000
1988.736000 2018.432000 2005.904000 2166.368000 1.000000
2026.704000 1099.336000 2008.208000 1269.116800 1.000000
1993.808000 1967.584000 2008.208000 2113.744000 1.000000
2012.656000 1424.369600 2009.152000 1549.358400 1.000000
2036.896000 836.400000 2009.760000 984.291200 1.000000
2029.904000 1066.638400 2009.968000 1235.374400 1.000000
2021.920000 1256.584000 2010.320000 1423.985600 1.000000
2008.304000 1611.488000 2010.592000 1737.456000 1.000000
2001.696000 1871.904000 2010.960000 2015.344000 1.000000
2011.488000 1529.308800 2011.632000 1655.664000 1.000000
2012.176000 1553.710400 2012.448000 1680.944000 1.000000
2027.056000 1251.409600 2013.184000 1417.704000 1.000000
1974.832000 2584.736000 2014.096000 2765.264000 1.000000
1986.112000 2395.792000 2014.480000 2576.816000 1.000000
2017.600000 1412.563200 2014.704000 1539.144000 1.000000
1995.712000 2066.352000 2015.712000 2213.504000 1.000000
2036.720000 1047.251200 2016.112000 1217.534400 1.000000
2028.752000 1284.350400 2016.720000 1446.710400 1.000000
2014.512000 1620.960000 2018.176000 1748.016000 1.000000
1977.328000 2695.856000 2019.712000 2894.384000 1.000000
1992.208000 2314.608000 2019.888000 2492.736000 1.000000
1991.648000 2374.816000 2020.448000 2555.408000 1.000000
2023.440000 1489.414400 2020.832000 1613.520000 1.000000
1992.944000 2338.128000 2020.944000 2516.448000 1.000000
2019.520000 1579.865600 2021.504000 1707.120000 1.000000
2009.888000 1890.496000 2022.528000 2036.016000 1.000000
1982.304000 2657.888000 2022.752000 2851.376000 1.000000
2000.896000 2203.216000 2023.488000 2369.312000 1.000000
2050.000000 816.784000 2023.952000 964.568000 1.000000
2012.352000 1916.496000 2025.440000 2060.848000 1.000000
1984.704000 2674.432000 2025.728000 2870.960000 1.000000
2052.960000 780.209600 2026.384000 932.260800 1.000000
2041.488000 1259.787200 2028.256000 1424.259200 1.000000
2026.576000 1597.152000 2029.056000 1724.192000 1.000000
2056.112000 802.851200 2029.568000 952.166400 1.000000
2056.592000 826.955200 2031.040000 975.876800 1.000000
2008.064000 2210.896000 2031.888000 2379.968000 1.000000
2026.880000 1755.248000 2033.680000 1891.456000 1.000000
2028.976000 1699.856000 2034.208000 1831.888000 1.000000
2023.104000 1884.064000 2034.400000 2029.584000 1.000000
2028.608000 1735.536000 2035.040000 1871.088000 1.000000
1993.120000 2702.224000 2035.088000 2903.504000 1.000000
2089.856000 198.300800 2035.472000 451.667200 1.000000
2060.464000 901.880000 2036.448000 1049.473600 1.000000
2032.432000 1669.344000 2036.704000 1798.736000 1.000000
2044.960000 1427.142400 2038.256000 1550.936000 1.000000
2009.984000 2364.928000 2039.168000 2543.488000 1.000000
1998.336000 2659.344000 2039.456000 2852.768000 1.000000
2094.960000 159.460800 2039.760000 417.321600 1.000000
2027.776000 1897.824000 2040.432000 2042.816000 1.000000
2018.224000 2236.736000 2041.968000 2407.568000 1.000000
2028.256000 1947.312000 2043.168000 2091.808000 1.000000
2029.920000 1895.104000 2043.376000 2038.784000 1.000000
2040.480000 1605.328000 2043.392000 1733.872000 1.000000
2014.320000 2383.104000 2043.568000 2561.584000 1.000000
2070.880000 809.051200 2044.192000 958.126400 1.000000
2040.080000 1657.536000 2044.976000 1786.464000 1.000000
2013.536000 2428.384000 2045.520000 2608.048000 1.000000
2074.192000 828.840000 2046.192000 977.222400 1.000000
2070.768000 906.843200 2046.304000 1054.902400 1.000000
2026.624000 2090.304000 2046.704000 2242.336000 1.000000
2020.864000 2221.024000 2046.752000 2392.880000 1.000000
2041.920000 1750.672000 2048.704000 1886.112000 1.000000
2037.360000 1869.040000 2049.040000 2010.496000 1.000000
2048.448000 1564.014400 2049.664000 1689.904000 1.000000
2041.584000 1767.296000 2050.496000 1904.688000 1.000000
2075.648000 890.648000 2051.344000 1037.009600 1.000000
2045.520000 1665.328000 2051.456000 1793.408000 1.000000
2091.088000 573.571200 2052.224000 766.608000 1.000000
2076.464000 930.203200 2052.736000 1076.579200 1.000000
2047.312000 1722.176000 2054.464000 1854.400000 1.000000
2032.576000 2140.128000 2055.008000 2300.080000 1.000000
2045.088000 1844.304000 2055.808000 1987.936000 1.000000
2042.992000 1877.680000 2055.824000 2021.216000 1.000000
2049.360000 1741.968000 2056.320000 1876.720000 1.000000
2078.016000 979.934400 2057.184000 1135.318400 1.000000
2044.144000 1899.664000 2057.664000 2044.656000 1.000000
2099.136000 556.790400 2059.136000 749.873600 1.000000
2028.688000 2383.536000 2060.064000 2563.376000 1.000000
2100.384000 537.904000 2060.128000 734.124800 1.000000
2083.456000 934.822400 2060.704000 1082.193600 1.000000
2054.576000 1717.168000 2061.056000 1849.536000 1.000000
2049.280000 1858.240000 2062.144000 2001.296000 1.000000
2119.344000 230.390400 2062.544000 479.526400 1.000000
2067.584000 1443.787200 2063.328000 1567.160000 1.000000
2036.880000 2238.784000 2063.424000 2407.792000 1.000000
2056.304000 1750.272000 2064.256000 1885.616000 1.000000
2105.264000 569.200000 2065.184000 761.076800 1.000000
2044.672000 2063.344000 2065.616000 2211.712000 1.000000
2121.056000 203.788800 2065.680000 454.828800 1.000000
2122.304000 220.628800 2065.792000 470.611200 1.000000
2047.200000 2050.624000 2065.840000 2200.064000 1.000000
2069.952000 1435.619200 2066.880000 1557.784000 1.000000
2095.424000 804.480000 2067.008000 951.808000 1.000000
2036.080000 2366.256000 2067.344000 2546.000000 1.000000
2128.960000 56.033920 2067.904000 321.577600 1.000000
2070.768000 1463.592000 2068.624000 1588.070400 1.000000
2070.528000 1482.028800 2069.088000 1607.232000 1.000000
2028.528000 2581.584000 2070.000000 2762.656000 1.000000
2048.688000 2157.840000 2071.504000 2319.712000 1.000000
2062.592000 1777.600000 2071.520000 1914.080000 1.000000
2059.488000 1855.344000 2071.984000 1998.112000 1.000000
2059.472000 1876.688000 2072.256000 2019.440000 1.000000
2128.672000 223.372800 2073.440000 472.118400 1.000000
2051.904000 2148.208000 2074.880000 2309.792000 1.000000
2077.648000 1439.364800 2075.344000 1562.772800 1.000000
2117.136000 548.936000 2076.736000 741.995200 1.000000
2071.136000 1658.832000 2076.848000 1787.312000 1.000000
2033.728000 2669.328000 2077.904000 2862.096000 1.000000
2135.840000 175.942400 2078.144000 430.014400 1.000000
2043.632000 2408.768000 2078.176000 2586.672000 1.000000
2081.312000 1474.430400 2079.056000 1598.134400 1.000000
2057.888000 2115.104000 2079.808000 2271.600000 1.000000
2083.760000 1409.972800 2081.344000 1535.233600 1.000000
2063.296000 2028.016000 2081.392000 2176.208000 1.000000
2040.976000 2700.736000 2086.192000 2901.520000 1.000000
2131.632000 534.278400 2086.400000 728.604800 1.000000
2087.648000 1497.275200 2086.800000 1621.376000 1.000000
2064.272000 2122.592000 2087.104000 2279.216000 1.000000
2076.608000 1825.440000 2088.048000 1966.512000 1.000000
2079.440000 1794.096000 2088.976000 1932.336000 1.000000
2076.272000 1878.368000 2089.808000 2021.504000 1.000000
2068.592000 2070.288000 2089.936000 2221.184000 1.000000
2072.864000 1991.520000 2090.528000 2139.296000 1.000000
2089.168000 1560.192000 2091.280000 1687.248000 1.000000
2135.424000 596.552000 2091.808000 787.462400 1.000000
2074.960000 2014.288000 2091.856000 2162.400000 1.000000
2055.216000 2504.880000 2092.560000 2679.408000 1.000000
2128.224000 801.188800 2092.896000 947.097600 1.000000
2098.512000 1406.238400 2094.688000 1531.451200 1.000000
2072.304000 2131.392000 2095.472000 2289.600000 1.000000
2069.040000 2220.144000 2097.360000 2387.184000 1.000000
2075.744000 2160.432000 2098.992000 2324.368000 1.000000
2051.360000 2783.536000 2100.048000 3004.816000 1.000000
2097.264000 1596.769600 2100.784000 1721.328000 1.000000
2091.424000 1756.128000 2100.896000 1889.840000 1.000000
2106.320000 1423.484800 2101.488000 1546.742400 1.000000
2128.304000 960.892800 2101.712000 1118.195200 1.000000
2098.672000 1624.720000 2103.264000 1752.912000 1.000000
2144.768000 565.334400 2103.936000 755.473600 1.000000
2090.640000 1906.256000 2105.088000 2049.920000 1.000000
2104.336000 1551.499200 2105.232000 1679.536000 1.000000
2081.360000 2170.944000 2105.440000 2334.528000 1.000000
2092.624000 1859.584000 2105.840000 2000.464000 1.000000
2084.320000 2092.000000 2105.856000 2245.792000 1.000000
2084.976000 2065.696000 2106.272000 2216.864000 1.000000
2085.952000 2055.296000 2106.576000 2204.912000 1.000000
2080.368000 2225.152000 2107.392000 2391.696000 1.000000
2103.568000 1603.056000 2107.728000 1728.832000 1.000000
2090.688000 1958.768000 2107.792000 2102.064000 1.000000
2081.264000 2214.096000 2107.936000 2381.456000 1.000000
2065.312000 2587.488000 2108.208000 2765.472000 1.000000
2085.696000 2103.072000 2108.768000 2256.896000 1.000000
2085.984000 2128.608000 2109.280000 2286.672000 1.000000
2063.184000 2783.712000 2110.864000 3004.496000 1.000000
2091.744000 2076.320000 2113.280000 2226.720000 1.000000
2093.936000 2031.968000 2113.616000 2179.216000 1.000000
2093.728000 2059.248000 2114.064000 2210.080000 1.000000
2066.960000 2757.936000 2115.280000 2972.672000 1.000000
2089.424000 2229.600000 2117.056000 2397.488000 1.000000
2092.272000 2174.064000 2117.664000 2336.928000 1.000000
2068.656000 2719.792000 2117.760000 2924.800000 1.000000
2099.568000 2083.584000 2121.504000 2235.808000 1.000000
2101.936000 2038.544000 2122.720000 2187.184000 1.000000
2084.768000 2462.448000 2122.896000 2638.016000 1.000000
2098.848000 2189.216000 2125.072000 2355.568000 1.000000
2080.416000 2604.992000 2125.456000 2786.896000 1.000000
2093.584000 2303.392000 2125.728000 2476.080000 1.000000
2129.168000 1389.684800 2125.760000 1515.892800 1.000000
2095.504000 2276.032000 2126.064000 2448.480000 1.000000
2076.176000 2758.928000 2126.128000 2973.504000 1.000000
2100.688000 2161.664000 2126.160000 2324.512000 1.000000
2077.168000 2774.176000 2127.568000 2992.256000 1.000000
2083.120000 2583.872000 2127.760000 2764.672000 1.000000
2087.776000 2452.528000 2128.192000 2628.688000 1.000000
2105.104000 2124.656000 2129.296000 2281.872000 1.000000
2103.536000 2281.360000 2134.000000 2453.824000 1.000000
2114.368000 2084.864000 2137.728000 2237.616000 1.000000
2100.224000 2458.800000 2137.808000 2634.160000 1.000000
2193.520000 369.542400 2142.560000 586.412800 1.000000
2093.552000 2767.216000 2142.608000 2984.448000 1.000000
2164.192000 1106.465600 2143.024000 1281.492800 1.000000
2095.088000 2749.840000 2145.408000 2961.744000 1.000000
2127.328000 2048.016000 2146.432000 2196.112000 1.000000
2098.208000 2705.984000 2147.248000 2908.800000 1.000000
2102.640000 2602.176000 2148.224000 2782.752000 1.000000
2138.320000 2030.032000 2161.088000 2175.824000 1.000000
2114.144000 2627.616000 2161.632000 2813.968000 1.000000
2109.936000 2743.952000 2161.808000 2954.384000 1.000000
2111.776000 2759.104000 2163.904000 2973.776000 1.000000
2143.472000 2010.064000 2165.024000 2155.536000 1.000000
2144.624000 1989.552000 2165.728000 2134.816000 1.000000
2120.064000 2602.544000 2166.512000 2782.736000 1.000000
2117.824000 2775.504000 2170.832000 2992.944000 1.000000
2119.824000 2747.792000 2171.968000 2958.912000 1.000000
2128.304000 2523.680000 2173.616000 2698.800000 1.000000
2126.416000 2671.488000 2176.880000 2863.168000 1.000000
2135.440000 2479.872000 2178.400000 2652.528000 1.000000
2131.824000 2602.912000 2179.616000 2783.376000 1.000000
2128.224000 2752.464000 2180.736000 2965.568000 1.000000
2132.016000 2631.168000 2181.728000 2816.992000 1.000000
2129.840000 2720.272000 2181.856000 2926.720000 1.000000
2142.048000 2493.088000 2184.976000 2663.808000 1.000000
2141.648000 2486.400000 2185.504000 2656.080000 1.000000
2146.032000 2675.920000 2196.704000 2871.920000 1.000000
2157.856000 2667.248000 2207.168000 2861.200000 1.000000
2159.472000 2655.312000 2211.744000 2844.160000 1.000000
2263.280000 1282.124800 2287.104000 1008.700800 1.000000
2250.352000 1621.568000 2293.760000 1291.684800 1.000000
2269.616000 1309.699200 2294.656000 1033.849600 1.000000
2273.440000 1254.684800 2295.616000 981.193600 1.000000
2272.528000 1262.702400 2295.808000 990.500800 1.000000
2249.024000 1689.280000 2297.936000 1347.585600 1.000000
2277.296000 1252.780800 2299.808000 980.433600 1.000000
2281.488000 1203.907200 2301.328000 934.806400 1.000000
2286.688000 1229.198400 2307.904000 957.699200 1.000000
2262.864000 1721.984000 2313.536000 1376.064000 1.000000
2291.936000 1246.283200 2313.904000 971.926400 1.000000
2273.088000 1618.208000 2316.560000 1284.561600 1.000000
2309.312000 1219.947200 2329.360000 946.272000 1.000000
2332.448000 1181.550400 2351.520000 908.654400 1.000000
2346.464000 1171.451200 2365.168000 897.472000 1.000000
2360.320000 1169.654400 2381.088000 894.348800 1.000000
2379.312000 1153.176000 2396.736000 876.534400 1.000000
2404.288000 1159.219200 2422.352000 878.937600 1.000000
2416.432000 1151.532800 2433.888000 872.480000 1.000000
2415.600000 1235.067200 2439.872000 940.568000 1.000000
2419.728000 1208.894400 2440.864000 918.265600 1.000000
2424.512000 1159.208000 2442.944000 877.115200 1.000000
2420.352000 1286.867200 2446.928000 981.536000 1.000000
2431.104000 1145.345600 2448.192000 865.428800 1.000000
2427.344000 1215.961600 2448.912000 922.057600 1.000000
2423.904000 1301.864000 2451.104000 992.811200 1.000000
2434.864000 1203.672000 2455.872000 912.400000 1.000000
2510.608000 1144.032000 2473.264000 813.673600 1.000000
2439.296000 1391.600000 2473.280000 1064.288000 1.000000
2401.152000 2163.648000 2476.768000 1824.416000 1.000000
2430.640000 1261.931200 2487.120000 1045.032000 1.000000
2412.000000 2110.192000 2487.856000 1762.416000 1.000000
2408.768000 2207.936000 2488.576000 1866.592000 1.000000
2411.872000 2227.088000 2492.544000 1886.496000 1.000000
2459.632000 1279.198400 2493.344000 994.803200 1.000000
2445.968000 1716.320000 2499.264000 1358.400000 1.000000
2431.712000 2310.928000 2512.768000 2047.008000 1.000000
2437.216000 2234.432000 2519.456000 1887.408000 1.000000
2483.088000 1461.260800 2521.568000 1120.563200 1.000000
2469.728000 1798.576000 2528.000000 1438.032000 1.000000
2497.968000 1369.588800 2529.664000 1041.966400 1.000000
2476.352000 1717.936000 2530.080000 1356.190400 1.000000
2477.104000 1734.336000 2530.544000 1370.704000 1.000000
2512.592000 1274.347200 2537.520000 961.403200 1.000000
2493.568000 1656.064000 2544.688000 1294.491200 1.000000
2494.448000 1664.992000 2545.600000 1303.049600 1.000000
2490.544000 1731.968000 2546.224000 1369.729600 1.000000
2496.832000 1821.456000 2556.304000 1454.457600 1.000000
2502.384000 1739.664000 2558.560000 1375.259200 1.000000
2491.888000 1929.024000 2559.344000 1562.740800 1.000000
2504.672000 1760.576000 2561.888000 1395.971200 1.000000
2526.912000 1462.009600 2565.488000 1121.513600 1.000000
2507.056000 1780.848000 2565.664000 1415.171200 1.000000
2500.320000 1917.792000 2566.832000 1552.256000 1.000000
2514.768000 1709.424000 2569.344000 1345.518400 1.000000
2507.328000 1834.832000 2569.552000 1467.076800 1.000000
2512.176000 1780.192000 2570.848000 1414.233600 1.000000
2506.880000 1903.984000 2573.520000 1535.963200 1.000000
2516.208000 1781.376000 2575.344000 1414.376000 1.000000
2519.472000 1737.872000 2575.696000 1372.569600 1.000000
2517.776000 1812.432000 2578.960000 1444.672000 1.000000
2494.432000 2273.696000 2581.760000 1915.600000 1.000000
2525.296000 1780.112000 2583.968000 1412.323200 1.000000
2504.016000 2191.952000 2587.616000 1828.512000 1.000000
2539.568000 1661.200000 2590.320000 1297.232000 1.000000
2537.664000 1694.784000 2591.904000 1330.809600 1.000000
2537.120000 1736.240000 2593.712000 1370.363200 1.000000
2507.328000 2255.824000 2594.240000 1894.992000 1.000000
2518.720000 2054.176000 2594.432000 1685.808000 1.000000
2539.488000 1757.440000 2597.504000 1390.336000 1.000000
2534.672000 1865.312000 2598.896000 1495.124800 1.000000
2531.376000 1929.824000 2599.968000 1559.852800 1.000000
2524.048000 2072.848000 2601.280000 1702.096000 1.000000
2520.400000 2206.432000 2604.496000 1842.320000 1.000000
2519.040000 2221.552000 2604.656000 1856.800000 1.000000
2545.056000 1799.184000 2605.696000 1429.164800 1.000000
2527.984000 2138.352000 2608.048000 1772.720000 1.000000
2556.240000 1688.160000 2609.664000 1321.563200 1.000000
2552.048000 1786.496000 2611.552000 1416.132800 1.000000
2526.400000 2231.776000 2612.608000 1866.320000 1.000000
2546.016000 1907.824000 2613.232000 1536.641600 1.000000
2529.792000 2212.224000 2615.200000 1845.760000 1.000000
2533.248000 2165.232000 2615.520000 1797.216000 1.000000
2544.992000 1972.544000 2616.432000 1600.912000 1.000000
2540.256000 2102.880000 2619.248000 1732.672000 1.000000
2533.648000 2243.312000 2620.240000 1879.104000 1.000000
2535.216000 2213.248000 2620.992000 1846.720000 1.000000
2534.432000 2250.720000 2622.016000 1884.464000 1.000000
2536.896000 2201.792000 2622.272000 1834.608000 1.000000
2536.896000 2231.072000 2623.632000 1865.072000 1.000000
2539.152000 2242.944000 2626.512000 1876.176000 1.000000
2545.360000 2146.784000 2627.264000 1776.352000 1.000000
2551.168000 2093.424000 2629.600000 1722.208000 1.000000
2555.072000 2089.088000 2633.456000 1717.392000 1.000000
2564.688000 1937.168000 2634.336000 1563.694400 1.000000
2551.584000 2167.136000 2635.136000 1797.600000 1.000000
2546.112000 2275.056000 2635.296000 1908.944000 1.000000
2555.360000 2134.640000 2637.648000 1764.928000 1.000000
2552.192000 2212.512000 2638.480000 1843.360000 1.000000
2551.568000 2249.328000 2639.728000 1880.752000 1.000000
2553.616000 2279.888000 2644.016000 1911.984000 1.000000
2556.720000 2299.184000 2649.552000 1934.416000 1.000000
2559.296000 2279.648000 2650.560000 1911.120000 1.000000
2563.184000 2234.096000 2651.536000 1864.832000 1.000000
2568.608000 2000.160000 2652.272000 1693.344000 1.000000
2567.824000 2197.936000 2652.848000 1827.520000 1.000000
2571.760000 2155.232000 2654.896000 1783.408000 1.000000
2569.696000 2219.552000 2656.432000 1850.016000 1.000000
2567.632000 2259.152000 2657.200000 1889.088000 1.000000
2570.816000 2272.224000 2661.088000 1901.584000 1.000000
2573.024000 2251.264000 2663.312000 1881.472000 1.000000
2578.592000 2211.712000 2665.456000 1840.368000 1.000000
2578.368000 2238.176000 2667.216000 1867.152000 1.000000
2576.608000 2265.984000 2667.664000 1895.168000 1.000000
2578.992000 2244.720000 2667.920000 1873.648000 1.000000
2580.384000 2250.864000 2669.744000 1879.808000 1.000000
2578.496000 2283.312000 2670.240000 1912.224000 1.000000
2587.680000 2134.064000 2670.448000 1760.224000 1.000000
2583.136000 2231.296000 2671.600000 1860.400000 1.000000
2581.792000 2271.120000 2672.992000 1899.584000 1.000000
2588.544000 2221.648000 2675.744000 1849.872000 1.000000
2587.088000 2247.728000 2675.744000 1874.960000 1.000000
2584.816000 2276.720000 2676.320000 1905.232000 1.000000
2587.440000 2256.400000 2677.312000 1884.416000 1.000000
2592.736000 2177.280000 2677.696000 1803.744000 1.000000
2589.216000 2270.064000 2680.400000 1897.520000 1.000000
2589.952000 2276.384000 2681.840000 1903.744000 1.000000
2595.920000 2230.048000 2684.720000 1857.200000 1.000000
2594.512000 2263.280000 2685.376000 1890.496000 1.000000
2596.784000 2235.920000 2686.336000 1863.328000 1.000000
2594.304000 2290.256000 2686.784000 1917.648000 1.000000
2595.552000 2268.736000 2687.120000 1895.824000 1.000000
2599.296000 2255.664000 2689.792000 1882.432000 1.000000
2601.632000 2228.656000 2690.864000 1855.280000 1.000000
2603.568000 2241.856000 2694.016000 1868.080000 1.000000
2607.888000 2267.888000 2699.872000 1893.184000 1.000000
2608.752000 2274.384000 2701.344000 1899.456000 1.000000
2614.096000 2204.688000 2703.840000 1832.608000 1.000000
2613.152000 2266.832000 2705.920000 1892.016000 1.000000
2617.296000 2280.160000 2710.128000 1903.920000 1.000000
2628.480000 2275.376000 2722.128000 1894.352000 1.000000
2638.528000 2198.000000 2726.784000 1819.632000 1.000000
2645.280000 2271.440000 2739.584000 1891.408000 1.000000
2636.960000 2474.176000 2746.384000 2077.136000 1.000000
2668.400000 2463.360000 2775.696000 2057.344000 1.000000
2948.688000 727.001600 2948.496000 270.673600 1.000000
3539.920000 147.592320 3430.848000 58.079200 1.000000
3561.296000 131.852000 3447.456000 41.495680 1.000000
3342.128000 2022.256000 3448.736000 1448.870400 1.000000
3555.248000 966.804800 3522.976000 799.566400 1.000000
3592.128000 924.956800 3554.784000 749.915200 1.000000
3425.296000 2769.936000 3613.904000 2213.072000 1.000000
3674.016000 1545.073600 3703.792000 1319.867200 1.000000
3950.992000 277.987200 3836.896000 76.414720 1.000000
