846.489600 133.387040 424.545600 2564.864000 1.000000
381.500800 2698.832000 636.209600 734.424000 1.000000
388.883200 2694.656000 642.835200 731.230400 1.000000
470.523200 374.268800 779.601600 2559.376000 1.000000
1028.416000 2563.120000 1239.899200 742.049600 1.000000
1086.083200 2569.392000 1293.395200 762.764800 1.000000
1571.257600 1772.976000 1878.848000 32.563040 1.000000
1699.040000 2064.256000 1960.928000 411.299200 1.000000
1795.968000 2532.816000 1964.288000 882.171200 1.000000
1792.032000 2482.816000 1970.400000 825.868800 1.000000
1659.680000 1792.592000 1978.848000 75.672800 1.000000
1867.664000 2864.272000 1979.104000 1095.971200 1.000000
1820.752000 2506.768000 1995.520000 858.456000 1.000000
1777.296000 2318.128000 1997.616000 634.344000 1.000000
1836.688000 2528.112000 2004.496000 884.475200 1.000000
1899.120000 2862.288000 2007.280000 1100.483200 1.000000
1839.392000 2522.128000 2009.024000 877.545600 1.000000
1859.456000 2482.272000 2035.952000 838.905600 1.000000
1885.072000 2506.896000 2053.600000 875.172800 1.000000
1906.000000 2554.944000 2061.824000 926.822400 1.000000
1845.936000 2269.152000 2076.544000 605.240000 1.000000
1888.752000 2430.704000 2079.888000 781.990400 1.000000
1899.520000 2434.496000 2089.008000 789.168000 1.000000
2005.184000 2898.576000 2091.072000 1150.145600 1.000000
1862.016000 2215.040000 2101.984000 562.494400 1.000000
1968.448000 2612.096000 2108.016000 983.478400 1.000000
1774.848000 1791.360000 2112.528000 106.220640 1.000000
1954.144000 2529.232000 2115.008000 916.227200 1.000000
1855.696000 2121.536000 2117.328000 486.473600 1.000000
1957.648000 2487.312000 2127.008000 871.665600 1.000000
2052.240000 2931.456000 2127.344000 1178.296000 1.000000
1891.440000 2243.104000 2129.120000 595.180800 1.000000
1920.096000 2296.496000 2144.288000 641.776000 1.000000
1953.584000 2410.400000 2149.088000 773.408000 1.000000
1889.648000 2120.640000 2154.400000 496.270400 1.000000
1806.896000 1748.368000 2160.528000 66.868480 1.000000
1926.144000 2246.432000 2163.776000 602.144000 1.000000
1840.800000 1843.664000 2172.432000 178.286400 1.000000
2088.128000 2834.320000 2178.640000 1118.118400 1.000000
2096.768000 2824.608000 2190.592000 1112.876800 1.000000
2064.224000 2601.984000 2200.608000 991.585600 1.000000
1993.280000 2352.160000 2201.120000 720.387200 1.000000
1860.512000 1800.480000 2210.320000 135.483200 1.000000
1864.976000 1810.176000 2210.768000 148.595840 1.000000
1846.368000 1721.376000 2213.696000 51.059520 1.000000
2009.984000 2364.928000 2216.496000 733.985600 1.000000
1877.696000 1837.840000 2217.248000 179.414400 1.000000
1890.752000 1873.616000 2222.336000 225.475200 1.000000
1937.440000 2025.600000 2228.864000 414.961600 1.000000
1873.200000 1764.416000 2233.248000 99.080480 1.000000
1896.752000 1842.832000 2237.920000 189.889600 1.000000
2018.224000 2236.736000 2260.720000 613.308800 1.000000
2120.064000 2551.008000 2262.304000 968.329600 1.000000
1975.600000 2055.120000 2262.368000 452.675200 1.000000
2025.712000 2257.184000 2264.336000 634.563200 1.000000
2118.064000 2536.192000 2265.776000 954.948800 1.000000
2020.864000 2221.024000 2267.920000 600.099200 1.000000
2091.776000 2439.168000 2274.416000 833.648000 1.000000
1902.096000 1736.880000 2276.464000 75.300640 1.000000
2082.560000 2403.232000 2276.544000 792.206400 1.000000
2036.880000 2238.784000 2280.800000 622.403200 1.000000
1995.712000 2066.352000 2281.440000 467.355200 1.000000
1908.672000 1724.448000 2289.072000 62.202240 1.000000
2125.120000 2437.424000 2304.944000 841.238400 1.000000
2141.648000 2486.400000 2305.120000 912.513600 1.000000
2086.752000 2324.624000 2307.760000 707.579200 1.000000
1989.600000 1935.216000 2315.744000 319.224000 1.000000
1987.408000 1890.592000 2327.536000 263.636800 1.000000
1946.752000 1732.768000 2328.544000 83.171840 1.000000
2044.672000 2063.344000 2333.920000 475.324800 1.000000
2096.384000 2252.656000 2336.032000 649.385600 1.000000
2012.352000 1916.496000 2348.416000 300.318400 1.000000
2039.120000 2010.624000 2350.880000 415.886400 1.000000
2084.768000 2146.496000 2353.968000 550.761600 1.000000
1974.464000 1757.280000 2355.536000 113.743200 1.000000
2092.272000 2174.064000 2355.600000 574.635200 1.000000
2098.848000 2189.216000 2358.496000 589.742400 1.000000
2250.352000 1621.568000 2359.360000 1608.128000 1.000000
2066.656000 2037.072000 2366.352000 451.979200 1.000000
2063.296000 2028.016000 2366.528000 442.219200 1.000000
2058.880000 2012.912000 2366.736000 427.073600 1.000000
1961.728000 1665.936000 2368.336000 18.932960 1.000000
2445.888000 2238.432000 2369.888000 2054.960000 1.000000
1986.000000 1734.288000 2377.520000 94.233920 1.000000
2273.088000 1618.208000 2384.192000 1617.248000 1.000000
2044.144000 1899.664000 2392.240000 286.956800 1.000000
2265.488000 1578.416000 2393.456000 1559.532800 1.000000
2118.208000 2112.656000 2402.160000 525.585600 1.000000
2273.424000 1558.707200 2409.792000 1546.113600 1.000000
2016.496000 1710.064000 2420.048000 77.292480 1.000000
2028.608000 1735.536000 2425.200000 106.952640 1.000000
2278.576000 1535.142400 2426.096000 1515.502400 1.000000
2127.328000 2048.016000 2430.288000 476.664000 1.000000
2028.976000 1699.856000 2439.328000 70.008480 1.000000
2042.048000 1709.456000 2450.928000 83.386240 1.000000
2062.592000 1777.600000 2452.720000 158.630880 1.000000
2587.232000 2301.152000 2452.960000 2181.872000 1.000000
2143.472000 2010.064000 2460.400000 440.281600 1.000000
2074.960000 1785.664000 2465.328000 172.489600 1.000000
2147.040000 1999.600000 2467.088000 431.264000 1.000000
2091.424000 1756.128000 2493.280000 143.805440 1.000000
2633.216000 2312.960000 2494.000000 2212.640000 1.000000
2643.600000 2295.408000 2495.760000 2200.848000 1.000000
2430.640000 1261.931200 2546.672000 1899.536000 1.000000
