342.945600 95.182240 738.073600 3011.408000 1.000000
470.523200 374.268800 777.310400 2150.992000 1.000000
1765.680000 2495.856000 1963.440000 511.257600 1.000000
1867.664000 2864.272000 1992.432000 777.832000 1.000000
1836.688000 2528.112000 2026.304000 568.380800 1.000000
1837.264000 2500.944000 2035.344000 537.936000 1.000000
1948.160000 2878.800000 2062.528000 805.076800 1.000000
1960.624000 2931.872000 2062.816000 848.100800 1.000000
2115.616000 2805.760000 2067.664000 1299.105600 1.000000
1924.512000 2540.944000 2109.344000 608.460800 1.000000
1815.216000 2167.776000 2111.248000 157.991680 1.000000
2052.240000 2931.456000 2144.384000 869.124800 1.000000
1974.832000 2584.736000 2148.832000 659.272000 1.000000
1891.440000 2243.104000 2174.528000 245.854400 1.000000
2115.008000 2993.680000 2181.968000 936.705600 1.000000
2125.632000 3000.960000 2188.480000 945.790400 1.000000
1920.096000 2296.496000 2188.944000 299.483200 1.000000
2144.432000 3010.944000 2202.144000 959.326400 1.000000
1920.096000 2232.096000 2208.992000 241.672000 1.000000
1993.280000 2352.160000 2244.992000 387.217600 1.000000
2118.064000 2536.192000 2302.672000 652.236800 1.000000
1967.328000 2072.816000 2310.560000 118.765760 1.000000
2039.088000 2133.584000 2373.664000 188.417600 1.000000
2080.368000 2225.152000 2386.896000 284.593600 1.000000
2203.472000 2623.792000 2393.664000 588.734400 1.000000
2096.384000 2252.656000 2394.640000 314.852800 1.000000
2058.880000 2012.912000 2441.152000 79.407040 1.000000
2084.976000 2065.696000 2448.752000 144.768480 1.000000
2085.952000 2055.296000 2454.704000 133.689600 1.000000
2118.208000 2112.656000 2474.096000 185.510400 1.000000
2107.408000 2061.360000 2477.616000 144.686560 1.000000
2100.672000 2024.960000 2484.032000 104.468480 1.000000
2127.328000 2048.016000 2508.048000 136.807360 1.000000
2450.160000 1380.784000 2682.752000 1582.731200 1.000000
2459.632000 1279.198400 2696.160000 1465.608000 1.000000
2426.304000 1309.427200 2704.016000 1479.128000 1.000000
2394.352000 1219.401600 2730.448000 1334.332800 1.000000
2426.784000 1247.088000 2749.296000 1391.596800 1.000000
2380.256000 1164.790400 2759.616000 1240.105600 1.000000
2423.920000 1201.846400 2779.584000 1328.280000 1.000000
2448.048000 1186.142400 2815.520000 1327.220800 1.000000
