907.500800 2587.616000 759.336000 103.251360 1.000000
950.584000 2525.712000 804.161600 41.648480 1.000000
1105.272000 2658.000000 982.577600 233.003200 1.000000
1138.083200 2667.712000 1013.200000 246.646400 1.000000
1147.115200 2666.176000 1028.489600 249.825600 1.000000
1167.267200 2712.624000 1047.001600 297.329600 1.000000
1176.904000 2518.320000 1061.152000 101.479680 1.000000
1196.596800 2592.112000 1081.206400 183.454400 1.000000
1195.432000 2534.816000 1083.376000 125.120480 1.000000
1208.219200 2897.584000 1086.019200 486.198400 1.000000
1207.041600 2767.456000 1089.096000 365.830400 1.000000
1213.944000 2469.232000 1106.385600 53.706080 1.000000
1229.198400 2779.280000 1111.163200 378.748800 1.000000
1238.480000 2742.352000 1124.960000 343.232000 1.000000
1253.092800 2864.000000 1134.166400 463.660800 1.000000
1246.707200 2689.248000 1134.358400 290.902400 1.000000
1241.440000 2505.840000 1136.748800 99.358400 1.000000
1246.246400 2517.136000 1141.297600 112.690560 1.000000
1253.129600 2714.256000 1142.204800 312.366400 1.000000
1250.384000 2476.768000 1146.788800 70.105760 1.000000
1252.296000 2559.344000 1146.825600 155.379360 1.000000
1251.696000 2547.904000 1147.596800 141.009920 1.000000
1256.043200 2575.376000 1150.411200 175.481600 1.000000
1253.555200 2451.136000 1152.902400 41.987200 1.000000
1259.339200 2500.512000 1156.849600 94.923840 1.000000
1265.764800 2518.224000 1164.470400 114.681760 1.000000
1267.657600 2538.800000 1166.601600 130.485280 1.000000
1288.147200 2561.872000 1189.870400 160.310400 1.000000
2692.480000 2048.912000 2186.160000 2372.896000 1.000000
2552.640000 1816.848000 2233.104000 1996.880000 1.000000
2536.288000 1761.792000 2287.328000 1865.616000 1.000000
2607.088000 1742.032000 2301.488000 2035.072000 1.000000
2538.368000 1705.200000 2325.920000 1815.552000 1.000000
2485.632000 1513.960000 2330.032000 1784.656000 1.000000
2550.400000 1384.553600 2366.320000 1881.840000 1.000000
2626.240000 1890.896000 2400.640000 1814.352000 1.000000
2549.712000 1853.504000 2413.312000 1589.164800 1.000000
2483.728000 937.894400 2605.904000 1267.041600 1.000000
2485.408000 886.483200 2660.464000 1196.252800 1.000000
2509.216000 1009.883200 2673.776000 1199.304000 1.000000
2239.504000 1252.489600 2674.560000 1040.580800 1.000000
