630.593600 2596.128000 503.702400 980.281600 1.000000
647.689600 2607.632000 520.771200 992.691200 1.000000
697.148800 2153.808000 537.220800 538.572800 1.000000
650.832000 2898.512000 542.700800 1269.249600 1.000000
689.603200 2426.592000 552.134400 830.972800 1.000000
690.332800 2451.232000 553.952000 856.974400 1.000000
707.526400 2432.416000 569.555200 843.291200 1.000000
751.280000 1792.256000 572.521600 108.869920 1.000000
742.393600 2077.504000 580.835200 467.609600 1.000000
700.192000 2650.928000 581.150400 1052.348800 1.000000
765.790400 1796.048000 590.392000 120.223040 1.000000
752.921600 2055.376000 590.665600 444.220800 1.000000
755.860800 2020.656000 592.627200 405.668800 1.000000
762.060800 1913.552000 593.267200 268.262400 1.000000
744.366400 2244.960000 597.566400 658.329600 1.000000
745.472000 2320.240000 602.660800 739.379200 1.000000
772.462400 1986.432000 609.352000 366.531200 1.000000
738.412800 2573.680000 611.944000 989.340800 1.000000
787.913600 1806.864000 615.340800 147.040000 1.000000
767.233600 2173.024000 615.432000 582.627200 1.000000
786.356800 1985.616000 626.422400 369.817600 1.000000
747.206400 2705.744000 629.406400 1119.016000 1.000000
781.521600 2127.792000 629.870400 532.792000 1.000000
768.164800 2471.376000 636.955200 899.785600 1.000000
797.732800 2061.584000 641.534400 464.737600 1.000000
804.425600 1994.464000 645.096000 385.854400 1.000000
782.752000 2369.008000 648.720000 802.966400 1.000000
785.740800 2469.584000 655.284800 903.710400 1.000000
809.340800 2217.504000 663.993600 644.195200 1.000000
791.201600 2572.288000 667.702400 1000.937600 1.000000
789.035200 2739.136000 672.697600 1160.656000 1.000000
822.769600 2130.400000 674.478400 548.232000 1.000000
784.900800 2916.944000 675.144000 1311.006400 1.000000
823.804800 2118.608000 675.331200 534.032000 1.000000
805.988800 2554.432000 677.094400 989.644800 1.000000
833.628800 1982.624000 678.449600 378.737600 1.000000
811.387200 2445.712000 681.483200 885.192000 1.000000
843.843200 1869.616000 688.076800 240.544000 1.000000
868.926400 1728.192000 707.888000 62.825120 1.000000
862.201600 2049.168000 711.140800 467.532800 1.000000
844.060800 2402.288000 717.716800 842.670400 1.000000
837.380800 2917.536000 727.123200 1325.131200 1.000000
842.366400 2700.240000 727.480000 1133.456000 1.000000
851.222400 2568.304000 729.632000 1010.320000 1.000000
880.363200 2067.792000 733.582400 491.036800 1.000000
885.356800 2213.248000 747.092800 658.868800 1.000000
862.035200 2844.160000 749.697600 1267.160000 1.000000
903.808000 1742.496000 749.796800 91.281440 1.000000
886.232000 2324.560000 750.934400 776.668800 1.000000
887.620800 2281.392000 753.640000 735.360000 1.000000
890.422400 2255.440000 755.568000 707.736000 1.000000
907.608000 1818.528000 755.889600 193.931200 1.000000
916.452800 1806.496000 765.019200 179.216000 1.000000
904.982400 2176.320000 769.355200 620.512000 1.000000
915.185600 2059.728000 769.924800 490.182400 1.000000
905.640000 2225.744000 770.481600 678.323200 1.000000
922.404800 1730.864000 771.113600 81.996000 1.000000
882.360000 2988.832000 773.952000 1385.977600 1.000000
923.217600 1872.176000 775.166400 262.198400 1.000000
908.252800 2312.272000 776.174400 771.931200 1.000000
897.646400 2680.992000 778.652800 1126.961600 1.000000
929.161600 1758.544000 779.646400 121.620320 1.000000
931.326400 1740.896000 781.041600 98.091680 1.000000
916.188800 2301.376000 784.619200 762.182400 1.000000
923.108800 2101.920000 784.868800 542.244800 1.000000
917.056000 2398.688000 791.779200 863.224000 1.000000
942.536000 1761.808000 795.206400 128.001760 1.000000
933.088000 2103.792000 795.340800 546.907200 1.000000
941.971200 1828.624000 798.081600 214.905600 1.000000
919.390400 2608.960000 799.481600 1067.416000 1.000000
943.822400 2130.016000 805.656000 578.414400 1.000000
928.953600 2539.104000 808.036800 999.052800 1.000000
944.416000 2101.584000 808.076800 546.446400 1.000000
928.132800 2547.312000 809.784000 1010.123200 1.000000
930.689600 2494.272000 810.364800 954.734400 1.000000
947.768000 2035.616000 811.243200 474.078400 1.000000
950.932800 1984.816000 812.721600 412.355200 1.000000
946.387200 2238.608000 817.012800 702.716800 1.000000
952.707200 2100.512000 817.203200 548.339200 1.000000
945.350400 2345.664000 818.646400 818.204800 1.000000
964.062400 1727.632000 820.665600 88.840800 1.000000
940.092800 2566.624000 820.963200 1029.553600 1.000000
963.313600 1895.456000 822.820800 303.918400 1.000000
957.913600 2093.904000 823.500800 541.636800 1.000000
945.556800 2546.816000 824.833600 1010.462400 1.000000
969.070400 1742.144000 825.947200 109.244480 1.000000
939.372800 2845.664000 826.832000 1282.881600 1.000000
951.454400 2446.240000 827.838400 917.739200 1.000000
964.595200 2208.192000 831.792000 675.648000 1.000000
954.358400 2573.232000 835.424000 1039.137600 1.000000
947.552000 2814.432000 835.654400 1259.432000 1.000000
965.982400 2596.896000 846.321600 1062.897600 1.000000
983.070400 2178.080000 854.209600 642.899200 1.000000
975.347200 2534.912000 857.225600 1006.966400 1.000000
979.353600 2476.832000 857.424000 949.288000 1.000000
997.073600 1883.056000 862.912000 294.977600 1.000000
998.536000 2009.088000 865.067200 452.995200 1.000000
1001.848000 1756.208000 865.656000 132.938400 1.000000
999.187200 2137.440000 868.660800 599.814400 1.000000
1003.502400 1769.008000 868.675200 150.057760 1.000000
995.840000 2219.296000 869.633600 694.649600 1.000000
1010.260800 1893.040000 877.283200 312.641600 1.000000
1018.612800 1750.064000 885.513600 130.658080 1.000000
1002.531200 2728.960000 886.550400 1195.664000 1.000000
1020.862400 1915.760000 890.374400 342.369600 1.000000
1012.371200 2253.936000 892.488000 730.646400 1.000000
1015.643200 2679.456000 899.248000 1149.726400 1.000000
1032.062400 1707.520000 903.489600 77.567040 1.000000
1039.811200 2102.624000 907.763200 575.465600 1.000000
1040.177600 1944.848000 912.371200 384.076800 1.000000
1039.272000 1888.800000 913.699200 313.292800 1.000000
1041.916800 1772.416000 914.576000 164.390400 1.000000
1039.824000 1846.224000 916.224000 254.104000 1.000000
1047.844800 1794.624000 920.417600 195.860800 1.000000
1049.593600 2350.736000 929.785600 840.388800 1.000000
1051.073600 2733.520000 935.846400 1205.928000 1.000000
1060.561600 1691.280000 937.881600 63.359520 1.000000
1057.707200 2395.936000 938.065600 886.769600 1.000000
1057.572800 2523.936000 940.934400 1010.331200 1.000000
1060.958400 2619.456000 943.366400 1098.464000 1.000000
1067.940800 1865.184000 947.548800 288.457600 1.000000
1063.177600 2762.800000 947.620800 1230.091200 1.000000
1074.529600 2111.424000 953.564800 585.937600 1.000000
1079.872000 1712.848000 960.209600 99.060640 1.000000
1080.776000 2647.280000 965.435200 1130.673600 1.000000
1083.270400 2673.632000 967.747200 1154.484800 1.000000
1088.564800 2052.704000 969.603200 523.945600 1.000000
1087.150400 1647.376000 970.579200 10.054864 1.000000
1090.004800 1797.312000 973.393600 208.473600 1.000000
1091.876800 1731.792000 974.121600 123.020800 1.000000
1091.142400 1824.208000 975.131200 235.112000 1.000000
1093.734400 2643.136000 979.446400 1127.908800 1.000000
1098.838400 1981.296000 982.144000 444.072000 1.000000
1098.529600 1798.752000 984.953600 210.974400 1.000000
1102.675200 1892.528000 985.528000 337.361600 1.000000
1102.310400 1666.288000 986.067200 40.278240 1.000000
1112.571200 2746.000000 997.923200 1218.494400 1.000000
1114.267200 2043.008000 1000.616000 517.160000 1.000000
1122.776000 2299.744000 1008.329600 801.499200 1.000000
1120.080000 1784.848000 1008.686400 200.704000 1.000000
1123.676800 2232.336000 1009.457600 731.350400 1.000000
1121.443200 2341.696000 1010.062400 842.302400 1.000000
1129.718400 2703.664000 1013.774400 1186.384000 1.000000
1129.667200 2493.408000 1016.686400 990.449600 1.000000
1129.977600 2323.520000 1016.880000 827.396800 1.000000
1132.561600 2526.848000 1022.998400 1023.660800 1.000000
1136.016000 2181.616000 1023.686400 680.614400 1.000000
1133.268800 1742.400000 1025.294400 145.867360 1.000000
1136.915200 2153.072000 1025.625600 648.035200 1.000000
1141.496000 1864.464000 1031.080000 309.793600 1.000000
1142.918400 2114.720000 1031.787200 603.659200 1.000000
1147.115200 2666.176000 1033.129600 1154.856000 1.000000
1146.262400 2420.576000 1033.894400 926.628800 1.000000
1144.131200 1779.872000 1037.452800 199.348800 1.000000
1145.921600 1826.960000 1037.566400 261.489600 1.000000
1153.238400 2554.816000 1039.800000 1055.392000 1.000000
1152.016000 2273.040000 1040.484800 777.899200 1.000000
1152.032000 2137.456000 1041.476800 634.195200 1.000000
1159.113600 2451.952000 1045.708800 952.572800 1.000000
1152.249600 1688.752000 1049.484800 80.266720 1.000000
1160.352000 2009.728000 1051.595200 486.144000 1.000000
1161.344000 2157.088000 1051.972800 657.771200 1.000000
1159.560000 1872.800000 1052.163200 325.873600 1.000000
1167.267200 2712.624000 1052.297600 1196.883200 1.000000
1171.828800 2562.864000 1055.712000 1070.467200 1.000000
1174.003200 2864.096000 1056.526400 1331.139200 1.000000
1167.947200 1989.424000 1059.436800 468.361600 1.000000
1171.214400 2168.448000 1062.316800 669.601600 1.000000
1167.739200 1794.656000 1064.067200 225.916800 1.000000
1173.403200 1924.576000 1067.832000 392.604800 1.000000
1180.305600 2630.736000 1068.225600 1128.459200 1.000000
1178.660800 2104.304000 1069.886400 600.195200 1.000000
1189.491200 2714.480000 1073.492800 1200.811200 1.000000
1175.780800 1780.960000 1075.244800 208.817600 1.000000
1190.145600 2656.672000 1076.076800 1151.033600 1.000000
1176.747200 1718.656000 1078.425600 124.649120 1.000000
1185.387200 2191.216000 1078.609600 697.396800 1.000000
1185.318400 2103.632000 1079.510400 600.860800 1.000000
1195.561600 2519.472000 1084.094400 1026.913600 1.000000
1206.475200 2875.280000 1085.779200 1345.024000 1.000000
1184.526400 1773.200000 1086.336000 208.521600 1.000000
1193.345600 2166.032000 1086.532800 667.080000 1.000000
1192.025600 2148.064000 1087.774400 650.177600 1.000000
1194.392000 2174.704000 1088.921600 678.348800 1.000000
1191.211200 1927.280000 1088.976000 399.097600 1.000000
1197.729600 1958.560000 1095.628800 437.736000 1.000000
1205.718400 2377.680000 1096.028800 891.961600 1.000000
1193.740800 1790.208000 1096.795200 226.995200 1.000000
1197.806400 1869.584000 1098.582400 329.524800 1.000000
1215.729600 2724.064000 1100.156800 1214.712000 1.000000
1213.944000 2469.232000 1103.766400 981.556800 1.000000
1203.016000 1947.520000 1104.560000 423.443200 1.000000
1225.665600 2841.808000 1107.372800 1318.716800 1.000000
1209.944000 2087.696000 1107.790400 588.510400 1.000000
1201.737600 1709.856000 1108.148800 116.179840 1.000000
1213.267200 2050.624000 1109.652800 541.768000 1.000000
1207.388800 1800.480000 1109.748800 244.216000 1.000000
1206.716800 1783.712000 1110.950400 222.211200 1.000000
1209.388800 1930.976000 1111.156800 405.507200 1.000000
1231.758400 2854.480000 1111.225600 1331.816000 1.000000
1229.198400 2779.280000 1111.449600 1266.840000 1.000000
1225.304000 2587.584000 1114.636800 1093.428800 1.000000
1224.323200 2443.696000 1116.892800 955.766400 1.000000
1230.553600 2540.112000 1120.281600 1048.564800 1.000000
1225.580800 2047.088000 1126.619200 542.388800 1.000000
1223.083200 1977.520000 1128.395200 459.905600 1.000000
1222.499200 1745.872000 1130.404800 175.158400 1.000000
1232.073600 2073.280000 1132.940800 574.048000 1.000000
1239.768000 2317.008000 1135.235200 835.278400 1.000000
1226.436800 1728.432000 1136.068800 150.122720 1.000000
1227.083200 1812.432000 1136.480000 260.086400 1.000000
1246.246400 2517.136000 1136.700800 1030.134400 1.000000
1250.483200 2630.064000 1136.803200 1133.004800 1.000000
1233.532800 2008.848000 1137.304000 496.244800 1.000000
1238.860800 2180.640000 1138.216000 691.371200 1.000000
1242.262400 2194.992000 1140.499200 705.680000 1.000000
1251.696000 2547.904000 1141.284800 1056.288000 1.000000
1250.384000 2476.768000 1142.316800 992.516800 1.000000
1245.577600 2215.056000 1142.777600 730.428800 1.000000
1238.726400 1983.024000 1142.849600 468.670400 1.000000
1244.166400 2146.800000 1145.537600 653.227200 1.000000
1256.043200 2575.376000 1146.030400 1081.387200 1.000000
1250.211200 2392.864000 1146.403200 910.902400 1.000000
1234.636800 1772.896000 1146.756800 208.620800 1.000000
1253.555200 2451.136000 1147.267200 968.091200 1.000000
1259.339200 2500.512000 1149.742400 1014.008000 1.000000
1241.172800 1733.360000 1155.296000 159.451360 1.000000
1256.144000 2227.024000 1156.707200 744.395200 1.000000
1267.657600 2538.800000 1158.782400 1048.627200 1.000000
1242.712000 1714.064000 1159.556800 131.627200 1.000000
1262.990400 2323.360000 1160.636800 843.913600 1.000000
1263.241600 2273.248000 1162.812800 793.419200 1.000000
1249.681600 1727.776000 1167.096000 152.294080 1.000000
1257.228800 1868.656000 1169.100800 336.326400 1.000000
1270.988800 2346.800000 1169.587200 867.753600 1.000000
1274.244800 2373.440000 1171.865600 893.188800 1.000000
1270.878400 2145.840000 1175.385600 655.176000 1.000000
1277.318400 2183.440000 1180.500800 698.846400 1.000000
1283.104000 2302.048000 1181.691200 820.612800 1.000000
1270.608000 1950.336000 1182.334400 436.547200 1.000000
1281.185600 2234.528000 1182.547200 752.707200 1.000000
1271.116800 1972.032000 1183.419200 459.275200 1.000000
1278.801600 2159.840000 1183.596800 672.444800 1.000000
1277.043200 2063.328000 1184.809600 563.347200 1.000000
1277.168000 1886.784000 1192.347200 360.654400 1.000000
1284.262400 2057.296000 1194.827200 557.747200 1.000000
1287.809600 2070.608000 1198.606400 572.441600 1.000000
1277.676800 1732.928000 1199.060800 163.035200 1.000000
1287.299200 1955.120000 1199.550400 446.720000 1.000000
1281.468800 1832.336000 1200.649600 291.584000 1.000000
1285.384000 1892.544000 1202.291200 365.128000 1.000000
1283.571200 1765.728000 1206.428800 207.588800 1.000000
1288.692800 1843.152000 1209.238400 304.824000 1.000000
1292.316800 1834.208000 1212.323200 295.315200 1.000000
1294.187200 1893.904000 1212.870400 368.918400 1.000000
1296.088000 1852.336000 1217.547200 316.886400 1.000000
1303.948800 1841.168000 1227.529600 302.299200 1.000000
1297.928000 1695.568000 1229.390400 111.016960 1.000000
1320.355200 1676.560000 1260.448000 70.386400 1.000000
2321.648000 1526.550400 2195.088000 1775.392000 1.000000
2508.672000 1545.163200 2399.472000 1898.704000 1.000000
2552.640000 1816.848000 2404.192000 1814.528000 1.000000
2531.856000 1483.544000 2444.784000 1847.088000 1.000000
2542.848000 1501.724800 2452.496000 1878.384000 1.000000
2582.096000 2272.256000 2479.568000 603.640000 1.000000
2591.792000 2045.600000 2547.472000 1308.724800 1.000000
2594.656000 1617.120000 2557.664000 1621.440000 1.000000
2929.344000 913.331200 2861.408000 2480.576000 1.000000
