405.617600 463.092800 495.440000 2868.688000 1.000000
414.468800 522.036800 499.395200 2929.856000 1.000000
419.859200 535.254400 501.953600 2940.816000 1.000000
424.643200 527.536000 508.723200 2934.560000 1.000000
506.444800 338.475200 522.608000 2594.944000 1.000000
463.968000 526.782400 548.886400 2920.064000 1.000000
482.000000 381.648000 581.827200 2747.680000 1.000000
549.299200 441.443200 641.664000 2799.632000 1.000000
607.723200 574.358400 692.345600 2926.800000 1.000000
600.798400 465.198400 694.196800 2815.632000 1.000000
587.732800 386.153600 712.288000 2744.608000 1.000000
663.816000 576.910400 747.947200 2913.840000 1.000000
678.632000 573.043200 762.153600 2904.416000 1.000000
812.793600 1088.289600 907.832000 2909.008000 1.000000
826.668800 814.084800 931.588800 2633.600000 1.000000
838.843200 1154.136000 936.012800 2961.792000 1.000000
847.603200 1140.331200 944.430400 2942.256000 1.000000
851.219200 607.982400 959.144000 2434.320000 1.000000
875.488000 959.632000 977.942400 2751.376000 1.000000
889.720000 1198.924800 988.732800 2990.816000 1.000000
875.889600 93.394080 994.729600 2037.248000 1.000000
893.248000 969.030400 996.371200 2754.608000 1.000000
886.348800 548.948800 997.337600 2377.200000 1.000000
882.841600 238.148800 999.577600 2136.448000 1.000000
891.340800 706.812800 999.812800 2510.160000 1.000000
899.950400 924.241600 1004.300800 2706.160000 1.000000
901.478400 299.100800 1015.040000 2182.240000 1.000000
913.358400 1092.801600 1017.265600 2870.704000 1.000000
917.408000 579.964800 1028.811200 2391.552000 1.000000
926.369600 1071.169600 1029.846400 2842.512000 1.000000
925.176000 224.209600 1036.051200 2120.896000 1.000000
934.633600 1147.961600 1038.936000 2921.840000 1.000000
935.465600 1111.531200 1039.768000 2884.496000 1.000000
934.593600 523.096000 1044.550400 2340.816000 1.000000
942.072000 1158.161600 1044.971200 2929.040000 1.000000
937.539200 598.558400 1045.769600 2401.696000 1.000000
938.104000 679.302400 1046.721600 2471.808000 1.000000
956.638400 636.073600 1063.779200 2429.840000 1.000000
962.806400 1147.481600 1068.604800 2912.816000 1.000000
960.153600 1105.545600 1069.497600 2869.280000 1.000000
966.824000 845.969600 1074.411200 2609.968000 1.000000
968.038400 1186.187200 1075.203200 2953.232000 1.000000
973.856000 798.851200 1079.403200 2570.016000 1.000000
967.124800 982.963200 1081.512000 2733.648000 1.000000
977.380800 1228.800000 1086.195200 2998.016000 1.000000
979.334400 849.296000 1086.828800 2610.944000 1.000000
981.964800 1124.633600 1089.313600 2881.744000 1.000000
984.100800 1063.158400 1090.801600 2818.880000 1.000000
985.390400 565.416000 1090.940800 2362.752000 1.000000
984.950400 830.196800 1091.038400 2590.000000 1.000000
986.688000 432.696000 1094.956800 2257.744000 1.000000
989.764800 169.612800 1095.187200 2065.536000 1.000000
990.452800 239.201600 1098.264000 2116.256000 1.000000
998.662400 55.092640 1103.208000 1978.032000 1.000000
998.897600 1041.144000 1106.174400 2792.848000 1.000000
1003.468800 833.334400 1110.328000 2590.352000 1.000000
1011.856000 40.315200 1114.027200 1966.272000 1.000000
1003.244800 1178.462400 1114.656000 2938.032000 1.000000
1009.246400 1075.582400 1118.254400 2822.448000 1.000000
1010.393600 1030.022400 1119.891200 2776.496000 1.000000
1012.904000 992.217600 1121.347200 2736.304000 1.000000
1014.459200 574.448000 1121.731200 2362.432000 1.000000
1017.060800 555.608000 1122.632000 2346.096000 1.000000
1014.144000 849.470400 1123.313600 2602.448000 1.000000
1012.251200 1101.203200 1127.651200 2844.720000 1.000000
1023.387200 1073.756800 1132.664000 2817.968000 1.000000
1022.443200 1136.001600 1134.398400 2888.304000 1.000000
1035.681600 352.148800 1135.099200 2186.272000 1.000000
1034.619200 136.943360 1136.446400 2031.360000 1.000000
1031.577600 1063.014400 1141.395200 2805.216000 1.000000
1041.918400 159.535360 1143.297600 2048.336000 1.000000
1033.936000 1196.531200 1145.462400 2948.864000 1.000000
1041.435200 954.708800 1150.699200 2690.432000 1.000000
1040.864000 996.696000 1151.216000 2733.232000 1.000000
1044.160000 1066.297600 1156.832000 2807.888000 1.000000
1050.470400 841.780800 1158.588800 2588.000000 1.000000
1048.268800 1083.267200 1159.872000 2824.144000 1.000000
1044.529600 1209.619200 1160.056000 2957.584000 1.000000
1064.433600 63.083360 1160.262400 1976.736000 1.000000
1056.083200 861.969600 1160.755200 2601.616000 1.000000
1051.144000 1038.856000 1161.792000 2775.024000 1.000000
1052.318400 976.342400 1163.035200 2709.872000 1.000000
1052.750400 1208.587200 1166.044800 2956.640000 1.000000
1058.051200 992.036800 1170.366400 2726.352000 1.000000
1063.844800 854.840000 1172.107200 2597.632000 1.000000
1079.953600 213.132800 1175.468800 2080.384000 1.000000
1072.934400 727.449600 1178.532800 2474.880000 1.000000
1065.736000 1122.955200 1180.576000 2862.832000 1.000000
1070.635200 1031.324800 1181.993600 2764.816000 1.000000
1072.931200 954.080000 1184.555200 2684.432000 1.000000
1082.988800 759.635200 1188.873600 2506.560000 1.000000
1091.795200 296.361600 1191.380800 2130.192000 1.000000
1092.723200 440.246400 1192.928000 2237.488000 1.000000
1093.585600 484.611200 1193.416000 2273.376000 1.000000
1084.065600 921.289600 1193.592000 2648.560000 1.000000
1079.302400 1132.776000 1193.982400 2868.224000 1.000000
1081.710400 1190.422400 1201.908800 2925.488000 1.000000
1087.699200 1109.608000 1202.294400 2843.616000 1.000000
1097.843200 709.256000 1204.316800 2454.208000 1.000000
1106.568000 524.316800 1206.841600 2302.752000 1.000000
1090.576000 1198.763200 1209.401600 2932.464000 1.000000
1095.248000 1163.812800 1211.521600 2893.936000 1.000000
1118.526400 209.627200 1211.548800 2067.344000 1.000000
1094.326400 1192.652800 1213.427200 2924.528000 1.000000
1109.696000 653.164800 1213.755200 2402.096000 1.000000
1096.644800 1206.324800 1214.721600 2940.368000 1.000000
1103.552000 1021.910400 1216.980800 2749.392000 1.000000
1104.566400 1179.462400 1222.560000 2908.000000 1.000000
1111.899200 1039.630400 1225.952000 2766.960000 1.000000
1117.995200 921.969600 1227.864000 2643.984000 1.000000
1133.990400 537.340800 1234.630400 2303.424000 1.000000
1119.217600 1066.968000 1235.036800 2791.248000 1.000000
1121.995200 1063.865600 1237.684800 2788.640000 1.000000
1122.059200 1080.446400 1238.950400 2804.496000 1.000000
1120.116800 1157.025600 1239.224000 2881.856000 1.000000
1121.385600 1174.803200 1241.454400 2900.640000 1.000000
1118.656000 1244.003200 1241.529600 2978.096000 1.000000
1153.206400 205.777600 1242.697600 2054.656000 1.000000
1122.996800 1198.808000 1243.544000 2925.312000 1.000000
1125.113600 1159.811200 1245.844800 2882.704000 1.000000
1151.830400 429.624000 1248.243200 2220.768000 1.000000
1164.075200 137.504960 1250.268800 2007.296000 1.000000
1160.308800 374.643200 1253.108800 2179.040000 1.000000
1155.278400 467.622400 1253.577600 2248.288000 1.000000
1150.752000 644.696000 1253.704000 2387.760000 1.000000
1162.217600 327.939200 1253.806400 2144.944000 1.000000
1149.073600 750.188800 1255.160000 2482.016000 1.000000
1139.131200 1111.323200 1257.244800 2829.088000 1.000000
1166.571200 303.956800 1257.289600 2124.848000 1.000000
1171.440000 219.078400 1258.307200 2061.616000 1.000000
1142.654400 1007.860800 1260.928000 2724.736000 1.000000
1146.000000 1123.158400 1267.585600 2843.888000 1.000000
1178.611200 339.163200 1268.984000 2151.968000 1.000000
1153.532800 1045.822400 1270.019200 2762.432000 1.000000
1166.515200 814.289600 1273.665600 2534.352000 1.000000
1164.915200 944.348800 1276.144000 2659.568000 1.000000
1179.241600 535.491200 1276.676800 2294.096000 1.000000
1158.188800 1222.107200 1284.649600 2947.584000 1.000000
1161.915200 1167.172800 1284.716800 2886.992000 1.000000
1168.699200 1087.700800 1287.912000 2798.944000 1.000000
1167.052800 1148.873600 1289.995200 2862.864000 1.000000
1184.294400 771.804800 1290.657600 2489.360000 1.000000
1182.897600 831.264000 1291.929600 2545.968000 1.000000
1177.556800 1013.404800 1293.779200 2723.264000 1.000000
1196.611200 497.868800 1296.331200 2260.432000 1.000000
1189.753600 840.232000 1298.371200 2553.264000 1.000000
1206.926400 490.460800 1301.148800 2255.744000 1.000000
1175.876800 1217.996800 1303.216000 2940.480000 1.000000
1209.057600 622.950400 1307.608000 2362.256000 1.000000
1182.553600 1204.288000 1308.870400 2923.888000 1.000000
1192.996800 1037.392000 1309.385600 2742.752000 1.000000
1190.888000 1109.652800 1312.476800 2819.376000 1.000000
1182.294400 1253.448000 1312.707200 2979.344000 1.000000
1186.776000 1178.662400 1312.752000 2893.776000 1.000000
1221.473600 468.640000 1314.617600 2236.624000 1.000000
1203.844800 875.827200 1314.768000 2587.232000 1.000000
1209.361600 767.456000 1315.027200 2482.848000 1.000000
1214.644800 841.643200 1323.083200 2551.408000 1.000000
1219.368000 816.120000 1326.134400 2528.432000 1.000000
1211.166400 955.825600 1326.744000 2659.968000 1.000000
1213.408000 943.587200 1328.088000 2647.696000 1.000000
1236.009600 559.115200 1331.555200 2305.616000 1.000000
1206.012800 1188.089600 1332.267200 2903.344000 1.000000
1210.451200 1106.272000 1332.964800 2812.752000 1.000000
1201.502400 1276.342400 1334.414400 3001.008000 1.000000
1230.097600 702.473600 1335.004800 2423.616000 1.000000
1221.244800 953.249600 1336.820800 2656.768000 1.000000
1247.180800 528.004800 1340.054400 2279.584000 1.000000
1236.736000 764.235200 1341.481600 2478.160000 1.000000
1224.632000 993.824000 1342.236800 2694.576000 1.000000
1235.558400 806.468800 1343.193600 2517.184000 1.000000
1214.459200 1198.843200 1343.412800 2913.280000 1.000000
1215.798400 1163.820800 1344.000000 2871.920000 1.000000
1248.902400 642.772800 1348.273600 2370.800000 1.000000
1218.619200 1222.368000 1350.345600 2937.296000 1.000000
1241.336000 890.739200 1353.707200 2593.856000 1.000000
1242.212800 868.366400 1353.902400 2572.896000 1.000000
1244.323200 903.784000 1357.240000 2606.768000 1.000000
1292.225600 129.746880 1360.160000 2010.400000 1.000000
1241.609600 1004.644800 1360.971200 2704.848000 1.000000
1288.305600 269.878400 1363.316800 2104.976000 1.000000
1250.419200 939.259200 1365.496000 2639.648000 1.000000
1249.649600 980.179200 1368.228800 2678.208000 1.000000
1238.347200 1174.878400 1369.593600 2882.240000 1.000000
1248.276800 1074.147200 1371.236800 2774.144000 1.000000
1246.270400 1083.940800 1371.361600 2784.112000 1.000000
1251.793600 1047.635200 1373.811200 2746.624000 1.000000
1242.600000 1229.681600 1376.360000 2940.848000 1.000000
1256.652800 1016.328000 1377.387200 2716.464000 1.000000
1269.569600 804.244800 1377.486400 2510.544000 1.000000
1257.374400 1044.507200 1380.115200 2743.024000 1.000000
1244.504000 1258.142400 1381.588800 2971.168000 1.000000
1260.556800 1036.969600 1382.464000 2736.160000 1.000000
1260.972800 1024.249600 1382.747200 2723.904000 1.000000
1281.683200 809.595200 1389.526400 2514.784000 1.000000
1313.939200 392.648000 1395.028800 2190.608000 1.000000
1265.113600 1172.595200 1397.112000 2876.976000 1.000000
1333.113600 220.248000 1403.097600 2065.248000 1.000000
1287.216000 963.836800 1405.833600 2661.136000 1.000000
1272.049600 1199.081600 1406.684800 2903.664000 1.000000
1287.233600 1058.062400 1412.724800 2753.264000 1.000000
1296.091200 950.985600 1412.745600 2648.688000 1.000000
1278.377600 1175.137600 1412.929600 2876.528000 1.000000
1349.548800 160.075200 1413.096000 2022.544000 1.000000
1275.886400 1223.595200 1413.612800 2930.736000 1.000000
1341.640000 306.419200 1414.204800 2123.184000 1.000000
1344.611200 244.160000 1414.518400 2079.520000 1.000000
1360.963200 121.462720 1419.484800 1993.840000 1.000000
1355.232000 200.708800 1421.216000 2046.896000 1.000000
1340.113600 450.947200 1423.219200 2230.064000 1.000000
1349.897600 325.299200 1423.657600 2136.080000 1.000000
1329.084800 654.497600 1424.928000 2395.856000 1.000000
1292.089600 1203.068800 1427.163200 2905.584000 1.000000
1343.808000 535.990400 1431.672000 2296.352000 1.000000
1307.158400 1046.465600 1432.864000 2742.240000 1.000000
1305.251200 1081.616000 1433.352000 2776.000000 1.000000
1355.259200 426.108800 1435.867200 2208.560000 1.000000
1303.732800 1147.166400 1437.542400 2845.008000 1.000000
1363.566400 345.944000 1437.734400 2151.712000 1.000000
1368.227200 324.008000 1440.262400 2132.752000 1.000000
1366.619200 361.046400 1441.460800 2161.840000 1.000000
1377.636800 206.614400 1441.697600 2050.512000 1.000000
1340.988800 748.576000 1443.006400 2474.512000 1.000000
1350.916800 715.974400 1452.116800 2445.312000 1.000000
1366.603200 522.291200 1453.113600 2284.896000 1.000000
1391.436800 209.324800 1453.272000 2049.600000 1.000000
1399.363200 119.685120 1454.438400 1989.536000 1.000000
1348.497600 835.620800 1457.852800 2551.888000 1.000000
1373.800000 590.912000 1465.616000 2341.280000 1.000000
1410.726400 162.011200 1467.064000 2017.680000 1.000000
1416.915200 94.991040 1467.472000 1972.880000 1.000000
1392.049600 401.460800 1467.916800 2190.608000 1.000000
1358.836800 873.600000 1470.643200 2586.208000 1.000000
1388.451200 480.259200 1471.731200 2253.008000 1.000000
1331.380800 1193.614400 1472.928000 2916.768000 1.000000
1364.003200 845.707200 1473.782400 2562.800000 1.000000
1375.233600 683.208000 1473.812800 2417.728000 1.000000
1349.896000 1020.816000 1474.340800 2731.712000 1.000000
1329.350400 1245.833600 1475.451200 2974.112000 1.000000
1399.507200 429.857600 1476.344000 2212.368000 1.000000
1355.686400 967.481600 1476.398400 2679.104000 1.000000
1376.040000 736.908800 1477.964800 2463.360000 1.000000
1350.420800 1061.518400 1480.766400 2774.160000 1.000000
1347.211200 1133.299200 1483.121600 2849.904000 1.000000
1385.259200 708.176000 1484.851200 2439.520000 1.000000
1360.067200 1041.912000 1486.616000 2753.184000 1.000000
1372.508800 922.595200 1490.112000 2633.776000 1.000000
1433.796800 260.896000 1491.776000 2085.824000 1.000000
1354.161600 1173.307200 1493.840000 2892.688000 1.000000
1349.364800 1227.467200 1494.160000 2953.792000 1.000000
1354.291200 1191.238400 1495.745600 2912.576000 1.000000
1356.721600 1244.846400 1504.624000 2968.832000 1.000000
2487.456000 1559.369600 2551.232000 1276.542400 1.000000
2484.368000 1527.052800 2571.504000 1297.252800 1.000000
2481.360000 1471.972800 2618.480000 1361.504000 1.000000
2516.176000 1670.528000 2639.920000 1266.220800 1.000000
2556.192000 1898.064000 2720.944000 1483.643200 1.000000
2563.184000 2104.064000 2796.880000 1690.912000 1.000000
2495.536000 1280.825600 2832.176000 1588.814400 1.000000
2560.464000 1481.585600 2859.952000 1511.396800 1.000000
