17.676000 810.024000 18.282080 2965.616000 1.000000
56.102720 710.532800 49.486400 2862.480000 1.000000
414.468800 522.036800 539.228800 2511.728000 1.000000
425.760000 564.688000 547.800000 2556.656000 1.000000
424.643200 527.536000 549.723200 2519.568000 1.000000
434.148800 544.812800 555.958400 2538.480000 1.000000
445.905600 605.422400 566.755200 2594.512000 1.000000
506.112000 623.566400 623.624000 2598.784000 1.000000
519.379200 412.025600 647.436800 2374.272000 1.000000
532.840000 693.280000 648.102400 2661.184000 1.000000
527.160000 424.822400 656.184000 2385.328000 1.000000
532.078400 855.046400 658.374400 2891.728000 1.000000
536.131200 423.174400 664.342400 2383.184000 1.000000
549.299200 441.443200 674.027200 2395.920000 1.000000
572.176000 885.163200 674.859200 2826.544000 1.000000
571.566400 834.531200 680.211200 2782.656000 1.000000
559.497600 438.108800 685.318400 2392.096000 1.000000
580.699200 859.217600 688.212800 2807.056000 1.000000
588.108800 825.137600 696.692800 2766.400000 1.000000
595.964800 867.494400 701.387200 2814.224000 1.000000
610.888000 825.702400 718.604800 2762.864000 1.000000
607.723200 574.358400 726.342400 2514.864000 1.000000
634.512000 878.376000 740.809600 2814.896000 1.000000
630.852800 815.385600 742.268800 2747.520000 1.000000
630.355200 605.718400 745.206400 2538.208000 1.000000
622.046400 928.155200 745.428800 2995.040000 1.000000
679.860800 886.625600 788.096000 2818.320000 1.000000
790.729600 1452.737600 920.673600 2972.352000 1.000000
794.256000 1348.587200 924.089600 2856.288000 1.000000
796.776000 1435.651200 927.416000 2948.880000 1.000000
800.548800 1485.454400 931.846400 3003.488000 1.000000
807.497600 1453.184000 939.910400 2964.128000 1.000000
821.796800 1025.084800 950.804800 2519.488000 1.000000
822.974400 1487.854400 954.553600 2998.256000 1.000000
827.508800 1486.928000 960.971200 2995.744000 1.000000
839.291200 561.536000 968.388800 2104.112000 1.000000
835.896000 1453.312000 968.566400 2955.776000 1.000000
851.219200 607.982400 976.502400 2136.896000 1.000000
842.593600 1467.808000 976.648000 2969.728000 1.000000
845.156800 1450.496000 979.451200 2948.928000 1.000000
850.740800 1385.396800 982.012800 2877.056000 1.000000
850.956800 1293.712000 982.556800 2776.080000 1.000000
850.750400 1439.620800 984.304000 2934.752000 1.000000
857.867200 519.024000 984.878400 2068.160000 1.000000
859.064000 1050.348800 985.166400 2534.016000 1.000000
862.163200 784.563200 989.142400 2287.680000 1.000000
861.600000 641.313600 990.203200 2165.808000 1.000000
867.576000 690.012800 995.011200 2201.632000 1.000000
875.889600 93.394080 996.049600 1746.240000 1.000000
866.102400 1161.894400 996.827200 2639.136000 1.000000
872.646400 550.276800 999.464000 2085.424000 1.000000
875.499200 559.243200 1001.940800 2092.880000 1.000000
886.312000 172.048000 1003.291200 1799.072000 1.000000
876.956800 644.796800 1003.363200 2162.592000 1.000000
875.488000 959.632000 1003.398400 2440.752000 1.000000
871.097600 1285.936000 1004.105600 2761.488000 1.000000
882.841600 238.148800 1005.542400 1847.088000 1.000000
887.060800 115.829120 1006.177600 1759.536000 1.000000
877.936000 1268.192000 1011.043200 2740.240000 1.000000
886.988800 563.542400 1012.049600 2093.168000 1.000000
884.611200 1000.428800 1014.488000 2476.272000 1.000000
880.772800 1415.324800 1016.425600 2897.664000 1.000000
882.107200 1479.889600 1019.526400 2972.848000 1.000000
889.720000 1198.924800 1020.390400 2666.688000 1.000000
898.195200 371.427200 1020.900800 1942.944000 1.000000
901.478400 299.100800 1021.374400 1890.448000 1.000000
895.752000 522.960000 1021.872000 2057.232000 1.000000
910.120000 173.412800 1027.192000 1792.576000 1.000000
899.950400 924.241600 1027.590400 2399.344000 1.000000
894.796800 1370.798400 1030.724800 2845.472000 1.000000
904.171200 960.758400 1031.540800 2433.088000 1.000000
914.713600 424.404800 1035.846400 1976.160000 1.000000
904.361600 1177.763200 1037.192000 2640.928000 1.000000
907.737600 1222.206400 1040.577600 2684.256000 1.000000
925.176000 224.209600 1040.598400 1830.448000 1.000000
914.043200 999.686400 1042.097600 2470.320000 1.000000
917.408000 579.964800 1042.801600 2097.744000 1.000000
914.292800 1080.112000 1044.148800 2541.296000 1.000000
916.481600 935.732800 1045.443200 2406.848000 1.000000
911.108800 1368.123200 1049.118400 2836.656000 1.000000
935.764800 174.552000 1051.329600 1788.064000 1.000000
934.028800 420.947200 1052.670400 1969.648000 1.000000
934.593600 523.096000 1053.918400 2050.096000 1.000000
919.380800 1339.992000 1054.604800 2805.152000 1.000000
923.395200 1271.171200 1057.576000 2732.144000 1.000000
937.715200 762.195200 1059.606400 2247.840000 1.000000
938.104000 679.302400 1061.057600 2175.152000 1.000000
946.838400 252.481600 1061.163200 1846.400000 1.000000
930.324800 1251.940800 1064.068800 2708.560000 1.000000
938.016000 1176.748800 1070.630400 2630.176000 1.000000
944.876800 957.035200 1070.691200 2422.304000 1.000000
937.526400 1388.820800 1077.190400 2850.064000 1.000000
967.924800 173.931200 1077.993600 1782.000000 1.000000
947.640000 1380.937600 1086.635200 2839.744000 1.000000
980.630400 78.668000 1086.912000 1710.336000 1.000000
962.918400 922.776000 1089.649600 2381.984000 1.000000
949.654400 1486.198400 1092.344000 2959.120000 1.000000
962.806400 1147.481600 1094.384000 2594.416000 1.000000
977.889600 548.358400 1095.636800 2057.728000 1.000000
989.764800 169.612800 1096.416000 1776.512000 1.000000
990.452800 239.201600 1099.913600 1827.600000 1.000000
968.038400 1186.187200 1100.540800 2632.864000 1.000000
995.702400 139.749280 1100.840000 1752.416000 1.000000
998.662400 55.092640 1100.964800 1690.640000 1.000000
968.724800 1268.040000 1104.243200 2718.480000 1.000000
984.950400 830.196800 1109.054400 2288.000000 1.000000
1011.856000 40.315200 1112.217600 1677.552000 1.000000
977.380800 1228.800000 1112.513600 2674.512000 1.000000
972.321600 1412.537600 1114.267200 2869.888000 1.000000
996.140800 732.520000 1116.784000 2205.152000 1.000000
1000.448000 536.523200 1119.134400 2043.520000 1.000000
1007.147200 538.974400 1121.438400 2043.360000 1.000000
988.977600 1156.452800 1122.046400 2598.000000 1.000000
980.547200 1418.083200 1124.811200 2877.008000 1.000000
1024.014400 214.456000 1127.654400 1803.232000 1.000000
998.897600 1041.144000 1128.449600 2480.880000 1.000000
999.472000 1059.227200 1130.225600 2498.400000 1.000000
1017.060800 555.608000 1131.700800 2056.096000 1.000000
1003.339200 1020.752000 1131.979200 2460.304000 1.000000
1003.008000 1048.585600 1132.739200 2487.280000 1.000000
1009.998400 890.940800 1135.011200 2342.592000 1.000000
1014.144000 849.470400 1136.688000 2304.912000 1.000000
993.542400 1430.289600 1137.081600 2885.072000 1.000000
1003.244800 1178.462400 1137.276800 2618.384000 1.000000
1028.734400 329.147200 1137.486400 1882.224000 1.000000
991.481600 1486.347200 1138.233600 2946.880000 1.000000
1025.545600 558.065600 1139.488000 2056.320000 1.000000
1023.841600 618.524800 1139.689600 2104.944000 1.000000
1010.393600 1030.022400 1139.884800 2467.920000 1.000000
1001.812800 1266.008000 1141.340800 2703.392000 1.000000
997.449600 1430.361600 1141.617600 2885.264000 1.000000
1024.292800 658.297600 1142.852800 2135.600000 1.000000
1004.654400 1292.548800 1144.272000 2733.024000 1.000000
1012.251200 1101.203200 1149.612800 2530.896000 1.000000
1023.387200 1073.756800 1153.244800 2506.864000 1.000000
1033.408000 786.587200 1154.145600 2240.768000 1.000000
1034.608000 920.355200 1156.584000 2365.632000 1.000000
1037.934400 758.371200 1156.881600 2215.600000 1.000000
1064.433600 63.083360 1157.022400 1689.600000 1.000000
1053.833600 371.776000 1157.932800 1908.000000 1.000000
1015.486400 1401.024000 1159.756800 2847.664000 1.000000
1057.872000 320.081600 1160.174400 1870.320000 1.000000
1031.577600 1063.014400 1160.752000 2494.128000 1.000000
1043.481600 706.867200 1161.252800 2169.600000 1.000000
1030.272000 1150.368000 1161.374400 2587.936000 1.000000
1013.563200 1503.376000 1161.987200 2963.328000 1.000000
1020.236800 1427.126400 1166.014400 2875.648000 1.000000
1034.936000 1070.265600 1166.028800 2501.248000 1.000000
1028.440000 1271.963200 1168.000000 2704.608000 1.000000
1041.648000 985.784000 1168.420800 2417.600000 1.000000
1049.814400 779.022400 1169.280000 2231.168000 1.000000
1040.864000 996.696000 1169.836800 2427.712000 1.000000
1050.470400 841.780800 1172.632000 2288.240000 1.000000
1078.086400 146.951680 1172.993600 1746.800000 1.000000
1059.500800 659.678400 1174.185600 2128.960000 1.000000
1032.472000 1346.372800 1174.582400 2785.536000 1.000000
1044.160000 1066.297600 1175.078400 2496.528000 1.000000
1056.083200 861.969600 1175.441600 2302.992000 1.000000
1079.953600 213.132800 1177.051200 1791.792000 1.000000
1052.318400 976.342400 1179.491200 2405.984000 1.000000
1045.078400 1232.676800 1182.443200 2660.432000 1.000000
1071.852800 571.859200 1182.560000 2056.688000 1.000000
1050.372800 1147.580800 1185.323200 2576.128000 1.000000
1058.051200 992.036800 1186.139200 2420.608000 1.000000
1053.251200 1139.158400 1186.249600 2567.664000 1.000000
1052.750400 1208.587200 1188.748800 2634.816000 1.000000
1036.481600 1540.745600 1189.041600 3003.552000 1.000000
1080.158400 537.214400 1189.289600 2029.456000 1.000000
1055.803200 1278.299200 1195.094400 2705.088000 1.000000
1092.723200 440.246400 1197.038400 1950.864000 1.000000
1070.635200 1031.324800 1199.390400 2456.992000 1.000000
1072.931200 954.080000 1199.620800 2383.264000 1.000000
1082.988800 759.635200 1200.460800 2209.344000 1.000000
1066.540800 1151.128000 1201.833600 2575.056000 1.000000
1060.099200 1319.136000 1202.278400 2749.328000 1.000000
1053.491200 1482.014400 1204.262400 2931.136000 1.000000
1056.395200 1507.627200 1208.460800 2959.792000 1.000000
1077.905600 1091.371200 1209.208000 2518.208000 1.000000
1106.568000 524.316800 1210.854400 2014.672000 1.000000
1097.843200 709.256000 1212.979200 2160.976000 1.000000
1131.664000 41.640160 1215.217600 1664.016000 1.000000
1096.896000 791.907200 1215.251200 2234.784000 1.000000
1120.100800 323.380800 1215.374400 1858.704000 1.000000
1088.395200 1001.785600 1215.913600 2425.024000 1.000000
1123.904000 234.750400 1216.641600 1795.040000 1.000000
1078.444800 1308.083200 1219.361600 2733.280000 1.000000
1133.924800 147.283680 1221.712000 1737.776000 1.000000
1083.464000 1224.257600 1221.867200 2643.424000 1.000000
1109.696000 653.164800 1221.913600 2111.872000 1.000000
1125.075200 380.251200 1223.264000 1901.440000 1.000000
1143.000000 72.617280 1224.894400 1682.704000 1.000000
1114.536000 682.328000 1226.300800 2135.568000 1.000000
1084.630400 1300.884800 1227.353600 2725.184000 1.000000
1075.483200 1511.576000 1228.774400 2962.896000 1.000000
1103.808000 1027.774400 1230.763200 2448.464000 1.000000
1081.750400 1422.760000 1231.033600 2855.440000 1.000000
1096.644800 1206.324800 1233.436800 2622.192000 1.000000
1114.699200 869.688000 1234.518400 2295.248000 1.000000
1102.769600 1094.136000 1234.747200 2512.512000 1.000000
1098.148800 1223.584000 1235.016000 2639.232000 1.000000
1090.667200 1339.723200 1235.368000 2766.816000 1.000000
1128.268800 621.169600 1236.753600 2082.960000 1.000000
1090.555200 1395.281600 1238.532800 2823.760000 1.000000
1159.595200 100.170720 1239.768000 1697.056000 1.000000
1117.995200 921.969600 1240.460800 2342.512000 1.000000
1111.899200 1039.630400 1240.712000 2458.464000 1.000000
1153.206400 205.777600 1240.752000 1769.120000 1.000000
1090.192000 1416.451200 1241.014400 2847.696000 1.000000
1089.457600 1487.228800 1242.328000 2929.840000 1.000000
1130.340800 743.883200 1245.993600 2186.368000 1.000000
1095.945600 1433.721600 1247.476800 2866.032000 1.000000
1093.460800 1511.352000 1248.822400 2959.792000 1.000000
1151.830400 429.624000 1249.889600 1933.296000 1.000000
1116.136000 1145.272000 1251.440000 2556.064000 1.000000
1121.995200 1063.865600 1251.670400 2479.248000 1.000000
1100.710400 1458.392000 1253.558400 2893.120000 1.000000
1120.116800 1157.025600 1253.960000 2567.872000 1.000000
1145.124800 640.001600 1254.086400 2094.592000 1.000000
1160.308800 374.643200 1254.136000 1892.640000 1.000000
1130.360000 967.630400 1254.612800 2385.440000 1.000000
1100.204800 1491.233600 1254.739200 2932.352000 1.000000
1155.278400 467.622400 1255.166400 1960.384000 1.000000
1174.366400 193.428800 1256.184000 1759.280000 1.000000
1166.571200 303.956800 1256.256000 1840.576000 1.000000
1121.385600 1174.803200 1258.224000 2584.880000 1.000000
1127.478400 1105.563200 1259.512000 2516.448000 1.000000
1125.113600 1159.811200 1260.846400 2568.720000 1.000000
1129.249600 1117.206400 1261.513600 2527.168000 1.000000
1149.073600 750.188800 1262.155200 2190.480000 1.000000
1132.819200 1135.099200 1265.700800 2544.000000 1.000000
1110.758400 1515.952000 1268.132800 2960.944000 1.000000
1178.611200 339.163200 1268.500800 1865.152000 1.000000
1111.296000 1503.296000 1268.828800 2946.160000 1.000000
1139.131200 1111.323200 1271.515200 2518.608000 1.000000
1180.204800 382.088000 1272.486400 1895.120000 1.000000
1178.248000 417.764800 1273.062400 1921.120000 1.000000
1142.654400 1007.860800 1274.699200 2419.360000 1.000000
1173.164800 576.030400 1276.462400 2038.672000 1.000000
1120.604800 1484.494400 1277.337600 2919.760000 1.000000
1140.016000 1184.702400 1277.497600 2593.072000 1.000000
1167.244800 759.988800 1279.145600 2191.712000 1.000000
1146.000000 1123.158400 1280.654400 2529.680000 1.000000
1153.532800 1045.822400 1283.238400 2454.160000 1.000000
1161.838400 932.556800 1284.840000 2348.864000 1.000000
1142.662400 1272.480000 1285.728000 2683.504000 1.000000
1195.670400 404.190400 1285.948800 1908.032000 1.000000
1164.915200 944.348800 1286.542400 2358.080000 1.000000
1139.104000 1352.004800 1287.392000 2766.784000 1.000000
1134.368000 1473.206400 1291.468800 2904.864000 1.000000
1183.267200 729.649600 1294.155200 2162.496000 1.000000
1147.001600 1332.190400 1294.182400 2747.184000 1.000000
1196.611200 497.868800 1295.456000 1975.040000 1.000000
1182.897600 831.264000 1298.275200 2248.976000 1.000000
1158.188800 1222.107200 1298.800000 2628.096000 1.000000
1161.915200 1167.172800 1298.873600 2573.296000 1.000000
1180.713600 863.411200 1299.380800 2280.880000 1.000000
1168.699200 1087.700800 1300.211200 2489.520000 1.000000
1206.926400 490.460800 1300.494400 1969.088000 1.000000
1156.587200 1326.182400 1302.964800 2736.048000 1.000000
1167.052800 1148.873600 1303.446400 2550.320000 1.000000
1179.056000 971.587200 1303.868800 2381.200000 1.000000
1163.172800 1254.096000 1305.406400 2662.048000 1.000000
1189.753600 840.232000 1305.440000 2257.920000 1.000000
1153.870400 1401.254400 1306.030400 2817.664000 1.000000
1175.502400 1113.648000 1309.081600 2514.208000 1.000000
1178.403200 1095.385600 1310.672000 2496.032000 1.000000
1229.596800 332.078400 1316.902400 1852.256000 1.000000
1157.867200 1480.209600 1317.000000 2909.600000 1.000000
1172.984000 1273.587200 1317.264000 2679.760000 1.000000
1161.936000 1442.785600 1318.489600 2863.616000 1.000000
1209.361600 767.456000 1319.683200 2190.608000 1.000000
1174.078400 1295.408000 1321.302400 2701.488000 1.000000
1192.996800 1037.392000 1321.388800 2437.408000 1.000000
1182.553600 1204.288000 1322.777600 2605.600000 1.000000
1176.153600 1309.267200 1324.323200 2714.128000 1.000000
1163.665600 1473.521600 1324.355200 2899.872000 1.000000
1159.920000 1547.630400 1324.763200 2986.736000 1.000000
1186.776000 1178.662400 1324.852800 2578.288000 1.000000
1176.784000 1331.803200 1325.313600 2739.184000 1.000000
1230.004800 547.400000 1325.340800 2009.760000 1.000000
1178.328000 1349.284800 1327.494400 2759.120000 1.000000
1174.993600 1371.521600 1328.308800 2782.416000 1.000000
1169.395200 1465.422400 1328.640000 2889.184000 1.000000
1214.644800 841.643200 1329.444800 2256.528000 1.000000
1178.956800 1369.936000 1330.345600 2779.856000 1.000000
1180.764800 1363.337600 1331.353600 2771.856000 1.000000
1219.368000 816.120000 1332.300800 2231.552000 1.000000
1221.883200 781.856000 1333.057600 2201.920000 1.000000
1213.408000 943.587200 1335.331200 2347.408000 1.000000
1179.532800 1435.243200 1336.504000 2853.200000 1.000000
1169.848000 1555.544000 1336.942400 2992.544000 1.000000
1230.097600 702.473600 1337.712000 2133.312000 1.000000
1247.180800 528.004800 1340.441600 1992.384000 1.000000
1231.588800 795.974400 1342.700800 2212.016000 1.000000
1206.268800 1140.584000 1343.475200 2537.616000 1.000000
1210.451200 1106.272000 1343.624000 2502.112000 1.000000
1206.012800 1188.089600 1344.310400 2586.416000 1.000000
1236.736000 764.235200 1346.568000 2185.552000 1.000000
1185.643200 1491.691200 1346.579200 2915.504000 1.000000
1225.129600 950.672000 1348.350400 2350.272000 1.000000
1230.057600 888.073600 1348.414400 2294.672000 1.000000
1248.902400 642.772800 1348.564800 2082.064000 1.000000
1235.558400 806.468800 1348.692800 2223.952000 1.000000
1201.768000 1292.625600 1349.868800 2693.968000 1.000000
1224.632000 993.824000 1350.134400 2392.896000 1.000000
1219.180800 1070.993600 1350.161600 2466.960000 1.000000
1203.502400 1313.161600 1351.152000 2714.080000 1.000000
1223.220800 1021.188800 1351.427200 2419.344000 1.000000
1245.302400 755.611200 1351.638400 2176.992000 1.000000
1201.860800 1360.798400 1354.118400 2766.352000 1.000000
1215.798400 1163.820800 1354.225600 2557.088000 1.000000
1292.225600 129.746880 1354.513600 1718.592000 1.000000
1278.224000 318.056000 1355.051200 1851.232000 1.000000
1242.212800 868.366400 1359.680000 2275.312000 1.000000
1225.654400 1092.745600 1360.764800 2485.408000 1.000000
1244.323200 903.784000 1363.502400 2307.280000 1.000000
1263.753600 656.451200 1363.958400 2091.056000 1.000000
1260.836800 735.508800 1367.640000 2158.912000 1.000000
1204.952000 1472.140800 1368.054400 2889.104000 1.000000
1220.657600 1334.934400 1373.358400 2731.920000 1.000000
1249.649600 980.179200 1373.763200 2376.288000 1.000000
1238.347200 1174.878400 1378.227200 2566.784000 1.000000
1246.270400 1083.940800 1378.622400 2474.800000 1.000000
1225.424000 1360.777600 1378.683200 2761.888000 1.000000
1248.276800 1074.147200 1378.803200 2465.856000 1.000000
1235.004800 1243.345600 1379.134400 2637.104000 1.000000
1231.016000 1307.308800 1379.284800 2704.000000 1.000000
1272.011200 766.360000 1379.806400 2184.864000 1.000000
1220.638400 1441.548800 1382.305600 2851.632000 1.000000
1273.118400 792.526400 1382.310400 2205.264000 1.000000
1242.600000 1229.681600 1385.424000 2621.408000 1.000000
1257.374400 1044.507200 1385.873600 2436.640000 1.000000
1260.972800 1024.249600 1389.115200 2417.552000 1.000000
1244.504000 1258.142400 1390.529600 2649.840000 1.000000
1313.939200 392.648000 1391.361600 1899.888000 1.000000
1272.068800 962.640000 1394.438400 2358.512000 1.000000
1277.427200 884.486400 1394.819200 2286.096000 1.000000
1246.862400 1279.886400 1395.120000 2670.384000 1.000000
1309.470400 495.771200 1396.800000 1977.392000 1.000000
1259.107200 1147.241600 1396.960000 2535.056000 1.000000
1348.200000 66.848800 1398.676800 1668.992000 1.000000
1230.448000 1520.971200 1399.283200 2941.168000 1.000000
1330.190400 364.968000 1403.520000 1876.736000 1.000000
1265.113600 1172.595200 1405.137600 2561.904000 1.000000
1287.216000 963.836800 1409.145600 2358.448000 1.000000
1255.515200 1341.363200 1409.758400 2736.368000 1.000000
1244.486400 1474.732800 1410.761600 2885.680000 1.000000
1360.963200 121.462720 1412.800000 1703.168000 1.000000
1272.049600 1199.081600 1413.616000 2585.840000 1.000000
1355.232000 200.708800 1415.702400 1757.552000 1.000000
1243.720000 1535.523200 1415.908800 2956.704000 1.000000
1258.240000 1414.390400 1417.718400 2817.680000 1.000000
1287.233600 1058.062400 1417.976000 2445.280000 1.000000
1349.897600 325.299200 1418.136000 1844.880000 1.000000
1284.673600 1113.393600 1418.608000 2498.752000 1.000000
1255.310400 1444.344000 1419.008000 2850.448000 1.000000
1259.774400 1383.457600 1419.801600 2779.680000 1.000000
1340.113600 450.947200 1419.988800 1938.864000 1.000000
1256.920000 1460.206400 1422.396800 2867.776000 1.000000
1259.801600 1430.417600 1422.444800 2834.992000 1.000000
1372.873600 112.244800 1422.547200 1695.088000 1.000000
1345.888000 434.849600 1422.873600 1925.360000 1.000000
1329.084800 654.497600 1423.790400 2100.384000 1.000000
1250.886400 1556.945600 1425.739200 2980.384000 1.000000
1348.001600 474.376000 1427.726400 1955.024000 1.000000
1329.870400 702.160000 1428.336000 2139.120000 1.000000
1270.734400 1403.038400 1431.848000 2802.992000 1.000000
1363.566400 345.944000 1431.936000 1860.192000 1.000000
1280.315200 1309.286400 1433.646400 2697.472000 1.000000
1368.227200 324.008000 1433.654400 1842.736000 1.000000
1337.171200 674.774400 1433.712000 2115.840000 1.000000
1270.776000 1439.417600 1434.758400 2843.984000 1.000000
1401.712000 92.673440 1435.094400 1464.915200 1.000000
1292.089600 1203.068800 1435.262400 2587.184000 1.000000
1284.136000 1294.104000 1435.560000 2683.376000 1.000000
1269.860800 1462.867200 1436.240000 2868.480000 1.000000
1325.515200 891.494400 1440.902400 2303.648000 1.000000
1283.385600 1365.088000 1441.172800 2758.064000 1.000000
1363.160000 457.995200 1441.329600 1943.344000 1.000000
1303.732800 1147.166400 1441.953600 2530.752000 1.000000
1340.988800 748.576000 1442.281600 2176.480000 1.000000
1270.006400 1548.649600 1445.688000 2966.272000 1.000000
1387.968000 235.795200 1445.830400 1780.736000 1.000000
1351.827200 647.843200 1445.902400 2090.544000 1.000000
1391.436800 209.324800 1446.238400 1759.728000 1.000000
1350.916800 715.974400 1451.132800 2149.280000 1.000000
1362.660800 645.044800 1454.881600 2088.176000 1.000000
1286.545600 1500.454400 1458.371200 2909.712000 1.000000
1412.974400 133.431520 1458.731200 1707.776000 1.000000
1379.177600 580.019200 1464.259200 2036.704000 1.000000
1373.985600 638.366400 1464.313600 2085.168000 1.000000
1375.385600 628.678400 1465.280000 2076.496000 1.000000
1300.436800 1425.174400 1465.792000 2822.448000 1.000000
1346.961600 941.867200 1466.628800 2346.256000 1.000000
1400.705600 386.846400 1468.161600 1887.152000 1.000000
1306.328000 1415.611200 1470.264000 2813.248000 1.000000
1399.507200 429.857600 1471.363200 1919.472000 1.000000
1383.523200 600.500800 1471.376000 2052.976000 1.000000
1382.771200 619.670400 1471.606400 2068.592000 1.000000
1375.233600 683.208000 1471.648000 2121.600000 1.000000
1403.323200 404.496000 1471.848000 1900.624000 1.000000
1402.038400 412.732800 1472.353600 1906.592000 1.000000
1375.713600 715.120000 1472.512000 2147.488000 1.000000
1382.892800 648.772800 1474.769600 2090.048000 1.000000
1373.339200 771.974400 1474.969600 2195.968000 1.000000
1358.240000 925.460800 1475.468800 2330.512000 1.000000
1355.686400 967.481600 1477.251200 2370.624000 1.000000
1338.100800 1165.958400 1477.721600 2563.824000 1.000000
1365.572800 860.376000 1477.848000 2273.888000 1.000000
1385.259200 708.176000 1481.513600 2139.344000 1.000000
1329.254400 1317.764800 1484.422400 2715.408000 1.000000
1433.796800 260.896000 1484.905600 1792.960000 1.000000
1347.211200 1133.299200 1485.184000 2530.368000 1.000000
1372.508800 922.595200 1489.209600 2326.672000 1.000000
1322.971200 1428.616000 1489.985600 2844.864000 1.000000
1332.795200 1377.052800 1494.102400 2787.120000 1.000000
1349.364800 1227.467200 1496.360000 2625.760000 1.000000
1363.182400 1100.001600 1496.856000 2496.064000 1.000000
1354.817600 1182.091200 1496.988800 2577.952000 1.000000
1346.321600 1343.867200 1506.124800 2748.880000 1.000000
2413.648000 842.204800 2371.280000 1145.390400 1.000000
2494.736000 1077.171200 2451.952000 1206.140800 1.000000
2604.304000 1201.513600 2544.528000 1192.452800 1.000000
2476.960000 1595.624000 2547.552000 1380.526400 1.000000
2499.600000 1601.040000 2566.720000 1373.112000 1.000000
2456.336000 795.051200 2591.856000 1197.984000 1.000000
2501.024000 2032.144000 2702.752000 1719.696000 1.000000
2509.264000 2076.640000 2727.872000 1760.496000 1.000000
2504.480000 2107.440000 2734.336000 1790.304000 1.000000
2509.440000 2102.000000 2736.496000 1782.928000 1.000000
2488.784000 2162.176000 2738.528000 1845.280000 1.000000
2503.232000 2149.456000 2747.376000 1827.968000 1.000000
2531.984000 2091.072000 2752.832000 1760.928000 1.000000
2567.024000 2097.200000 2789.136000 1748.112000 1.000000
2573.232000 2097.520000 2795.200000 1745.264000 1.000000
2570.384000 2120.128000 2799.808000 1765.440000 1.000000
2574.480000 2129.232000 2807.376000 1771.232000 1.000000
2616.240000 2080.560000 2828.960000 1703.872000 1.000000
2633.632000 2182.272000 2878.864000 1774.448000 1.000000
