110.778560 2741.952000 332.339200 1675.408000 1.000000
166.440000 2756.544000 384.169600 1693.984000 1.000000
188.235200 2842.032000 411.196800 1768.144000 1.000000
283.027200 2799.728000 512.016000 1717.088000 1.000000
311.542400 2911.264000 537.851200 1823.984000 1.000000
325.598400 2861.712000 546.926400 1782.464000 1.000000
341.081600 2875.056000 559.993600 1796.240000 1.000000
451.816000 1197.086400 574.188800 147.196480 1.000000
456.003200 1217.136000 579.622400 167.972800 1.000000
460.488000 1204.297600 584.771200 154.426560 1.000000
494.704000 1195.745600 621.899200 147.292640 1.000000
528.811200 2726.512000 634.824000 1913.680000 1.000000
563.563200 2897.840000 666.313600 2080.064000 1.000000
575.947200 2783.216000 676.483200 1979.840000 1.000000
597.956800 2221.600000 683.012800 1448.764800 1.000000
591.398400 2587.296000 686.910400 1798.752000 1.000000
602.209600 2612.832000 696.984000 1827.696000 1.000000
600.172800 2705.968000 697.654400 1911.632000 1.000000
605.524800 2520.672000 699.411200 1738.656000 1.000000
600.176000 2957.344000 701.001600 2140.064000 1.000000
604.460800 2671.088000 701.065600 1878.688000 1.000000
606.120000 2634.096000 701.344000 1846.304000 1.000000
601.396800 2902.432000 702.451200 2092.336000 1.000000
604.704000 2828.032000 702.646400 2026.160000 1.000000
601.649600 2933.776000 702.704000 2118.816000 1.000000
608.395200 2540.800000 702.840000 1756.032000 1.000000
601.476800 2982.224000 703.675200 2162.640000 1.000000
652.313600 1482.089600 710.849600 659.966400 1.000000
614.948800 2966.496000 714.528000 2150.448000 1.000000
615.585600 2928.592000 714.643200 2116.368000 1.000000
616.206400 2856.944000 714.950400 2052.224000 1.000000
659.928000 1476.502400 717.785600 653.918400 1.000000
648.577600 1938.064000 720.326400 1172.171200 1.000000
630.593600 2596.128000 722.873600 1818.176000 1.000000
640.732800 2266.256000 724.030400 1503.384000 1.000000
626.012800 2940.208000 724.675200 2129.104000 1.000000
653.539200 1961.936000 725.955200 1198.579200 1.000000
632.176000 2663.440000 726.790400 1877.792000 1.000000
634.572800 2696.816000 729.792000 1909.488000 1.000000
661.878400 1919.712000 731.299200 1152.888000 1.000000
662.089600 2039.680000 736.464000 1277.801600 1.000000
642.171200 2795.872000 736.966400 2003.344000 1.000000
643.176000 2843.312000 739.361600 2043.456000 1.000000
647.689600 2607.632000 740.532800 1828.560000 1.000000
657.526400 2350.160000 742.006400 1590.550400 1.000000
651.868800 2515.552000 742.494400 1743.312000 1.000000
683.076800 1726.704000 744.225600 953.814400 1.000000
675.184000 1899.184000 744.363200 1136.156800 1.000000
650.832000 2898.512000 745.531200 2099.248000 1.000000
653.737600 2752.416000 747.004800 1963.312000 1.000000
653.433600 2773.792000 747.982400 1982.640000 1.000000
679.897600 1905.904000 749.904000 1142.969600 1.000000
668.340800 2259.680000 750.057600 1501.868800 1.000000
674.624000 2151.136000 751.496000 1397.563200 1.000000
657.009600 2831.664000 751.860800 2039.392000 1.000000
685.806400 1847.440000 752.236800 1083.436800 1.000000
692.380800 1739.808000 753.513600 969.083200 1.000000
690.232000 1775.520000 753.563200 1006.105600 1.000000
661.070400 2660.240000 754.521600 1879.760000 1.000000
664.990400 2689.328000 755.369600 1908.208000 1.000000
665.110400 2506.704000 755.459200 1733.680000 1.000000
692.396800 1766.912000 755.916800 997.350400 1.000000
695.068800 1720.464000 755.956800 949.408000 1.000000
682.787200 2088.208000 756.051200 1334.889600 1.000000
702.761600 1479.705600 756.748800 679.056000 1.000000
680.291200 2158.176000 757.756800 1405.996800 1.000000
688.691200 1937.488000 758.542400 1180.777600 1.000000
669.835200 2576.096000 759.516800 1804.752000 1.000000
686.182400 2062.944000 760.260800 1305.768000 1.000000
701.219200 1695.120000 761.163200 923.569600 1.000000
698.056000 1786.048000 762.059200 1019.040000 1.000000
680.670400 2281.808000 762.115200 1526.032000 1.000000
675.376000 2534.448000 762.363200 1766.752000 1.000000
667.491200 2980.304000 762.552000 2168.608000 1.000000
670.620800 2638.880000 762.772800 1860.944000 1.000000
687.083200 2178.336000 764.020800 1426.620800 1.000000
694.825600 2089.168000 767.259200 1339.435200 1.000000
680.633600 2478.016000 767.358400 1713.312000 1.000000
708.422400 1667.280000 767.849600 891.259200 1.000000
700.555200 1855.552000 768.020800 1093.468800 1.000000
686.312000 2374.000000 768.515200 1617.808000 1.000000
685.976000 2324.144000 768.603200 1569.096000 1.000000
675.840000 2853.632000 770.940800 2056.320000 1.000000
726.323200 1285.377600 772.110400 456.251200 1.000000
697.148800 2153.808000 772.976000 1403.609600 1.000000
705.612800 1877.776000 773.008000 1117.520000 1.000000
686.076800 2566.240000 773.443200 1798.928000 1.000000
713.041600 1715.360000 773.572800 946.385600 1.000000
678.212800 2917.264000 773.745600 2115.200000 1.000000
715.832000 1668.416000 773.785600 895.521600 1.000000
693.950400 2280.272000 774.091200 1527.744000 1.000000
689.603200 2426.592000 774.321600 1667.664000 1.000000
680.156800 2967.232000 774.969600 2158.000000 1.000000
690.332800 2451.232000 775.539200 1691.408000 1.000000
699.448000 2223.936000 776.555200 1473.110400 1.000000
704.376000 2081.232000 776.993600 1332.769600 1.000000
697.435200 2336.928000 778.923200 1583.323200 1.000000
726.324800 1510.678400 781.216000 719.931200 1.000000
705.040000 2160.384000 781.520000 1410.988800 1.000000
703.859200 2284.064000 784.083200 1532.984000 1.000000
728.934400 1560.195200 784.323200 776.203200 1.000000
699.483200 2465.952000 785.830400 1705.680000 1.000000
716.292800 1997.008000 786.188800 1248.344000 1.000000
730.977600 1534.560000 786.272000 744.020800 1.000000
696.897600 2805.408000 786.464000 2015.200000 1.000000
695.828800 2642.400000 786.552000 1866.640000 1.000000
694.299200 2869.760000 787.369600 2073.328000 1.000000
706.249600 2340.176000 787.912000 1587.942400 1.000000
732.379200 1517.928000 787.920000 727.710400 1.000000
722.297600 1866.672000 788.696000 1108.580800 1.000000
717.222400 2076.992000 789.043200 1330.667200 1.000000
718.108800 2044.400000 790.046400 1295.139200 1.000000
700.192000 2650.928000 791.601600 1875.776000 1.000000
724.796800 1882.192000 791.662400 1127.091200 1.000000
744.851200 1267.600000 792.305600 439.835200 1.000000
720.161600 2057.344000 792.443200 1310.464000 1.000000
722.286400 1948.416000 792.609600 1196.830400 1.000000
724.883200 1973.792000 793.176000 1224.062400 1.000000
746.104000 1296.867200 793.248000 473.228800 1.000000
719.012800 2157.024000 794.609600 1408.545600 1.000000
750.091200 1259.040000 794.848000 428.899200 1.000000
727.259200 1820.944000 794.889600 1061.121600 1.000000
750.366400 1180.321600 795.644800 330.572800 1.000000
734.356800 1731.680000 796.176000 967.593600 1.000000
745.174400 1427.756800 796.348800 627.265600 1.000000
715.142400 2347.712000 796.528000 1596.910400 1.000000
729.576000 1849.168000 797.080000 1094.166400 1.000000
711.747200 2532.080000 797.086400 1771.088000 1.000000
725.275200 2066.944000 797.299200 1322.388800 1.000000
722.350400 2141.504000 797.443200 1393.568000 1.000000
711.163200 2556.080000 797.484800 1791.152000 1.000000
720.889600 2203.856000 797.995200 1456.883200 1.000000
720.731200 2251.168000 798.715200 1502.972800 1.000000
745.880000 1449.766400 799.180800 653.129600 1.000000
727.873600 2059.808000 799.292800 1314.441600 1.000000
726.148800 2112.560000 800.190400 1366.230400 1.000000
722.846400 2299.088000 801.948800 1553.115200 1.000000
736.022400 1877.472000 802.819200 1122.632000 1.000000
757.777600 1031.988800 803.278400 144.752000 1.000000
735.382400 1960.032000 803.372800 1211.472000 1.000000
728.876800 2134.864000 803.697600 1387.036800 1.000000
758.211200 1274.108800 804.212800 448.192000 1.000000
727.305600 2219.664000 804.580800 1473.694400 1.000000
759.436800 1149.414400 804.609600 294.755200 1.000000
735.740800 2024.144000 806.400000 1278.731200 1.000000
740.860800 1919.472000 807.804800 1169.080000 1.000000
765.182400 959.329600 808.744000 58.649920 1.000000
748.640000 1722.400000 809.108800 960.257600 1.000000
747.254400 1762.176000 809.230400 1003.459200 1.000000
734.283200 2212.528000 809.750400 1468.305600 1.000000
729.288000 2331.456000 809.822400 1583.028800 1.000000
745.112000 1886.544000 810.408000 1135.400000 1.000000
734.350400 2221.424000 811.147200 1476.790400 1.000000
766.051200 1183.737600 811.529600 339.798400 1.000000
744.830400 1874.304000 812.286400 1121.683200 1.000000
733.643200 2302.400000 812.384000 1555.646400 1.000000
748.302400 1887.536000 813.017600 1137.718400 1.000000
729.712000 2438.288000 813.337600 1687.152000 1.000000
769.995200 1103.416000 813.630400 242.289600 1.000000
766.248000 1293.236800 814.044800 472.734400 1.000000
739.417600 2135.232000 814.276800 1390.422400 1.000000
748.649600 1908.704000 814.422400 1158.465600 1.000000
728.699200 2563.376000 814.931200 1800.160000 1.000000
751.280000 1792.256000 814.952000 1034.987200 1.000000
743.427200 2055.440000 815.736000 1311.774400 1.000000
748.748800 1949.008000 816.179200 1201.388800 1.000000
727.489600 2692.608000 816.921600 1919.568000 1.000000
755.216000 1737.888000 817.078400 977.011200 1.000000
739.164800 2302.656000 818.057600 1556.424000 1.000000
773.536000 1130.612800 818.713600 275.992000 1.000000
750.952000 1899.824000 818.772800 1149.620800 1.000000
774.123200 1222.907200 819.552000 391.344000 1.000000
764.273600 1551.193600 819.832000 774.736000 1.000000
776.840000 961.513600 819.924800 63.425600 1.000000
753.753600 1834.688000 820.216000 1080.545600 1.000000
757.796800 1771.392000 821.072000 1014.380800 1.000000
775.380800 1135.492800 821.112000 281.017600 1.000000
751.896000 1966.400000 821.169600 1220.052800 1.000000
744.366400 2244.960000 822.560000 1500.600000 1.000000
775.633600 1269.491200 824.020800 444.348800 1.000000
778.748800 1203.670400 824.091200 369.635200 1.000000
778.939200 1142.400000 824.347200 289.792000 1.000000
738.412800 2573.680000 825.067200 1810.400000 1.000000
740.411200 2506.432000 825.352000 1750.048000 1.000000
745.472000 2320.240000 825.430400 1574.382400 1.000000
740.248000 2563.712000 825.617600 1801.360000 1.000000
755.860800 2020.656000 826.192000 1278.648000 1.000000
743.702400 2473.056000 827.276800 1717.600000 1.000000
761.051200 1877.664000 828.212800 1128.678400 1.000000
783.145600 1126.833600 828.307200 272.499200 1.000000
784.505600 993.646400 828.761600 104.351840 1.000000
740.792000 2621.104000 828.788800 1852.512000 1.000000
761.523200 1933.936000 829.574400 1187.329600 1.000000
753.552000 2195.968000 829.625600 1453.854400 1.000000
765.790400 1796.048000 829.907200 1040.793600 1.000000
783.428800 1215.936000 830.249600 382.708800 1.000000
741.235200 2732.400000 830.305600 1956.784000 1.000000
780.956800 1342.606400 830.395200 534.169600 1.000000
782.976000 1271.115200 830.424000 447.958400 1.000000
778.001600 1404.284800 830.577600 605.409600 1.000000
739.412800 2811.232000 830.907200 2027.104000 1.000000
786.696000 1144.656000 831.817600 295.126400 1.000000
786.843200 1102.076800 832.139200 242.692800 1.000000
748.835200 2482.992000 832.427200 1727.840000 1.000000
781.942400 1393.404800 832.728000 593.385600 1.000000
778.196800 1530.636800 833.259200 751.358400 1.000000
746.569600 2631.920000 834.849600 1862.464000 1.000000
766.166400 1938.704000 834.982400 1192.440000 1.000000
758.211200 2280.000000 835.201600 1538.632000 1.000000
747.206400 2705.744000 835.283200 1933.392000 1.000000
760.985600 2125.264000 835.755200 1380.180800 1.000000
787.492800 1264.435200 835.916800 441.881600 1.000000
748.452800 2742.768000 836.795200 1966.944000 1.000000
768.347200 2016.080000 837.225600 1276.406400 1.000000
751.150400 2606.288000 837.790400 1841.696000 1.000000
756.017600 2422.848000 838.393600 1672.656000 1.000000
773.078400 1830.240000 838.545600 1078.984000 1.000000
770.123200 1940.448000 838.667200 1195.155200 1.000000
781.452800 1581.096000 838.761600 807.856000 1.000000
784.008000 1560.574400 838.996800 785.828800 1.000000
762.412800 2214.752000 839.457600 1473.046400 1.000000
773.259200 1918.096000 840.588800 1171.977600 1.000000
756.078400 2567.728000 842.084800 1807.232000 1.000000
752.446400 2896.896000 842.793600 2106.208000 1.000000
772.462400 1986.432000 842.899200 1245.552000 1.000000
794.083200 1278.913600 842.931200 458.062400 1.000000
771.537600 2077.424000 843.272000 1337.092800 1.000000
790.729600 1452.737600 843.315200 663.964800 1.000000
773.936000 2005.440000 843.478400 1264.532800 1.000000
751.939200 2966.512000 843.654400 2164.896000 1.000000
759.456000 2594.608000 845.700800 1831.936000 1.000000
792.552000 1496.040000 846.192000 715.411200 1.000000
779.739200 1819.312000 846.284800 1068.388800 1.000000
771.659200 2192.400000 846.443200 1452.107200 1.000000
767.068800 2357.072000 847.081600 1610.784000 1.000000
765.339200 2458.992000 848.099200 1707.216000 1.000000
802.305600 1204.315200 848.603200 371.176000 1.000000
768.164800 2471.376000 851.145600 1720.064000 1.000000
797.304000 1510.278400 851.310400 731.075200 1.000000
774.059200 2252.784000 851.484800 1511.632000 1.000000
781.004800 1964.624000 852.024000 1222.190400 1.000000
765.966400 2637.520000 852.140800 1871.760000 1.000000
789.694400 1856.784000 853.707200 1110.795200 1.000000
782.179200 2066.384000 854.046400 1328.371200 1.000000
808.694400 1028.934400 854.307200 155.715840 1.000000
809.603200 1052.691200 854.379200 185.332800 1.000000
792.068800 1715.600000 854.492800 959.361600 1.000000
804.382400 1356.449600 854.907200 555.040000 1.000000
800.548800 1485.454400 855.052800 704.129600 1.000000
770.313600 2435.008000 855.073600 1684.272000 1.000000
786.611200 1941.664000 855.121600 1198.950400 1.000000
776.507200 2331.824000 855.435200 1588.494400 1.000000
775.128000 2356.768000 855.556800 1612.208000 1.000000
780.923200 2141.552000 855.736000 1400.092800 1.000000
809.980800 1046.440000 855.766400 177.806400 1.000000
809.254400 985.697600 856.116800 100.683840 1.000000
781.521600 2127.792000 856.900800 1386.937600 1.000000
799.374400 1595.750400 857.548800 827.523200 1.000000
786.534400 2084.384000 857.608000 1344.939200 1.000000
773.161600 2647.920000 857.964800 1884.256000 1.000000
806.025600 1421.283200 857.992000 630.504000 1.000000
794.926400 1834.528000 859.894400 1086.097600 1.000000
790.353600 2076.480000 860.348800 1337.590400 1.000000
813.180800 1130.672000 860.521600 281.083200 1.000000
798.804800 1726.272000 860.856000 970.524800 1.000000
790.832000 2016.960000 860.985600 1278.761600 1.000000
785.056000 2231.584000 861.136000 1491.960000 1.000000
811.059200 1330.238400 861.241600 522.558400 1.000000
797.433600 1777.552000 861.366400 1025.763200 1.000000
804.744000 1492.700800 861.451200 711.747200 1.000000
797.992000 1750.592000 861.520000 997.395200 1.000000
813.544000 1302.022400 863.179200 491.000000 1.000000
776.195200 2738.112000 863.264000 1965.760000 1.000000
777.305600 2517.600000 863.590400 1762.848000 1.000000
780.254400 2669.088000 864.201600 1903.232000 1.000000
800.670400 1765.360000 864.208000 1014.515200 1.000000
790.152000 2160.576000 864.321600 1422.603200 1.000000
779.825600 2594.688000 864.689600 1834.160000 1.000000
795.763200 1914.192000 865.196800 1167.750400 1.000000
784.292800 2481.936000 865.878400 1732.800000 1.000000
815.041600 1387.220800 865.889600 596.761600 1.000000
780.483200 2628.848000 865.969600 1865.456000 1.000000
786.318400 2408.000000 866.016000 1662.400000 1.000000
815.827200 1350.056000 866.558400 548.339200 1.000000
796.192000 2010.048000 866.646400 1271.891200 1.000000
800.448000 1874.960000 867.283200 1131.412800 1.000000
815.776000 1363.753600 867.456000 564.931200 1.000000
805.372800 1702.928000 867.545600 947.304000 1.000000
792.467200 2169.936000 867.707200 1432.091200 1.000000
785.740800 2469.584000 868.243200 1720.000000 1.000000
794.344000 2134.976000 868.348800 1396.241600 1.000000
790.828800 2336.352000 869.456000 1593.577600 1.000000
781.473600 2780.080000 869.492800 2005.600000 1.000000
793.307200 2268.944000 870.004800 1530.067200 1.000000
784.332800 2769.040000 870.883200 1995.504000 1.000000
786.620800 2697.120000 872.123200 1929.568000 1.000000
784.900800 2916.944000 872.568000 2125.216000 1.000000
825.630400 1260.924800 874.025600 443.934400 1.000000
804.425600 1994.464000 874.105600 1256.512000 1.000000
799.537600 2144.944000 874.643200 1406.974400 1.000000
817.236800 1611.216000 874.683200 848.532800 1.000000
829.956800 925.694400 874.910400 28.593920 1.000000
789.035200 2739.136000 875.390400 1968.768000 1.000000
806.955200 1972.176000 875.870400 1233.232000 1.000000
792.486400 2539.328000 876.574400 1783.984000 1.000000
791.201600 2572.288000 876.630400 1814.528000 1.000000
800.536000 2220.656000 877.172800 1480.300800 1.000000
811.251200 1827.344000 877.238400 1079.393600 1.000000
829.368000 1085.504000 877.372800 229.417600 1.000000
832.230400 940.856000 877.651200 48.599360 1.000000
831.795200 1064.803200 878.835200 203.577600 1.000000
832.318400 1140.110400 878.964800 298.428800 1.000000
828.787200 1335.824000 880.246400 534.198400 1.000000
811.972800 1942.048000 880.896000 1201.824000 1.000000
822.398400 1568.993600 881.470400 800.435200 1.000000
818.238400 1746.000000 881.988800 994.521600 1.000000
834.696000 1149.788800 882.204800 310.310400 1.000000
831.268800 1286.881600 882.417600 474.454400 1.000000
794.092800 2961.968000 882.747200 2165.456000 1.000000
837.385600 916.864000 883.276800 18.842720 1.000000
813.416000 2038.368000 884.320000 1302.910400 1.000000
818.646400 1839.072000 884.619200 1095.657600 1.000000
819.620800 1829.936000 884.857600 1086.508800 1.000000
826.188800 1599.643200 885.276800 836.636800 1.000000
802.572800 2598.656000 886.017600 1840.576000 1.000000
837.152000 1265.643200 886.137600 450.763200 1.000000
799.110400 2703.168000 886.180800 1936.032000 1.000000
805.988800 2554.432000 886.806400 1801.328000 1.000000
811.384000 2170.112000 887.006400 1433.192000 1.000000
809.632000 2278.928000 887.859200 1540.473600 1.000000
807.041600 2476.496000 887.980800 1729.392000 1.000000
839.518400 1097.478400 888.337600 243.179200 1.000000
803.955200 2682.384000 888.702400 1916.848000 1.000000
808.430400 2486.048000 888.854400 1737.856000 1.000000
823.196800 1858.176000 889.625600 1115.788800 1.000000
831.808000 1555.572800 889.995200 786.251200 1.000000
804.520000 2850.112000 890.249600 2069.888000 1.000000
839.699200 1335.324800 890.960000 533.736000 1.000000
835.896000 1453.312000 891.078400 672.576000 1.000000
843.758400 1141.785600 892.316800 301.665600 1.000000
834.852800 1561.225600 892.448000 792.305600 1.000000
839.076800 1375.360000 892.454400 581.425600 1.000000
834.190400 1590.748800 892.598400 827.584000 1.000000
844.499200 1079.675200 892.848000 221.665600 1.000000
810.174400 2625.616000 892.987200 1866.176000 1.000000
847.710400 951.606400 893.795200 63.508640 1.000000
841.616000 1310.622400 894.099200 505.950400 1.000000
825.300800 1949.968000 894.281600 1211.492800 1.000000
825.502400 1940.256000 894.310400 1201.361600 1.000000
833.089600 1708.176000 894.536000 954.905600 1.000000
840.574400 1433.416000 895.222400 648.833600 1.000000
846.822400 1166.145600 896.617600 331.025600 1.000000
810.257600 2869.952000 896.694400 2086.400000 1.000000
850.419200 927.276800 896.732800 33.462240 1.000000
846.232000 1197.043200 896.822400 369.099200 1.000000
827.812800 1964.752000 897.384000 1227.774400 1.000000
812.636800 2773.184000 897.422400 2003.408000 1.000000
849.270400 1180.747200 898.616000 349.227200 1.000000
842.593600 1467.808000 898.958400 689.158400 1.000000
818.790400 2484.736000 899.945600 1738.064000 1.000000
852.427200 1014.761600 900.065600 142.059040 1.000000
817.132800 2597.136000 900.576000 1839.840000 1.000000
814.894400 2741.248000 900.964800 1971.072000 1.000000
852.593600 1102.044800 901.635200 252.580800 1.000000
836.641600 1835.472000 902.056000 1092.854400 1.000000
839.580800 1746.080000 902.710400 997.912000 1.000000
846.488000 1494.518400 903.220800 720.528000 1.000000
852.574400 1227.529600 904.371200 405.417600 1.000000
839.801600 1762.592000 904.588800 1015.150400 1.000000
854.673600 1240.123200 904.851200 421.920000 1.000000
846.822400 1530.374400 905.072000 758.900800 1.000000
856.256000 1139.404800 905.184000 299.587200 1.000000
850.740800 1385.396800 905.403200 594.547200 1.000000
850.750400 1439.620800 905.657600 657.576000 1.000000
844.019200 1658.000000 905.739200 901.144000 1.000000
849.992000 1413.235200 905.806400 627.148800 1.000000
857.256000 1149.443200 905.886400 311.116800 1.000000
854.113600 1337.171200 906.304000 536.537600 1.000000
848.776000 1518.510400 906.696000 746.404800 1.000000
833.937600 2091.936000 906.926400 1360.256000 1.000000
859.064000 1050.348800 907.556800 187.691200 1.000000
841.166400 1724.368000 907.768000 973.875200 1.000000
841.876800 1810.240000 909.011200 1067.654400 1.000000
860.275200 1030.262400 909.118400 163.921600 1.000000
857.681600 1268.198400 909.435200 456.542400 1.000000
859.816000 1130.110400 909.483200 288.992000 1.000000
843.841600 1808.064000 910.259200 1066.241600 1.000000
859.468800 1248.328000 910.675200 433.088000 1.000000
836.763200 2123.424000 910.908800 1388.260800 1.000000
862.446400 1260.539200 912.646400 448.616000 1.000000
844.070400 1909.344000 912.742400 1170.358400 1.000000
843.843200 1869.616000 912.846400 1129.766400 1.000000
862.579200 1113.382400 912.920000 268.760000 1.000000
862.811200 1186.811200 913.080000 357.502400 1.000000
861.329600 1234.051200 913.356800 417.820800 1.000000
850.446400 1747.552000 913.636800 1000.265600 1.000000
832.188800 2507.408000 914.222400 1758.320000 1.000000
839.817600 2313.328000 914.344000 1576.497600 1.000000
865.822400 1107.401600 914.977600 262.136000 1.000000
864.246400 1253.537600 915.331200 439.476800 1.000000
841.824000 2179.472000 916.585600 1446.550400 1.000000
866.102400 1161.894400 916.867200 327.158400 1.000000
834.372800 2816.608000 918.147200 2042.832000 1.000000
861.532800 1485.380800 918.496000 709.393600 1.000000
849.712000 1904.016000 918.728000 1165.150400 1.000000
870.324800 937.041600 918.888000 49.358560 1.000000
846.132800 2095.232000 919.761600 1359.624000 1.000000
853.683200 1775.920000 919.849600 1030.395200 1.000000
844.288000 2143.408000 920.000000 1409.550400 1.000000
837.630400 2529.008000 920.225600 1778.144000 1.000000
871.438400 991.721600 920.680000 117.035520 1.000000
850.763200 2033.184000 921.014400 1301.552000 1.000000
871.097600 1285.936000 921.144000 480.846400 1.000000
859.289600 1669.552000 921.169600 916.651200 1.000000
870.387200 1183.844800 921.353600 354.739200 1.000000
868.913600 1356.860800 921.718400 561.414400 1.000000
859.185600 1739.808000 921.809600 994.147200 1.000000
867.344000 1379.430400 922.068800 590.297600 1.000000
837.380800 2917.536000 922.249600 2132.416000 1.000000
872.676800 1096.993600 922.339200 249.472000 1.000000
861.792000 1655.248000 923.769600 901.275200 1.000000
865.584000 1470.811200 923.865600 694.860800 1.000000
839.576000 2838.240000 924.403200 2062.368000 1.000000
875.488000 959.632000 925.379200 78.049600 1.000000
873.286400 1295.241600 925.414400 491.120000 1.000000
874.715200 1048.001600 925.476800 186.899200 1.000000
872.248000 1364.692800 926.992000 572.504000 1.000000
848.998400 2355.984000 927.091200 1619.408000 1.000000
842.366400 2700.240000 927.427200 1936.496000 1.000000
878.619200 949.331200 927.875200 65.371200 1.000000
863.064000 1758.720000 929.616000 1012.484800 1.000000
879.769600 1006.788800 929.744000 135.784800 1.000000
876.425600 1187.153600 929.769600 360.692800 1.000000
865.376000 1778.176000 930.030400 1036.336000 1.000000
879.995200 1094.662400 930.179200 246.585600 1.000000
875.025600 1438.398400 930.249600 660.182400 1.000000
858.979200 2065.360000 930.364800 1334.811200 1.000000
879.766400 1042.038400 930.385600 179.377600 1.000000
862.425600 1893.936000 930.494400 1156.076800 1.000000
876.248000 1431.961600 930.881600 651.889600 1.000000
871.680000 1561.099200 931.275200 799.561600 1.000000
861.720000 1958.608000 931.281600 1225.049600 1.000000
848.299200 2870.352000 932.096000 2091.312000 1.000000
862.201600 2049.168000 932.294400 1318.872000 1.000000
851.222400 2568.304000 932.510400 1818.384000 1.000000
881.926400 1026.160000 932.942400 159.901920 1.000000
875.606400 1455.812800 932.958400 678.736000 1.000000
868.926400 1728.192000 933.096000 981.504000 1.000000
849.564800 2766.096000 933.142400 1998.144000 1.000000
881.844800 1203.553600 933.542400 381.635200 1.000000
847.876800 2983.696000 933.566400 2187.568000 1.000000
855.713600 2300.896000 933.721600 1567.068800 1.000000
858.496000 2237.600000 933.796800 1506.020800 1.000000
879.366400 1319.025600 934.392000 518.947200 1.000000
884.806400 1012.160000 934.984000 143.067360 1.000000
884.611200 1000.428800 935.467200 129.788480 1.000000
871.451200 1736.944000 937.099200 990.870400 1.000000
884.963200 1189.625600 937.144000 363.782400 1.000000
880.772800 1415.324800 937.617600 633.209600 1.000000
866.508800 2015.456000 937.862400 1285.737600 1.000000
872.699200 1759.232000 938.248000 1014.755200 1.000000
877.158400 1601.072000 938.254400 843.435200 1.000000
887.736000 988.836800 938.542400 115.425280 1.000000
870.587200 1870.624000 939.214400 1132.328000 1.000000
889.092800 962.230400 939.425600 82.530240 1.000000
880.278400 1555.664000 940.214400 793.947200 1.000000
860.744000 2480.688000 940.617600 1736.768000 1.000000
885.038400 1375.897600 940.840000 587.438400 1.000000
882.107200 1479.889600 940.932800 706.670400 1.000000
873.201600 1953.392000 941.563200 1221.059200 1.000000
859.545600 2631.648000 941.577600 1876.496000 1.000000
889.742400 1102.360000 942.081600 258.622400 1.000000
888.708800 1311.752000 942.996800 511.744000 1.000000
860.177600 2754.000000 943.577600 1988.704000 1.000000
863.336000 2524.464000 943.771200 1777.440000 1.000000
886.681600 1417.089600 943.785600 636.371200 1.000000
891.916800 996.604800 944.448000 125.592000 1.000000
861.651200 2827.296000 945.009600 2054.240000 1.000000
873.067200 2118.752000 945.579200 1389.171200 1.000000
887.662400 1500.084800 946.681600 730.134400 1.000000
868.164800 2471.184000 947.099200 1729.040000 1.000000
896.280000 1033.201600 947.987200 170.129600 1.000000
889.876800 1550.704000 948.604800 789.006400 1.000000
871.251200 2415.856000 948.888000 1678.608000 1.000000
866.340800 2933.856000 950.393600 2147.424000 1.000000
868.200000 2705.552000 950.558400 1944.704000 1.000000
900.008000 1081.092800 952.060800 233.440000 1.000000
896.411200 1403.745600 952.121600 622.363200 1.000000
878.625600 2093.808000 952.684800 1362.785600 1.000000
878.916800 2083.520000 953.281600 1352.486400 1.000000
899.099200 1212.584000 953.960000 393.000000 1.000000
892.419200 1604.144000 954.339200 848.038400 1.000000
901.374400 1045.321600 954.390400 185.412800 1.000000
900.115200 1133.809600 954.787200 295.652800 1.000000
903.936000 1158.948800 955.190400 329.524800 1.000000
887.478400 1910.352000 956.294400 1175.022400 1.000000
901.156800 1356.380800 956.886400 565.955200 1.000000
903.137600 1267.793600 957.256000 460.808000 1.000000
891.716800 1773.568000 957.268800 1033.761600 1.000000
898.552000 1501.278400 958.328000 732.649600 1.000000
904.361600 1177.763200 958.857600 351.094400 1.000000
885.356800 2213.248000 960.508800 1484.062400 1.000000
878.164800 2770.848000 960.776000 2004.528000 1.000000
906.728000 1307.158400 962.182400 508.784000 1.000000
879.483200 2703.472000 962.478400 1944.800000 1.000000
903.662400 1274.812800 962.491200 469.232000 1.000000
908.120000 1259.985600 962.632000 452.782400 1.000000
881.230400 2649.760000 963.801600 1894.672000 1.000000
887.620800 2281.392000 963.896000 1552.080000 1.000000
911.800000 1122.640000 965.211200 284.902400 1.000000
914.043200 999.686400 965.328000 131.501280 1.000000
882.360000 2988.832000 965.572800 2194.624000 1.000000
883.518400 2666.608000 965.862400 1911.152000 1.000000
901.310400 1726.608000 966.652800 983.932800 1.000000
913.088000 977.494400 967.587200 100.879040 1.000000
890.422400 2255.440000 967.945600 1525.697600 1.000000
895.091200 2115.184000 968.072000 1386.998400 1.000000
911.108800 1368.123200 968.340800 577.211200 1.000000
902.553600 1805.664000 968.360000 1068.756800 1.000000
911.449600 1296.028800 968.606400 494.192000 1.000000
912.545600 1316.784000 968.995200 520.420800 1.000000
916.481600 935.732800 969.401600 52.381440 1.000000
888.646400 2911.168000 970.590400 2131.552000 1.000000
890.161600 2614.128000 970.969600 1864.368000 1.000000
912.204800 1522.894400 971.611200 759.147200 1.000000
888.132800 2998.048000 971.766400 2202.576000 1.000000
893.214400 2384.784000 971.820800 1651.216000 1.000000
902.814400 2054.144000 972.225600 1324.811200 1.000000
896.736000 2233.440000 972.476800 1505.356800 1.000000
917.216000 1037.947200 972.539200 178.372800 1.000000
919.670400 985.910400 972.958400 114.050400 1.000000
892.577600 2628.704000 973.390400 1878.016000 1.000000
890.947200 2864.032000 973.867200 2088.752000 1.000000
900.569600 2095.680000 974.075200 1366.996800 1.000000
920.083200 924.464000 974.308800 37.732160 1.000000
917.710400 1319.550400 974.465600 524.092800 1.000000
907.608000 1818.528000 975.092800 1083.072000 1.000000
919.470400 1225.640000 975.400000 411.123200 1.000000
910.297600 1723.376000 975.974400 980.588800 1.000000
893.952000 2707.760000 976.195200 1949.168000 1.000000
920.683200 1017.259200 976.278400 151.790720 1.000000
916.697600 1529.724800 977.387200 769.520000 1.000000
907.704000 1967.216000 977.531200 1239.073600 1.000000
897.646400 2680.992000 977.763200 1924.544000 1.000000
910.299200 1839.808000 978.217600 1104.827200 1.000000
925.294400 1079.763200 978.361600 233.616000 1.000000
921.657600 1029.520000 978.668800 169.092800 1.000000
914.430400 1689.664000 978.899200 944.809600 1.000000
899.336000 2736.256000 979.625600 1976.016000 1.000000
904.982400 2176.320000 979.732800 1450.115200 1.000000
899.110400 2774.624000 979.993600 2010.368000 1.000000
923.372800 1318.259200 980.726400 522.379200 1.000000
899.408000 2843.360000 981.030400 2071.952000 1.000000
916.452800 1806.496000 982.878400 1070.934400 1.000000
921.713600 1517.027200 983.649600 754.006400 1.000000
915.734400 1835.424000 983.950400 1100.390400 1.000000
930.235200 1083.179200 984.254400 238.134400 1.000000
903.216000 2758.976000 984.585600 1997.328000 1.000000
902.116800 2890.192000 985.371200 2111.632000 1.000000
915.185600 2059.728000 985.636800 1333.856000 1.000000
929.948800 1116.107200 985.745600 278.761600 1.000000
913.113600 2262.480000 988.267200 1536.248000 1.000000
915.102400 2122.624000 988.822400 1397.579200 1.000000
907.398400 2609.472000 989.403200 1861.264000 1.000000
923.755200 1752.432000 989.464000 1013.816000 1.000000
916.160000 2109.296000 989.593600 1384.012800 1.000000
931.876800 1370.824000 990.321600 588.235200 1.000000
911.993600 2543.872000 990.969600 1797.952000 1.000000
909.440000 2829.792000 990.979200 2059.936000 1.000000
916.150400 2217.712000 991.702400 1492.270400 1.000000
925.968000 1734.720000 991.761600 996.420800 1.000000
938.016000 1176.748800 992.620800 359.000000 1.000000
923.217600 1872.176000 992.832000 1140.249600 1.000000
934.571200 1202.670400 992.875200 386.244800 1.000000
921.035200 2006.608000 993.387200 1280.454400 1.000000
937.376000 1013.347200 993.784000 149.803520 1.000000
919.956800 2165.504000 994.464000 1440.889600 1.000000
938.321600 1076.376000 994.977600 230.920000 1.000000
934.096000 1569.715200 995.171200 813.089600 1.000000
916.790400 2458.448000 995.244800 1722.304000 1.000000
939.787200 1103.164800 995.524800 263.094400 1.000000
929.161600 1758.544000 995.896000 1022.211200 1.000000
918.601600 2444.080000 996.545600 1709.760000 1.000000
937.526400 1388.820800 996.688000 609.683200 1.000000
942.358400 1058.585600 997.171200 209.974400 1.000000
931.204800 1714.272000 997.619200 973.115200 1.000000
924.368000 2139.616000 997.665600 1416.275200 1.000000
931.326400 1740.896000 998.272000 1002.228800 1.000000
943.040000 1032.576000 998.534400 176.668800 1.000000
919.390400 2608.960000 998.956800 1862.080000 1.000000
933.153600 1811.392000 999.966400 1073.108800 1.000000
941.177600 1346.364800 1000.268800 558.920000 1.000000
922.222400 2426.288000 1000.648000 1692.064000 1.000000
943.683200 1116.328000 1000.857600 280.787200 1.000000
946.009600 1093.488000 1002.160000 250.385600 1.000000
940.486400 1511.430400 1002.193600 749.988800 1.000000
946.912000 1041.299200 1002.446400 188.769600 1.000000
942.476800 1417.993600 1003.499200 642.620800 1.000000
935.736000 1777.568000 1003.532800 1041.708800 1.000000
945.232000 1281.566400 1004.532800 481.540800 1.000000
945.782400 1353.814400 1005.083200 567.427200 1.000000
924.611200 2723.392000 1005.716800 1965.856000 1.000000
932.619200 2073.728000 1005.744000 1348.297600 1.000000
933.088000 2103.792000 1006.059200 1379.899200 1.000000
935.838400 1986.368000 1006.395200 1261.947200 1.000000
933.496000 2199.136000 1008.035200 1474.444800 1.000000
928.132800 2547.312000 1008.185600 1806.224000 1.000000
946.654400 1468.628800 1008.419200 701.750400 1.000000
947.640000 1380.937600 1008.497600 600.595200 1.000000
942.536000 1761.808000 1009.691200 1025.406400 1.000000
930.689600 2494.272000 1010.841600 1754.528000 1.000000
939.299200 2019.456000 1011.216000 1296.777600 1.000000
928.953600 2539.104000 1011.262400 1797.664000 1.000000
950.875200 1497.512000 1011.628800 736.750400 1.000000
941.971200 1828.624000 1012.051200 1097.748800 1.000000
936.819200 2279.168000 1012.400000 1554.184000 1.000000
951.683200 1427.051200 1012.598400 654.025600 1.000000
936.531200 2306.272000 1012.724800 1579.784000 1.000000
933.843200 2567.024000 1013.105600 1822.896000 1.000000
943.822400 2130.016000 1013.384000 1406.457600 1.000000
938.812800 2409.824000 1013.577600 1679.856000 1.000000
942.243200 2166.384000 1015.872000 1442.977600 1.000000
936.961600 2789.536000 1016.868800 2026.224000 1.000000
952.564800 1543.112000 1017.206400 786.966400 1.000000
956.352000 1374.192000 1017.214400 593.841600 1.000000
941.716800 2194.672000 1017.273600 1470.620800 1.000000
948.769600 1829.168000 1017.822400 1097.859200 1.000000
960.377600 1010.816000 1017.852800 151.721920 1.000000
960.153600 1105.545600 1018.289600 268.540800 1.000000
955.993600 1463.899200 1018.718400 696.145600 1.000000
947.491200 2019.632000 1019.084800 1296.953600 1.000000
939.372800 2845.664000 1019.212800 2076.416000 1.000000
951.249600 1767.648000 1019.752000 1032.486400 1.000000
948.449600 1913.344000 1019.977600 1186.942400 1.000000
961.478400 1112.294400 1020.118400 277.499200 1.000000
957.643200 1476.859200 1020.364800 712.054400 1.000000
963.820800 1085.995200 1020.585600 243.865600 1.000000
959.624000 1395.134400 1020.875200 617.364800 1.000000
946.161600 2206.032000 1021.046400 1483.070400 1.000000
946.387200 2238.608000 1021.849600 1515.121600 1.000000
951.190400 2001.280000 1022.036800 1277.214400 1.000000
949.145600 2087.728000 1022.049600 1364.382400 1.000000
964.145600 1027.350400 1022.443200 172.398400 1.000000
961.048000 1456.051200 1024.340800 687.801600 1.000000
963.128000 1356.078400 1024.876800 572.908800 1.000000
966.934400 1038.360000 1025.337600 186.086400 1.000000
966.056000 1198.827200 1025.766400 383.526400 1.000000
947.793600 2616.176000 1026.502400 1869.936000 1.000000
967.124800 982.963200 1027.681600 115.269920 1.000000
955.086400 2084.800000 1028.393600 1362.664000 1.000000
969.814400 1017.924800 1028.816000 161.566400 1.000000
968.124800 1278.804800 1028.969600 480.332800 1.000000
960.905600 1800.848000 1029.499200 1069.321600 1.000000
969.742400 1218.241600 1029.772800 407.684800 1.000000
971.100800 1130.854400 1030.129600 300.121600 1.000000
951.404800 2630.192000 1030.812800 1883.968000 1.000000
968.724800 1268.040000 1030.820800 467.876800 1.000000
971.593600 1099.084800 1030.889600 261.963200 1.000000
972.465600 1113.160000 1031.096000 280.404800 1.000000
963.963200 1650.512000 1031.395200 907.444800 1.000000
972.196800 1323.011200 1032.182400 535.339200 1.000000
965.323200 1675.584000 1032.219200 935.176000 1.000000
963.313600 1895.456000 1032.584000 1167.707200 1.000000
965.945600 1661.488000 1032.704000 919.705600 1.000000
972.489600 1328.731200 1032.862400 542.003200 1.000000
972.280000 1197.137600 1032.892800 381.891200 1.000000
962.201600 1963.504000 1033.568000 1239.731200 1.000000
960.105600 2157.264000 1033.835200 1436.048000 1.000000
963.294400 1851.248000 1034.038400 1122.033600 1.000000
976.465600 1081.225600 1035.755200 239.998400 1.000000
966.574400 1790.288000 1035.870400 1058.230400 1.000000
972.377600 1532.088000 1036.558400 775.659200 1.000000
956.265600 2854.720000 1037.035200 2083.328000 1.000000
977.859200 1073.924800 1037.185600 232.033600 1.000000
964.595200 2208.192000 1038.185600 1488.704000 1.000000
968.785600 1826.288000 1038.220800 1096.288000 1.000000
964.769600 2091.504000 1038.428800 1370.355200 1.000000
966.672000 2171.776000 1040.054400 1450.150400 1.000000
969.009600 1918.384000 1040.425600 1198.913600 1.000000
968.563200 1972.160000 1040.432000 1249.654400 1.000000
962.227200 2514.496000 1040.505600 1776.016000 1.000000
970.056000 1888.640000 1041.428800 1163.033600 1.000000
982.139200 942.678400 1041.755200 64.591680 1.000000
967.176000 2307.952000 1042.070400 1584.531200 1.000000
973.574400 1713.104000 1042.123200 976.236800 1.000000
981.740800 1292.779200 1043.724800 499.352000 1.000000
982.600000 1366.800000 1043.745600 584.875200 1.000000
984.100800 1063.158400 1043.768000 218.480000 1.000000
969.411200 2241.312000 1044.099200 1520.825600 1.000000
966.977600 2763.552000 1044.342400 2006.624000 1.000000
974.174400 1949.072000 1045.096000 1226.865600 1.000000
972.347200 2045.120000 1045.283200 1323.652800 1.000000
986.440000 938.961600 1047.827200 60.798720 1.000000
983.966400 1429.401600 1048.120000 660.094400 1.000000
987.534400 1295.046400 1049.200000 502.761600 1.000000
979.510400 1830.032000 1049.896000 1101.728000 1.000000
988.980800 1089.844800 1050.220800 252.857600 1.000000
978.876800 1959.696000 1050.771200 1237.704000 1.000000
984.049600 1547.908800 1050.798400 795.060800 1.000000
991.398400 1084.006400 1051.224000 245.619200 1.000000
977.347200 2125.152000 1051.294400 1405.593600 1.000000
976.496000 2160.064000 1051.430400 1439.761600 1.000000
987.700800 1475.452800 1051.950400 714.008000 1.000000
980.700800 2091.488000 1052.472000 1375.371200 1.000000
977.256000 2177.792000 1052.593600 1458.497600 1.000000
975.347200 2534.912000 1053.550400 1800.032000 1.000000
991.939200 1197.129600 1055.323200 383.603200 1.000000
978.977600 2461.200000 1055.563200 1729.040000 1.000000
982.564800 2200.224000 1056.259200 1482.156800 1.000000
995.268800 1036.408000 1056.889600 185.403200 1.000000
993.691200 1352.281600 1057.872000 570.136000 1.000000
993.542400 1430.289600 1058.342400 663.206400 1.000000
996.990400 1067.019200 1058.468800 223.760000 1.000000
991.481600 1486.347200 1058.552000 725.540800 1.000000
997.220800 1015.996800 1059.179200 160.803200 1.000000
989.649600 1807.408000 1060.280000 1078.161600 1.000000
998.897600 1041.144000 1061.163200 191.315200 1.000000
987.944000 2038.416000 1061.196800 1318.704000 1.000000
994.702400 1580.934400 1061.856000 832.009600 1.000000
986.190400 2601.072000 1062.680000 1860.320000 1.000000
986.225600 2611.232000 1062.790400 1867.984000 1.000000
990.249600 2129.168000 1063.129600 1410.632000 1.000000
1001.657600 1141.179200 1064.531200 315.011200 1.000000
1002.305600 1112.526400 1064.635200 281.598400 1.000000
1003.008000 1048.585600 1065.790400 201.267200 1.000000
995.908800 1763.776000 1065.852800 1033.707200 1.000000
1004.012800 993.129600 1066.001600 134.239840 1.000000
1003.244800 1178.462400 1066.144000 361.860800 1.000000
989.147200 2703.504000 1066.907200 1954.912000 1.000000
1002.731200 1328.521600 1067.192000 544.280000 1.000000
1005.598400 1078.276800 1067.259200 238.633600 1.000000
1003.873600 1211.913600 1067.500800 402.328000 1.000000
990.764800 2831.440000 1067.726400 2068.592000 1.000000
989.796800 2562.256000 1067.964800 1824.304000 1.000000
993.793600 2146.000000 1068.067200 1427.838400 1.000000
993.368000 2244.912000 1068.886400 1525.904000 1.000000
1004.654400 1292.548800 1069.078400 499.974400 1.000000
992.824000 2181.184000 1069.252800 1462.332800 1.000000
1005.980800 1236.108800 1069.723200 432.081600 1.000000
999.364800 1909.504000 1070.161600 1187.481600 1.000000
995.840000 2219.296000 1070.545600 1501.348800 1.000000
999.187200 2137.440000 1071.116800 1419.673600 1.000000
999.256000 1842.752000 1071.156800 1116.739200 1.000000
1002.660800 1692.320000 1072.308800 958.409600 1.000000
1010.393600 1030.022400 1073.694400 179.982400 1.000000
1006.824000 1454.265600 1073.875200 690.443200 1.000000
1002.081600 2055.984000 1076.112000 1336.960000 1.000000
1012.011200 1437.126400 1076.598400 671.670400 1.000000
1014.483200 1003.448000 1077.432000 147.309920 1.000000
1013.192000 1305.497600 1077.801600 517.886400 1.000000
1004.212800 2177.520000 1078.060800 1460.563200 1.000000
1014.617600 976.563200 1078.140800 112.837280 1.000000
1004.310400 2303.952000 1079.032000 1584.555200 1.000000
1013.563200 1503.376000 1079.555200 748.196800 1.000000
1014.545600 1291.089600 1080.400000 501.715200 1.000000
1004.961600 2988.128000 1081.702400 2200.144000 1.000000
1018.078400 1018.116800 1082.035200 164.536000 1.000000
1015.486400 1401.024000 1082.049600 629.488000 1.000000
1008.555200 2074.064000 1082.465600 1356.849600 1.000000
1017.675200 1127.248000 1082.507200 299.974400 1.000000
1017.448000 1312.326400 1082.569600 526.267200 1.000000
1017.174400 1284.856000 1082.572800 494.006400 1.000000
1009.168000 2306.560000 1082.907200 1587.180800 1.000000
1018.793600 949.321600 1084.436800 76.472640 1.000000
1018.972800 1034.360000 1085.564800 185.571200 1.000000
1014.550400 1999.408000 1086.779200 1282.163200 1.000000
1010.144000 2440.512000 1086.835200 1712.960000 1.000000
1020.236800 1427.126400 1087.268800 660.296000 1.000000
1020.523200 1472.979200 1087.280000 714.041600 1.000000
1023.387200 1073.756800 1088.140800 235.267200 1.000000
1014.046400 2843.408000 1088.152000 2077.744000 1.000000
1022.892800 1319.529600 1088.294400 534.492800 1.000000
1018.612800 1750.064000 1088.596800 1019.830400 1.000000
1012.371200 2253.936000 1089.302400 1534.384000 1.000000
1022.979200 1096.364800 1089.371200 263.083200 1.000000
1018.187200 1864.640000 1089.883200 1142.640000 1.000000
1023.956800 928.180800 1090.321600 48.901920 1.000000
1013.771200 2972.368000 1090.395200 2187.408000 1.000000
1015.427200 2894.384000 1090.888000 2124.464000 1.000000
1020.252800 1824.000000 1091.315200 1099.028800 1.000000
1025.793600 1429.601600 1091.788800 664.227200 1.000000
1016.958400 2620.976000 1092.094400 1880.480000 1.000000
1015.643200 2679.456000 1092.222400 1933.248000 1.000000
1026.278400 1047.937600 1092.233600 202.473600 1.000000
1026.844800 1215.476800 1093.104000 409.414400 1.000000
1025.177600 1777.392000 1093.198400 1047.574400 1.000000
1018.441600 2099.488000 1093.496000 1384.697600 1.000000
1020.862400 1915.760000 1093.580800 1195.638400 1.000000
1028.440000 1271.963200 1094.060800 480.576000 1.000000
1017.068800 2963.568000 1094.259200 2180.960000 1.000000
1020.675200 2150.944000 1095.115200 1435.185600 1.000000
1020.883200 2301.584000 1095.812800 1581.996800 1.000000
1029.449600 1228.412800 1096.113600 425.974400 1.000000
1020.604800 2921.952000 1096.262400 2148.240000 1.000000
1029.326400 1168.812800 1096.313600 351.692800 1.000000
1028.680000 1449.990400 1096.648000 688.368000 1.000000
1030.763200 947.945600 1096.737600 78.394560 1.000000
1028.358400 1522.219200 1096.737600 770.771200 1.000000
1030.272000 1150.368000 1096.796800 331.144000 1.000000
1031.577600 1063.014400 1096.806400 222.971200 1.000000
1029.780800 1411.257600 1097.046400 642.870400 1.000000
1020.312000 2846.800000 1097.048000 2080.848000 1.000000
1020.030400 2626.176000 1097.499200 1883.984000 1.000000
1024.851200 1931.904000 1098.793600 1213.099200 1.000000
1031.012800 1425.500800 1098.907200 659.676800 1.000000
1033.192000 1235.590400 1099.804800 434.051200 1.000000
1025.091200 2294.256000 1099.932800 1576.102400 1.000000
1032.443200 1418.913600 1099.968000 652.088000 1.000000
1033.096000 1480.873600 1100.633600 724.582400 1.000000
1034.507200 1176.020800 1101.401600 361.484800 1.000000
1033.312000 1460.780800 1101.582400 701.350400 1.000000
1033.992000 1439.435200 1101.683200 676.078400 1.000000
1032.227200 1698.816000 1102.193600 966.006400 1.000000
1030.491200 1952.496000 1102.316800 1235.873600 1.000000
1030.065600 2904.848000 1102.401600 2134.848000 1.000000
1025.985600 2557.200000 1102.721600 1821.728000 1.000000
1029.816000 1943.344000 1102.793600 1226.028800 1.000000
1036.156800 1105.656000 1103.636800 274.955200 1.000000
1037.497600 944.708800 1104.508800 75.107040 1.000000
1036.731200 1328.859200 1105.208000 547.270400 1.000000
1036.481600 1540.745600 1105.539200 791.056000 1.000000
1032.025600 2077.568000 1107.072000 1364.102400 1.000000
1037.400000 1598.673600 1107.404800 856.299200 1.000000
1035.580800 1892.320000 1107.891200 1172.740800 1.000000
1041.435200 954.708800 1108.011200 87.171520 1.000000
1033.561600 2034.160000 1108.089600 1316.747200 1.000000
1036.564800 1657.632000 1108.243200 921.534400 1.000000
1033.518400 2165.680000 1108.321600 1450.793600 1.000000
1031.912000 2532.160000 1109.228800 1797.184000 1.000000
1042.408000 1441.470400 1109.523200 680.665600 1.000000
1036.371200 1863.712000 1109.635200 1141.444800 1.000000
1039.811200 2102.624000 1109.808000 1390.718400 1.000000
1039.206400 1717.392000 1110.051200 986.513600 1.000000
1041.648000 985.784000 1110.360000 126.780800 1.000000
1037.336000 2258.384000 1110.384000 1541.748800 1.000000
1040.592000 1588.680000 1111.268800 846.432000 1.000000
1035.686400 2510.288000 1111.704000 1775.824000 1.000000
1045.470400 1032.707200 1111.980800 185.312000 1.000000
1045.078400 1232.676800 1112.316800 433.252800 1.000000
1039.272000 1888.800000 1112.961600 1168.582400 1.000000
1040.177600 1944.848000 1112.980800 1227.385600 1.000000
1042.563200 1678.000000 1113.212800 945.648000 1.000000
1039.824000 1846.224000 1113.260800 1122.320000 1.000000
1038.940800 2310.560000 1113.566400 1593.448000 1.000000
1039.265600 2275.792000 1113.630400 1559.528000 1.000000
1044.529600 1209.619200 1114.259200 403.544000 1.000000
1046.401600 1398.083200 1115.209600 629.145600 1.000000
1044.137600 1890.608000 1116.542400 1171.681600 1.000000
1044.739200 2242.352000 1117.436800 1527.806400 1.000000
1049.430400 1432.664000 1118.726400 671.718400 1.000000
1043.104000 2935.616000 1119.073600 2160.256000 1.000000
1051.772800 1242.409600 1120.420800 444.536000 1.000000
1047.844800 1794.624000 1120.507200 1069.472000 1.000000
1052.318400 976.342400 1120.582400 115.021920 1.000000
1051.136000 1581.376000 1120.737600 837.000000 1.000000
1052.750400 1208.587200 1121.307200 402.595200 1.000000
1045.860800 2909.456000 1121.345600 2138.720000 1.000000
1052.232000 1296.542400 1121.368000 509.713600 1.000000
1054.329600 1232.977600 1121.760000 435.358400 1.000000
1046.952000 2475.232000 1123.387200 1747.952000 1.000000
1051.073600 2733.520000 1126.176000 1986.304000 1.000000
1050.257600 2698.896000 1126.563200 1953.424000 1.000000
1056.395200 1507.627200 1127.393600 755.267200 1.000000
1058.252800 1309.156800 1128.203200 525.024000 1.000000
1062.142400 1408.081600 1130.433600 641.294400 1.000000
1061.622400 1600.560000 1131.747200 859.910400 1.000000
1059.942400 1542.174400 1132.420800 794.945600 1.000000
1060.561600 1691.280000 1132.636800 960.152000 1.000000
1062.675200 1459.875200 1133.204800 703.099200 1.000000
1060.747200 2296.624000 1135.203200 1581.096000 1.000000
1065.227200 1391.540800 1135.278400 622.707200 1.000000
1060.958400 2619.456000 1135.320000 1880.016000 1.000000
1063.916800 1712.064000 1135.432000 982.208000 1.000000
1061.881600 2035.520000 1135.614400 1322.000000 1.000000
1062.310400 1943.840000 1135.883200 1231.491200 1.000000
1062.212800 1773.968000 1136.289600 1052.236800 1.000000
1065.704000 1658.400000 1137.433600 924.934400 1.000000
1063.177600 2762.800000 1138.033600 2011.552000 1.000000
1064.739200 2883.664000 1138.646400 2118.224000 1.000000
1069.016000 1221.960000 1139.012800 422.542400 1.000000
1069.500800 1204.980800 1139.497600 402.176000 1.000000
1069.011200 1053.132800 1139.526400 212.232000 1.000000
1063.873600 2550.624000 1139.648000 1818.240000 1.000000
1070.635200 1031.324800 1141.748800 185.049600 1.000000
1070.668800 1482.920000 1142.291200 728.545600 1.000000
1070.283200 1654.384000 1142.324800 920.723200 1.000000
1072.512000 1191.860800 1143.611200 386.073600 1.000000
1072.646400 1333.980800 1143.641600 554.830400 1.000000
1071.892800 1287.244800 1144.883200 496.782400 1.000000
1073.017600 1668.944000 1146.776000 937.262400 1.000000
1075.326400 1567.998400 1147.449600 825.416000 1.000000
1071.622400 2444.848000 1147.680000 1721.472000 1.000000
1075.273600 1718.272000 1148.136000 990.283200 1.000000
1075.483200 1511.576000 1148.224000 761.414400 1.000000
1076.542400 1053.396800 1148.428800 212.905600 1.000000
1074.529600 2111.424000 1148.534400 1399.211200 1.000000
1074.534400 2131.280000 1149.516800 1419.276800 1.000000
1076.848000 1972.320000 1149.976000 1261.560000 1.000000
1075.657600 1854.016000 1150.376000 1134.587200 1.000000
1079.302400 1132.776000 1150.472000 310.985600 1.000000
1077.561600 1939.520000 1151.057600 1226.332800 1.000000
1077.763200 2008.336000 1151.643200 1295.995200 1.000000
1079.971200 2865.296000 1152.008000 2104.112000 1.000000
1077.905600 1091.371200 1152.593600 257.459200 1.000000
1077.284800 2484.592000 1152.752000 1759.248000 1.000000
1081.289600 1175.729600 1153.296000 365.809600 1.000000
1080.462400 2751.216000 1154.644800 2002.624000 1.000000
1081.798400 2269.904000 1154.905600 1558.422400 1.000000
1081.321600 2707.808000 1154.958400 1962.880000 1.000000
1082.648000 1415.299200 1155.497600 653.321600 1.000000
1084.630400 1300.884800 1156.627200 516.846400 1.000000
1084.787200 1539.369600 1157.054400 793.764800 1.000000
1083.689600 2630.656000 1157.158400 1894.832000 1.000000
1083.395200 2774.000000 1157.462400 2022.624000 1.000000
1083.270400 2673.632000 1157.976000 1932.304000 1.000000
1084.660800 1997.408000 1158.027200 1286.350400 1.000000
1085.361600 1594.852800 1159.830400 855.297600 1.000000
1088.609600 1269.358400 1160.534400 480.366400 1.000000
1086.112000 1782.992000 1160.553600 1061.009600 1.000000
1088.294400 1751.248000 1161.059200 1026.929600 1.000000
1089.166400 1500.060800 1161.416000 752.140800 1.000000
1086.708800 2068.160000 1161.422400 1356.916800 1.000000
1090.555200 1395.281600 1162.406400 629.537600 1.000000
1088.564800 2052.704000 1163.131200 1341.489600 1.000000
1089.750400 1007.224000 1163.564800 155.822560 1.000000
1090.212800 1783.856000 1164.064000 1061.585600 1.000000
1091.008000 1481.619200 1164.328000 729.524800 1.000000
1090.787200 1690.688000 1164.857600 961.969600 1.000000
1091.508800 1528.977600 1165.724800 783.825600 1.000000
1091.734400 1157.088000 1165.953600 343.940800 1.000000
1093.452800 1342.982400 1166.328000 567.865600 1.000000
1093.980800 1851.472000 1167.611200 1134.619200 1.000000
1092.596800 2101.280000 1167.772800 1389.811200 1.000000
1093.734400 2643.136000 1168.534400 1905.600000 1.000000
1093.716800 2140.640000 1169.048000 1429.785600 1.000000
1095.060800 1986.608000 1169.356800 1276.857600 1.000000
1094.542400 2297.488000 1169.484800 1584.937600 1.000000
1097.548800 1308.828800 1171.452800 526.827200 1.000000
1097.883200 1773.264000 1172.934400 1052.259200 1.000000
1098.875200 2428.320000 1173.544000 1708.032000 1.000000
1098.529600 1798.752000 1173.747200 1077.425600 1.000000
1100.563200 966.024000 1174.470400 104.565600 1.000000
1101.700800 2658.016000 1174.931200 1919.760000 1.000000
1100.480000 912.577600 1175.083200 38.060480 1.000000
1102.675200 1892.528000 1176.808000 1180.017600 1.000000
1101.747200 996.275200 1177.356800 142.435200 1.000000
1103.139200 1581.345600 1177.907200 842.766400 1.000000
1103.977600 1844.496000 1178.745600 1128.243200 1.000000
1104.566400 1179.462400 1179.187200 372.931200 1.000000
1104.228800 1073.779200 1179.358400 240.995200 1.000000
1104.390400 1746.336000 1179.836800 1023.915200 1.000000
1104.296000 1781.520000 1179.963200 1060.731200 1.000000
1103.820800 954.840000 1180.326400 90.434560 1.000000
1109.894400 2823.360000 1180.411200 2067.824000 1.000000
1106.080000 1057.958400 1180.960000 220.817600 1.000000
1105.272000 2658.000000 1180.985600 1919.872000 1.000000
1103.744000 981.992000 1181.124800 127.265440 1.000000
1107.409600 2163.040000 1182.217600 1454.456000 1.000000
1109.307200 2203.936000 1184.828800 1497.392000 1.000000
1110.409600 1740.864000 1184.848000 1017.873600 1.000000
1110.758400 1515.952000 1185.305600 768.334400 1.000000
1111.422400 1334.120000 1186.395200 559.112000 1.000000
1112.302400 2170.256000 1186.440000 1463.107200 1.000000
1110.852800 2400.000000 1186.518400 1681.760000 1.000000
1111.227200 2174.944000 1186.539200 1466.729600 1.000000
1112.571200 2746.000000 1186.884800 1997.296000 1.000000
1112.057600 1776.912000 1186.918400 1056.187200 1.000000
1112.616000 2153.376000 1187.976000 1445.929600 1.000000
1114.172800 1527.310400 1188.420800 783.024000 1.000000
1111.899200 1039.630400 1188.745600 198.003200 1.000000
1113.611200 1097.486400 1189.566400 271.316800 1.000000
1114.353600 1855.920000 1189.790400 1141.256000 1.000000
1114.267200 2043.008000 1189.854400 1333.868800 1.000000
1116.297600 2478.096000 1191.816000 1754.224000 1.000000
1120.116800 1157.025600 1194.049600 345.902400 1.000000
1124.649600 2591.760000 1194.380800 1859.968000 1.000000
1118.899200 2123.984000 1194.560000 1414.851200 1.000000
1117.995200 921.969600 1194.955200 50.417600 1.000000
1120.604800 1484.494400 1196.628800 732.694400 1.000000
1120.080000 1784.848000 1196.713600 1065.328000 1.000000
1120.251200 1601.600000 1196.923200 867.084800 1.000000
1121.385600 1174.803200 1197.353600 368.097600 1.000000
1122.996800 1198.808000 1198.707200 396.200000 1.000000
1123.676800 2232.336000 1198.811200 1523.990400 1.000000
1125.953600 2619.920000 1200.036800 1886.048000 1.000000
1123.768000 1414.601600 1200.804800 655.836800 1.000000
1129.718400 2703.664000 1202.572800 1961.872000 1.000000
1124.582400 1022.819200 1202.972800 176.566400 1.000000
1127.366400 1727.488000 1203.174400 1004.937600 1.000000
1124.222400 1002.372800 1203.649600 152.473440 1.000000
1135.196800 2924.736000 1204.024000 2157.616000 1.000000
1129.667200 2493.408000 1204.336000 1768.816000 1.000000
1134.960000 2792.704000 1204.468800 2042.768000 1.000000
1128.889600 1375.121600 1205.953600 610.017600 1.000000
1129.136000 1210.350400 1206.211200 412.611200 1.000000
1130.056000 2095.504000 1206.427200 1388.230400 1.000000
1128.164800 1034.060800 1207.644800 191.268800 1.000000
1133.353600 1907.344000 1209.414400 1199.036800 1.000000
1133.268800 1742.400000 1209.608000 1021.459200 1.000000
1133.731200 1531.174400 1209.678400 789.640000 1.000000
1139.424000 2913.008000 1209.683200 2147.072000 1.000000
1134.854400 1959.424000 1210.025600 1251.422400 1.000000
1138.212800 2768.416000 1210.025600 2018.240000 1.000000
1136.163200 2274.560000 1210.446400 1565.254400 1.000000
1132.988800 1275.121600 1210.507200 488.662400 1.000000
1136.016000 2181.616000 1211.035200 1475.337600 1.000000
1134.033600 1123.520000 1211.848000 306.051200 1.000000
1134.742400 1204.036800 1212.164800 405.136000 1.000000
1136.915200 2153.072000 1212.198400 1446.795200 1.000000
1133.465600 993.739200 1212.584000 142.088640 1.000000
1139.550400 1900.896000 1213.070400 1190.808000 1.000000
1137.523200 1304.099200 1214.875200 524.604800 1.000000
1139.776000 1764.688000 1215.900800 1042.940800 1.000000
1139.104000 1352.004800 1216.403200 583.051200 1.000000
1142.552000 2289.616000 1217.033600 1579.848000 1.000000
1148.428800 2976.256000 1217.601600 2200.832000 1.000000
1142.129600 1920.880000 1217.726400 1212.968000 1.000000
1143.137600 1696.240000 1218.457600 972.302400 1.000000
1139.131200 1111.323200 1218.512000 289.921600 1.000000
1141.496000 1864.464000 1218.729600 1152.603200 1.000000
1141.275200 1366.203200 1218.760000 597.888000 1.000000
1142.918400 2114.720000 1218.804800 1408.086400 1.000000
1147.115200 2666.176000 1220.225600 1928.992000 1.000000
1148.544000 2797.984000 1220.398400 2047.648000 1.000000
1139.755200 920.889600 1221.385600 48.158720 1.000000
1144.292800 1503.086400 1221.953600 755.348800 1.000000
1145.089600 1513.961600 1222.689600 770.067200 1.000000
1145.756800 1478.640000 1223.056000 729.156800 1.000000
1142.654400 1007.860800 1223.843200 159.915040 1.000000
1146.420800 1432.912000 1223.880000 679.411200 1.000000
1146.000000 1123.158400 1224.195200 306.758400 1.000000
1146.083200 1291.233600 1224.934400 508.643200 1.000000
1153.238400 2554.816000 1226.955200 1829.024000 1.000000
1152.032000 2137.456000 1227.131200 1433.702400 1.000000
1149.190400 1227.846400 1227.166400 433.024000 1.000000
1152.016000 2273.040000 1227.515200 1563.568000 1.000000
1151.624000 1892.576000 1227.800000 1184.313600 1.000000
1156.940800 2705.600000 1227.953600 1965.344000 1.000000
1147.251200 1028.700800 1228.377600 185.611200 1.000000
1153.673600 2172.336000 1228.888000 1468.075200 1.000000
1153.622400 1835.312000 1230.012800 1124.281600 1.000000
1154.366400 2044.944000 1230.828800 1339.422400 1.000000
1153.870400 1401.254400 1232.051200 641.457600 1.000000
1159.113600 2451.952000 1232.240000 1729.888000 1.000000
1151.510400 1097.024000 1233.132800 274.315200 1.000000
1155.163200 1547.500800 1233.566400 808.940800 1.000000
1153.532800 1045.822400 1234.374400 209.462400 1.000000
1152.820800 1010.939200 1234.470400 163.281600 1.000000
1159.624000 1911.776000 1234.502400 1203.944000 1.000000
1158.772800 1723.936000 1235.891200 1003.360000 1.000000
1160.352000 2009.728000 1235.972800 1303.465600 1.000000
1153.940800 1035.984000 1236.123200 196.145600 1.000000
1159.996800 1821.808000 1236.699200 1110.249600 1.000000
1154.256000 1003.500800 1236.894400 155.040640 1.000000
1167.267200 2712.624000 1237.166400 1972.128000 1.000000
1156.945600 1261.585600 1237.553600 473.236800 1.000000
1161.848000 1803.520000 1239.438400 1089.449600 1.000000
1161.936000 1442.785600 1240.043200 689.843200 1.000000
1158.188800 1222.107200 1240.164800 427.585600 1.000000
1162.337600 1836.656000 1241.163200 1125.233600 1.000000
1159.740800 1077.468800 1242.502400 249.761600 1.000000
1174.003200 2864.096000 1242.588800 2106.832000 1.000000
1171.828800 2562.864000 1243.435200 1839.104000 1.000000
1161.915200 1167.172800 1243.697600 364.401600 1.000000
1159.808000 955.092800 1244.238400 93.572480 1.000000
1167.947200 1989.424000 1244.390400 1285.798400 1.000000
1163.233600 1138.112000 1245.009600 325.558400 1.000000
1175.244800 2805.856000 1245.040000 2057.408000 1.000000
1167.600000 1573.168000 1245.972800 838.504000 1.000000
1169.587200 1825.248000 1246.531200 1114.443200 1.000000
1175.094400 2542.992000 1246.600000 1819.280000 1.000000
1166.371200 1206.945600 1247.209600 409.504000 1.000000
1171.214400 2168.448000 1247.436800 1462.835200 1.000000
1167.052800 1148.873600 1247.704000 338.700800 1.000000
1170.976000 1787.840000 1248.366400 1074.176000 1.000000
1173.166400 1843.152000 1248.979200 1133.345600 1.000000
1167.243200 1129.129600 1249.512000 315.230400 1.000000
1164.915200 944.348800 1250.168000 81.366240 1.000000
1172.067200 1732.256000 1250.228800 1013.998400 1.000000
1168.699200 1087.700800 1250.880000 262.284800 1.000000
1174.400000 2203.616000 1251.264000 1497.659200 1.000000
1184.451200 2888.080000 1252.094400 2129.744000 1.000000
1174.449600 1686.608000 1252.308800 963.051200 1.000000
1167.448000 1010.332800 1252.444800 165.307200 1.000000
1177.937600 2327.248000 1252.928000 1617.520000 1.000000
1172.601600 1417.342400 1253.529600 662.238400 1.000000
1178.660800 2104.304000 1253.587200 1401.788800 1.000000
1182.737600 2695.984000 1254.112000 1957.040000 1.000000
1172.984000 1273.587200 1254.177600 490.003200 1.000000
1169.806400 994.491200 1254.209600 144.466880 1.000000
1179.731200 2310.384000 1254.347200 1602.064000 1.000000
1186.712000 2785.824000 1254.612800 2039.008000 1.000000
1177.768000 1891.888000 1255.128000 1185.702400 1.000000
1189.531200 2913.520000 1255.872000 2151.856000 1.000000
1176.784000 1331.803200 1258.180800 560.528000 1.000000
1175.646400 1168.492800 1258.344000 363.924800 1.000000
1178.328000 1349.284800 1258.536000 583.785600 1.000000
1175.502400 1113.648000 1258.681600 295.448000 1.000000
1179.532800 1435.243200 1258.918400 680.793600 1.000000
1189.491200 2714.480000 1259.272000 1973.056000 1.000000
1178.956800 1369.936000 1260.009600 606.776000 1.000000
1183.089600 1810.256000 1260.248000 1100.569600 1.000000
1180.764800 1363.337600 1260.556800 600.080000 1.000000
1189.353600 2611.984000 1261.102400 1882.896000 1.000000
1190.145600 2656.672000 1261.299200 1922.912000 1.000000
1181.038400 1378.372800 1262.139200 616.150400 1.000000
1188.004800 1938.112000 1262.624000 1230.270400 1.000000
1184.174400 1751.216000 1262.707200 1035.195200 1.000000
1177.556800 1013.404800 1262.768000 169.792000 1.000000
1179.056000 971.587200 1263.824000 115.086240 1.000000
1182.553600 1204.288000 1265.888000 406.691200 1.000000
1181.971200 962.900800 1268.680000 106.234080 1.000000
1192.025600 2148.064000 1268.713600 1444.708800 1.000000
1194.675200 2232.960000 1269.252800 1528.193600 1.000000
1195.561600 2519.472000 1269.654400 1797.200000 1.000000
1193.345600 2166.032000 1270.270400 1460.961600 1.000000
1186.776000 1178.662400 1270.820800 376.508800 1.000000
1194.392000 2174.704000 1271.406400 1470.123200 1.000000
1201.398400 2634.080000 1272.958400 1903.808000 1.000000
1188.182400 1123.496000 1273.179200 309.115200 1.000000
1200.932800 2261.136000 1273.737600 1556.777600 1.000000
1206.475200 2875.280000 1274.603200 2120.288000 1.000000
1209.030400 2847.984000 1276.321600 2096.096000 1.000000
1196.473600 1582.835200 1277.102400 852.016000 1.000000
1212.001600 2951.584000 1277.252800 2185.728000 1.000000
1201.852800 1849.328000 1279.988800 1142.217600 1.000000
1192.996800 1037.392000 1280.521600 201.396800 1.000000
1204.478400 2169.136000 1280.752000 1466.267200 1.000000
1196.852800 1296.628800 1281.059200 519.480000 1.000000
1208.084800 2415.984000 1282.408000 1703.568000 1.000000
1206.899200 2221.424000 1283.406400 1517.132800 1.000000
1208.184000 2271.792000 1283.576000 1565.844800 1.000000
1207.388800 1800.480000 1284.707200 1091.830400 1.000000
1201.860800 1360.798400 1284.849600 597.164800 1.000000
1222.036800 2943.936000 1287.806400 2179.696000 1.000000
1213.944000 2469.232000 1287.939200 1751.872000 1.000000
1219.380800 2805.024000 1288.340800 2059.888000 1.000000
1203.502400 1313.161600 1288.739200 539.056000 1.000000
1205.526400 1477.619200 1289.329600 732.822400 1.000000
1213.233600 2092.096000 1290.371200 1390.262400 1.000000
1206.012800 1188.089600 1292.416000 388.611200 1.000000
1214.891200 2039.632000 1292.648000 1336.726400 1.000000
1214.595200 2140.480000 1292.681600 1438.688000 1.000000
1220.817600 2459.232000 1294.088000 1743.136000 1.000000
1216.969600 1829.952000 1295.811200 1122.068800 1.000000
1213.054400 1386.795200 1296.273600 629.486400 1.000000
1206.268800 1140.584000 1296.321600 330.932800 1.000000
1217.368000 1848.720000 1297.824000 1142.788800 1.000000
1217.980800 1790.352000 1297.830400 1080.313600 1.000000
1224.323200 2443.696000 1298.040000 1729.104000 1.000000
1223.785600 2405.200000 1298.956800 1694.832000 1.000000
1229.198400 2779.280000 1300.171200 2030.928000 1.000000
1222.499200 1745.872000 1300.947200 1034.276800 1.000000
1231.067200 2696.064000 1301.006400 1958.816000 1.000000
1225.502400 2071.664000 1302.806400 1371.246400 1.000000
1230.553600 2540.112000 1303.083200 1818.864000 1.000000
1223.083200 1977.520000 1303.254400 1276.560000 1.000000
1215.798400 1163.820800 1304.059200 359.238400 1.000000
1233.206400 2458.368000 1305.910400 1743.968000 1.000000
1243.921600 2960.928000 1306.244800 2194.912000 1.000000
1227.355200 2016.912000 1306.412800 1314.966400 1.000000
1218.619200 1222.368000 1306.420800 431.174400 1.000000
1235.553600 2670.256000 1306.636800 1936.048000 1.000000
1227.083200 1812.432000 1306.988800 1103.814400 1.000000
1237.616000 2708.112000 1307.179200 1970.944000 1.000000
1220.657600 1334.934400 1307.283200 566.584000 1.000000
1225.185600 1703.856000 1307.348800 987.948800 1.000000
1229.800000 1784.528000 1309.880000 1075.097600 1.000000
1225.424000 1360.777600 1310.348800 599.393600 1.000000
1222.520000 1163.286400 1311.065600 359.779200 1.000000
1240.523200 2567.504000 1311.240000 1843.280000 1.000000
1221.014400 1042.388800 1312.148800 208.574400 1.000000
1233.987200 2030.000000 1312.390400 1329.032000 1.000000
1229.427200 1489.627200 1312.800000 749.880000 1.000000
1248.758400 2893.984000 1313.396800 2137.472000 1.000000
1246.595200 2772.160000 1314.129600 2028.688000 1.000000
1237.481600 2129.152000 1315.379200 1426.011200 1.000000
1252.225600 2926.832000 1315.420800 2165.744000 1.000000
1231.371200 1588.092800 1315.502400 858.518400 1.000000
1225.654400 1092.745600 1316.268800 272.068800 1.000000
1238.860800 2180.640000 1316.374400 1478.659200 1.000000
1236.614400 1956.688000 1317.108800 1254.982400 1.000000
1234.451200 1688.304000 1317.174400 971.257600 1.000000
1224.632000 993.824000 1317.366400 146.474080 1.000000
1234.636800 1772.896000 1317.611200 1060.980800 1.000000
1242.262400 2194.992000 1317.905600 1493.416000 1.000000
1248.920000 2651.456000 1319.259200 1920.096000 1.000000
1257.550400 2974.000000 1319.481600 2204.320000 1.000000
1254.729600 2827.024000 1321.396800 2078.800000 1.000000
1253.129600 2714.256000 1322.352000 1976.880000 1.000000
1245.577600 2215.056000 1322.689600 1512.270400 1.000000
1242.712000 1714.064000 1322.761600 1000.625600 1.000000
1241.172800 1733.360000 1322.913600 1020.584000 1.000000
1251.696000 2547.904000 1323.166400 1824.320000 1.000000
1244.302400 2136.032000 1323.332800 1433.971200 1.000000
1238.225600 1529.896000 1323.428800 794.996800 1.000000
1258.278400 2848.368000 1323.702400 2097.088000 1.000000
1245.131200 1905.728000 1324.494400 1203.790400 1.000000
1243.888000 1805.744000 1326.259200 1098.204800 1.000000
1253.555200 2451.136000 1327.225600 1737.456000 1.000000
1256.043200 2575.376000 1327.688000 1850.096000 1.000000
1243.608000 1535.796800 1328.142400 802.696000 1.000000
1253.332800 2240.080000 1328.438400 1537.016000 1.000000
1247.076800 1774.176000 1328.515200 1064.099200 1.000000
1263.563200 2921.024000 1328.795200 2162.096000 1.000000
1244.932800 1589.462400 1329.262400 861.622400 1.000000
1254.732800 2252.304000 1330.633600 1548.518400 1.000000
1248.161600 1663.200000 1330.872000 944.075200 1.000000
1249.681600 1727.776000 1333.014400 1014.846400 1.000000
1242.600000 1229.681600 1333.521600 441.633600 1.000000
1273.659200 2960.768000 1335.436800 2194.176000 1.000000
1252.787200 1503.636800 1336.140800 767.062400 1.000000
1265.764800 2518.224000 1337.630400 1799.904000 1.000000
1262.990400 2323.360000 1338.454400 1617.104000 1.000000
1257.228800 1868.656000 1338.624000 1165.644800 1.000000
1267.657600 2538.800000 1339.358400 1817.488000 1.000000
1266.921600 2474.832000 1339.504000 1759.264000 1.000000
1250.996800 1105.817600 1343.057600 289.289600 1.000000
1257.257600 1517.366400 1343.777600 781.409600 1.000000
1256.920000 1460.206400 1344.355200 715.030400 1.000000
1255.515200 1341.363200 1344.896000 576.729600 1.000000
1263.433600 1819.568000 1345.510400 1113.281600 1.000000
1266.624000 1973.856000 1347.900800 1272.856000 1.000000
1259.801600 1430.417600 1348.388800 681.606400 1.000000
1259.774400 1383.457600 1348.620800 625.049600 1.000000
1264.249600 1569.913600 1351.113600 840.398400 1.000000
1255.160000 973.152000 1352.387200 122.313920 1.000000
1271.116800 1972.032000 1352.428800 1270.936000 1.000000
1266.678400 1538.803200 1353.803200 806.785600 1.000000
1256.652800 1016.328000 1354.604800 177.532800 1.000000
1257.374400 1044.507200 1355.092800 212.558400 1.000000
1277.043200 2063.328000 1356.036800 1362.513600 1.000000
1277.318400 2183.440000 1356.579200 1482.260800 1.000000
1278.622400 2145.408000 1357.075200 1444.256000 1.000000
1274.652800 1865.472000 1357.315200 1163.182400 1.000000
1260.556800 1036.969600 1357.944000 203.958400 1.000000
1265.113600 1172.595200 1359.044800 371.806400 1.000000
1283.104000 2302.048000 1359.048000 1595.332800 1.000000
1270.734400 1403.038400 1360.766400 649.356800 1.000000
1279.374400 1979.552000 1361.670400 1280.636800 1.000000
1284.027200 2194.256000 1361.784000 1493.456000 1.000000
1277.676800 1732.928000 1361.947200 1022.187200 1.000000
1279.788800 1876.368000 1363.299200 1174.859200 1.000000
1275.385600 1496.401600 1364.419200 759.268800 1.000000
1287.281600 2170.848000 1366.062400 1470.000000 1.000000
1287.545600 2150.992000 1366.161600 1450.184000 1.000000
1272.049600 1199.081600 1366.492800 406.051200 1.000000
1285.833600 2046.032000 1366.681600 1345.310400 1.000000
1278.304000 1479.350400 1367.228800 739.032000 1.000000
1279.899200 1587.465600 1367.811200 862.104000 1.000000
1287.809600 2070.608000 1367.976000 1369.908800 1.000000
1283.571200 1765.728000 1368.814400 1057.881600 1.000000
1275.886400 1223.595200 1368.849600 439.577600 1.000000
1277.529600 1322.227200 1368.984000 553.337600 1.000000
1282.457600 1560.878400 1369.329600 829.643200 1.000000
1280.073600 1519.779200 1370.028800 785.512000 1.000000
1277.739200 1309.752000 1370.102400 538.502400 1.000000
1287.400000 1865.728000 1371.046400 1163.931200 1.000000
1272.068800 962.640000 1372.494400 107.033280 1.000000
1275.918400 1036.243200 1375.406400 203.598400 1.000000
1286.545600 1500.454400 1375.865600 762.419200 1.000000
1292.316800 1834.208000 1377.140800 1129.788800 1.000000
1283.736000 1275.233600 1379.028800 498.254400 1.000000
1290.636800 1479.118400 1380.073600 738.142400 1.000000
1296.088000 1852.336000 1380.329600 1147.788800 1.000000
1287.084800 1194.558400 1383.147200 400.955200 1.000000
1284.673600 1113.393600 1383.625600 299.081600 1.000000
1290.502400 1346.507200 1384.033600 584.531200 1.000000
1297.966400 1668.944000 1385.156800 952.064000 1.000000
1290.019200 1234.328000 1385.891200 449.153600 1.000000
1296.198400 1597.811200 1385.926400 872.942400 1.000000
1302.468800 1910.640000 1386.377600 1201.451200 1.000000
1288.003200 1096.302400 1388.408000 280.136000 1.000000
1287.233600 1058.062400 1388.702400 230.273600 1.000000
1299.964800 1600.832000 1389.454400 875.953600 1.000000
1297.377600 1370.681600 1391.284800 611.998400 1.000000
1287.216000 963.836800 1392.080000 111.590400 1.000000
1300.436800 1425.174400 1393.611200 676.228800 1.000000
1300.686400 1401.254400 1394.356800 648.862400 1.000000
1295.931200 1076.526400 1397.832000 254.659200 1.000000
1304.081600 1374.665600 1399.988800 616.944000 1.000000
1306.328000 1415.611200 1400.484800 666.131200 1.000000
1299.268800 987.705600 1403.712000 139.842400 1.000000
1303.076800 1070.414400 1404.060800 247.443200 1.000000
1303.732800 1147.166400 1405.707200 343.000000 1.000000
1300.942400 939.662400 1407.363200 79.797760 1.000000
1303.910400 978.147200 1409.550400 129.100640 1.000000
1321.672000 1766.256000 1409.576000 1050.654400 1.000000
1307.158400 1046.465600 1412.203200 216.718400 1.000000
1325.227200 1497.260800 1420.878400 754.136000 1.000000
1315.342400 986.963200 1423.702400 139.916640 1.000000
1333.440000 1606.032000 1425.774400 875.449600 1.000000
1329.612800 1520.812800 1426.315200 777.628800 1.000000
1329.254400 1317.764800 1432.044800 534.176000 1.000000
1338.203200 1532.016000 1432.718400 791.244800 1.000000
1332.795200 1377.052800 1433.465600 613.715200 1.000000
1323.897600 991.091200 1433.699200 140.457920 1.000000
1338.252800 1509.284800 1433.923200 768.652800 1.000000
1332.467200 1178.860800 1436.024000 375.331200 1.000000
1334.555200 1306.048000 1438.051200 531.116800 1.000000
1336.686400 1202.416000 1442.736000 404.470400 1.000000
1338.100800 1165.958400 1443.094400 360.569600 1.000000
1346.321600 1343.867200 1446.944000 572.310400 1.000000
1339.323200 982.835200 1451.852800 129.205760 1.000000
1347.211200 1133.299200 1455.120000 316.307200 1.000000
1347.206400 1027.542400 1460.251200 186.152000 1.000000
1356.721600 1244.846400 1462.225600 458.121600 1.000000
1346.961600 941.867200 1462.228800 78.061120 1.000000
1349.896000 1020.816000 1463.280000 178.169600 1.000000
1346.944000 918.188800 1463.411200 44.882880 1.000000
1348.388800 1008.268800 1463.478400 162.980800 1.000000
1358.334400 1017.441600 1472.924800 175.470400 1.000000
1364.504000 1055.366400 1477.732800 221.388800 1.000000
2161.952000 1904.896000 2153.952000 1892.624000 1.000000
2174.384000 1915.200000 2166.464000 1907.264000 1.000000
2178.944000 1945.712000 2167.456000 1943.392000 1.000000
2216.752000 1799.696000 2217.184000 1842.288000 1.000000
2273.360000 1690.992000 2297.168000 1734.144000 1.000000
2335.120000 2155.280000 2313.008000 2222.048000 1.000000
2351.008000 2180.368000 2326.224000 2253.984000 1.000000
2344.736000 2070.128000 2331.536000 2151.168000 1.000000
2365.280000 2138.160000 2346.576000 2222.016000 1.000000
2363.728000 2109.968000 2347.168000 2197.504000 1.000000
2348.800000 1740.624000 2372.736000 1835.840000 1.000000
2365.120000 1879.152000 2374.016000 1983.744000 1.000000
2390.112000 2116.784000 2376.320000 2213.840000 1.000000
2365.024000 1851.552000 2377.792000 1957.296000 1.000000
2279.168000 1262.595200 2393.808000 1096.187200 1.000000
2388.544000 1927.808000 2394.496000 2038.352000 1.000000
2450.144000 2430.752000 2412.896000 2459.584000 1.000000
2425.328000 2118.224000 2413.120000 2235.088000 1.000000
2438.240000 2154.928000 2422.432000 2276.192000 1.000000
2437.504000 2143.424000 2422.944000 2265.680000 1.000000
2449.920000 2159.888000 2434.864000 2285.056000 1.000000
2461.776000 2139.376000 2451.376000 2267.168000 1.000000
2484.496000 2155.872000 2474.064000 2288.800000 1.000000
2483.216000 2044.992000 2487.744000 2177.520000 1.000000
2369.984000 1203.203200 2503.296000 1070.417600 1.000000
2490.944000 1990.896000 2503.840000 2129.984000 1.000000
2504.480000 2107.440000 2504.048000 2246.144000 1.000000
2368.944000 1186.742400 2505.264000 1046.713600 1.000000
2501.024000 2032.144000 2510.320000 2166.400000 1.000000
2372.640000 1160.729600 2514.592000 1012.288000 1.000000
2523.872000 2134.640000 2521.232000 2277.552000 1.000000
2380.192000 1097.633600 2525.888000 950.700800 1.000000
2405.136000 1279.310400 2527.424000 1209.620800 1.000000
2407.216000 1254.950400 2534.944000 1176.467200 1.000000
2536.064000 2101.584000 2540.320000 2249.600000 1.000000
2393.456000 1152.243200 2542.000000 1005.228800 1.000000
2536.160000 1923.792000 2565.040000 2066.896000 1.000000
2495.648000 1556.347200 2574.048000 1664.576000 1.000000
2574.480000 2129.232000 2579.072000 2291.264000 1.000000
2456.992000 1298.123200 2581.712000 1253.619200 1.000000
2576.784000 2119.024000 2583.152000 2281.312000 1.000000
2358.768000 779.486400 2583.808000 503.104000 1.000000
2580.144000 2140.064000 2583.872000 2303.616000 1.000000
2581.968000 2128.704000 2586.432000 2292.320000 1.000000
2549.712000 1853.504000 2592.416000 1994.000000 1.000000
2591.248000 2105.344000 2600.800000 2272.992000 1.000000
2595.744000 2142.112000 2601.104000 2310.992000 1.000000
2535.520000 1660.272000 2606.944000 1779.984000 1.000000
2595.904000 2074.640000 2610.432000 2242.304000 1.000000
2591.792000 2045.600000 2611.712000 2210.400000 1.000000
2607.344000 2146.640000 2613.344000 2321.312000 1.000000
2413.648000 842.204800 2614.608000 554.798400 1.000000
2546.464000 1680.528000 2617.280000 1805.792000 1.000000
2473.456000 1229.467200 2620.704000 1158.827200 1.000000
2618.176000 2164.480000 2621.888000 2344.000000 1.000000
2614.592000 2141.712000 2621.904000 2320.688000 1.000000
2618.896000 2152.320000 2624.960000 2333.040000 1.000000
2617.536000 2138.864000 2625.024000 2318.416000 1.000000
2615.440000 2118.192000 2626.400000 2295.184000 1.000000
2531.856000 1483.544000 2629.360000 1587.422400 1.000000
2481.472000 1265.398400 2630.416000 1158.248000 1.000000
2612.224000 2057.248000 2631.536000 2227.216000 1.000000
2606.080000 2008.448000 2633.008000 2176.576000 1.000000
2625.984000 2124.080000 2636.944000 2306.768000 1.000000
2625.536000 2117.520000 2636.976000 2299.584000 1.000000
2632.064000 2157.568000 2638.400000 2345.088000 1.000000
2623.168000 2040.096000 2646.448000 2220.480000 1.000000
2612.896000 1967.568000 2648.544000 2137.232000 1.000000
2629.488000 2068.992000 2649.936000 2250.704000 1.000000
2480.752000 1116.161600 2654.752000 983.916800 1.000000
2644.544000 2135.264000 2656.128000 2328.032000 1.000000
2643.072000 2114.784000 2657.328000 2303.728000 1.000000
2488.752000 1139.312000 2659.392000 1021.507200 1.000000
2538.384000 1385.796800 2663.056000 1427.337600 1.000000
2661.168000 2189.056000 2663.968000 2389.744000 1.000000
2653.152000 2148.784000 2663.984000 2345.104000 1.000000
2650.288000 2127.280000 2664.208000 2321.264000 1.000000
2653.408000 2142.432000 2665.296000 2338.720000 1.000000
2638.656000 2018.880000 2668.544000 2203.824000 1.000000
2653.296000 2111.472000 2669.984000 2306.016000 1.000000
2659.328000 2146.736000 2670.784000 2345.216000 1.000000
2547.248000 1385.003200 2673.232000 1426.800000 1.000000
2634.592000 1951.200000 2674.512000 2127.344000 1.000000
2498.608000 1105.569600 2678.032000 979.532800 1.000000
2648.288000 1995.776000 2683.408000 2180.192000 1.000000
2672.880000 2150.480000 2685.616000 2355.584000 1.000000
2560.528000 1398.496000 2685.952000 1453.011200 1.000000
2672.416000 2125.936000 2688.480000 2326.704000 1.000000
2517.936000 1123.219200 2698.112000 1015.052800 1.000000
2526.160000 1108.243200 2710.560000 997.011200 1.000000
2604.304000 1201.513600 2788.288000 1118.259200 1.000000
