782.752000 2369.008000 658.040000 277.974400 1.000000
785.740800 2469.584000 664.075200 385.027200 1.000000
789.035200 2739.136000 684.718400 657.603200 1.000000
827.756800 2251.200000 696.393600 155.530720 1.000000
816.942400 2475.328000 698.691200 402.406400 1.000000
850.625600 2190.576000 719.097600 88.826560 1.000000
859.793600 2189.248000 728.952000 89.819840 1.000000
858.496000 2237.600000 729.878400 148.629280 1.000000
859.291200 2211.968000 730.051200 118.009120 1.000000
842.366400 2700.240000 741.185600 634.798400 1.000000
851.222400 2568.304000 741.848000 500.713600 1.000000
863.336000 2524.464000 753.075200 463.148800 1.000000
862.035200 2844.160000 764.752000 774.264000 1.000000
887.620800 2281.392000 765.939200 210.408000 1.000000
890.422400 2255.440000 768.179200 180.478400 1.000000
897.937600 2206.176000 774.662400 123.620160 1.000000
896.736000 2233.440000 775.750400 157.324640 1.000000
920.334400 2209.872000 801.868800 135.478880 1.000000
930.584000 2238.032000 813.915200 172.475200 1.000000
954.036800 2256.240000 839.996800 201.800000 1.000000
960.105600 2157.264000 845.353600 81.875040 1.000000
950.584000 2525.712000 845.464000 487.771200 1.000000
954.358400 2573.232000 849.384000 539.716800 1.000000
993.371200 2777.568000 893.961600 748.857600 1.000000
1056.948800 2244.688000 954.430400 218.104000 1.000000
1052.968000 2879.120000 956.100800 840.454400 1.000000
1057.707200 2395.936000 956.241600 384.531200 1.000000
1057.572800 2523.936000 958.961600 515.259200 1.000000
1060.958400 2619.456000 961.758400 612.705600 1.000000
1069.908800 2303.728000 971.792000 287.499200 1.000000
1081.798400 2269.904000 981.566400 255.801600 1.000000
1081.718400 2308.192000 985.918400 292.593600 1.000000
1084.865600 2592.480000 988.264000 593.937600 1.000000
1093.734400 2643.136000 998.105600 643.726400 1.000000
1105.272000 2658.000000 1011.750400 659.683200 1.000000
1107.384000 2347.584000 1013.332800 344.532800 1.000000
1112.571200 2746.000000 1016.422400 737.243200 1.000000
1112.121600 2279.488000 1018.700800 271.659200 1.000000
1111.227200 2174.944000 1018.710400 150.697440 1.000000
1122.630400 2690.960000 1026.321600 693.692800 1.000000
1123.676800 2232.336000 1032.889600 220.604800 1.000000
1134.779200 2206.560000 1047.148800 191.860800 1.000000
1139.238400 2370.544000 1050.091200 371.560000 1.000000
1142.958400 2622.000000 1050.107200 631.220800 1.000000
1147.115200 2666.176000 1053.097600 674.416000 1.000000
1153.692800 2788.352000 1054.662400 784.556800 1.000000
1147.776000 2500.768000 1056.016000 506.756800 1.000000
1146.262400 2420.576000 1056.134400 430.990400 1.000000
1159.113600 2451.952000 1068.529600 459.022400 1.000000
1153.673600 2172.336000 1070.025600 160.003200 1.000000
1167.267200 2712.624000 1071.038400 719.633600 1.000000
1165.659200 2302.096000 1079.564800 307.849600 1.000000
1176.904000 2518.320000 1085.947200 537.936000 1.000000
1171.214400 2168.448000 1088.667200 153.003360 1.000000
1180.305600 2630.736000 1090.251200 646.160000 1.000000
1179.731200 2310.384000 1094.712000 320.182400 1.000000
1190.145600 2656.672000 1097.372800 673.668800 1.000000
1174.400000 2203.616000 1097.553600 193.993600 1.000000
1189.353600 2611.984000 1099.529600 630.355200 1.000000
1178.660800 2104.304000 1100.254400 77.128640 1.000000
1196.808000 2733.904000 1102.859200 743.787200 1.000000
1185.387200 2191.216000 1105.236800 184.878400 1.000000
1195.432000 2534.816000 1105.376000 557.707200 1.000000
1206.475200 2875.280000 1106.392000 874.516800 1.000000
1190.392000 2253.056000 1107.947200 258.078400 1.000000
1196.408000 2485.120000 1108.766400 503.291200 1.000000
1195.561600 2519.472000 1109.323200 540.872000 1.000000
1194.675200 2232.960000 1111.612800 236.145600 1.000000
1192.025600 2148.064000 1115.910400 133.790880 1.000000
1200.932800 2261.136000 1116.539200 270.484800 1.000000
1194.392000 2174.704000 1118.060800 164.681600 1.000000
1205.718400 2377.680000 1123.545600 398.024000 1.000000
1213.944000 2469.232000 1128.795200 491.731200 1.000000
1231.758400 2854.480000 1130.454400 861.547200 1.000000
1229.198400 2779.280000 1131.942400 794.308800 1.000000
1230.553600 2540.112000 1143.747200 564.505600 1.000000
1235.553600 2670.256000 1144.680000 688.217600 1.000000
1224.907200 2144.496000 1155.331200 132.187680 1.000000
1250.483200 2630.064000 1160.548800 654.510400 1.000000
1253.129600 2714.256000 1161.070400 732.256000 1.000000
1246.246400 2517.136000 1161.075200 546.540800 1.000000
1263.563200 2921.024000 1161.088000 920.142400 1.000000
1250.384000 2476.768000 1166.606400 508.035200 1.000000
1238.860800 2180.640000 1169.280000 181.056000 1.000000
1246.116800 2329.696000 1169.995200 353.523200 1.000000
1237.481600 2129.152000 1171.358400 113.820320 1.000000
1250.211200 2392.864000 1172.716800 416.312000 1.000000
1245.577600 2215.056000 1172.868800 223.835200 1.000000
1262.748800 2334.160000 1188.147200 360.238400 1.000000
1262.990400 2323.360000 1189.091200 348.657600 1.000000
1263.241600 2273.248000 1192.755200 291.462400 1.000000
1270.988800 2346.800000 1197.779200 373.636800 1.000000
1267.870400 2196.304000 1201.115200 204.412800 1.000000
1271.428800 2211.504000 1204.508800 222.686400 1.000000
1275.136000 2199.040000 1210.896000 207.926400 1.000000
1277.318400 2183.440000 1213.366400 190.361600 1.000000
1281.185600 2234.528000 1215.897600 249.256000 1.000000
1278.801600 2159.840000 1218.214400 162.947200 1.000000
1287.281600 2170.848000 1227.243200 172.176000 1.000000
1287.545600 2150.992000 1227.979200 147.543200 1.000000
1287.809600 2070.608000 1236.129600 49.234880 1.000000
2148.960000 1895.040000 1950.480000 1494.547200 1.000000
2552.640000 1816.848000 2349.216000 1862.704000 1.000000
2555.872000 1543.326400 2351.584000 1803.008000 1.000000
2549.712000 1853.504000 2395.232000 1726.688000 1.000000
2534.032000 1716.752000 2420.912000 1679.536000 1.000000
2479.440000 1346.108800 2433.664000 1598.500800 1.000000
2390.176000 1173.732800 2467.264000 1176.664000 1.000000
2594.656000 1617.120000 2542.304000 1616.592000 1.000000
2492.128000 1059.632000 2642.592000 1139.472000 1.000000
2499.840000 993.772800 2713.584000 1017.617600 1.000000
