744.713600 637.196800 952.625600 1031.595200 1.000000
736.657600 580.710400 1861.216000 49.385440 1.000000
3897.072000 1735.456000 2018.112000 1811.952000 1.000000
2405.136000 1279.310400 2424.272000 1565.102400 1.000000
2407.216000 1254.950400 2456.096000 1543.736000 1.000000
2498.416000 1375.633600 2472.368000 1666.944000 1.000000
2560.528000 1398.496000 2480.128000 1742.032000 1.000000
556.361600 1519.976000 2681.824000 329.164800 1.000000
2491.632000 998.481600 2881.024000 1485.107200 1.000000
2477.456000 972.302400 2962.240000 1331.073600 1.000000
2496.816000 945.833600 2975.488000 1378.100800 1.000000
2582.096000 2272.256000 2982.528000 1244.582400 1.000000
2122.896000 1311.280000 3073.648000 2389.056000 1.000000
2995.552000 1649.360000 3157.024000 1626.400000 1.000000
