891.340800 706.812800 1007.851200 2728.944000 1.000000
882.841600 238.148800 1009.974400 2346.224000 1.000000
899.950400 924.241600 1010.640000 2930.896000 1.000000
917.408000 579.964800 1038.856000 2604.112000 1.000000
966.824000 845.969600 1084.102400 2827.088000 1.000000
968.988800 946.252800 1085.731200 2931.184000 1.000000
973.856000 798.851200 1090.412800 2785.296000 1.000000
979.334400 849.296000 1097.481600 2827.792000 1.000000
980.457600 127.327040 1099.528000 2237.600000 1.000000
985.390400 565.416000 1101.788800 2572.512000 1.000000
988.288000 180.553600 1106.027200 2278.736000 1.000000
1000.284800 675.196800 1117.979200 2661.648000 1.000000
1000.118400 823.748800 1120.209600 2796.016000 1.000000
1003.468800 833.334400 1121.552000 2806.256000 1.000000
1009.998400 890.940800 1129.284800 2864.704000 1.000000
1014.144000 849.470400 1131.310400 2823.776000 1.000000
1014.459200 574.448000 1132.273600 2572.272000 1.000000
1028.632000 38.400960 1141.553600 2166.464000 1.000000
1049.548800 46.271520 1160.201600 2170.464000 1.000000
1041.435200 954.708800 1163.856000 2908.688000 1.000000
1045.470400 1032.707200 1168.779200 2991.552000 1.000000
1050.470400 841.780800 1171.027200 2802.592000 1.000000
1060.016000 193.457600 1171.444800 2275.472000 1.000000
1064.433600 63.083360 1173.164800 2180.608000 1.000000
1058.051200 992.036800 1184.328000 2945.776000 1.000000
1063.844800 854.840000 1184.526400 2812.800000 1.000000
1079.953600 213.132800 1188.329600 2284.096000 1.000000
1068.476800 786.363200 1189.025600 2743.552000 1.000000
1072.934400 727.449600 1192.875200 2684.144000 1.000000
1072.931200 954.080000 1199.441600 2901.408000 1.000000
1080.420800 713.480000 1200.742400 2669.232000 1.000000
1091.795200 296.361600 1200.857600 2337.360000 1.000000
1084.820800 570.939200 1202.412800 2549.776000 1.000000
1092.723200 440.246400 1206.499200 2441.312000 1.000000
1088.198400 786.153600 1210.012800 2739.616000 1.000000
1097.843200 709.256000 1218.960000 2662.048000 1.000000
1106.568000 524.316800 1221.715200 2506.752000 1.000000
1101.724800 784.500800 1222.371200 2735.328000 1.000000
1099.056000 944.931200 1224.894400 2885.600000 1.000000
1100.563200 966.024000 1228.027200 2910.352000 1.000000
1101.747200 996.275200 1229.798400 2941.648000 1.000000
1125.075200 380.251200 1236.200000 2390.000000 1.000000
1114.699200 869.688000 1238.564800 2804.384000 1.000000
1120.908800 742.531200 1241.784000 2690.784000 1.000000
1134.952000 355.284800 1245.454400 2366.016000 1.000000
1130.286400 631.545600 1247.744000 2585.232000 1.000000
1133.990400 537.340800 1249.283200 2507.456000 1.000000
1143.462400 291.396800 1251.380800 2318.368000 1.000000
1153.206400 205.777600 1257.550400 2255.568000 1.000000
1133.465600 993.739200 1263.064000 2932.720000 1.000000
1157.918400 599.792000 1274.724800 2553.664000 1.000000
1153.612800 821.518400 1277.878400 2747.904000 1.000000
1178.611200 339.163200 1284.443200 2353.872000 1.000000
1173.164800 576.030400 1288.419200 2530.368000 1.000000
1166.515200 814.289600 1290.176000 2744.000000 1.000000
1179.241600 535.491200 1294.089600 2496.688000 1.000000
1191.067200 586.777600 1305.865600 2538.224000 1.000000
1182.897600 831.264000 1308.630400 2753.840000 1.000000
1180.713600 863.411200 1308.665600 2789.776000 1.000000
1204.184000 446.169600 1312.697600 2423.600000 1.000000
1196.611200 497.868800 1313.041600 2461.520000 1.000000
1190.126400 776.472000 1313.708800 2699.552000 1.000000
1185.291200 933.457600 1316.139200 2858.240000 1.000000
1200.580800 758.804800 1324.283200 2682.176000 1.000000
1199.278400 853.161600 1326.097600 2776.192000 1.000000
1192.996800 1037.392000 1329.771200 2961.344000 1.000000
1221.473600 468.640000 1330.932800 2437.824000 1.000000
1203.844800 875.827200 1331.572800 2801.024000 1.000000
1195.046400 1051.406400 1332.459200 2976.208000 1.000000
1219.368000 816.120000 1345.028800 2736.496000 1.000000
1230.097600 702.473600 1352.067200 2628.992000 1.000000
1263.608000 195.016000 1355.243200 2262.016000 1.000000
1221.244800 953.249600 1356.196800 2870.400000 1.000000
1247.180800 528.004800 1357.166400 2481.264000 1.000000
1236.542400 726.656000 1358.507200 2649.168000 1.000000
1236.736000 764.235200 1359.776000 2684.624000 1.000000
1225.129600 950.672000 1360.273600 2866.384000 1.000000
1224.632000 993.824000 1362.907200 2912.064000 1.000000
1235.558400 806.468800 1363.952000 2726.624000 1.000000
1248.902400 642.772800 1366.273600 2574.816000 1.000000
1225.352000 1071.510400 1369.179200 2992.992000 1.000000
1259.745600 560.206400 1373.324800 2506.688000 1.000000
1242.212800 868.366400 1373.364800 2783.440000 1.000000
1233.744000 1034.419200 1374.790400 2952.208000 1.000000
1292.225600 129.746880 1377.724800 2212.512000 1.000000
1244.323200 903.784000 1377.881600 2817.504000 1.000000
1241.609600 1004.644800 1380.276800 2924.096000 1.000000
1263.753600 656.451200 1381.659200 2584.608000 1.000000
1261.217600 887.137600 1393.651200 2798.368000 1.000000
1255.160000 973.152000 1394.633600 2886.048000 1.000000
1251.793600 1047.635200 1396.120000 2964.000000 1.000000
1269.569600 804.244800 1398.011200 2717.520000 1.000000
1257.374400 1044.507200 1402.508800 2961.216000 1.000000
1275.912000 918.267200 1411.350400 2828.848000 1.000000
1313.939200 392.648000 1412.270400 2394.496000 1.000000
1338.976000 64.669760 1414.804800 2161.328000 1.000000
1333.113600 220.248000 1421.262400 2268.144000 1.000000
1275.918400 1036.243200 1422.312000 2951.200000 1.000000
1330.190400 364.968000 1427.635200 2370.688000 1.000000
1287.216000 963.836800 1428.292800 2875.568000 1.000000
1344.611200 244.160000 1432.598400 2282.688000 1.000000
1341.640000 306.419200 1433.963200 2326.416000 1.000000
1296.091200 950.985600 1435.313600 2862.208000 1.000000
1339.094400 371.326400 1435.457600 2372.768000 1.000000
1287.233600 1058.062400 1436.347200 2971.312000 1.000000
1360.963200 121.462720 1437.828800 2196.000000 1.000000
1355.232000 200.708800 1439.406400 2249.728000 1.000000
1349.897600 325.299200 1441.889600 2337.264000 1.000000
1299.268800 987.705600 1442.931200 2897.904000 1.000000
1340.113600 450.947200 1443.500800 2433.984000 1.000000
1347.497600 388.532800 1444.249600 2383.728000 1.000000
1345.888000 434.849600 1445.697600 2420.160000 1.000000
1329.084800 654.497600 1446.137600 2603.408000 1.000000
1337.888000 604.233600 1451.840000 2561.904000 1.000000
1343.808000 535.990400 1452.020800 2501.024000 1.000000
1336.728000 682.798400 1457.584000 2626.656000 1.000000
1351.558400 582.089600 1463.337600 2537.344000 1.000000
1340.988800 748.576000 1465.848000 2685.584000 1.000000
1385.793600 252.716800 1469.600000 2285.392000 1.000000
1401.712000 92.673440 1472.360000 2174.032000 1.000000
1391.436800 209.324800 1472.545600 2251.584000 1.000000
1399.363200 119.685120 1472.948800 2191.488000 1.000000
1366.603200 522.291200 1473.588800 2490.288000 1.000000
1350.916800 715.974400 1474.449600 2654.864000 1.000000
1367.022400 557.497600 1476.262400 2522.432000 1.000000
1338.153600 880.337600 1476.272000 2810.512000 1.000000
1393.280000 251.608000 1477.288000 2283.856000 1.000000
1408.635200 117.748640 1480.576000 2189.504000 1.000000
1333.617600 1036.348800 1486.118400 2969.584000 1.000000
1342.435200 962.982400 1488.321600 2891.504000 1.000000
1388.451200 480.259200 1493.787200 2458.112000 1.000000
1399.507200 429.857600 1497.300800 2416.064000 1.000000
1375.233600 683.208000 1498.065600 2629.760000 1.000000
1375.713600 715.120000 1499.691200 2656.560000 1.000000
1376.040000 736.908800 1501.745600 2674.512000 1.000000
1349.896000 1020.816000 1501.827200 2951.472000 1.000000
1354.571200 991.811200 1504.332800 2921.200000 1.000000
1390.705600 611.963200 1505.243200 2564.592000 1.000000
1389.299200 654.953600 1506.910400 2604.144000 1.000000
1358.334400 1017.441600 1510.832000 2950.528000 1.000000
1372.508800 922.595200 1516.632000 2852.320000 1.000000
1375.371200 903.356800 1517.321600 2833.536000 1.000000
1360.067200 1041.912000 1517.660800 2976.912000 1.000000
2540.672000 1301.945600 2123.344000 1224.849600 1.000000
2559.344000 1439.827200 2863.744000 1356.846400 1.000000
