116.707840 518.040000 222.268800 2386.320000 1.000000
128.043680 562.115200 223.892800 2422.448000 1.000000
296.529600 584.800000 383.825600 2424.032000 1.000000
290.337600 524.796800 388.035200 2372.656000 1.000000
297.249600 534.550400 392.534400 2381.040000 1.000000
314.851200 577.112000 402.846400 2417.552000 1.000000
377.051200 878.720000 403.196800 2726.384000 1.000000
371.988800 841.022400 404.512000 2694.208000 1.000000
314.627200 558.955200 404.851200 2400.624000 1.000000
323.377600 599.374400 409.051200 2437.840000 1.000000
363.790400 785.185600 409.337600 2633.824000 1.000000
310.609600 524.132800 410.209600 2370.288000 1.000000
314.380800 535.088000 410.657600 2380.336000 1.000000
293.284800 407.456000 411.716800 2268.928000 1.000000
331.785600 537.432000 425.134400 2382.192000 1.000000
323.996800 487.032000 426.134400 2336.496000 1.000000
305.633600 382.587200 427.203200 2246.560000 1.000000
313.288000 360.624000 441.358400 2230.640000 1.000000
329.179200 406.299200 444.820800 2266.048000 1.000000
461.006400 966.236800 485.104000 2759.840000 1.000000
398.536000 36.325920 598.798400 1810.000000 1.000000
727.646400 510.334400 814.086400 2292.352000 1.000000
735.635200 515.273600 819.857600 2295.584000 1.000000
749.091200 525.489600 834.049600 2303.664000 1.000000
816.300800 1114.435200 842.200000 2849.408000 1.000000
775.603200 494.816000 863.409600 2265.952000 1.000000
824.131200 822.576000 880.262400 2550.896000 1.000000
1026.528000 1152.660800 1062.038400 2867.664000 1.000000
1035.579200 117.118560 1146.257600 1813.168000 1.000000
1075.704000 173.323200 1180.505600 1853.632000 1.000000
1116.620800 136.750080 1216.572800 1820.832000 1.000000
1132.161600 112.019200 1230.736000 1802.944000 1.000000
1584.760000 703.604800 1255.131200 2340.352000 1.000000
1604.896000 720.076800 1271.499200 2354.352000 1.000000
1302.790400 704.814400 1358.515200 2377.536000 1.000000
1410.216000 1125.771200 1474.742400 2788.832000 1.000000
1421.166400 939.113600 1481.990400 2587.488000 1.000000
1436.195200 851.841600 1493.873600 2499.920000 1.000000
1445.344000 911.097600 1505.592000 2554.896000 1.000000
1455.038400 928.440000 1516.916800 2572.016000 1.000000
1454.700800 944.937600 1518.105600 2588.208000 1.000000
1471.920000 898.752000 1531.123200 2542.192000 1.000000
1491.342400 188.676800 1536.526400 1821.072000 1.000000
1518.752000 184.137600 1560.940800 1815.808000 1.000000
1543.299200 212.081600 1584.974400 1836.288000 1.000000
1546.412800 245.875200 1586.512000 1862.496000 1.000000
1559.564800 184.988800 1597.457600 1813.968000 1.000000
1569.441600 228.721600 1605.936000 1844.704000 1.000000
1573.640000 209.732800 1608.576000 1828.944000 1.000000
1728.736000 301.190400 1748.112000 1890.784000 1.000000
1750.880000 133.190560 1758.400000 1757.248000 1.000000
1761.552000 265.840000 1775.296000 1855.904000 1.000000
1780.784000 222.680000 1787.760000 1818.368000 1.000000
1787.088000 301.196800 1798.480000 1886.288000 1.000000
1784.560000 322.371200 1799.040000 1904.928000 1.000000
1803.984000 308.329600 1815.008000 1886.720000 1.000000
1821.216000 241.424000 1823.792000 1827.664000 1.000000
1845.744000 205.712000 1844.528000 1802.720000 1.000000
1892.048000 297.844800 1891.296000 1865.984000 1.000000
1896.432000 307.577600 1895.616000 1874.416000 1.000000
1911.232000 311.489600 1910.720000 1876.256000 1.000000
1926.336000 277.614400 1918.384000 1844.176000 1.000000
1944.864000 142.671040 1919.776000 1746.256000 1.000000
1977.264000 99.034240 1942.736000 1708.768000 1.000000
1990.704000 53.306240 1947.424000 1670.400000 1.000000
1941.168000 527.868800 1959.840000 2186.976000 1.000000
1942.720000 515.438400 1960.656000 2175.040000 1.000000
1978.944000 341.694400 1970.544000 1895.248000 1.000000
1981.584000 326.385600 1971.712000 1880.288000 1.000000
2013.168000 164.939200 1980.896000 1755.776000 1.000000
2027.760000 68.747680 1981.216000 1679.200000 1.000000
1994.416000 328.604800 1984.928000 1879.600000 1.000000
1940.592000 745.937600 1988.048000 2373.472000 1.000000
1976.000000 532.707200 1990.080000 2187.072000 1.000000
1979.120000 522.200000 1991.648000 2176.992000 1.000000
1919.328000 945.449600 1993.424000 2542.032000 1.000000
2046.896000 56.045440 1996.096000 1669.120000 1.000000
2031.136000 194.294400 1997.904000 1772.240000 1.000000
2047.680000 70.663040 1999.184000 1680.064000 1.000000
2025.504000 274.195200 2003.728000 1832.240000 1.000000
1996.384000 533.331200 2010.544000 2184.128000 1.000000
2038.624000 283.494400 2014.480000 1839.200000 1.000000
2028.672000 348.174400 2015.248000 1895.504000 1.000000
2077.536000 49.188320 2019.760000 1660.000000 1.000000
2013.648000 578.179200 2034.128000 2227.952000 1.000000
2030.496000 537.918400 2042.320000 2184.640000 1.000000
2043.472000 531.968000 2055.936000 2178.496000 1.000000
2100.736000 505.206400 2109.056000 2157.424000 1.000000
2095.536000 579.265600 2118.320000 2221.824000 1.000000
2622.272000 1760.368000 2511.696000 2062.288000 1.000000
2573.552000 1801.440000 2558.656000 1908.640000 1.000000
2503.088000 1843.728000 2667.424000 1402.120000 1.000000
3514.384000 1119.753600 3257.888000 429.443200 1.000000
