58.828640 1049.475200 32.802720 2592.400000 1.000000
130.446240 1321.336000 67.868000 2800.896000 1.000000
38.550720 780.625600 70.871360 2318.080000 1.000000
41.782400 784.260800 73.856960 2321.424000 1.000000
143.700640 1310.320000 85.018720 2784.624000 1.000000
37.912000 666.614400 96.374720 2174.000000 1.000000
103.173600 952.651200 97.771520 2490.144000 1.000000
206.345600 1408.262400 138.788800 2869.248000 1.000000
238.276800 1437.300800 167.057600 2898.720000 1.000000
118.753120 596.883200 195.308800 2064.432000 1.000000
117.428320 512.548800 208.620800 1985.440000 1.000000
116.707840 518.040000 208.680000 1997.312000 1.000000
88.435520 325.961600 212.460800 1832.816000 1.000000
97.437280 328.152000 219.216000 1836.224000 1.000000
96.066560 322.352000 219.596800 1830.544000 1.000000
132.793440 514.748800 223.156800 1986.848000 1.000000
300.862400 1349.235200 251.812800 2795.616000 1.000000
195.988800 509.972800 283.929600 1981.424000 1.000000
157.108480 127.035200 299.132800 1676.432000 1.000000
191.016000 371.324800 301.392000 1862.560000 1.000000
196.678400 348.361600 311.390400 1840.672000 1.000000
339.332800 1212.768000 314.329600 2654.960000 1.000000
350.611200 1249.112000 319.803200 2691.536000 1.000000
228.598400 386.393600 336.092800 1876.688000 1.000000
287.171200 547.737600 367.976000 2006.208000 1.000000
299.408000 574.980800 375.996800 2028.032000 1.000000
297.249600 534.550400 379.588800 1994.448000 1.000000
301.193600 549.859200 381.384000 2006.656000 1.000000
423.593600 1416.051200 382.672000 2812.960000 1.000000
300.929600 516.539200 386.500800 1975.408000 1.000000
300.462400 484.992000 390.249600 1949.584000 1.000000
313.542400 566.380800 390.424000 2019.888000 1.000000
314.627200 558.955200 391.988800 2013.552000 1.000000
293.284800 407.456000 393.764800 1883.392000 1.000000
307.998400 505.854400 394.755200 1967.472000 1.000000
314.380800 535.088000 396.790400 1993.488000 1.000000
310.646400 485.110400 400.435200 1949.136000 1.000000
302.729600 427.024000 400.700800 1899.904000 1.000000
323.152000 546.664000 402.548800 2003.264000 1.000000
315.596800 495.628800 403.297600 1958.832000 1.000000
328.283200 569.588800 405.273600 2024.512000 1.000000
314.444800 465.803200 406.803200 1931.648000 1.000000
305.633600 382.587200 409.580800 1861.392000 1.000000
313.195200 436.835200 409.665600 1907.360000 1.000000
323.996800 487.032000 412.187200 1950.608000 1.000000
331.785600 537.432000 413.356800 1994.864000 1.000000
321.278400 416.457600 419.660800 1889.312000 1.000000
313.288000 360.624000 422.232000 1845.184000 1.000000
430.006400 1237.355200 422.433600 2679.024000 1.000000
326.937600 428.377600 423.472000 1899.840000 1.000000
322.201600 394.859200 423.483200 1871.536000 1.000000
391.976000 427.360000 481.540800 1888.592000 1.000000
409.748800 423.225600 500.592000 1881.008000 1.000000
404.094400 359.414400 505.259200 1839.776000 1.000000
398.536000 36.325920 563.009600 1458.232000 1.000000
569.033600 1184.432000 563.211200 2566.448000 1.000000
411.934400 70.398080 569.504000 1486.777600 1.000000
420.881600 59.941920 579.006400 1477.065600 1.000000
599.710400 1291.590400 581.198400 2682.336000 1.000000
421.804800 52.984640 581.467200 1471.067200 1.000000
602.419200 1292.883200 584.896000 2684.048000 1.000000
608.478400 1342.537600 586.256000 2736.272000 1.000000
606.243200 1279.966400 590.712000 2668.384000 1.000000
620.113600 1357.744000 596.449600 2756.528000 1.000000
640.292800 1420.320000 618.702400 2819.520000 1.000000
638.809600 1330.347200 620.243200 2720.768000 1.000000
637.835200 1247.748800 628.960000 2629.072000 1.000000
550.984000 294.657600 654.571200 1764.864000 1.000000
661.843200 1168.204800 662.764800 2568.064000 1.000000
703.371200 1323.796800 685.228800 2712.048000 1.000000
701.182400 1252.190400 693.521600 2627.392000 1.000000
627.232000 451.956800 711.070400 1882.208000 1.000000
719.755200 1249.529600 715.411200 2625.056000 1.000000
622.492800 373.401600 715.606400 1819.440000 1.000000
658.884800 359.739200 749.220800 1806.608000 1.000000
715.926400 522.553600 784.969600 1932.800000 1.000000
740.784000 474.414400 818.040000 1892.720000 1.000000
830.420800 1410.366400 819.580800 2789.152000 1.000000
811.100800 1066.545600 830.966400 2418.192000 1.000000
816.300800 1114.435200 832.684800 2465.424000 1.000000
833.416000 798.744000 879.356800 2152.960000 1.000000
977.212800 167.283200 1071.256000 1523.435200 1.000000
1035.579200 117.118560 1123.604800 1479.776000 1.000000
1037.806400 48.664640 1127.654400 1428.236800 1.000000
1024.931200 53.992320 1152.704000 360.884800 1.000000
1075.704000 173.323200 1159.432000 1522.769600 1.000000
1045.345600 128.245920 1171.004800 986.609600 1.000000
1103.400000 191.544000 1181.038400 1535.424000 1.000000
1099.889600 58.358880 1181.707200 1431.481600 1.000000
1116.620800 136.750080 1194.790400 1489.380800 1.000000
1120.803200 164.534400 1196.846400 1510.462400 1.000000
1122.097600 79.733760 1200.123200 1449.366400 1.000000
1122.888000 99.372000 1201.526400 1459.790400 1.000000
1132.161600 112.019200 1208.704000 1470.811200 1.000000
1184.697600 669.043200 1230.438400 2004.592000 1.000000
1200.459200 844.428800 1238.505600 2159.792000 1.000000
1202.556800 863.640000 1242.555200 2179.024000 1.000000
1210.641600 695.777600 1256.974400 2030.192000 1.000000
1236.683200 738.307200 1277.814400 2064.416000 1.000000
1261.044800 755.193600 1301.004800 2080.960000 1.000000
1362.883200 201.315200 1409.574400 1522.299200 1.000000
1410.216000 1125.771200 1449.288000 2419.136000 1.000000
1416.523200 819.811200 1452.774400 2124.976000 1.000000
1421.166400 939.113600 1458.968000 2230.192000 1.000000
1427.238400 857.667200 1464.052800 2154.272000 1.000000
1436.195200 851.841600 1472.334400 2146.144000 1.000000
1445.344000 911.097600 1482.707200 2199.600000 1.000000
1446.208000 878.995200 1483.220800 2171.152000 1.000000
1447.900800 861.161600 1484.145600 2156.112000 1.000000
1447.262400 920.275200 1484.923200 2208.976000 1.000000
1455.038400 928.440000 1492.635200 2215.552000 1.000000
1471.920000 898.752000 1507.208000 2186.800000 1.000000
1471.723200 1093.088000 1510.800000 2372.080000 1.000000
1518.752000 184.137600 1542.368000 1494.870400 1.000000
1543.299200 212.081600 1568.059200 1514.411200 1.000000
1546.412800 245.875200 1569.614400 1543.089600 1.000000
1569.441600 228.721600 1589.761600 1525.755200 1.000000
1686.560000 267.299200 1694.240000 1548.390400 1.000000
1701.488000 282.067200 1707.888000 1561.334400 1.000000
1728.736000 301.190400 1732.848000 1575.011200 1.000000
1744.928000 287.734400 1745.792000 1561.451200 1.000000
1761.552000 265.840000 1759.680000 1541.977600 1.000000
1777.232000 64.460800 1762.784000 1386.033600 1.000000
1775.952000 260.800000 1773.232000 1536.404800 1.000000
1780.784000 222.680000 1774.176000 1503.312000 1.000000
1784.560000 322.371200 1783.232000 1590.302400 1.000000
1789.808000 253.313600 1783.296000 1528.120000 1.000000
1787.088000 301.196800 1785.104000 1569.843200 1.000000
1804.976000 261.088000 1798.336000 1532.204800 1.000000
1845.744000 205.712000 1827.888000 1487.492800 1.000000
1861.696000 264.136000 1848.192000 1530.460800 1.000000
1887.280000 313.972800 1874.304000 1571.163200 1.000000
1892.048000 297.844800 1877.264000 1553.928000 1.000000
1896.432000 307.577600 1881.776000 1563.204800 1.000000
1906.432000 294.873600 1887.456000 1551.228800 1.000000
1920.288000 163.420800 1888.256000 1450.528000 1.000000
1915.648000 298.964800 1897.792000 1553.432000 1.000000
1922.320000 224.040000 1897.808000 1495.044800 1.000000
1926.336000 277.614400 1904.992000 1536.620800 1.000000
1946.384000 98.235200 1907.648000 1399.934400 1.000000
1954.176000 55.736160 1911.312000 1363.867200 1.000000
1959.104000 31.802240 1913.808000 1346.592000 1.000000
1951.808000 175.102400 1916.496000 1456.988800 1.000000
1965.728000 103.828000 1925.648000 1401.694400 1.000000
1941.168000 527.868800 1936.192000 1844.160000 1.000000
1942.720000 515.438400 1938.336000 1833.488000 1.000000
1990.704000 53.306240 1941.392000 1359.889600 1.000000
1997.968000 60.311200 1948.320000 1365.988800 1.000000
1956.976000 518.411200 1948.848000 1834.384000 1.000000
1919.328000 945.449600 1954.928000 2197.712000 1.000000
1940.592000 745.937600 1957.344000 2026.720000 1.000000
2002.720000 163.697600 1961.248000 1445.460800 1.000000
1968.256000 542.913600 1962.864000 1854.592000 1.000000
1976.000000 532.707200 1966.064000 1845.248000 1.000000
2020.720000 90.314880 1969.040000 1388.419200 1.000000
2031.136000 194.294400 1988.000000 1467.737600 1.000000
2015.136000 331.177600 1988.944000 1572.017600 1.000000
2025.504000 274.195200 1991.984000 1524.750400 1.000000
2020.720000 342.612800 1994.448000 1582.585600 1.000000
2057.696000 37.806400 1997.072000 1342.488000 1.000000
2052.208000 76.722720 1998.816000 1374.651200 1.000000
2028.912000 321.412800 1999.104000 1565.072000 1.000000
2028.672000 348.174400 2001.360000 1587.545600 1.000000
2034.912000 297.131200 2002.368000 1544.208000 1.000000
2068.336000 31.963520 2004.704000 1337.980800 1.000000
2013.648000 578.179200 2007.888000 1889.568000 1.000000
2039.152000 413.300800 2012.784000 1742.048000 1.000000
2077.536000 49.188320 2013.776000 1351.264000 1.000000
2057.792000 217.043200 2014.336000 1478.656000 1.000000
2044.832000 335.316800 2014.384000 1574.225600 1.000000
2079.248000 119.289120 2022.496000 1406.478400 1.000000
2043.472000 531.968000 2029.552000 1837.792000 1.000000
2059.088000 447.979200 2035.376000 1766.528000 1.000000
2080.576000 401.496000 2050.352000 1720.832000 1.000000
2126.832000 155.168800 2066.304000 1428.918400 1.000000
2100.736000 505.206400 2083.328000 1820.224000 1.000000
2095.536000 579.265600 2089.296000 1883.456000 1.000000
1981.584000 326.385600 2096.096000 1115.744000 1.000000
1986.368000 310.540800 2100.784000 1100.166400 1.000000
1994.416000 328.604800 2111.072000 1117.289600 1.000000
2165.376000 258.604800 2111.232000 1563.515200 1.000000
2185.952000 2017.200000 2418.816000 2251.664000 1.000000
2540.704000 1788.080000 2511.936000 2025.728000 1.000000
2680.656000 1774.736000 2540.688000 2108.064000 1.000000
2526.976000 1847.808000 2610.368000 1847.200000 1.000000
2490.880000 1878.176000 2617.728000 1810.032000 1.000000
