116.867680 2203.488000 24.283520 2846.128000 1.000000
31.351840 1048.264000 29.594400 1672.800000 1.000000
124.688320 2239.760000 31.414560 2888.112000 1.000000
115.848000 2036.528000 38.635360 2658.608000 1.000000
120.150720 2014.640000 44.339840 2635.808000 1.000000
139.055680 2203.296000 49.992320 2846.432000 1.000000
115.259040 1689.616000 59.424160 2273.008000 1.000000
41.782400 784.260800 59.910400 1426.721600 1.000000
36.554560 732.686400 60.423680 1370.720000 1.000000
116.783840 1760.928000 63.404480 2355.152000 1.000000
32.221280 626.955200 63.629440 1263.472000 1.000000
119.041920 1772.368000 65.564640 2365.792000 1.000000
165.444800 2316.368000 68.484480 2985.120000 1.000000
92.680480 1284.899200 73.960800 1870.000000 1.000000
110.509600 1528.352000 74.256480 2102.848000 1.000000
33.160800 467.348800 76.598400 1110.617600 1.000000
104.835200 1331.928000 78.283200 1916.720000 1.000000
102.601600 1321.768000 79.284480 1904.192000 1.000000
51.904640 660.396800 81.944160 1294.611200 1.000000
176.416000 2266.560000 82.300320 2922.240000 1.000000
72.458880 892.116800 82.391200 1525.163200 1.000000
183.806400 2310.144000 88.306400 2973.920000 1.000000
155.346880 1911.792000 88.687360 2529.648000 1.000000
61.984640 671.585600 88.808320 1304.224000 1.000000
185.406400 2251.136000 92.738400 2903.920000 1.000000
184.884800 2242.384000 93.365920 2892.640000 1.000000
58.323520 580.846400 93.653120 1218.667200 1.000000
171.968000 2073.952000 94.858240 2700.816000 1.000000
192.534400 2314.848000 97.368960 2978.928000 1.000000
188.041600 2258.544000 97.772320 2910.784000 1.000000
194.003200 2294.976000 99.691360 2956.240000 1.000000
180.009600 2096.624000 101.596960 2726.000000 1.000000
148.717760 1674.192000 101.787840 2258.960000 1.000000
195.329600 2282.320000 102.785280 2939.680000 1.000000
171.412800 1920.896000 103.693280 2539.552000 1.000000
170.200000 1871.520000 108.041920 2485.760000 1.000000
105.918880 975.288000 108.824640 1610.560000 1.000000
203.089600 2301.072000 109.310080 2962.944000 1.000000
188.625600 2117.040000 109.630720 2749.904000 1.000000
134.357760 1383.593600 110.751200 1957.984000 1.000000
182.432000 1972.144000 112.568320 2588.768000 1.000000
206.377600 2315.408000 113.947040 2977.056000 1.000000
74.048000 483.054400 115.650080 1110.787200 1.000000
106.729600 864.748800 116.923520 1499.275200 1.000000
206.484800 2266.560000 116.951200 2921.024000 1.000000
91.551520 664.600000 119.147520 1294.753600 1.000000
157.020960 1526.204800 119.449280 2095.760000 1.000000
143.700640 1310.320000 122.414560 1891.440000 1.000000
193.419200 2002.368000 122.955840 2620.752000 1.000000
206.515200 2163.472000 125.376480 2803.648000 1.000000
159.605920 1476.024000 127.354880 2045.872000 1.000000
200.344000 2024.816000 129.307840 2649.184000 1.000000
140.526080 1203.036800 129.489120 1786.944000 1.000000
201.008000 2008.864000 130.432800 2628.016000 1.000000
188.440000 1784.912000 134.569600 2373.584000 1.000000
223.502400 2276.624000 135.081440 2931.344000 1.000000
212.956800 2070.448000 137.353920 2693.328000 1.000000
224.230400 2236.624000 138.369120 2886.448000 1.000000
88.435520 325.961600 138.406720 973.756800 1.000000
141.361440 1189.646400 138.654240 1771.840000 1.000000
230.224000 2302.096000 140.995520 2958.880000 1.000000
213.412800 2042.176000 141.502880 2665.904000 1.000000
196.001600 1784.032000 141.843200 2371.440000 1.000000
228.310400 2212.784000 145.033440 2856.944000 1.000000
96.066560 322.352000 146.331840 971.617600 1.000000
196.707200 1741.920000 146.386720 2329.056000 1.000000
235.544000 2269.600000 147.144160 2924.112000 1.000000
201.704000 1791.568000 147.761280 2380.928000 1.000000
221.732800 2062.032000 147.825920 2687.232000 1.000000
194.771200 1694.928000 147.954400 2276.848000 1.000000
195.665600 1718.320000 148.293440 2300.912000 1.000000
176.681600 1417.206400 149.850080 1986.608000 1.000000
118.753120 596.883200 150.560160 1210.860800 1.000000
232.468800 2186.992000 150.638880 2826.304000 1.000000
166.134400 1247.804800 152.134080 1829.792000 1.000000
223.809600 2026.128000 152.711040 2647.360000 1.000000
219.467200 1961.312000 154.699360 2578.016000 1.000000
214.633600 1869.440000 155.217920 2482.048000 1.000000
178.286400 1324.457600 158.155840 1900.640000 1.000000
209.609600 1747.664000 158.400640 2331.488000 1.000000
204.580800 1687.632000 158.808000 2267.904000 1.000000
248.822400 2278.704000 160.340800 2931.744000 1.000000
194.977600 1495.427200 162.388800 2062.272000 1.000000
227.398400 1961.152000 162.496000 2572.048000 1.000000
197.136000 1476.651200 164.249600 2048.096000 1.000000
201.078400 1549.486400 164.393600 2114.736000 1.000000
217.704000 1754.176000 165.961600 2340.176000 1.000000
218.228800 1745.984000 166.617600 2328.176000 1.000000
155.249440 782.451200 167.793600 1420.958400 1.000000
182.233600 1231.339200 168.240000 1812.176000 1.000000
218.758400 1762.896000 168.340800 2347.472000 1.000000
196.462400 1375.680000 172.513600 1945.472000 1.000000
247.632000 2109.472000 172.553600 2740.928000 1.000000
256.580800 2203.024000 172.964800 2841.968000 1.000000
239.121600 1949.968000 175.017600 2562.368000 1.000000
202.443200 1394.400000 175.166400 1962.032000 1.000000
195.412800 1324.923200 175.208000 1903.424000 1.000000
227.457600 1743.008000 176.161600 2324.992000 1.000000
166.008000 801.480000 176.944000 1437.432000 1.000000
255.275200 2125.424000 179.660800 2760.432000 1.000000
206.345600 1408.262400 180.179200 1976.960000 1.000000
147.210720 495.491200 180.211200 1126.019200 1.000000
236.718400 1712.528000 191.259200 2292.720000 1.000000
212.308800 1316.705600 192.382400 1894.704000 1.000000
225.891200 1394.444800 200.684800 1961.120000 1.000000
226.737600 1414.240000 202.267200 1984.496000 1.000000
248.633600 1694.704000 202.497600 2273.760000 1.000000
238.276800 1437.300800 209.179200 2003.760000 1.000000
171.915200 458.392000 209.294400 1092.636800 1.000000
235.734400 1341.307200 212.065600 1910.944000 1.000000
167.889600 313.369600 214.819200 959.193600 1.000000
223.822400 1158.652800 219.193600 1739.584000 1.000000
250.536000 1403.556800 224.198400 1971.968000 1.000000
308.054400 2188.272000 228.148800 2824.336000 1.000000
191.016000 371.324800 232.478400 1008.512000 1.000000
292.416000 1861.840000 233.774400 2466.992000 1.000000
260.566400 1401.425600 235.246400 1968.384000 1.000000
293.860800 1843.152000 236.068800 2448.400000 1.000000
197.510400 181.529600 237.582400 921.388800 1.000000
196.678400 348.361600 240.180800 987.297600 1.000000
196.792000 325.484800 241.206400 968.436800 1.000000
288.062400 1719.504000 242.835200 2297.488000 1.000000
201.592000 365.123200 244.912000 1001.748800 1.000000
296.748800 1767.712000 246.244800 2353.440000 1.000000
297.033600 1727.216000 248.988800 2305.440000 1.000000
274.547200 1422.232000 249.118400 1988.880000 1.000000
207.067200 350.704000 250.324800 994.008000 1.000000
201.812800 186.611200 251.009600 863.545600 1.000000
280.939200 1448.995200 251.673600 2012.832000 1.000000
304.609600 1745.072000 254.782400 2327.504000 1.000000
276.384000 1337.974400 259.251200 1915.072000 1.000000
310.433600 1680.624000 264.824000 2256.432000 1.000000
257.268800 915.892800 266.569600 1521.038400 1.000000
261.179200 958.348800 267.305600 1566.030400 1.000000
228.598400 386.393600 268.382400 1024.102400 1.000000
312.072000 1486.190400 272.270400 2058.544000 1.000000
267.027200 921.596800 275.104000 1521.833600 1.000000
300.862400 1349.235200 279.088000 1915.024000 1.000000
301.219200 1362.379200 279.961600 1926.144000 1.000000
307.561600 1439.689600 280.676800 2002.048000 1.000000
312.422400 1460.971200 284.478400 2023.872000 1.000000
276.342400 836.769600 286.049600 1448.668800 1.000000
287.756800 1005.665600 288.036800 1605.904000 1.000000
281.832000 908.894400 290.371200 1507.875200 1.000000
282.897600 876.129600 292.264000 1469.174400 1.000000
293.910400 987.296000 293.025600 1585.380800 1.000000
321.883200 1426.924800 295.166400 2000.112000 1.000000
292.697600 722.422400 308.200000 1332.257600 1.000000
285.411200 586.441600 311.614400 1196.689600 1.000000
287.928000 517.694400 318.092800 1135.024000 1.000000
314.755200 941.353600 318.158400 1535.683200 1.000000
283.353600 372.262400 320.712000 1005.964800 1.000000
296.396800 565.760000 324.235200 1177.260800 1.000000
299.408000 574.980800 325.091200 1186.113600 1.000000
339.332800 1212.768000 326.372800 1784.960000 1.000000
301.193600 549.859200 327.982400 1162.512000 1.000000
317.644800 773.886400 329.654400 1378.096000 1.000000
294.043200 399.534400 329.883200 1029.195200 1.000000
304.955200 584.808000 331.179200 1194.312000 1.000000
300.462400 484.992000 331.542400 1104.915200 1.000000
283.353600 148.811840 332.302400 814.888000 1.000000
350.611200 1249.112000 333.265600 1825.328000 1.000000
302.846400 468.456000 334.792000 1089.233600 1.000000
301.062400 400.012800 337.160000 1030.316800 1.000000
314.627200 558.955200 341.070400 1171.075200 1.000000
310.646400 485.110400 341.582400 1104.790400 1.000000
305.633600 382.587200 341.809600 1014.910400 1.000000
314.380800 535.088000 342.876800 1149.819200 1.000000
317.814400 516.148800 345.348800 1132.305600 1.000000
315.596800 495.628800 346.004800 1115.248000 1.000000
312.478400 426.217600 346.163200 1052.400000 1.000000
322.171200 586.825600 347.209600 1196.164800 1.000000
332.291200 719.035200 348.427200 1329.580800 1.000000
323.152000 546.664000 350.144000 1159.972800 1.000000
339.332800 818.670400 350.619200 1416.750400 1.000000
319.121600 437.505600 352.091200 1062.425600 1.000000
314.934400 341.806400 352.662400 979.088000 1.000000
313.288000 360.624000 352.929600 996.931200 1.000000
335.606400 713.452800 353.659200 1323.939200 1.000000
321.278400 416.457600 354.499200 1043.598400 1.000000
335.496000 705.654400 354.776000 1314.486400 1.000000
322.201600 394.859200 356.497600 1024.678400 1.000000
329.644800 547.761600 356.728000 1161.179200 1.000000
324.502400 373.284800 361.284800 1006.272000 1.000000
329.179200 406.299200 363.142400 1034.896000 1.000000
350.908800 784.422400 364.468800 1382.620800 1.000000
368.846400 958.089600 369.742400 1550.862400 1.000000
358.384000 753.406400 373.044800 1354.598400 1.000000
369.219200 887.422400 374.812800 1474.996800 1.000000
341.400000 366.881600 377.192000 999.668800 1.000000
345.622400 418.620800 377.235200 1043.568000 1.000000
452.766400 2328.592000 379.220800 2948.624000 1.000000
371.988800 841.022400 379.955200 1438.096000 1.000000
377.051200 878.720000 382.734400 1470.568000 1.000000
379.958400 758.472000 391.481600 1363.484800 1.000000
465.860800 2320.480000 393.819200 2938.320000 1.000000
380.776000 739.956800 394.561600 1345.313600 1.000000
381.520000 685.307200 396.449600 1286.755200 1.000000
479.571200 2210.208000 414.136000 2806.416000 1.000000
485.734400 2163.808000 421.579200 2759.824000 1.000000
370.731200 54.444480 421.865600 663.267200 1.000000
496.040000 2177.312000 430.462400 2774.672000 1.000000
404.094400 359.414400 436.081600 991.121600 1.000000
503.270400 2166.416000 437.750400 2764.896000 1.000000
396.286400 26.855680 445.148800 638.640000 1.000000
403.257600 53.254240 450.252800 662.235200 1.000000
507.422400 1956.624000 453.688000 2533.936000 1.000000
524.902400 2312.592000 458.004800 2927.088000 1.000000
411.934400 70.398080 459.022400 677.116800 1.000000
413.358400 81.971200 459.408000 687.000000 1.000000
417.620800 40.146880 464.305600 649.814400 1.000000
453.640000 218.633600 488.188800 870.532800 1.000000
554.857600 1518.753600 507.801600 2250.224000 1.000000
488.368000 562.795200 509.852800 1160.166400 1.000000
498.324800 241.510400 530.782400 888.228800 1.000000
555.512000 1304.830400 538.166400 1847.392000 1.000000
553.366400 1278.945600 538.680000 1822.272000 1.000000
560.872000 1376.044800 541.056000 1917.344000 1.000000
513.016000 292.120000 543.777600 924.558400 1.000000
507.257600 99.864960 544.654400 697.568000 1.000000
568.916800 1360.569600 549.185600 1902.832000 1.000000
511.241600 44.931200 552.388800 651.062400 1.000000
575.339200 1378.912000 552.929600 1920.240000 1.000000
574.604800 1303.616000 558.032000 1847.296000 1.000000
606.448000 1581.894400 561.088000 2320.208000 1.000000
525.179200 82.053280 562.248000 681.113600 1.000000
529.921600 60.110080 568.662400 663.163200 1.000000
599.710400 1291.590400 575.854400 1834.592000 1.000000
642.187200 2327.504000 582.726400 2939.072000 1.000000
602.419200 1292.883200 585.260800 1833.264000 1.000000
648.076800 2285.328000 589.224000 2891.744000 1.000000
626.764800 1435.900800 589.764800 2159.104000 1.000000
563.056000 204.228800 592.422400 851.448000 1.000000
653.320000 2307.520000 594.494400 2915.408000 1.000000
659.278400 2320.176000 599.308800 2931.152000 1.000000
620.113600 1357.744000 600.022400 1898.880000 1.000000
572.427200 297.633600 600.193600 929.505600 1.000000
642.464000 1490.825600 601.441600 2217.056000 1.000000
660.275200 2115.088000 606.347200 2698.784000 1.000000
627.184000 1331.547200 609.715200 1870.960000 1.000000
666.756800 2129.040000 612.676800 2716.160000 1.000000
629.832000 1346.254400 612.795200 1885.568000 1.000000
627.731200 1236.092800 613.409600 1777.280000 1.000000
632.092800 1345.942400 613.912000 1884.640000 1.000000
656.630400 1476.929600 616.494400 2197.328000 1.000000
654.006400 1450.027200 618.763200 2173.344000 1.000000
595.249600 345.705600 620.531200 965.539200 1.000000
667.480000 1468.304000 628.110400 2194.144000 1.000000
642.689600 1228.502400 629.766400 1769.328000 1.000000
649.726400 1244.652800 636.129600 1784.112000 1.000000
627.232000 451.956800 647.000000 1057.208000 1.000000
626.601600 381.622400 648.611200 1001.076800 1.000000
628.083200 358.307200 650.083200 979.912000 1.000000
633.033600 484.734400 652.545600 1089.953600 1.000000
692.433600 1306.892800 677.584000 1839.760000 1.000000
672.462400 711.057600 679.696000 1330.336000 1.000000
703.371200 1323.796800 684.297600 1861.264000 1.000000
717.251200 1573.292800 690.288000 2110.144000 1.000000
710.233600 1341.550400 696.121600 1878.896000 1.000000
696.745600 520.366400 700.054400 1108.944000 1.000000
711.763200 1259.164800 700.187200 1797.120000 1.000000
755.902400 2139.072000 703.795200 2720.816000 1.000000
721.268800 1288.185600 705.641600 1823.088000 1.000000
719.755200 1249.529600 706.694400 1785.200000 1.000000
762.441600 2043.600000 717.694400 2611.024000 1.000000
701.787200 361.800000 720.937600 979.259200 1.000000
734.243200 727.483200 739.030400 1343.248000 1.000000
783.606400 1916.512000 744.345600 2476.544000 1.000000
740.784000 474.414400 752.339200 1049.934400 1.000000
744.742400 536.078400 755.414400 1126.310400 1.000000
745.243200 363.851200 760.763200 979.835200 1.000000
788.140800 1533.750400 763.048000 2063.936000 1.000000
774.841600 337.590400 793.384000 954.688000 1.000000
785.001600 505.331200 795.659200 1098.867200 1.000000
823.307200 1444.736000 801.401600 1971.216000 1.000000
812.176000 1145.102400 802.150400 1673.488000 1.000000
821.579200 1264.862400 809.710400 1788.704000 1.000000
871.862400 2250.320000 827.443200 2841.472000 1.000000
871.304000 1812.048000 836.945600 2361.648000 1.000000
885.302400 1920.592000 851.448000 2472.000000 1.000000
902.728000 2213.008000 862.204800 2796.000000 1.000000
935.988800 2192.528000 896.729600 2777.072000 1.000000
1004.780800 2278.000000 967.923200 2868.688000 1.000000
977.212800 167.283200 982.430400 744.712000 1.000000
983.392000 135.422720 989.774400 717.132800 1.000000
1007.758400 1387.772800 990.523200 1906.544000 1.000000
1029.568000 127.308640 1032.483200 707.937600 1.000000
1032.147200 134.115520 1036.336000 714.468800 1.000000
1035.579200 117.118560 1037.662400 699.004800 1.000000
1037.806400 48.664640 1040.185600 640.539200 1.000000
1039.976000 37.745440 1043.432000 632.043200 1.000000
1178.748800 1293.952000 1045.020800 1759.904000 1.000000
1045.345600 128.245920 1047.142400 707.998400 1.000000
1097.566400 2012.528000 1072.966400 2562.384000 1.000000
1098.164800 2025.792000 1073.971200 2580.432000 1.000000
1107.158400 2000.560000 1084.740800 2546.480000 1.000000
1089.622400 63.860480 1088.176000 652.753600 1.000000
1113.193600 2040.480000 1091.841600 2592.976000 1.000000
1099.889600 58.358880 1096.924800 646.064000 1.000000
1116.620800 136.750080 1113.156800 713.462400 1.000000
1132.080000 1854.320000 1114.558400 2384.688000 1.000000
1120.803200 164.534400 1115.470400 737.075200 1.000000
1120.945600 125.482560 1115.995200 704.465600 1.000000
1122.888000 99.372000 1117.950400 680.832000 1.000000
1139.064000 2047.808000 1117.963200 2598.416000 1.000000
1144.588800 2036.128000 1124.904000 2583.952000 1.000000
1132.161600 112.019200 1126.777600 692.320000 1.000000
1134.369600 96.989760 1129.281600 680.113600 1.000000
1155.953600 1816.688000 1136.776000 2342.368000 1.000000
1178.960000 2278.048000 1157.739200 2862.848000 1.000000
1199.545600 633.832000 1188.454400 1187.214400 1.000000
1202.556800 863.640000 1191.992000 1394.224000 1.000000
1214.116800 835.603200 1201.270400 1365.856000 1.000000
1210.641600 695.777600 1201.497600 1243.401600 1.000000
1230.480000 733.068800 1217.588800 1277.969600 1.000000
1243.699200 2257.472000 1227.915200 2833.904000 1.000000
1263.270400 826.686400 1251.096000 1357.220800 1.000000
1311.083200 2247.136000 1305.937600 2817.728000 1.000000
1340.256000 2294.736000 1333.025600 2872.304000 1.000000
1342.046400 2280.240000 1336.603200 2854.800000 1.000000
1346.011200 2198.496000 1340.411200 2765.120000 1.000000
1347.300800 2223.008000 1342.324800 2787.872000 1.000000
1354.534400 2213.664000 1348.614400 2777.872000 1.000000
1359.195200 2220.448000 1355.737600 2783.312000 1.000000
1362.280000 2206.432000 1358.395200 2768.592000 1.000000
1383.324800 2205.392000 1381.025600 2765.040000 1.000000
1388.216000 1670.816000 1386.096000 2075.296000 1.000000
1428.294400 926.440000 1409.553600 1442.528000 1.000000
1429.849600 1107.686400 1414.377600 1611.728000 1.000000
1433.505600 1099.793600 1416.390400 1603.584000 1.000000
1436.195200 851.841600 1416.840000 1373.246400 1.000000
1441.203200 1059.121600 1426.489600 1566.099200 1.000000
1445.344000 911.097600 1426.832000 1425.488000 1.000000
1443.878400 965.513600 1427.374400 1477.372800 1.000000
1446.208000 878.995200 1427.721600 1397.561600 1.000000
1447.900800 861.161600 1427.912000 1382.110400 1.000000
1454.700800 944.937600 1435.758400 1457.102400 1.000000
1455.038400 928.440000 1437.164800 1441.187200 1.000000
1471.920000 898.752000 1452.502400 1414.348800 1.000000
1518.752000 184.137600 1475.552000 734.579200 1.000000
1510.848000 2247.968000 1521.204800 2809.120000 1.000000
1556.395200 893.393600 1533.180800 1408.169600 1.000000
1569.560000 879.699200 1546.790400 1396.676800 1.000000
1543.337600 2020.784000 1549.768000 2548.192000 1.000000
1581.806400 720.406400 1555.043200 1252.329600 1.000000
1580.974400 888.926400 1558.232000 1403.088000 1.000000
1550.478400 2251.824000 1561.993600 2812.032000 1.000000
1592.982400 924.955200 1562.542400 1435.145600 1.000000
1584.760000 703.604800 1564.092800 1234.238400 1.000000
1568.590400 1820.480000 1570.644800 2325.296000 1.000000
1602.768000 710.120000 1574.275200 1241.116800 1.000000
1598.812800 905.998400 1575.299200 1418.200000 1.000000
1595.217600 1061.321600 1575.724800 1552.859200 1.000000
1576.528000 1807.424000 1576.212800 2312.208000 1.000000
1598.451200 1047.443200 1579.588800 1540.419200 1.000000
1601.056000 1881.440000 1602.432000 2397.120000 1.000000
1600.048000 1823.600000 1606.000000 2329.680000 1.000000
1608.416000 1880.912000 1613.280000 2394.560000 1.000000
1728.736000 301.190400 1678.864000 833.088000 1.000000
1739.696000 239.864000 1687.664000 777.035200 1.000000
1744.928000 287.734400 1691.984000 819.374400 1.000000
1750.880000 133.190560 1692.976000 687.171200 1.000000
1752.240000 241.456000 1698.400000 777.536000 1.000000
1777.232000 64.460800 1715.680000 626.776000 1.000000
1775.952000 260.800000 1721.296000 794.644800 1.000000
1790.176000 60.661760 1725.968000 621.857600 1.000000
1784.560000 322.371200 1730.960000 850.848000 1.000000
1795.504000 87.107200 1731.120000 646.732800 1.000000
1787.088000 301.196800 1731.808000 830.900800 1.000000
1789.808000 253.313600 1733.344000 785.660800 1.000000
1797.456000 412.568000 1748.800000 986.884800 1.000000
1803.984000 308.329600 1749.856000 831.646400 1.000000
1821.216000 241.424000 1762.976000 774.809600 1.000000
1826.208000 330.505600 1771.376000 855.982400 1.000000
1852.784000 257.520000 1791.808000 787.003200 1.000000
1858.688000 241.793600 1796.768000 771.417600 1.000000
1861.696000 264.136000 1800.688000 791.590400 1.000000
1781.728000 2195.040000 1810.128000 2734.592000 1.000000
1884.304000 110.047200 1812.592000 653.948800 1.000000
1891.408000 228.070400 1825.072000 762.777600 1.000000
1887.280000 313.972800 1826.160000 837.451200 1.000000
1797.152000 2214.112000 1826.368000 2757.936000 1.000000
1896.432000 307.577600 1834.144000 829.412800 1.000000
1911.232000 311.489600 1850.944000 832.513600 1.000000
1915.648000 298.964800 1852.672000 819.584000 1.000000
1905.056000 491.697600 1855.280000 1045.544000 1.000000
1919.424000 500.211200 1866.464000 1048.990400 1.000000
1946.384000 98.235200 1868.944000 648.428800 1.000000
1944.864000 142.671040 1870.800000 686.808000 1.000000
1959.104000 31.802240 1874.272000 591.251200 1.000000
1933.008000 503.033600 1878.976000 1053.016000 1.000000
1958.832000 94.425600 1880.352000 643.257600 1.000000
1941.168000 527.868800 1887.200000 1076.100800 1.000000
1965.488000 163.948800 1890.448000 703.254400 1.000000
1979.936000 60.367680 1897.920000 613.108800 1.000000
1940.592000 745.937600 1898.656000 1264.329600 1.000000
1977.440000 185.400000 1900.608000 723.465600 1.000000
1980.192000 124.618720 1901.632000 670.651200 1.000000
1990.704000 53.306240 1907.136000 606.488000 1.000000
1965.536000 531.513600 1910.304000 1078.038400 1.000000
1978.944000 341.694400 1912.400000 857.908800 1.000000
1981.584000 326.385600 1913.664000 842.244800 1.000000
1968.256000 542.913600 1913.680000 1087.844800 1.000000
1999.168000 88.784000 1917.584000 637.024000 1.000000
1979.120000 522.200000 1921.872000 1068.184000 1.000000
1991.008000 344.673600 1922.992000 859.080000 1.000000
2010.192000 37.273120 1923.264000 589.910400 1.000000
2002.720000 163.697600 1923.824000 702.104000 1.000000
1994.416000 328.604800 1925.696000 842.816000 1.000000
1987.552000 541.030400 1930.080000 1085.977600 1.000000
2013.168000 164.939200 1933.136000 700.492800 1.000000
2017.136000 195.012800 1938.608000 725.910400 1.000000
2015.136000 331.177600 1943.808000 843.830400 1.000000
2020.720000 342.612800 1950.592000 855.276800 1.000000
2025.504000 274.195200 1950.800000 794.416000 1.000000
2031.136000 194.294400 1952.096000 726.211200 1.000000
2028.672000 348.174400 1957.904000 860.740800 1.000000
2013.648000 578.179200 1958.048000 1121.993600 1.000000
2034.912000 297.131200 1961.408000 814.734400 1.000000
2057.696000 37.806400 1965.840000 590.164800 1.000000
2052.208000 76.722720 1966.192000 626.900800 1.000000
2051.056000 283.606400 1974.864000 800.843200 1.000000
2055.424000 342.502400 1982.304000 854.148800 1.000000
1932.368000 2332.800000 1985.056000 2901.888000 1.000000
2077.536000 49.188320 1985.680000 600.435200 1.000000
2051.056000 544.432000 1992.144000 1084.716800 1.000000
1944.672000 2240.304000 1992.384000 2796.032000 1.000000
2059.088000 447.979200 1992.768000 1002.465600 1.000000
2086.144000 56.669440 1994.304000 605.259200 1.000000
2075.760000 233.308800 1995.552000 759.564800 1.000000
1949.472000 2341.488000 2003.376000 2911.024000 1.000000
1962.320000 2286.624000 2014.112000 2844.256000 1.000000
1963.856000 2263.152000 2014.480000 2817.344000 1.000000
2061.840000 810.632000 2018.224000 1309.105600 1.000000
1963.552000 2328.544000 2019.264000 2895.344000 1.000000
2092.208000 432.276800 2025.168000 976.060800 1.000000
1973.104000 2317.520000 2028.208000 2881.232000 1.000000
2126.832000 155.168800 2037.040000 688.731200 1.000000
2095.536000 579.265600 2037.344000 1116.028800 1.000000
2100.736000 505.206400 2039.056000 1055.316800 1.000000
1999.504000 2410.752000 2051.072000 2991.312000 1.000000
1996.944000 2349.760000 2054.480000 2916.880000 1.000000
2128.128000 464.939200 2062.832000 1015.385600 1.000000
2010.368000 2332.416000 2073.520000 2896.640000 1.000000
2019.072000 2351.024000 2082.224000 2916.480000 1.000000
2031.936000 2361.968000 2096.272000 2930.064000 1.000000
2032.896000 2418.288000 2098.736000 2998.352000 1.000000
2035.936000 2348.528000 2099.232000 2913.264000 1.000000
2033.440000 2401.536000 2101.168000 2976.384000 1.000000
2044.544000 2360.896000 2109.536000 2927.952000 1.000000
2053.344000 2276.928000 2112.784000 2820.928000 1.000000
2045.536000 2387.808000 2114.176000 2958.976000 1.000000
2051.856000 2342.656000 2117.296000 2903.360000 1.000000
2054.176000 2329.360000 2118.512000 2889.312000 1.000000
2050.640000 2417.520000 2119.888000 2999.760000 1.000000
2185.808000 1988.720000 2216.880000 1946.848000 1.000000
2145.328000 23.217120 2260.384000 23.088160 1.000000
2491.024000 1888.144000 2405.040000 1776.080000 1.000000
2489.024000 1853.232000 2406.752000 1735.808000 1.000000
2474.944000 1461.552000 2454.416000 1137.444800 1.000000
2512.208000 1454.222400 2489.328000 1120.212800 1.000000
2573.552000 1801.440000 2501.056000 1626.688000 1.000000
2535.760000 1279.369600 2520.848000 1010.708800 1.000000
2520.912000 1751.648000 2530.208000 1392.859200 1.000000
2534.896000 1700.096000 2537.120000 1327.424000 1.000000
2544.752000 1780.080000 2555.376000 1424.249600 1.000000
2551.680000 1773.248000 2561.248000 1413.918400 1.000000
2560.608000 1769.888000 2570.544000 1405.401600 1.000000
2570.608000 1698.288000 2571.840000 1312.966400 1.000000
2572.816000 1693.360000 2574.112000 1305.595200 1.000000
2567.152000 1772.224000 2577.536000 1407.878400 1.000000
2575.392000 1703.392000 2578.512000 1316.980800 1.000000
2629.584000 1224.852800 2585.536000 925.200000 1.000000
2586.144000 1682.528000 2586.128000 1289.172800 1.000000
2583.616000 1707.872000 2586.128000 1319.632000 1.000000
2584.032000 1702.080000 2586.272000 1312.417600 1.000000
2599.648000 1710.336000 2602.144000 1318.596800 1.000000
2605.856000 1701.808000 2608.272000 1306.472000 1.000000
2634.544000 1709.824000 2636.944000 1308.849600 1.000000
2644.832000 1709.440000 2647.024000 1306.052800 1.000000
2647.024000 1756.736000 2656.368000 1362.977600 1.000000
2702.704000 1449.420800 2673.824000 1057.908800 1.000000
2696.608000 1575.276800 2683.168000 1187.096000 1.000000
2797.088000 1722.032000 2799.648000 1260.606400 1.000000
