24.097920 631.326400 31.628000 434.049600 1.000000
25.401600 657.704000 33.583200 461.520000 1.000000
28.923840 638.976000 36.571520 441.550400 1.000000
27.775040 759.193600 37.479360 556.656000 1.000000
32.221280 626.955200 39.939520 429.673600 1.000000
35.036480 771.192000 45.608160 570.156800 1.000000
36.554560 732.686400 45.834720 532.446400 1.000000
39.364000 593.430400 46.374880 394.206400 1.000000
37.912000 666.614400 47.032640 469.187200 1.000000
40.816320 659.433600 48.220640 463.251200 1.000000
42.305920 582.745600 49.316640 382.572800 1.000000
43.103360 630.187200 49.947200 432.720000 1.000000
41.782400 784.260800 51.967840 582.652800 1.000000
14.312208 2275.888000 52.816320 2082.208000 1.000000
21.436640 1926.384000 53.308960 1723.408000 1.000000
48.160000 596.268800 55.531680 398.198400 1.000000
45.976800 761.683200 57.024800 560.894400 1.000000
22.695040 2137.536000 59.902400 1948.080000 1.000000
53.850560 622.904000 60.767360 425.080000 1.000000
40.229600 1506.744000 64.815680 1335.305600 1.000000
29.540160 2173.584000 64.832640 1982.992000 1.000000
29.235040 2121.088000 64.840000 1931.744000 1.000000
62.237280 305.443200 65.452960 103.116160 1.000000
32.151840 2036.064000 67.084000 1852.288000 1.000000
43.092960 1524.372800 67.260000 1354.612800 1.000000
62.221440 591.742400 69.916160 393.161600 1.000000
34.439200 2163.776000 70.264800 1973.520000 1.000000
61.984640 671.585600 70.562720 474.585600 1.000000
35.558720 2117.744000 70.862240 1929.248000 1.000000
37.253440 2109.664000 71.974240 1918.912000 1.000000
39.540480 2085.888000 72.802560 1897.488000 1.000000
60.226560 814.254400 72.893600 612.212800 1.000000
71.499840 329.808000 74.634880 128.508640 1.000000
41.447520 2176.384000 78.296000 1985.216000 1.000000
42.523360 2212.160000 78.889280 2019.344000 1.000000
43.095040 2135.040000 78.920000 1945.888000 1.000000
65.752640 1020.358400 80.251360 824.475200 1.000000
43.473600 2227.216000 80.842400 2034.752000 1.000000
76.567840 309.003200 81.109280 105.756960 1.000000
45.196800 2202.848000 81.573760 2010.304000 1.000000
48.367040 2108.832000 81.905440 1919.904000 1.000000
45.630400 2177.856000 82.559040 1987.824000 1.000000
45.627040 2148.000000 84.746240 1957.936000 1.000000
82.886720 334.352000 85.808800 133.116320 1.000000
52.403520 2062.368000 86.472160 1877.840000 1.000000
51.114880 2157.872000 86.925120 1967.392000 1.000000
79.044160 575.422400 87.300000 376.532800 1.000000
60.832480 1955.344000 89.300160 1763.488000 1.000000
51.495360 2383.216000 90.295520 2182.256000 1.000000
54.043520 2217.248000 90.591360 2025.248000 1.000000
88.435520 325.961600 90.832160 124.377120 1.000000
55.731520 2198.944000 91.772480 2006.896000 1.000000
70.542080 1378.846400 91.876640 1205.820800 1.000000
84.172800 670.614400 92.520800 475.044800 1.000000
57.623200 2207.936000 93.753920 2016.112000 1.000000
59.708160 2331.040000 98.080000 2134.304000 1.000000
88.806560 667.812800 98.578560 473.321600 1.000000
96.066560 322.352000 99.078240 120.559680 1.000000
65.600160 2047.104000 99.195840 1865.136000 1.000000
92.312320 673.414400 100.990720 475.894400 1.000000
100.388480 409.764800 105.352320 209.984000 1.000000
69.301760 2211.232000 105.484960 2018.608000 1.000000
76.090400 1905.792000 106.512480 1704.688000 1.000000
95.647840 629.536000 108.027040 441.443200 1.000000
79.219200 1882.512000 108.797440 1682.512000 1.000000
73.204160 2190.768000 109.364800 1999.568000 1.000000
73.550720 2182.544000 109.412960 1991.856000 1.000000
89.536960 1332.382400 109.844160 1159.041600 1.000000
73.482880 2261.888000 110.376960 2069.312000 1.000000
89.207200 1346.356800 110.524000 1172.388800 1.000000
91.092320 1295.443200 110.849440 1121.144000 1.000000
76.252640 2162.848000 111.514720 1974.016000 1.000000
92.680480 1284.899200 111.946880 1109.942400 1.000000
109.697280 511.475200 116.232480 320.144000 1.000000
79.595360 2205.024000 116.301600 2013.248000 1.000000
87.329280 1878.704000 117.323680 1679.648000 1.000000
101.513760 1209.233600 119.213120 1033.776000 1.000000
106.729600 864.748800 119.229600 667.763200 1.000000
86.524960 2027.392000 119.419200 1845.296000 1.000000
89.217280 1908.528000 119.738880 1708.240000 1.000000
93.170720 1885.584000 122.571040 1686.208000 1.000000
94.773280 1862.912000 123.365120 1663.600000 1.000000
117.428320 512.548800 124.261760 321.374400 1.000000
98.751040 1554.374400 124.746240 1387.803200 1.000000
110.646560 994.550400 125.333440 796.131200 1.000000
106.835360 1304.630400 126.930560 1130.536000 1.000000
119.086880 669.512000 127.319520 475.657600 1.000000
92.303520 2213.968000 128.343840 2023.312000 1.000000
118.204800 719.604800 128.535520 523.099200 1.000000
119.639200 718.340800 128.720000 520.904000 1.000000
100.793120 1881.040000 130.745600 1683.616000 1.000000
101.987360 1872.096000 131.604000 1673.248000 1.000000
106.059040 1888.400000 135.746400 1690.160000 1.000000
97.723840 2459.488000 136.850240 2259.040000 1.000000
104.598560 2121.808000 138.551360 1938.352000 1.000000
130.927840 575.251200 139.558720 385.184000 1.000000
111.862400 1769.920000 140.834880 1596.609600 1.000000
132.133920 781.486400 142.774400 580.929600 1.000000
105.744160 2461.136000 144.532800 2260.064000 1.000000
106.747200 2569.888000 145.836160 2366.592000 1.000000
108.577280 2337.808000 145.841600 2141.104000 1.000000
128.976640 1262.952000 145.932160 1089.771200 1.000000
112.649920 2068.912000 146.011360 1886.608000 1.000000
113.538560 2140.400000 147.655040 1956.656000 1.000000
116.114240 2262.832000 150.175520 2072.848000 1.000000
143.047360 481.475200 150.335200 286.614400 1.000000
140.469600 780.905600 150.637440 581.508800 1.000000
115.701920 2211.232000 150.648160 2024.416000 1.000000
116.867680 2203.488000 151.575040 2016.816000 1.000000
116.388960 2240.288000 152.151360 2050.704000 1.000000
118.647360 2181.584000 153.796800 1996.592000 1.000000
114.881920 2459.056000 153.965600 2257.024000 1.000000
115.036000 2484.816000 154.546560 2280.384000 1.000000
134.639680 1219.272000 154.943680 1043.385600 1.000000
134.357760 1383.593600 158.222400 1213.740800 1.000000
136.312160 1362.278400 159.125120 1192.864000 1.000000
124.688320 2239.760000 159.770080 2050.576000 1.000000
140.879520 1310.601600 160.174400 1137.742400 1.000000
125.592000 2204.176000 160.217600 2017.440000 1.000000
132.332960 1737.008000 160.566400 1565.724800 1.000000
122.301600 2463.536000 161.272000 2262.304000 1.000000
127.893920 2139.232000 161.916800 1956.032000 1.000000
120.872160 2567.440000 162.233600 2364.992000 1.000000
130.439840 2020.448000 163.288000 1839.856000 1.000000
143.700640 1310.320000 163.491200 1137.688000 1.000000
129.205120 2366.288000 166.664000 2165.392000 1.000000
150.444960 1219.275200 168.771200 1046.136000 1.000000
139.477600 2006.800000 170.814400 1827.600000 1.000000
140.705440 1974.608000 171.347200 1794.416000 1.000000
166.104000 406.670400 172.075200 207.281600 1.000000
167.889600 313.369600 172.368000 112.881760 1.000000
139.055680 2203.296000 173.612800 2017.104000 1.000000
162.782400 814.230400 174.488000 615.790400 1.000000
139.782560 2132.080000 174.820800 1948.816000 1.000000
157.889280 1258.940800 175.963200 1086.721600 1.000000
144.380000 2001.856000 176.427200 1823.232000 1.000000
140.972480 2251.056000 176.667200 2062.768000 1.000000
157.020960 1526.204800 178.420800 1359.891200 1.000000
150.670080 1684.160000 179.172800 1514.558400 1.000000
171.915200 458.392000 179.254400 262.006400 1.000000
140.602400 2466.096000 179.862400 2263.808000 1.000000
166.134400 1247.804800 180.536000 1073.849600 1.000000
159.605920 1476.024000 181.339200 1310.507200 1.000000
150.098720 2121.168000 182.724800 1937.728000 1.000000
166.008000 801.480000 183.344000 604.044800 1.000000
172.830400 832.611200 184.608000 637.118400 1.000000
162.459200 1303.755200 184.670400 1132.028800 1.000000
157.845920 1784.544000 185.337600 1612.080000 1.000000
170.033600 1141.318400 186.235200 969.692800 1.000000
170.699200 1297.953600 187.510400 1123.456000 1.000000
158.074880 1982.128000 188.454400 1802.016000 1.000000
155.195360 2075.776000 188.483200 1894.784000 1.000000
156.566880 2064.048000 188.604800 1881.264000 1.000000
173.864000 1264.292800 189.492800 1091.686400 1.000000
183.699200 491.948800 190.784000 299.105600 1.000000
185.456000 480.976000 193.270400 284.110400 1.000000
159.581920 2198.352000 194.115200 2012.112000 1.000000
164.235200 2008.448000 195.147200 1828.480000 1.000000
190.878400 328.180800 195.539200 126.414720 1.000000
192.854400 296.700800 196.481600 95.768320 1.000000
160.332800 2416.192000 197.150400 2218.560000 1.000000
192.795200 305.857600 197.168000 106.167520 1.000000
165.976000 2099.216000 198.136000 1915.152000 1.000000
163.035200 2406.096000 198.347200 2210.032000 1.000000
178.286400 1324.457600 198.584000 1154.091200 1.000000
176.681600 1417.206400 198.782400 1250.334400 1.000000
189.288000 630.787200 199.385600 444.012800 1.000000
159.308960 2554.544000 199.627200 2353.536000 1.000000
170.200000 1871.520000 200.780800 1689.840000 1.000000
171.412800 1920.896000 201.212800 1740.000000 1.000000
170.595200 2009.728000 201.339200 1830.064000 1.000000
182.233600 1231.339200 201.612800 1059.856000 1.000000
179.942400 1460.163200 201.960000 1293.214400 1.000000
171.968000 2073.952000 203.572800 1890.608000 1.000000
199.323200 314.056000 203.779200 113.601760 1.000000
173.344000 2039.888000 204.684800 1859.232000 1.000000
174.328000 2019.200000 205.040000 1838.272000 1.000000
174.272000 2041.360000 205.673600 1859.776000 1.000000
176.281600 2005.264000 206.488000 1824.048000 1.000000
199.278400 656.212800 208.699200 468.356800 1.000000
173.668800 2392.032000 210.356800 2196.624000 1.000000
182.432000 1972.144000 211.556800 1792.288000 1.000000
180.009600 2096.624000 212.040000 1913.824000 1.000000
206.611200 675.344000 212.288000 482.240000 1.000000
182.913600 2033.424000 213.171200 1852.416000 1.000000
174.809600 2458.080000 213.289600 2258.848000 1.000000
180.809600 2206.432000 215.372800 2019.952000 1.000000
195.412800 1324.923200 216.494400 1152.512000 1.000000
184.387200 2056.720000 216.592000 1874.816000 1.000000
196.462400 1375.680000 217.518400 1209.931200 1.000000
183.296000 2427.360000 218.056000 2228.496000 1.000000
184.884800 2242.384000 219.008000 2054.640000 1.000000
192.328000 1765.728000 219.073600 1595.336000 1.000000
185.268800 2371.760000 219.926400 2178.528000 1.000000
188.692800 2147.520000 220.712000 1962.912000 1.000000
195.665600 1718.320000 221.174400 1549.232000 1.000000
188.625600 2117.040000 221.427200 1934.416000 1.000000
202.443200 1394.400000 221.846400 1229.771200 1.000000
194.132800 1710.032000 221.939200 1541.969600 1.000000
203.564800 1296.779200 222.417600 1125.833600 1.000000
196.707200 1741.920000 222.433600 1572.478400 1.000000
188.041600 2258.544000 222.716800 2069.280000 1.000000
188.257600 2345.040000 223.606400 2152.400000 1.000000
203.115200 1306.361600 223.768000 1135.196800 1.000000
196.001600 1784.032000 223.817600 1613.600000 1.000000
201.078400 1549.486400 223.977600 1379.176000 1.000000
205.756800 1302.492800 225.715200 1131.196800 1.000000
206.345600 1408.262400 227.204800 1242.449600 1.000000
192.534400 2314.848000 227.291200 2123.424000 1.000000
192.190400 2358.304000 227.393600 2163.808000 1.000000
195.326400 2187.088000 228.080000 2001.040000 1.000000
195.988800 2240.032000 228.395200 2052.144000 1.000000
194.195200 2266.784000 228.678400 2077.856000 1.000000
201.600000 1704.896000 228.692800 1536.500800 1.000000
207.524800 1295.344000 228.816000 1124.252800 1.000000
201.704000 1791.568000 229.116800 1620.544000 1.000000
195.329600 2282.320000 229.576000 2092.608000 1.000000
194.748800 2422.928000 230.561600 2225.344000 1.000000
203.353600 1869.184000 231.329600 1689.552000 1.000000
200.344000 2024.816000 231.622400 1843.440000 1.000000
212.308800 1316.705600 232.158400 1146.174400 1.000000
200.561600 2101.024000 233.153600 1919.600000 1.000000
200.894400 2205.264000 234.217600 2019.024000 1.000000
214.265600 1451.171200 235.662400 1285.985600 1.000000
209.609600 1747.664000 236.417600 1579.382400 1.000000
232.059200 299.564800 237.188800 99.251200 1.000000
203.089600 2301.072000 237.288000 2110.832000 1.000000
216.177600 1464.902400 239.574400 1299.603200 1.000000
212.848000 1777.072000 239.808000 1606.928000 1.000000
208.403200 2125.056000 240.124800 1941.040000 1.000000
206.377600 2315.408000 240.465600 2124.912000 1.000000
206.675200 2196.672000 240.574400 2012.096000 1.000000
206.484800 2266.560000 240.636800 2077.744000 1.000000
208.489600 2275.888000 241.984000 2086.672000 1.000000
210.438400 2159.792000 242.652800 1974.656000 1.000000
216.352000 1769.680000 243.065600 1600.160000 1.000000
214.633600 1869.440000 243.222400 1692.416000 1.000000
213.412800 2042.176000 243.761600 1860.224000 1.000000
212.956800 2070.448000 243.854400 1888.624000 1.000000
218.945600 1537.486400 243.952000 1371.172800 1.000000
218.228800 1745.984000 244.262400 1576.694400 1.000000
209.849600 2446.512000 244.550400 2248.512000 1.000000
218.758400 1762.896000 245.963200 1592.963200 1.000000
212.892800 2214.608000 246.313600 2027.888000 1.000000
209.707200 2488.352000 247.556800 2288.976000 1.000000
213.459200 2244.176000 247.670400 2056.240000 1.000000
226.737600 1414.240000 248.054400 1247.494400 1.000000
215.465600 2336.368000 249.619200 2144.400000 1.000000
219.467200 1961.312000 251.019200 1786.160000 1.000000
216.923200 2363.232000 251.798400 2169.744000 1.000000
221.732800 2062.032000 251.936000 1879.280000 1.000000
221.545600 2120.368000 252.638400 1937.024000 1.000000
227.457600 1743.008000 252.640000 1572.499200 1.000000
223.396800 2254.144000 255.785600 2065.984000 1.000000
223.502400 2276.624000 256.771200 2087.584000 1.000000
224.230400 2236.624000 257.249600 2049.568000 1.000000
223.798400 2409.776000 257.872000 2214.288000 1.000000
244.752000 706.284800 258.188800 518.376000 1.000000
225.132800 2292.848000 258.382400 2103.344000 1.000000
245.793600 831.998400 258.788800 637.998400 1.000000
238.276800 1437.300800 258.894400 1272.532800 1.000000
239.438400 1275.180800 260.017600 1101.548800 1.000000
229.499200 2075.408000 260.144000 1893.776000 1.000000
228.310400 2212.784000 261.120000 2026.384000 1.000000
230.224000 2302.096000 264.363200 2110.272000 1.000000
238.788800 1764.688000 265.313600 1595.363200 1.000000
252.889600 816.998400 265.633600 623.571200 1.000000
236.870400 2197.936000 267.576000 2009.712000 1.000000
233.459200 2362.912000 267.654400 2171.104000 1.000000
230.827200 2450.800000 267.675200 2252.400000 1.000000
231.964800 2403.376000 267.710400 2209.216000 1.000000
230.366400 2468.400000 267.912000 2268.480000 1.000000
236.092800 2242.880000 268.619200 2055.568000 1.000000
235.544000 2269.600000 268.683200 2081.232000 1.000000
234.684800 2320.512000 269.222400 2129.040000 1.000000
236.094400 2336.112000 269.780800 2147.296000 1.000000
235.604800 2382.448000 269.964800 2187.424000 1.000000
244.414400 1707.776000 270.430400 1540.177600 1.000000
250.536000 1403.556800 271.448000 1237.465600 1.000000
248.633600 1694.704000 273.164800 1528.193600 1.000000
237.716800 2393.456000 273.174400 2199.456000 1.000000
244.270400 2079.312000 273.732800 1894.448000 1.000000
261.179200 958.348800 275.011200 774.089600 1.000000
258.558400 1339.275200 278.272000 1170.328000 1.000000
272.940800 327.961600 278.507200 129.012160 1.000000
248.822400 2278.704000 283.192000 2089.168000 1.000000
253.622400 2095.712000 283.304000 1909.712000 1.000000
263.177600 1392.600000 284.710400 1230.152000 1.000000
279.264000 361.635200 285.995200 164.880000 1.000000
255.275200 2125.424000 287.112000 1944.000000 1.000000
268.801600 1330.472000 289.248000 1163.472000 1.000000
256.580800 2203.024000 289.928000 2019.936000 1.000000
283.353600 372.262400 290.800000 177.331200 1.000000
270.646400 1448.118400 291.060800 1284.046400 1.000000
278.244800 672.830400 292.225600 487.910400 1.000000
257.528000 2525.152000 292.883200 2331.808000 1.000000
276.384000 1337.974400 293.987200 1167.588800 1.000000
280.715200 784.974400 294.480000 592.961600 1.000000
262.006400 2156.752000 294.763200 1971.072000 1.000000
274.547200 1422.232000 295.196800 1257.051200 1.000000
266.939200 1932.304000 295.216000 1753.760000 1.000000
285.411200 586.441600 295.553600 401.025600 1.000000
281.832000 908.894400 295.809600 727.022400 1.000000
286.747200 539.768000 296.592000 352.780800 1.000000
287.171200 547.737600 296.905600 360.907200 1.000000
286.939200 556.886400 297.022400 370.587200 1.000000
287.928000 517.694400 297.668800 329.828800 1.000000
288.273600 505.755200 297.836800 317.088000 1.000000
289.748800 476.046400 298.872000 285.753600 1.000000
289.747200 481.248000 298.955200 290.916800 1.000000
292.780800 370.220800 299.308800 175.300800 1.000000
264.552000 2552.704000 300.588800 2363.472000 1.000000
292.587200 427.220800 300.924800 234.969600 1.000000
292.084800 439.259200 301.184000 247.744000 1.000000
281.580800 1400.806400 301.305600 1234.348800 1.000000
293.284800 407.456000 301.540800 214.590400 1.000000
294.017600 413.902400 301.609600 221.262400 1.000000
292.185600 542.310400 302.345600 354.998400 1.000000
287.420800 1057.624000 302.854400 871.376000 1.000000
278.356800 1726.464000 303.827200 1559.235200 1.000000
269.990400 2215.696000 304.457600 2033.664000 1.000000
972.427200 2969.424000 305.456000 2796.704000 1.000000
974.280000 2939.696000 306.248000 2767.664000 1.000000
296.396800 565.760000 306.910400 380.534400 1.000000
292.697600 722.422400 306.939200 536.585600 1.000000
296.529600 584.800000 307.081600 400.412800 1.000000
289.883200 1245.488000 307.510400 1077.833600 1.000000
297.249600 534.550400 307.536000 349.212800 1.000000
293.910400 987.296000 308.891200 806.276800 1.000000
299.408000 574.980800 308.971200 389.334400 1.000000
299.569600 497.044800 309.076800 307.808000 1.000000
301.062400 400.012800 309.796800 206.281600 1.000000
300.462400 484.992000 309.844800 295.352000 1.000000
302.684800 447.988800 311.550400 255.822400 1.000000
302.729600 427.024000 311.556800 235.272000 1.000000
300.929600 516.539200 311.641600 328.368000 1.000000
302.846400 468.456000 311.899200 277.448000 1.000000
291.580800 1478.905600 312.913600 1314.880000 1.000000
304.371200 438.395200 313.668800 246.638400 1.000000
304.505600 458.142400 313.843200 268.513600 1.000000
305.633600 382.587200 314.040000 188.347200 1.000000
285.984000 1918.176000 314.907200 1740.048000 1.000000
306.908800 411.449600 315.256000 218.240000 1.000000
286.228800 1853.328000 315.320000 1676.656000 1.000000
295.364800 1371.736000 315.881600 1207.142400 1.000000
305.705600 574.856000 316.360000 389.281600 1.000000
304.102400 683.452800 316.996800 497.825600 1.000000
301.590400 1124.356800 317.310400 938.446400 1.000000
309.339200 431.856000 318.686400 239.326400 1.000000
319.446400 465.918400 319.110400 273.427200 1.000000
310.646400 485.110400 320.168000 295.934400 1.000000
300.862400 1349.235200 320.310400 1184.486400 1.000000
310.609600 524.132800 320.379200 336.654400 1.000000
301.219200 1362.379200 320.412800 1198.910400 1.000000
292.416000 1861.840000 320.798400 1685.376000 1.000000
312.478400 426.217600 321.472000 234.649600 1.000000
293.860800 1843.152000 321.515200 1667.456000 1.000000
311.675200 501.243200 321.848000 312.771200 1.000000
297.033600 1727.216000 322.992000 1560.259200 1.000000
313.288000 360.624000 323.403200 166.977600 1.000000
296.748800 1767.712000 323.521600 1597.854400 1.000000
309.134400 921.822400 324.144000 742.840000 1.000000
316.646400 353.483200 324.856000 157.487360 1.000000
314.380800 535.088000 324.892800 348.244800 1.000000
315.596800 495.628800 325.313600 306.697600 1.000000
314.627200 558.955200 325.350400 373.472000 1.000000
319.121600 437.505600 328.102400 246.444800 1.000000
314.910400 951.753600 328.553600 772.001600 1.000000
319.184000 551.084800 329.593600 364.848000 1.000000
321.278400 416.457600 329.835200 224.195200 1.000000
322.201600 394.859200 330.315200 201.387200 1.000000
319.100800 541.524800 330.484800 355.104000 1.000000
320.716800 493.824000 330.931200 305.022400 1.000000
304.609600 1745.072000 330.963200 1575.859200 1.000000
314.260800 1117.854400 330.998400 933.038400 1.000000
302.390400 1844.368000 331.012800 1670.192000 1.000000
317.644800 773.886400 331.147200 594.892800 1.000000
312.072000 1486.190400 332.129600 1322.881600 1.000000
306.854400 1719.600000 332.134400 1552.496000 1.000000
315.808000 1095.435200 332.324800 910.174400 1.000000
313.622400 1315.454400 332.624000 1150.196800 1.000000
316.708800 958.644800 333.084800 778.278400 1.000000
325.224000 410.659200 333.179200 218.331200 1.000000
324.139200 441.260800 333.344000 250.112000 1.000000
308.187200 1783.088000 335.232000 1616.672000 1.000000
322.966400 698.147200 336.000000 512.982400 1.000000
312.422400 1460.971200 336.576000 1292.753600 1.000000
328.899200 359.003200 337.664000 163.123200 1.000000
304.440000 2403.056000 337.803200 2226.096000 1.000000
329.179200 406.299200 338.168000 213.430400 1.000000
329.492800 344.433600 338.289600 148.520960 1.000000
321.688000 1110.353600 338.425600 925.144000 1.000000
330.182400 352.244800 338.456000 156.670720 1.000000
328.283200 569.588800 338.897600 385.171200 1.000000
321.883200 1426.924800 343.420800 1265.539200 1.000000
309.873600 2492.704000 343.878400 2305.728000 1.000000
314.345600 2393.040000 347.025600 2214.000000 1.000000
337.912000 386.308800 347.097600 191.643200 1.000000
338.508800 404.297600 347.520000 211.552000 1.000000
335.496000 705.654400 348.008000 519.932800 1.000000
331.976000 1100.196800 348.396800 914.931200 1.000000
338.600000 772.152000 351.644800 590.552000 1.000000
339.332800 818.670400 352.835200 639.454400 1.000000
345.622400 418.620800 353.344000 224.052800 1.000000
339.187200 958.368000 353.609600 779.478400 1.000000
337.878400 1119.563200 354.336000 935.355200 1.000000
341.230400 951.662400 355.841600 772.011200 1.000000
324.100800 2263.696000 357.172800 2068.688000 1.000000
325.360000 2499.232000 357.702400 2312.064000 1.000000
339.332800 1212.768000 357.790400 1042.974400 1.000000
345.528000 770.873600 357.904000 588.195200 1.000000
324.899200 2445.904000 358.777600 2261.696000 1.000000
345.518400 1102.600000 362.206400 918.022400 1.000000
346.992000 968.659200 362.464000 788.838400 1.000000
347.966400 939.187200 362.664000 761.726400 1.000000
349.680000 979.526400 363.129600 797.604800 1.000000
347.131200 1013.742400 363.611200 831.142400 1.000000
350.908800 784.422400 364.235200 602.390400 1.000000
333.657600 2393.616000 366.412800 2214.592000 1.000000
353.539200 943.020800 368.008000 764.190400 1.000000
351.958400 1129.969600 368.156800 958.462400 1.000000
350.611200 1249.112000 368.758400 1085.150400 1.000000
358.384000 753.406400 371.172800 570.006400 1.000000
359.340800 737.040000 372.289600 553.160000 1.000000
364.244800 1070.067200 381.747200 885.584000 1.000000
364.043200 1051.366400 382.003200 868.091200 1.000000
374.097600 724.828800 384.078400 538.286400 1.000000
367.393600 995.595200 385.273600 813.668800 1.000000
373.988800 718.123200 386.569600 532.054400 1.000000
371.345600 974.700800 387.462400 794.110400 1.000000
380.310400 2566.192000 388.475200 2368.992000 1.000000
360.320000 2488.976000 391.665600 2302.640000 1.000000
358.200000 2450.512000 391.894400 2266.320000 1.000000
377.784000 906.537600 392.110400 730.193600 1.000000
379.676800 759.571200 393.809600 576.035200 1.000000
379.958400 758.472000 394.065600 573.963200 1.000000
380.776000 739.956800 394.726400 556.644800 1.000000
365.019200 2392.048000 396.131200 2214.112000 1.000000
386.891200 726.369600 399.769600 541.446400 1.000000
387.371200 756.361600 401.140800 572.721600 1.000000
390.684800 743.584000 404.291200 558.961600 1.000000
390.670400 700.798400 404.452800 516.673600 1.000000
391.976000 427.360000 405.484800 241.196800 1.000000
378.729600 2376.832000 410.001600 2200.176000 1.000000
404.094400 359.414400 410.241600 150.498080 1.000000
402.489600 418.934400 414.393600 230.284800 1.000000
409.748800 423.225600 419.864000 231.161600 1.000000
409.516800 479.891200 421.059200 294.268800 1.000000
414.320000 478.376000 424.934400 291.393600 1.000000
430.006400 1237.355200 445.102400 1072.132800 1.000000
435.070400 2447.296000 465.331200 2265.072000 1.000000
462.484800 932.712000 479.340800 756.702400 1.000000
452.766400 2328.592000 481.830400 2154.720000 1.000000
473.408000 706.032000 485.385600 550.192000 1.000000
461.768000 2081.504000 491.283200 1885.168000 1.000000
465.860800 2320.480000 493.961600 2145.488000 1.000000
467.326400 2307.568000 495.964800 2131.072000 1.000000
478.132800 2310.464000 505.996800 2136.768000 1.000000
479.571200 2210.208000 506.776000 2040.816000 1.000000
501.988800 248.452800 512.776000 49.491680 1.000000
503.702400 288.409600 514.787200 94.656320 1.000000
487.748800 2320.992000 515.772800 2147.536000 1.000000
493.809600 2193.680000 517.864000 2029.184000 1.000000
491.268800 2162.400000 518.688000 1996.544000 1.000000
496.040000 2177.312000 522.945600 2009.648000 1.000000
522.841600 282.264000 533.803200 88.696160 1.000000
523.166400 288.257600 534.820800 94.998720 1.000000
512.880000 2025.568000 542.529600 1787.568000 1.000000
519.027200 2305.760000 545.873600 2131.744000 1.000000
530.438400 1291.422400 548.619200 1130.704000 1.000000
524.902400 2312.592000 553.316800 2141.040000 1.000000
546.132800 1251.156800 559.356800 1152.748800 1.000000
552.283200 285.593600 563.233600 92.086240 1.000000
547.251200 1696.112000 571.145600 1458.907200 1.000000
555.512000 1304.830400 573.659200 1150.299200 1.000000
560.872000 1376.044800 580.614400 1219.500800 1.000000
568.916800 1360.569600 588.048000 1205.761600 1.000000
575.339200 1378.912000 594.219200 1223.510400 1.000000
620.680000 2477.856000 594.732800 2297.440000 1.000000
586.857600 320.201600 601.056000 132.412800 1.000000
636.376000 2477.536000 602.782400 2297.424000 1.000000
580.617600 1717.584000 602.921600 1479.320000 1.000000
577.876800 2002.848000 603.105600 1859.920000 1.000000
587.977600 1187.281600 606.350400 1031.468800 1.000000
588.556800 1293.537600 606.611200 1138.868800 1.000000
595.249600 345.705600 608.592000 154.808800 1.000000
589.889600 1963.952000 614.896000 1723.328000 1.000000
604.126400 2132.992000 618.364800 1974.768000 1.000000
602.419200 1292.883200 619.852800 1138.216000 1.000000
607.259200 343.654400 620.200000 155.804800 1.000000
606.243200 1279.966400 623.155200 1124.836800 1.000000
613.790400 2636.336000 627.600000 2591.792000 1.000000
622.492800 373.401600 636.516800 185.697600 1.000000
620.113600 1357.744000 638.720000 1203.184000 1.000000
614.012800 1758.272000 639.206400 1522.558400 1.000000
613.563200 2579.952000 639.576000 2384.848000 1.000000
614.931200 2567.392000 641.118400 2373.760000 1.000000
627.731200 1236.092800 644.537600 1081.668800 1.000000
627.184000 1331.547200 644.806400 1176.702400 1.000000
632.708800 447.771200 645.747200 265.560000 1.000000
621.716800 1751.136000 646.740800 1516.318400 1.000000
633.033600 484.734400 646.868800 302.806400 1.000000
635.324800 492.808000 649.401600 310.408000 1.000000
600.945600 284.886400 654.587200 96.946880 1.000000
633.600000 1606.944000 654.657600 1373.067200 1.000000
638.809600 1330.347200 658.715200 1176.028800 1.000000
642.689600 1228.502400 659.529600 1073.265600 1.000000
640.292800 1420.320000 666.184000 1253.064000 1.000000
648.076800 2285.328000 672.798400 2115.968000 1.000000
651.134400 2101.152000 673.675200 1938.848000 1.000000
651.808000 1354.427200 675.651200 1198.438400 1.000000
652.254400 2087.664000 676.198400 1926.208000 1.000000
653.320000 2307.520000 677.428800 2137.792000 1.000000
659.278400 2320.176000 682.723200 2150.480000 1.000000
660.275200 2115.088000 682.755200 1952.464000 1.000000
671.715200 339.168000 684.630400 150.467680 1.000000
672.462400 711.057600 686.678400 518.411200 1.000000
674.633600 729.240000 687.851200 535.750400 1.000000
666.756800 2129.040000 690.432000 1963.472000 1.000000
669.408000 2360.672000 696.718400 2192.176000 1.000000
683.944000 348.078400 698.897600 159.973760 1.000000
681.603200 2568.320000 705.870400 2375.792000 1.000000
683.905600 2369.552000 709.523200 2199.296000 1.000000
696.081600 724.916800 710.305600 530.198400 1.000000
692.433600 1306.892800 712.036800 1154.918400 1.000000
703.371200 1323.796800 719.051200 1175.083200 1.000000
706.604800 1360.993600 724.968000 1206.443200 1.000000
709.972800 1316.478400 725.654400 1167.152000 1.000000
711.187200 1247.516800 726.065600 1093.990400 1.000000
711.763200 1259.164800 730.158400 1107.784000 1.000000
713.996800 731.420800 730.224000 539.393600 1.000000
715.867200 1129.256000 732.681600 913.435200 1.000000
715.926400 522.553600 734.576000 346.876800 1.000000
717.297600 1234.806400 734.835200 1081.547200 1.000000
717.964800 1302.593600 735.651200 1150.768000 1.000000
721.742400 533.121600 735.832000 355.704000 1.000000
717.251200 1573.292800 736.883200 1422.627200 1.000000
716.388800 884.795200 736.979200 678.022400 1.000000
719.755200 1249.529600 737.267200 1097.212800 1.000000
721.268800 1288.185600 738.240000 1135.425600 1.000000
716.283200 2362.144000 738.916800 2191.488000 1.000000
725.665600 1564.184000 744.446400 1413.499200 1.000000
727.646400 510.334400 745.307200 334.353600 1.000000
732.326400 777.846400 748.660800 578.046400 1.000000
734.608000 538.537600 752.670400 363.153600 1.000000
745.243200 363.851200 760.833600 176.846400 1.000000
764.523200 566.702400 780.158400 390.920000 1.000000
762.441600 2043.600000 783.545600 1885.360000 1.000000
759.745600 2368.192000 789.408000 2206.752000 1.000000
774.841600 337.590400 790.507200 150.006560 1.000000
780.888000 353.838400 796.136000 168.340800 1.000000
789.961600 1491.044800 808.366400 1342.262400 1.000000
793.382400 373.238400 809.822400 188.107200 1.000000
793.771200 358.835200 809.912000 172.814400 1.000000
811.372800 407.211200 827.475200 224.766400 1.000000
812.176000 1145.102400 827.948800 993.670400 1.000000
817.139200 415.340800 833.168000 232.912000 1.000000
819.649600 1179.516800 835.086400 1030.888000 1.000000
820.830400 1228.579200 836.497600 1077.608000 1.000000
761.793600 268.272000 836.619200 84.613120 1.000000
820.595200 1494.129600 837.756800 1346.763200 1.000000
821.579200 1264.862400 838.712000 1115.100800 1.000000
822.035200 1364.446400 839.230400 1213.891200 1.000000
839.710400 323.075200 855.038400 135.832160 1.000000
854.099200 2221.520000 861.505600 2054.016000 1.000000
850.363200 316.124800 867.820800 130.054400 1.000000
853.264000 370.216000 870.676800 189.995200 1.000000
855.840000 2140.672000 874.025600 1981.920000 1.000000
857.467200 307.809600 877.593600 122.311520 1.000000
871.862400 2250.320000 888.840000 2087.296000 1.000000
895.502400 1582.473600 912.494400 1436.350400 1.000000
891.110400 2084.608000 913.540800 1861.856000 1.000000
903.809600 2222.416000 921.996800 2062.896000 1.000000
947.748800 2272.608000 962.536000 2111.312000 1.000000
1004.780800 2278.000000 1021.078400 2118.352000 1.000000
1016.315200 329.451200 1040.545600 146.990560 1.000000
1097.566400 2012.528000 1111.052800 1861.696000 1.000000
1107.158400 2000.560000 1119.315200 1851.456000 1.000000
1113.193600 2040.480000 1125.100800 1890.768000 1.000000
1115.051200 2019.216000 1128.344000 1871.088000 1.000000
1116.867200 2030.816000 1129.136000 1881.584000 1.000000
1120.188800 1850.816000 1133.137600 1706.688000 1.000000
1126.705600 2053.264000 1138.755200 1903.904000 1.000000
1128.056000 2012.240000 1140.470400 1863.424000 1.000000
1130.816000 1837.056000 1143.467200 1693.792000 1.000000
1132.080000 1854.320000 1147.307200 1707.552000 1.000000
1144.588800 2036.128000 1156.784000 1887.888000 1.000000
1145.708800 1807.904000 1159.155200 1664.064000 1.000000
1155.953600 1816.688000 1169.313600 1673.040000 1.000000
1165.729600 1848.736000 1177.272000 1705.584000 1.000000
1178.960000 2278.048000 1186.569600 2124.752000 1.000000
1168.420800 818.713600 1187.860800 664.054400 1.000000
1174.806400 835.704000 1193.542400 682.041600 1.000000
1179.206400 859.812800 1197.416000 707.036800 1.000000
1189.296000 1889.184000 1200.912000 1744.176000 1.000000
1181.916800 681.776000 1205.171200 519.008000 1.000000
1196.299200 854.656000 1215.945600 702.932800 1.000000
1202.556800 863.640000 1220.352000 711.790400 1.000000
1203.979200 851.387200 1222.848000 699.433600 1.000000
1208.779200 664.622400 1228.804800 504.480000 1.000000
1212.137600 655.710400 1230.409600 494.313600 1.000000
1212.067200 877.297600 1231.966400 725.576000 1.000000
1215.017600 851.908800 1235.318400 700.144000 1.000000
1227.811200 829.134400 1245.998400 680.628800 1.000000
1228.284800 707.926400 1247.980800 546.308800 1.000000
1243.699200 2257.472000 1252.075200 2103.056000 1.000000
1311.083200 2247.136000 1316.638400 2094.816000 1.000000
1319.598400 2520.048000 1324.038400 2341.200000 1.000000
1302.790400 704.814400 1327.926400 552.611200 1.000000
1326.769600 2514.336000 1331.092800 2338.128000 1.000000
1335.051200 2546.640000 1338.702400 2367.056000 1.000000
1333.768000 2223.184000 1340.009600 2071.872000 1.000000
1341.505600 2356.816000 1346.262400 2199.632000 1.000000
1344.017600 2532.480000 1347.012800 2355.056000 1.000000
1342.046400 2280.240000 1348.243200 2127.968000 1.000000
1341.780800 2253.632000 1350.188800 2102.000000 1.000000
1345.384000 2290.832000 1351.185600 2137.392000 1.000000
1346.057600 2260.880000 1352.552000 2108.144000 1.000000
1346.011200 2198.496000 1352.915200 2051.088000 1.000000
1347.300800 2223.008000 1353.784000 2072.224000 1.000000
1348.793600 2342.576000 1354.091200 2186.192000 1.000000
1348.612800 2205.552000 1355.022400 2055.680000 1.000000
1354.361600 2366.848000 1356.854400 2208.880000 1.000000
1354.860800 2358.256000 1358.683200 2201.872000 1.000000
1353.478400 186.624000 1381.387200 31.343360 1.000000
1378.048000 2225.280000 1388.240000 2075.744000 1.000000
1386.484800 2244.224000 1389.840000 2093.616000 1.000000
1383.324800 2205.392000 1390.017600 2056.416000 1.000000
1413.752000 400.376000 1440.486400 228.696000 1.000000
1422.902400 867.108800 1442.784000 710.611200 1.000000
1421.166400 939.113600 1443.382400 795.854400 1.000000
1425.524800 910.937600 1447.347200 763.868800 1.000000
1431.395200 1129.417600 1447.619200 989.102400 1.000000
1429.849600 1107.686400 1448.272000 967.308800 1.000000
1429.577600 935.270400 1448.721600 789.152000 1.000000
1430.800000 1062.814400 1449.817600 920.238400 1.000000
1433.505600 1099.793600 1450.680000 959.110400 1.000000
1434.091200 1090.707200 1452.481600 950.406400 1.000000
1431.820800 904.793600 1453.048000 758.046400 1.000000
1436.195200 851.841600 1458.432000 703.544000 1.000000
1439.384000 1080.428800 1458.609600 940.364800 1.000000
1441.203200 1059.121600 1460.140800 917.427200 1.000000
1441.462400 1117.945600 1460.825600 977.739200 1.000000
1443.878400 965.513600 1463.785600 821.574400 1.000000
1445.344000 911.097600 1466.558400 765.630400 1.000000
1446.208000 878.995200 1467.760000 731.964800 1.000000
1447.262400 920.275200 1468.635200 775.497600 1.000000
1449.969600 892.772800 1471.675200 746.008000 1.000000
1454.700800 944.937600 1473.304000 799.950400 1.000000
1455.038400 928.440000 1476.060800 783.387200 1.000000
1459.358400 973.291200 1480.220800 831.523200 1.000000
1471.723200 1093.088000 1491.011200 952.604800 1.000000
1471.920000 898.752000 1492.713600 753.795200 1.000000
1478.417600 974.504000 1501.585600 833.891200 1.000000
1474.916800 186.803200 1507.860800 36.478560 1.000000
1507.497600 2224.256000 1511.030400 2076.864000 1.000000
1515.785600 2239.744000 1519.046400 2092.288000 1.000000
1496.340800 986.473600 1519.470400 846.857600 1.000000
1503.164800 203.105600 1535.579200 50.022080 1.000000
1519.401600 1092.377600 1537.569600 955.286400 1.000000
1511.203200 198.936000 1544.046400 48.390880 1.000000
1543.337600 2020.784000 1547.252800 1881.376000 1.000000
1539.803200 1841.440000 1547.304000 1705.024000 1.000000
1545.795200 2000.080000 1549.884800 1861.488000 1.000000
1550.478400 2251.824000 1551.897600 2105.344000 1.000000
1554.888000 1830.480000 1562.384000 1695.760000 1.000000
1542.491200 1071.950400 1563.100800 934.832000 1.000000
1557.161600 1812.272000 1565.176000 1677.248000 1.000000
1562.174400 2015.904000 1565.710400 1877.264000 1.000000
1567.478400 2029.264000 1571.308800 1890.640000 1.000000
1570.956800 2007.504000 1574.606400 1868.704000 1.000000
1568.590400 1820.480000 1574.808000 1686.976000 1.000000
1543.299200 212.081600 1577.656000 59.476640 1.000000
1546.412800 245.875200 1578.065600 96.247040 1.000000
1556.395200 893.393600 1579.048000 747.680000 1.000000
1573.616000 1825.424000 1579.361600 1691.552000 1.000000
1570.836800 1788.768000 1580.616000 1653.760000 1.000000
1576.528000 1807.424000 1584.553600 1673.808000 1.000000
1557.502400 720.912000 1585.113600 563.470400 1.000000
1579.185600 1822.080000 1585.848000 1688.576000 1.000000
1572.496000 1034.235200 1593.948800 898.204800 1.000000
1577.323200 901.206400 1599.489600 755.851200 1.000000
1582.262400 1044.044800 1600.480000 908.235200 1.000000
1578.760000 713.116800 1601.904000 563.288000 1.000000
1573.640000 209.732800 1605.952000 57.109440 1.000000
1588.110400 1051.720000 1608.128000 916.262400 1.000000
1586.427200 914.513600 1609.376000 770.328000 1.000000
1600.368000 1816.528000 1610.768000 1683.408000 1.000000
1595.217600 1061.321600 1614.960000 926.113600 1.000000
1592.982400 924.955200 1616.080000 780.203200 1.000000
1598.451200 1047.443200 1617.952000 911.888000 1.000000
1614.560000 1880.928000 1619.888000 1743.936000 1.000000
1621.200000 1981.120000 1622.496000 1847.840000 1.000000
1623.200000 861.531200 1649.152000 713.854400 1.000000
1674.608000 265.641600 1710.896000 117.191680 1.000000
1686.560000 267.299200 1722.880000 120.036800 1.000000
1699.824000 271.188800 1736.112000 124.592000 1.000000
1702.928000 264.390400 1740.432000 117.148320 1.000000
1735.696000 849.142400 1762.800000 712.664000 1.000000
1727.856000 309.747200 1763.056000 163.260800 1.000000
1725.248000 289.475200 1763.136000 143.846560 1.000000
1728.736000 301.190400 1766.000000 155.264160 1.000000
1781.728000 2195.040000 1777.008000 2055.824000 1.000000
1739.696000 239.864000 1778.688000 91.891840 1.000000
1797.152000 2214.112000 1791.488000 2073.440000 1.000000
1762.864000 260.368000 1801.552000 113.428160 1.000000
1764.448000 251.092800 1803.824000 103.793120 1.000000
1764.784000 237.139200 1804.432000 90.110080 1.000000
1775.952000 260.800000 1814.944000 114.859840 1.000000
1786.896000 278.009600 1825.216000 132.270720 1.000000
1787.088000 301.196800 1825.792000 156.088800 1.000000
1793.392000 667.401600 1828.032000 525.539200 1.000000
1789.808000 253.313600 1829.472000 106.108480 1.000000
1854.704000 2493.616000 1838.880000 2325.056000 1.000000
1878.240000 2878.944000 1854.160000 2749.904000 1.000000
1816.448000 340.811200 1854.528000 195.670400 1.000000
1817.200000 270.635200 1857.552000 126.181600 1.000000
1821.216000 241.424000 1862.624000 93.092800 1.000000
1826.144000 308.044800 1864.896000 165.745600 1.000000
1833.344000 339.356800 1874.816000 191.715200 1.000000
1847.776000 221.993600 1889.984000 75.681280 1.000000
1848.704000 230.824000 1892.528000 85.246560 1.000000
1908.272000 2485.232000 1893.376000 2331.888000 1.000000
1853.280000 221.844800 1895.920000 76.333920 1.000000
1861.696000 264.136000 1904.288000 119.663360 1.000000
1921.392000 2344.016000 1912.688000 2197.056000 1.000000
1870.512000 226.209600 1913.696000 81.731040 1.000000
1887.280000 313.972800 1928.976000 172.916800 1.000000
1896.432000 307.577600 1938.032000 166.041600 1.000000
1919.328000 945.449600 1944.544000 809.910400 1.000000
1960.944000 2478.304000 1946.688000 2315.360000 1.000000
1905.056000 491.697600 1949.440000 325.192000 1.000000
1911.232000 311.489600 1950.784000 170.593600 1.000000
1963.552000 2328.544000 1951.840000 2182.032000 1.000000
1962.320000 2286.624000 1952.000000 2141.616000 1.000000
1915.648000 298.964800 1957.360000 158.204320 1.000000
1913.232000 199.368000 1958.032000 53.665760 1.000000
1922.320000 224.040000 1967.024000 79.605440 1.000000
1926.336000 277.614400 1967.408000 137.473440 1.000000
1922.752000 195.849600 1968.496000 50.598080 1.000000
1940.592000 745.937600 1972.416000 597.744000 1.000000
1933.008000 503.033600 1972.800000 340.643200 1.000000
1934.496000 288.864000 1977.696000 147.816160 1.000000
1941.168000 527.868800 1979.456000 367.398400 1.000000
1942.720000 515.438400 1983.152000 354.372800 1.000000
2010.368000 2332.416000 1997.904000 2186.560000 1.000000
2014.912000 2432.288000 1998.176000 2281.488000 1.000000
2019.072000 2351.024000 2006.416000 2205.216000 1.000000
2025.936000 2411.024000 2009.872000 2261.648000 1.000000
2025.968000 2389.904000 2010.944000 2243.024000 1.000000
2032.896000 2418.288000 2016.016000 2268.800000 1.000000
2032.416000 2374.144000 2017.200000 2228.368000 1.000000
2030.912000 2328.032000 2017.712000 2182.848000 1.000000
2033.440000 2401.536000 2017.920000 2253.184000 1.000000
2028.112000 2256.080000 2019.184000 2112.496000 1.000000
2035.920000 2386.832000 2020.192000 2239.632000 1.000000
2035.936000 2348.528000 2021.360000 2203.360000 1.000000
1981.584000 326.385600 2024.960000 187.204800 1.000000
2043.280000 2410.752000 2026.112000 2262.592000 1.000000
1987.552000 541.030400 2026.176000 382.363200 1.000000
2041.888000 2337.600000 2027.664000 2192.256000 1.000000
2044.960000 2378.592000 2029.376000 2230.416000 1.000000
2045.536000 2387.808000 2029.632000 2242.288000 1.000000
2044.544000 2360.896000 2029.856000 2215.808000 1.000000
1986.368000 310.540800 2031.264000 170.646400 1.000000
2035.760000 1586.526400 2037.008000 1673.728000 1.000000
2054.464000 2441.168000 2037.104000 2291.344000 1.000000
1994.416000 328.604800 2037.344000 190.208000 1.000000
2054.176000 2329.360000 2039.072000 2184.048000 1.000000
1996.608000 524.603200 2039.888000 364.716800 1.000000
2053.344000 2276.928000 2040.656000 2138.176000 1.000000
1998.272000 368.859200 2042.112000 230.324800 1.000000
1998.016000 176.649600 2046.592000 29.601440 1.000000
2013.648000 578.179200 2051.808000 422.907200 1.000000
2015.136000 331.177600 2053.648000 193.144000 1.000000
2009.232000 198.816000 2055.248000 53.827360 1.000000
1996.128000 334.348800 2055.600000 200.310400 1.000000
2020.080000 361.582400 2063.184000 223.916800 1.000000
2017.136000 195.012800 2065.968000 51.579520 1.000000
2095.536000 2624.944000 2071.168000 2470.832000 1.000000
2025.504000 274.195200 2071.840000 135.053920 1.000000
2028.272000 311.628800 2073.168000 173.296000 1.000000
2028.672000 348.174400 2074.544000 209.313600 1.000000
2034.912000 297.131200 2080.128000 159.295360 1.000000
2040.688000 476.233600 2082.736000 314.648000 1.000000
2045.776000 396.747200 2084.112000 249.777600 1.000000
2043.472000 531.968000 2084.640000 373.825600 1.000000
2042.416000 490.432000 2084.896000 329.540800 1.000000
2097.888000 1483.182400 2087.152000 1628.000000 1.000000
2099.952000 1375.286400 2088.384000 1535.928000 1.000000
2111.104000 2051.296000 2090.160000 2118.560000 1.000000
2051.056000 544.432000 2090.704000 385.912000 1.000000
2053.328000 500.356800 2095.184000 339.579200 1.000000
2060.160000 656.726400 2096.992000 481.678400 1.000000
2051.056000 283.606400 2097.536000 144.413920 1.000000
2061.952000 582.504000 2101.536000 428.776000 1.000000
2062.000000 560.358400 2102.672000 403.531200 1.000000
2059.088000 447.979200 2103.632000 287.689600 1.000000
2057.792000 217.043200 2106.864000 73.520480 1.000000
2059.776000 251.440000 2107.008000 111.976480 1.000000
2130.464000 1784.864000 2108.368000 1950.064000 1.000000
2095.536000 579.265600 2134.816000 420.412800 1.000000
2154.432000 1549.300800 2135.696000 1725.008000 1.000000
2092.208000 432.276800 2137.664000 274.390400 1.000000
2100.736000 505.206400 2140.784000 339.912000 1.000000
2100.208000 209.265600 2151.024000 66.856000 1.000000
2191.584000 2990.096000 2151.680000 2828.112000 1.000000
2180.272000 1559.545600 2158.928000 1741.232000 1.000000
2185.808000 1988.720000 2159.616000 2074.304000 1.000000
2110.256000 196.739200 2160.800000 55.034400 1.000000
2119.584000 199.144000 2171.328000 55.674080 1.000000
2120.304000 180.889600 2171.552000 39.802720 1.000000
2163.040000 510.104000 2205.856000 348.745600 1.000000
2167.776000 224.654400 2219.280000 73.492800 1.000000
2254.192000 1315.748800 2246.288000 1460.332800 1.000000
2281.680000 1337.712000 2271.760000 1490.800000 1.000000
2291.856000 1326.580800 2282.272000 1479.300800 1.000000
2295.520000 1342.563200 2285.168000 1497.542400 1.000000
2308.240000 1381.996800 2295.568000 1558.608000 1.000000
2320.416000 1334.803200 2309.904000 1491.478400 1.000000
2276.592000 561.721600 2320.272000 445.284800 1.000000
2333.728000 1285.144000 2326.240000 1438.078400 1.000000
2348.928000 1303.800000 2336.976000 1461.548800 1.000000
2347.824000 1288.027200 2340.464000 1443.547200 1.000000
2412.832000 1522.988800 2386.688000 1742.496000 1.000000
2420.432000 1538.736000 2394.704000 1759.824000 1.000000
2430.768000 1597.929600 2400.464000 1824.944000 1.000000
2430.992000 1530.172800 2404.864000 1751.920000 1.000000
2442.576000 1508.065600 2416.816000 1728.976000 1.000000
2441.952000 1463.270400 2418.064000 1681.616000 1.000000
2444.400000 1491.657600 2420.752000 1711.792000 1.000000
2464.992000 1882.624000 2425.600000 2077.472000 1.000000
2454.560000 1538.136000 2426.976000 1763.904000 1.000000
2455.136000 1468.716800 2427.072000 1690.304000 1.000000
2439.472000 1296.201600 2431.008000 1474.494400 1.000000
2477.216000 1931.808000 2435.120000 2116.352000 1.000000
2478.048000 1852.336000 2438.400000 2053.648000 1.000000
2469.408000 1448.460800 2445.392000 1673.008000 1.000000
2483.168000 1590.572800 2449.776000 1830.592000 1.000000
2497.920000 1883.712000 2456.384000 2081.008000 1.000000
2495.824000 1670.064000 2460.704000 1899.680000 1.000000
2505.568000 1675.040000 2470.096000 1904.944000 1.000000
2511.200000 1764.880000 2474.576000 1983.616000 1.000000
2511.392000 1747.408000 2475.264000 1969.472000 1.000000
2506.816000 1411.360000 2475.920000 1653.248000 1.000000
2473.536000 1918.096000 2489.552000 2057.920000 1.000000
2517.072000 1441.404800 2490.512000 1671.520000 1.000000
2536.848000 1743.696000 2497.760000 1970.752000 1.000000
2537.568000 1678.800000 2500.704000 1913.360000 1.000000
2538.128000 1669.568000 2501.808000 1904.880000 1.000000
2540.736000 1692.224000 2503.232000 1924.960000 1.000000
2555.296000 1660.208000 2518.592000 1900.432000 1.000000
2572.688000 1746.672000 2532.944000 1975.936000 1.000000
2576.576000 1817.136000 2534.400000 2033.904000 1.000000
2592.880000 1689.456000 2553.840000 1931.344000 1.000000
2582.560000 1345.448000 2558.768000 1575.233600 1.000000
2606.192000 1853.904000 2561.472000 2067.520000 1.000000
2603.072000 1738.432000 2562.304000 1972.224000 1.000000
2603.024000 1755.984000 2562.432000 1986.960000 1.000000
2526.096000 591.027200 2567.568000 518.372800 1.000000
2618.816000 1676.016000 2578.304000 1922.544000 1.000000
2628.768000 1752.208000 2586.288000 1987.632000 1.000000
2636.608000 1723.600000 2594.880000 1964.976000 1.000000
2446.768000 761.440000 2596.976000 824.472000 1.000000
2641.856000 1727.408000 2599.840000 1968.144000 1.000000
2625.728000 1287.923200 2603.152000 1518.196800 1.000000
2647.024000 1756.736000 2604.320000 1993.440000 1.000000
2649.520000 1712.432000 2606.960000 1957.056000 1.000000
2661.648000 1747.744000 2615.968000 1989.344000 1.000000
2663.232000 1820.912000 2623.728000 2051.632000 1.000000
2671.632000 1733.120000 2628.096000 1976.688000 1.000000
2675.120000 1710.448000 2633.600000 1960.528000 1.000000
2693.104000 1702.816000 2651.792000 1957.648000 1.000000
2699.616000 1739.920000 2654.304000 1987.024000 1.000000
2696.608000 1575.276800 2659.024000 1823.152000 1.000000
2732.288000 1495.064000 2697.472000 1748.224000 1.000000
2745.184000 1666.832000 2702.928000 1938.208000 1.000000
2766.176000 1723.472000 2713.296000 1992.736000 1.000000
2781.616000 1712.992000 2732.000000 1983.632000 1.000000
2797.088000 1722.032000 2747.968000 1991.568000 1.000000
2949.600000 287.390400 3009.296000 271.038400 1.000000
3119.008000 375.755200 3071.552000 642.073600 1.000000
3607.712000 2177.712000 3484.480000 2510.080000 1.000000
3615.792000 2202.800000 3486.800000 2535.424000 1.000000
3487.776000 589.080000 3497.264000 930.137600 1.000000
3670.928000 223.078400 3735.760000 323.126400 1.000000
3852.576000 2141.056000 3769.664000 2275.712000 1.000000
3860.432000 2147.808000 3777.584000 2281.136000 1.000000
