76.968160 2036.816000 245.404800 110.180160 1.000000
95.540640 2030.384000 262.579200 102.319200 1.000000
182.432000 1972.144000 340.566400 36.153280 1.000000
174.272000 2041.360000 344.736000 115.502720 1.000000
221.732800 2062.032000 399.414400 141.809280 1.000000
231.017600 2048.528000 407.478400 127.335680 1.000000
229.499200 2075.408000 410.308800 158.317280 1.000000
244.270400 2079.312000 426.587200 160.028800 1.000000
255.275200 2125.424000 447.668800 212.825600 1.000000
234.684800 2320.512000 464.657600 408.304000 1.000000
256.580800 2203.024000 464.977600 299.064000 1.000000
236.094400 2336.112000 468.520000 424.388800 1.000000
248.822400 2278.704000 471.739200 372.275200 1.000000
237.716800 2393.456000 481.736000 484.380800 1.000000
13.914032 2579.936000 485.200000 663.182400 1.000000
234.737600 2525.696000 508.721600 671.523200 1.000000
321.387200 2165.808000 524.614400 291.588800 1.000000
479.571200 2210.208000 696.332800 412.211200 1.000000
465.860800 2320.480000 697.656000 516.236800 1.000000
574.590400 2318.288000 802.520000 529.814400 1.000000
614.286400 2306.016000 843.604800 526.614400 1.000000
683.361600 2557.664000 865.952000 700.928000 1.000000
642.187200 2327.504000 872.233600 549.116800 1.000000
653.320000 2307.520000 881.656000 531.564800 1.000000
659.278400 2320.176000 888.283200 544.163200 1.000000
617.760000 2670.384000 892.288000 931.134400 1.000000
670.724800 2813.840000 941.979200 746.454400 1.000000
876.900800 1844.448000 1059.670400 54.614720 1.000000
1367.150400 2527.408000 1547.012800 901.043200 1.000000
1331.468800 2235.552000 1549.329600 558.769600 1.000000
1465.361600 2247.360000 1680.496000 593.206400 1.000000
1510.848000 2247.968000 1729.344000 601.478400 1.000000
1515.785600 2239.744000 1737.408000 594.214400 1.000000
1602.352000 2910.208000 1765.648000 1211.220800 1.000000
1550.478400 2251.824000 1768.656000 610.244800 1.000000
1128.056000 2012.240000 1794.784000 337.144000 1.000000
1145.708800 1807.904000 1816.384000 104.064160 1.000000
1785.216000 1542.067200 1945.344000 569.731200 1.000000
1773.232000 2187.472000 1998.976000 574.473600 1.000000
1781.728000 2195.040000 2008.608000 580.131200 1.000000
1797.152000 2214.112000 2018.960000 606.244800 1.000000
1949.472000 2341.488000 2156.384000 723.747200 1.000000
1944.672000 2240.304000 2169.856000 622.721600 1.000000
1962.320000 2286.624000 2178.112000 673.187200 1.000000
2001.312000 2294.912000 2213.840000 686.414400 1.000000
2019.072000 2351.024000 2224.032000 742.552000 1.000000
2032.416000 2374.144000 2233.184000 766.248000 1.000000
2035.936000 2348.528000 2238.880000 742.364800 1.000000
2030.912000 2328.032000 2239.936000 723.001600 1.000000
2045.536000 2387.808000 2241.808000 780.113600 1.000000
2054.464000 2441.168000 2243.312000 832.019200 1.000000
2044.544000 2360.896000 2245.392000 755.292800 1.000000
2041.888000 2337.600000 2248.096000 731.812800 1.000000
2051.856000 2342.656000 2258.416000 740.403200 1.000000
2054.176000 2329.360000 2261.024000 725.699200 1.000000
2114.160000 2568.416000 2271.024000 1001.200000 1.000000
