3.704928 1769.632000 4.247248 2161.200000 1.000000
16.312640 2036.912000 6.762960 2443.440000 1.000000
8.111696 1782.448000 8.638880 2174.512000 1.000000
36.875680 2311.808000 16.566720 2731.232000 1.000000
18.638720 1914.080000 16.928480 2330.368000 1.000000
33.594400 2181.920000 19.685600 2594.704000 1.000000
32.947040 2140.288000 20.807200 2550.320000 1.000000
45.892800 2364.096000 22.817280 2789.488000 1.000000
26.502880 1912.768000 24.312960 2329.088000 1.000000
37.253440 2109.664000 25.841600 2515.664000 1.000000
43.473600 2227.216000 27.760320 2642.512000 1.000000
30.586560 1919.840000 27.897280 2335.648000 1.000000
45.196800 2202.848000 29.852640 2614.608000 1.000000
51.114880 2157.872000 37.015680 2567.216000 1.000000
48.367040 2108.832000 37.177760 2514.928000 1.000000
54.368000 2240.896000 38.383040 2656.880000 1.000000
54.043520 2217.248000 39.143520 2631.360000 1.000000
57.623200 2207.936000 42.936640 2621.440000 1.000000
63.934720 2182.240000 50.826080 2592.560000 1.000000
67.196160 2196.496000 53.036480 2608.512000 1.000000
67.017760 2187.712000 53.165440 2599.536000 1.000000
58.092160 2051.600000 54.255840 2438.096000 1.000000
69.301760 2211.232000 55.248800 2622.880000 1.000000
60.832480 1955.344000 56.559840 2361.808000 1.000000
12.558448 723.846400 57.086560 1138.160000 1.000000
75.550880 2316.928000 57.174080 2734.672000 1.000000
66.526240 1972.928000 60.697920 2376.688000 1.000000
76.252640 2162.848000 64.799840 2572.112000 1.000000
22.201760 770.977600 64.899040 1184.766400 1.000000
55.302400 1539.156800 67.125600 1916.016000 1.000000
54.729120 1524.296000 67.614240 1900.752000 1.000000
76.968160 2036.816000 68.885120 2434.640000 1.000000
70.238560 1878.448000 69.920480 2288.800000 1.000000
27.775040 759.193600 71.495840 1175.153600 1.000000
28.923840 638.976000 75.384000 1053.172800 1.000000
83.335360 2035.808000 75.864480 2433.104000 1.000000
79.219200 1882.512000 78.738560 2294.672000 1.000000
32.221280 626.955200 79.273920 1042.889600 1.000000
86.524960 2027.392000 79.624800 2424.048000 1.000000
102.715360 2402.144000 82.754080 2845.632000 1.000000
105.744160 2461.136000 83.038880 2894.224000 1.000000
103.788000 2310.448000 84.002240 2730.672000 1.000000
37.912000 666.614400 84.669600 1079.030400 1.000000
41.782400 784.260800 84.810560 1198.137600 1.000000
83.408320 1836.336000 85.239200 2247.280000 1.000000
40.816320 659.433600 86.568800 1072.731200 1.000000
39.364000 593.430400 87.573600 1009.494400 1.000000
95.540640 2030.384000 87.994560 2427.440000 1.000000
77.742560 1517.808000 88.240960 1893.440000 1.000000
89.217280 1908.528000 89.049600 2320.928000 1.000000
89.363680 1855.904000 90.831520 2267.792000 1.000000
115.036000 2484.816000 91.521760 2916.256000 1.000000
100.432160 2080.368000 92.194080 2480.544000 1.000000
97.773760 2015.488000 93.621120 2412.960000 1.000000
104.598560 2121.808000 94.268480 2523.056000 1.000000
49.985760 775.246400 94.486720 1189.180800 1.000000
94.490720 1674.496000 95.018400 2053.840000 1.000000
118.086080 2462.496000 95.946080 2893.552000 1.000000
96.347040 1851.024000 97.593760 2261.792000 1.000000
46.121120 556.795200 97.927680 974.360000 1.000000
121.883840 2429.760000 98.866400 2860.768000 1.000000
97.387520 1838.416000 99.467520 2248.656000 1.000000
51.904640 660.396800 99.496000 1073.745600 1.000000
53.850560 622.904000 100.478240 1037.124800 1.000000
115.701920 2211.232000 102.218080 2618.448000 1.000000
55.599040 575.721600 102.718240 992.710400 1.000000
113.538560 2140.400000 102.908320 2542.608000 1.000000
116.867680 2203.488000 103.812480 2610.624000 1.000000
126.726080 2468.208000 104.463360 2899.680000 1.000000
98.270560 1709.216000 104.687840 2092.672000 1.000000
119.845120 2251.216000 104.778400 2661.440000 1.000000
104.373120 1847.584000 106.087200 2257.184000 1.000000
128.676000 2451.872000 106.187040 2882.688000 1.000000
61.984640 671.585600 106.487680 1083.563200 1.000000
58.323520 580.846400 107.060320 996.891200 1.000000
113.743040 2019.664000 107.506240 2414.864000 1.000000
115.848000 2036.528000 108.416640 2433.664000 1.000000
89.207200 1346.356800 108.923680 1728.736000 1.000000
62.221440 591.742400 109.190880 1007.873600 1.000000
72.458880 892.116800 109.798560 1299.465600 1.000000
91.092320 1295.443200 110.193280 1677.008000 1.000000
129.205120 2366.288000 110.653280 2788.752000 1.000000
65.415840 596.526400 112.551360 1012.392000 1.000000
92.680480 1284.899200 112.784640 1665.984000 1.000000
125.592000 2204.176000 113.044800 2609.824000 1.000000
110.890080 1841.920000 113.580480 2251.904000 1.000000
66.380800 572.449600 113.632640 990.497600 1.000000
105.437760 1547.577600 116.234240 1921.600000 1.000000
140.602400 2466.096000 116.849920 2898.064000 1.000000
62.237280 305.443200 120.044800 733.800000 1.000000
102.601600 1321.768000 120.775200 1702.544000 1.000000
110.509600 1528.352000 122.023040 1904.720000 1.000000
78.844000 566.905600 123.800480 981.323200 1.000000
116.783840 1760.928000 124.156480 2143.824000 1.000000
132.773920 2079.536000 124.928800 2476.816000 1.000000
77.224160 505.052800 126.060000 931.144000 1.000000
86.850560 684.739200 127.064160 1097.763200 1.000000
140.972480 2251.056000 127.791520 2664.432000 1.000000
106.835360 1304.630400 127.884480 1686.784000 1.000000
101.513760 1209.233600 128.088960 1589.995200 1.000000
139.055680 2203.296000 128.148960 2608.512000 1.000000
84.172800 670.614400 128.433920 1081.044800 1.000000
136.502720 2088.096000 129.574080 2487.328000 1.000000
151.933280 2440.320000 130.484160 2868.752000 1.000000
88.806560 667.812800 130.837920 1080.756800 1.000000
139.964160 2076.784000 132.327360 2473.328000 1.000000
91.551520 664.600000 136.516640 1075.150400 1.000000
145.347200 2069.952000 138.288160 2466.464000 1.000000
146.970240 2083.200000 139.409280 2479.744000 1.000000
95.663520 638.347200 140.251840 1043.609600 1.000000
95.647840 629.536000 142.782080 1034.300800 1.000000
110.646560 994.550400 142.806880 1399.475200 1.000000
106.729600 864.748800 143.456320 1270.715200 1.000000
88.435520 325.961600 143.602560 752.145600 1.000000
148.737280 1943.584000 146.320160 2335.408000 1.000000
155.195360 2075.776000 148.020960 2473.856000 1.000000
106.266400 690.244800 148.996320 1099.347200 1.000000
103.756960 469.492800 149.618080 879.920000 1.000000
165.444800 2316.368000 149.671360 2733.232000 1.000000
156.566880 2064.048000 149.792960 2460.208000 1.000000
94.761920 316.115200 150.487840 743.555200 1.000000
105.670880 644.027200 150.918240 1051.648000 1.000000
134.357760 1383.593600 154.867840 1759.824000 1.000000
172.468800 2333.200000 155.183520 2752.912000 1.000000
174.809600 2458.080000 155.408000 2887.104000 1.000000
173.668800 2392.032000 155.485120 2814.976000 1.000000
109.502880 571.721600 155.917920 978.934400 1.000000
118.204800 719.604800 159.778400 1131.225600 1.000000
119.086880 669.512000 161.363200 1077.348800 1.000000
176.416000 2266.560000 163.188800 2677.504000 1.000000
116.707840 518.040000 163.528000 930.025600 1.000000
169.121600 2051.888000 163.608000 2448.496000 1.000000
171.968000 2073.952000 164.819200 2470.256000 1.000000
158.166400 1669.856000 164.937600 2047.792000 1.000000
158.083360 1686.800000 165.728000 2066.592000 1.000000
170.595200 2009.728000 165.875200 2403.856000 1.000000
140.526080 1203.036800 166.366400 1584.584000 1.000000
157.020960 1526.204800 167.416000 1900.080000 1.000000
173.344000 2039.888000 167.606400 2435.456000 1.000000
171.412800 1920.896000 168.214400 2315.824000 1.000000
185.268800 2371.760000 168.361600 2793.232000 1.000000
183.806400 2310.144000 168.380800 2726.096000 1.000000
174.328000 2019.200000 169.246400 2413.984000 1.000000
122.654080 586.806400 169.414400 994.211200 1.000000
159.605920 1476.024000 170.929600 1850.240000 1.000000
180.009600 2096.624000 172.200000 2494.944000 1.000000
184.884800 2242.384000 172.539200 2651.056000 1.000000
188.257600 2345.040000 172.764800 2762.704000 1.000000
192.190400 2358.304000 174.353600 2777.968000 1.000000
177.472000 1976.752000 174.400000 2369.344000 1.000000
164.692800 1459.830400 174.768000 1835.232000 1.000000
128.043680 562.115200 174.843200 969.784000 1.000000
134.475360 776.259200 175.025600 1186.014400 1.000000
188.041600 2258.544000 175.726400 2668.576000 1.000000
180.686400 1956.176000 176.612800 2348.048000 1.000000
175.764800 1880.896000 176.748800 2273.104000 1.000000
182.913600 2033.424000 177.417600 2429.232000 1.000000
192.534400 2314.848000 178.068800 2729.376000 1.000000
195.264000 2410.560000 178.072000 2833.520000 1.000000
174.219200 1742.736000 178.289600 2122.864000 1.000000
188.692800 2147.520000 179.056000 2549.808000 1.000000
182.432000 1972.144000 179.451200 2364.544000 1.000000
188.625600 2117.040000 180.675200 2516.640000 1.000000
195.188800 2282.288000 181.395200 2694.624000 1.000000
194.195200 2266.784000 181.958400 2677.024000 1.000000
199.024000 2404.624000 182.305600 2827.088000 1.000000
197.044800 2309.632000 182.692800 2722.560000 1.000000
195.326400 2187.088000 185.500800 2591.664000 1.000000
204.614400 2426.288000 187.006400 2851.072000 1.000000
203.089600 2301.072000 188.691200 2714.832000 1.000000
209.707200 2488.352000 189.315200 2915.312000 1.000000
207.688000 2398.320000 190.932800 2820.720000 1.000000
188.440000 1784.912000 191.068800 2164.144000 1.000000
209.849600 2446.512000 191.128000 2872.928000 1.000000
176.681600 1417.206400 193.142400 1790.432000 1.000000
206.377600 2315.408000 193.180800 2729.104000 1.000000
200.561600 2101.024000 193.203200 2498.880000 1.000000
155.249440 782.451200 193.358400 1193.256000 1.000000
206.484800 2266.560000 193.540800 2677.040000 1.000000
208.489600 2275.888000 194.968000 2687.216000 1.000000
201.008000 2008.864000 196.036800 2402.208000 1.000000
190.750400 1724.224000 196.785600 2102.096000 1.000000
206.675200 2196.672000 196.867200 2603.632000 1.000000
211.416000 2330.416000 196.889600 2745.408000 1.000000
162.782400 814.230400 197.569600 1223.286400 1.000000
170.033600 1141.318400 197.753600 1531.832000 1.000000
207.505600 2139.248000 199.841600 2540.096000 1.000000
208.403200 2125.056000 200.564800 2524.544000 1.000000
196.707200 1741.920000 201.492800 2122.256000 1.000000
194.132800 1710.032000 201.736000 2089.360000 1.000000
213.753600 2263.328000 201.913600 2673.120000 1.000000
195.665600 1718.320000 202.329600 2096.320000 1.000000
213.459200 2244.176000 202.859200 2652.224000 1.000000
203.353600 1869.184000 203.436800 2259.520000 1.000000
217.558400 2329.280000 203.884800 2744.656000 1.000000
215.132800 2225.824000 204.100800 2632.704000 1.000000
182.233600 1231.339200 206.257600 1611.488000 1.000000
212.956800 2070.448000 206.344000 2466.688000 1.000000
213.412800 2042.176000 208.692800 2437.008000 1.000000
221.760000 2285.056000 209.406400 2696.304000 1.000000
206.603200 1821.216000 209.619200 2207.792000 1.000000
204.580800 1687.632000 210.814400 2064.800000 1.000000
190.923200 1308.907200 211.238400 1687.968000 1.000000
201.078400 1549.486400 212.080000 1917.392000 1.000000
225.132800 2292.848000 212.614400 2704.960000 1.000000
206.950400 1776.112000 213.001600 2156.128000 1.000000
195.412800 1324.923200 213.536000 1702.128000 1.000000
224.230400 2236.624000 213.680000 2644.800000 1.000000
209.609600 1747.664000 214.227200 2126.128000 1.000000
212.848000 1777.072000 215.412800 2156.656000 1.000000
214.633600 1869.440000 216.043200 2260.800000 1.000000
223.809600 2026.128000 217.124800 2419.216000 1.000000
171.915200 458.392000 217.505600 873.782400 1.000000
233.459200 2362.912000 217.612800 2780.288000 1.000000
219.467200 1961.312000 218.004800 2355.200000 1.000000
230.224000 2302.096000 218.004800 2713.248000 1.000000
202.443200 1394.400000 218.156800 1766.688000 1.000000
171.368000 489.963200 218.241600 901.542400 1.000000
228.310400 2212.784000 218.776000 2617.760000 1.000000
216.352000 1769.680000 218.924800 2148.720000 1.000000
235.604800 2382.448000 219.113600 2800.912000 1.000000
191.825600 1164.374400 219.726400 1545.299200 1.000000
167.889600 313.369600 219.784000 737.964800 1.000000
234.684800 2320.512000 220.393600 2734.512000 1.000000
231.696000 2254.160000 220.700800 2664.352000 1.000000
237.716800 2393.456000 220.716800 2811.168000 1.000000
179.328000 645.590400 220.987200 1047.835200 1.000000
206.345600 1408.262400 222.371200 1780.768000 1.000000
235.544000 2269.600000 223.542400 2679.600000 1.000000
221.499200 1809.584000 223.947200 2195.360000 1.000000
237.433600 2277.984000 225.084800 2688.560000 1.000000
231.017600 2048.528000 225.344000 2443.952000 1.000000
236.092800 2242.880000 225.368000 2650.432000 1.000000
178.144000 463.401600 226.078400 879.238400 1.000000
214.265600 1451.171200 229.630400 1823.648000 1.000000
181.860800 466.803200 230.139200 882.843200 1.000000
189.468800 657.492800 230.140800 1061.227200 1.000000
181.990400 390.169600 230.246400 809.259200 1.000000
189.288000 630.787200 230.640000 1033.337600 1.000000
237.676800 2093.472000 231.422400 2491.488000 1.000000
227.457600 1743.008000 231.620800 2122.832000 1.000000
217.625600 1370.060800 233.436800 1741.792000 1.000000
182.780800 313.080000 234.891200 736.278400 1.000000
181.236800 195.809600 235.616000 637.838400 1.000000
248.822400 2278.704000 236.278400 2689.072000 1.000000
210.033600 1172.254400 236.556800 1552.491200 1.000000
257.528000 2525.152000 237.489600 2947.776000 1.000000
232.499200 1731.184000 237.518400 2108.928000 1.000000
239.121600 1949.968000 239.092800 2339.168000 1.000000
191.016000 371.324800 239.652800 790.470400 1.000000
236.718400 1712.528000 240.129600 2088.896000 1.000000
199.278400 656.212800 240.715200 1058.483200 1.000000
190.878400 328.180800 241.246400 749.750400 1.000000
254.259200 2265.344000 241.348800 2674.672000 1.000000
226.737600 1414.240000 242.470400 1786.032000 1.000000
192.795200 305.857600 242.800000 730.353600 1.000000
252.307200 2165.984000 244.092800 2568.368000 1.000000
246.108800 1910.784000 244.592000 2297.136000 1.000000
243.609600 1802.528000 245.665600 2182.272000 1.000000
195.942400 348.563200 245.731200 768.523200 1.000000
256.580800 2203.024000 246.179200 2608.528000 1.000000
235.734400 1341.307200 246.392000 1712.096000 1.000000
253.622400 2095.712000 247.012800 2494.128000 1.000000
255.275200 2125.424000 248.796800 2525.568000 1.000000
238.276800 1437.300800 252.600000 1808.944000 1.000000
262.006400 2156.752000 253.313600 2558.464000 1.000000
241.808000 1528.048000 254.054400 1899.168000 1.000000
238.417600 1411.476800 254.236800 1785.872000 1.000000
248.633600 1694.704000 254.393600 2070.928000 1.000000
251.468800 1791.824000 255.228800 2170.704000 1.000000
203.577600 301.976000 255.833600 727.739200 1.000000
207.067200 350.704000 257.244800 773.990400 1.000000
269.990400 2215.696000 257.544000 2618.512000 1.000000
209.801600 282.710400 259.827200 708.308800 1.000000
260.331200 1818.896000 260.936000 2200.816000 1.000000
259.139200 1725.776000 264.164800 2102.000000 1.000000
213.222400 225.000000 265.836800 656.332800 1.000000
264.060800 1840.432000 265.891200 2226.416000 1.000000
250.536000 1403.556800 265.899200 1774.752000 1.000000
266.939200 1932.304000 266.011200 2321.536000 1.000000
235.377600 710.344000 277.128000 1115.633600 1.000000
245.116800 807.934400 278.771200 1212.128000 1.000000
263.177600 1392.600000 280.620800 1763.776000 1.000000
262.857600 1380.246400 281.451200 1751.248000 1.000000
246.742400 821.977600 282.089600 1225.032000 1.000000
278.356800 1726.464000 282.553600 2101.552000 1.000000
270.646400 1448.118400 282.584000 1817.984000 1.000000
254.256000 984.472000 284.598400 1376.236800 1.000000
286.366400 1795.920000 288.814400 2173.536000 1.000000
274.547200 1422.232000 291.252800 1793.632000 1.000000
257.268800 915.892800 291.494400 1310.230400 1.000000
288.126400 1735.536000 293.454400 2111.120000 1.000000
293.860800 1843.152000 294.678400 2229.008000 1.000000
280.939200 1448.995200 294.915200 1818.176000 1.000000
288.753600 1701.072000 295.096000 2076.000000 1.000000
296.748800 1767.712000 298.532800 2147.616000 1.000000
314.953600 2431.248000 300.433600 2838.688000 1.000000
314.345600 2393.040000 300.516800 2796.000000 1.000000
297.033600 1727.216000 302.486400 2101.936000 1.000000
318.409600 2497.408000 302.715200 2913.056000 1.000000
291.580800 1478.905600 305.627200 1847.088000 1.000000
324.899200 2445.904000 308.457600 2855.904000 1.000000
321.387200 2165.808000 308.988800 2591.968000 1.000000
306.854400 1719.600000 312.100800 2094.848000 1.000000
295.364800 1371.736000 313.051200 1742.672000 1.000000
278.244800 672.830400 315.100800 1071.310400 1.000000
300.862400 1349.235200 318.291200 1719.216000 1.000000
285.672000 819.572800 319.062400 1214.387200 1.000000
333.657600 2393.616000 320.566400 2796.576000 1.000000
293.910400 987.296000 321.350400 1374.107200 1.000000
307.561600 1439.689600 322.449600 1806.512000 1.000000
291.358400 900.828800 323.048000 1289.417600 1.000000
312.072000 1486.190400 323.491200 1857.744000 1.000000
337.726400 2497.760000 323.657600 2912.320000 1.000000
287.171200 547.737600 328.417600 950.867200 1.000000
292.697600 722.422400 329.076800 1120.500800 1.000000
297.158400 892.396800 329.467200 1280.961600 1.000000
303.572800 1096.648000 329.747200 1488.035200 1.000000
287.928000 517.694400 329.753600 923.601600 1.000000
283.353600 372.262400 329.865600 789.057600 1.000000
300.121600 952.830400 329.993600 1341.689600 1.000000
288.273600 505.755200 330.579200 912.244800 1.000000
288.868800 489.497600 331.496000 897.200000 1.000000
313.622400 1315.454400 331.958400 1685.808000 1.000000
290.337600 524.796800 332.185600 929.880000 1.000000
281.862400 147.165760 333.640000 583.801600 1.000000
305.614400 1081.609600 333.968000 1472.424000 1.000000
351.353600 2514.864000 334.790400 2939.248000 1.000000
321.883200 1426.924800 336.318400 1797.488000 1.000000
292.587200 427.220800 336.496000 838.742400 1.000000
292.780800 370.220800 336.758400 786.102400 1.000000
296.396800 565.760000 337.392000 968.080000 1.000000
294.017600 413.902400 338.273600 826.204800 1.000000
294.043200 399.534400 338.483200 813.278400 1.000000
293.284800 407.456000 338.924800 820.889600 1.000000
297.249600 534.550400 338.928000 939.561600 1.000000
299.408000 574.980800 339.443200 976.243200 1.000000
313.555200 1102.566400 340.030400 1491.456000 1.000000
296.076800 420.528000 340.059200 832.542400 1.000000
301.193600 549.859200 342.057600 953.468800 1.000000
300.462400 484.992000 342.928000 892.857600 1.000000
316.708800 958.644800 343.896000 1346.683200 1.000000
300.929600 516.539200 344.468800 921.025600 1.000000
314.910400 951.753600 344.921600 1339.400000 1.000000
305.006400 566.694400 345.561600 968.364800 1.000000
301.062400 400.012800 345.676800 813.099200 1.000000
302.846400 468.456000 345.806400 876.822400 1.000000
358.200000 2450.512000 346.977600 2858.720000 1.000000
302.729600 427.024000 347.150400 837.736000 1.000000
317.644800 773.886400 351.675200 1168.057600 1.000000
306.254400 347.089600 351.966400 764.043200 1.000000
310.646400 485.110400 352.497600 892.048000 1.000000
365.019200 2392.048000 352.993600 2793.856000 1.000000
313.520000 586.979200 353.230400 987.944000 1.000000
365.225600 2503.072000 353.864000 2919.584000 1.000000
313.542400 566.380800 353.902400 967.558400 1.000000
314.380800 535.088000 355.540800 939.011200 1.000000
312.478400 426.217600 355.912000 837.560000 1.000000
325.611200 923.121600 355.990400 1309.478400 1.000000
319.337600 704.382400 356.075200 1101.875200 1.000000
326.217600 984.401600 356.441600 1374.284800 1.000000
315.596800 495.628800 357.280000 902.390400 1.000000
331.976000 1100.196800 357.545600 1489.662400 1.000000
313.288000 360.624000 358.172800 777.276800 1.000000
317.814400 516.148800 358.364800 921.046400 1.000000
314.934400 341.806400 359.918400 760.443200 1.000000
321.278400 416.457600 364.329600 828.003200 1.000000
322.201600 394.859200 365.504000 808.312000 1.000000
335.819200 910.740800 367.300800 1298.587200 1.000000
325.582400 449.595200 367.947200 858.688000 1.000000
324.502400 373.284800 368.579200 788.433600 1.000000
332.291200 719.035200 369.211200 1117.536000 1.000000
341.217600 976.928000 369.456000 1364.604800 1.000000
329.644800 547.761600 369.691200 949.403200 1.000000
345.518400 1102.600000 371.076800 1490.859200 1.000000
335.606400 713.452800 371.894400 1110.451200 1.000000
327.852800 385.451200 372.665600 800.107200 1.000000
335.496000 705.654400 372.755200 1102.995200 1.000000
332.164800 485.993600 373.625600 893.102400 1.000000
330.182400 352.244800 374.600000 769.844800 1.000000
349.142400 1129.172800 375.592000 1506.926400 1.000000
347.131200 1013.742400 375.796800 1397.284800 1.000000
331.918400 364.857600 376.267200 779.752000 1.000000
346.992000 968.659200 376.476800 1355.235200 1.000000
388.414400 2392.272000 377.355200 2793.152000 1.000000
344.825600 707.638400 380.803200 1104.676800 1.000000
338.508800 404.297600 382.038400 817.419200 1.000000
350.908800 784.422400 385.624000 1175.675200 1.000000
345.622400 418.620800 386.796800 827.491200 1.000000
355.827200 892.620800 387.664000 1277.827200 1.000000
351.584000 709.104000 388.622400 1106.353600 1.000000
364.067200 980.664000 392.974400 1367.630400 1.000000
351.734400 358.152000 395.040000 773.904000 1.000000
368.846400 958.089600 397.196800 1342.424000 1.000000
371.345600 974.700800 399.326400 1360.899200 1.000000
371.988800 841.022400 403.593600 1229.816000 1.000000
377.051200 878.720000 407.380800 1264.060800 1.000000
379.958400 758.472000 412.440000 1154.408000 1.000000
380.776000 739.956800 414.875200 1134.443200 1.000000
387.371200 756.361600 420.457600 1148.299200 1.000000
435.070400 2447.296000 423.622400 2854.128000 1.000000
390.678400 718.043200 424.054400 1113.496000 1.000000
380.856000 60.163520 429.558400 469.822400 1.000000
391.841600 36.725280 438.900800 447.633600 1.000000
402.489600 418.934400 442.420800 828.092800 1.000000
452.766400 2328.592000 444.904000 2723.488000 1.000000
406.948800 42.123360 451.680000 451.716800 1.000000
465.860800 2320.480000 457.622400 2713.072000 1.000000
413.358400 81.971200 457.769600 489.256000 1.000000
467.326400 2307.568000 460.366400 2699.136000 1.000000
416.881600 65.031840 461.251200 473.443200 1.000000
423.017600 68.223360 467.248000 476.572800 1.000000
420.168000 167.216000 470.664000 597.598400 1.000000
478.132800 2310.464000 471.329600 2703.504000 1.000000
429.918400 75.774720 472.388800 482.808000 1.000000
479.571200 2210.208000 474.827200 2591.424000 1.000000
485.734400 2163.808000 481.478400 2548.544000 1.000000
439.014400 48.916640 482.896000 458.707200 1.000000
440.012800 36.779040 483.238400 446.633600 1.000000
491.268800 2162.400000 487.131200 2547.152000 1.000000
462.484800 932.712000 489.187200 1320.793600 1.000000
496.040000 2177.312000 491.734400 2559.920000 1.000000
453.640000 218.633600 494.782400 644.424000 1.000000
503.270400 2166.416000 499.009600 2548.624000 1.000000
461.561600 392.275200 500.395200 817.732800 1.000000
473.408000 706.032000 501.206400 1138.891200 1.000000
519.027200 2305.760000 512.190400 2696.000000 1.000000
471.976000 84.849280 513.768000 489.627200 1.000000
521.238400 2325.504000 515.940800 2717.376000 1.000000
511.686400 1766.080000 517.046400 2129.200000 1.000000
524.902400 2312.592000 519.550400 2704.192000 1.000000
482.750400 176.617600 522.460800 602.680000 1.000000
492.995200 239.916800 532.956800 660.804800 1.000000
498.324800 241.510400 538.163200 664.497600 1.000000
503.702400 288.409600 542.640000 704.086400 1.000000
552.675200 2333.152000 546.027200 2725.200000 1.000000
519.027200 302.280000 557.536000 716.873600 1.000000
520.180800 120.647680 558.931200 522.214400 1.000000
519.536000 156.855040 559.012800 584.865600 1.000000
523.092800 103.582240 561.644800 506.131200 1.000000
525.233600 291.401600 563.542400 706.134400 1.000000
525.793600 113.486880 564.398400 515.344000 1.000000
531.905600 111.981280 570.476800 513.507200 1.000000
560.872000 1376.044800 576.176000 1731.808000 1.000000
542.068800 286.262400 580.947200 700.489600 1.000000
564.576000 1347.934400 582.148800 1704.624000 1.000000
568.916800 1360.569600 585.852800 1716.880000 1.000000
580.617600 1717.584000 588.392000 2157.152000 1.000000
578.540800 1545.784000 589.568000 1978.192000 1.000000
575.339200 1378.912000 590.956800 1734.336000 1.000000
565.440000 520.264000 599.041600 928.697600 1.000000
586.977600 1558.051200 599.667200 1990.416000 1.000000
563.056000 204.228800 602.166400 625.803200 1.000000
604.126400 2132.992000 602.481600 2510.768000 1.000000
579.958400 3015.792000 606.523200 3017.040000 1.000000
614.931200 2567.392000 609.025600 2990.896000 1.000000
572.427200 297.633600 609.051200 710.776000 1.000000
598.710400 949.116800 620.980800 1356.809600 1.000000
614.012800 1758.272000 622.272000 2197.920000 1.000000
586.857600 320.201600 624.980800 733.588800 1.000000
595.249600 345.705600 631.171200 754.572800 1.000000
595.633600 792.683200 631.366400 1102.233600 1.000000
620.113600 1357.744000 637.120000 1711.200000 1.000000
642.187200 2327.504000 639.689600 2717.248000 1.000000
607.259200 343.654400 642.766400 750.920000 1.000000
633.600000 1606.944000 643.096000 2038.064000 1.000000
627.184000 1331.547200 643.640000 1684.768000 1.000000
648.076800 2285.328000 645.304000 2672.160000 1.000000
627.731200 1236.092800 645.792000 1591.971200 1.000000
609.540800 820.160000 647.801600 1121.361600 1.000000
632.092800 1345.942400 647.868800 1699.152000 1.000000
653.320000 2307.520000 649.739200 2696.768000 1.000000
651.134400 2101.152000 651.998400 2474.672000 1.000000
652.254400 2087.664000 652.689600 2460.048000 1.000000
659.278400 2320.176000 655.667200 2708.848000 1.000000
642.464000 1490.825600 656.025600 1918.944000 1.000000
638.809600 1330.347200 657.203200 1682.528000 1.000000
622.492800 373.401600 658.129600 775.496000 1.000000
648.393600 1615.456000 658.200000 2046.432000 1.000000
644.006400 1455.491200 658.544000 1883.328000 1.000000
660.275200 2115.088000 659.089600 2488.128000 1.000000
627.232000 451.956800 659.640000 847.616000 1.000000
642.689600 1228.502400 660.019200 1583.078400 1.000000
633.740800 307.740800 665.540800 720.073600 1.000000
633.033600 484.734400 666.420800 881.337600 1.000000
632.708800 447.771200 666.598400 845.507200 1.000000
666.756800 2129.040000 667.339200 2501.024000 1.000000
662.980800 1493.507200 676.556800 1922.960000 1.000000
674.633600 729.240000 704.224000 1125.388800 1.000000
713.828800 2393.216000 711.668800 2787.536000 1.000000
721.465600 2398.496000 720.084800 2794.064000 1.000000
696.081600 724.916800 725.240000 1118.958400 1.000000
704.318400 503.068800 728.825600 889.312000 1.000000
717.251200 1573.292800 728.947200 1923.488000 1.000000
710.233600 1341.550400 728.953600 1693.392000 1.000000
728.521600 826.113600 729.428800 1220.971200 1.000000
717.964800 1302.593600 733.790400 1655.264000 1.000000
701.787200 361.800000 734.676800 765.569600 1.000000
724.969600 1584.019200 736.076800 1932.800000 1.000000
719.755200 1249.529600 737.443200 1601.328000 1.000000
716.388800 884.795200 738.388800 1289.401600 1.000000
714.211200 529.726400 741.763200 918.275200 1.000000
755.902400 2139.072000 756.547200 2510.672000 1.000000
741.596800 1336.792000 757.545600 1687.152000 1.000000
734.243200 727.483200 762.488000 1121.356800 1.000000
759.745600 2368.192000 767.820800 2768.464000 1.000000
768.188800 1977.248000 772.065600 2339.600000 1.000000
749.091200 525.489600 772.318400 911.134400 1.000000
745.243200 363.851200 774.380800 766.761600 1.000000
739.019200 416.302400 775.585600 820.019200 1.000000
748.204800 369.500800 775.878400 773.950400 1.000000
768.744000 1797.984000 776.091200 2151.584000 1.000000
769.955200 1762.368000 777.600000 2117.200000 1.000000
754.537600 355.924800 785.012800 758.883200 1.000000
755.966400 380.625600 785.550400 782.980800 1.000000
764.523200 566.702400 793.032000 952.244800 1.000000
774.841600 337.590400 806.398400 740.932800 1.000000
791.582400 1436.004800 806.547200 1780.640000 1.000000
782.012800 534.067200 810.160000 919.996800 1.000000
803.129600 1784.176000 811.017600 2138.208000 1.000000
793.382400 373.238400 821.492800 773.865600 1.000000
799.616000 338.046400 825.100800 740.353600 1.000000
812.176000 1145.102400 832.244800 1493.318400 1.000000
804.100800 381.748800 832.315200 781.206400 1.000000
820.595200 1494.129600 834.305600 1837.136000 1.000000
820.830400 1228.579200 836.801600 1573.678400 1.000000
809.628800 417.652800 837.817600 813.777600 1.000000
811.372800 407.211200 839.062400 803.043200 1.000000
814.176000 335.529600 841.968000 740.955200 1.000000
854.099200 2221.520000 847.190400 2596.000000 1.000000
833.416000 798.744000 857.347200 1165.185600 1.000000
871.862400 2250.320000 877.054400 2626.592000 1.000000
853.264000 370.216000 879.153600 767.713600 1.000000
871.304000 1812.048000 880.593600 2164.288000 1.000000
902.728000 2213.008000 907.422400 2585.760000 1.000000
903.809600 2222.416000 909.412800 2596.096000 1.000000
885.683200 190.347200 909.710400 579.086400 1.000000
913.092800 2214.384000 917.288000 2587.008000 1.000000
918.990400 2217.120000 923.164800 2590.336000 1.000000
913.672000 1738.976000 926.169600 2053.952000 1.000000
935.988800 2192.528000 939.324800 2568.080000 1.000000
918.203200 178.731200 941.024000 565.924800 1.000000
919.846400 153.336960 942.172800 540.504000 1.000000
960.974400 185.022400 979.537600 571.280000 1.000000
975.091200 184.072000 995.548800 568.692800 1.000000
977.212800 167.283200 995.939200 553.051200 1.000000
986.104000 2354.432000 996.040000 2734.784000 1.000000
977.230400 191.846400 996.171200 576.424000 1.000000
979.692800 119.089600 998.928000 509.264000 1.000000
989.976000 188.499200 1009.400000 572.782400 1.000000
998.732800 166.011200 1016.704000 551.160000 1.000000
1004.780800 2278.000000 1017.678400 2652.528000 1.000000
1007.915200 150.356160 1026.953600 538.044800 1.000000
1028.913600 1436.686400 1039.051200 1823.504000 1.000000
1029.568000 127.308640 1045.755200 514.568000 1.000000
1032.147200 134.115520 1048.121600 520.936000 1.000000
1035.579200 117.118560 1050.972800 505.139200 1.000000
1036.691200 60.187840 1051.670400 452.964800 1.000000
1037.806400 48.664640 1052.712000 442.656000 1.000000
1044.086400 118.788480 1059.750400 506.563200 1.000000
1041.528000 151.824800 1060.104000 537.502400 1.000000
1046.457600 46.805440 1061.363200 443.182400 1.000000
1075.704000 173.323200 1092.556800 555.752000 1.000000
1089.622400 63.860480 1102.395200 456.048000 1.000000
1098.164800 2025.792000 1110.683200 2379.856000 1.000000
1099.889600 58.358880 1111.627200 449.720000 1.000000
1100.187200 176.008000 1112.800000 557.193600 1.000000
1104.500800 48.088000 1116.291200 441.340800 1.000000
1105.257600 2037.472000 1117.932800 2389.808000 1.000000
1109.270400 61.423200 1121.691200 453.312000 1.000000
1113.193600 2040.480000 1126.595200 2393.744000 1.000000
1116.620800 136.750080 1129.241600 520.396800 1.000000
1116.318400 2051.216000 1130.164800 2404.768000 1.000000
1117.835200 1837.312000 1132.286400 2176.736000 1.000000
1120.803200 164.534400 1132.446400 546.656000 1.000000
1122.888000 99.372000 1133.716800 484.910400 1.000000
1128.475200 141.572800 1140.256000 525.555200 1.000000
1130.481600 1813.712000 1141.956800 2155.312000 1.000000
1127.859200 1833.184000 1143.528000 2172.208000 1.000000
1132.161600 112.019200 1143.609600 497.334400 1.000000
1138.800000 1808.864000 1149.947200 2149.984000 1.000000
1138.464000 1832.432000 1150.168000 2173.536000 1.000000
1144.588800 2036.128000 1159.156800 2386.720000 1.000000
1152.587200 1832.128000 1165.520000 2171.968000 1.000000
1155.953600 1816.688000 1169.454400 2155.792000 1.000000
1168.420800 818.713600 1184.110400 1169.012800 1.000000
1174.806400 835.704000 1188.568000 1184.921600 1.000000
1184.697600 669.043200 1196.857600 1030.251200 1.000000
1178.960000 2278.048000 1197.622400 2644.992000 1.000000
1183.486400 1895.216000 1197.715200 2243.376000 1.000000
1185.304000 844.345600 1198.022400 1192.467200 1.000000
1181.832000 2354.496000 1198.356800 2729.296000 1.000000
1185.288000 2265.472000 1200.430400 2632.176000 1.000000
1187.121600 1846.496000 1203.310400 2188.176000 1.000000
1201.313600 843.134400 1214.356800 1189.739200 1.000000
1202.556800 863.640000 1215.868800 1210.438400 1.000000
1203.979200 851.387200 1216.006400 1198.259200 1.000000
1208.779200 664.622400 1220.492800 1023.963200 1.000000
1212.067200 877.297600 1220.628800 1226.030400 1.000000
1209.761600 671.216000 1222.891200 1030.592000 1.000000
1243.699200 2257.472000 1261.459200 2621.536000 1.000000
1249.529600 816.499200 1261.672000 1164.148800 1.000000
1257.555200 2256.192000 1278.004800 2620.096000 1.000000
1278.481600 2541.488000 1301.785600 2946.032000 1.000000
1302.790400 704.814400 1312.052800 1057.459200 1.000000
1311.083200 2247.136000 1332.532800 2608.096000 1.000000
1319.900800 2622.016000 1347.217600 3008.896000 1.000000
1350.323200 206.982400 1351.822400 577.148800 1.000000
1326.769600 2514.336000 1353.206400 2916.432000 1.000000
1353.478400 186.624000 1353.702400 559.632000 1.000000
1310.060800 3017.344000 1358.841600 3014.240000 1.000000
1335.051200 2546.640000 1361.806400 2950.032000 1.000000
1340.256000 2294.736000 1362.587200 2658.640000 1.000000
1338.384000 2525.888000 1364.036800 2928.512000 1.000000
1342.046400 2280.240000 1364.313600 2642.288000 1.000000
1341.505600 2356.816000 1365.033600 2727.440000 1.000000
1346.011200 2198.496000 1367.241600 2556.720000 1.000000
1318.395200 3013.024000 1368.512000 3008.848000 1.000000
1344.017600 2532.480000 1372.308800 2932.992000 1.000000
1353.768000 2232.368000 1375.788800 2589.840000 1.000000
1354.534400 2213.664000 1376.248000 2569.728000 1.000000
1354.528000 2223.152000 1376.811200 2580.160000 1.000000
1350.182400 2522.944000 1377.041600 2923.936000 1.000000
1354.860800 2358.256000 1381.104000 2727.440000 1.000000
1362.280000 2206.432000 1384.552000 2561.120000 1.000000
1369.382400 2196.592000 1392.691200 2550.800000 1.000000
1392.544000 399.905600 1394.454400 780.993600 1.000000
1386.484800 2244.224000 1407.196800 2600.544000 1.000000
1383.324800 2205.392000 1407.891200 2559.632000 1.000000
1416.523200 819.811200 1423.603200 1164.128000 1.000000
1421.166400 939.113600 1430.798400 1275.321600 1.000000
1422.377600 949.027200 1431.508800 1283.779200 1.000000
1425.524800 910.937600 1433.070400 1246.873600 1.000000
1427.238400 857.667200 1435.035200 1196.611200 1.000000
1428.294400 926.440000 1436.926400 1261.161600 1.000000
1426.043200 952.787200 1437.476800 1289.625600 1.000000
1429.654400 1039.347200 1438.264000 1369.062400 1.000000
1431.820800 904.793600 1439.392000 1240.852800 1.000000
1430.091200 1115.988800 1439.720000 1443.622400 1.000000
1429.849600 1107.686400 1439.841600 1435.385600 1.000000
1430.800000 1062.814400 1439.883200 1391.576000 1.000000
1436.195200 851.841600 1443.552000 1190.401600 1.000000
1436.628800 913.462400 1444.345600 1247.536000 1.000000
1439.384000 1080.428800 1448.684800 1408.334400 1.000000
1441.203200 1059.121600 1451.081600 1388.484800 1.000000
1443.878400 965.513600 1451.398400 1297.504000 1.000000
1444.208000 887.697600 1451.496000 1222.739200 1.000000
1441.462400 1117.945600 1452.878400 1443.772800 1.000000
1445.344000 911.097600 1453.068800 1245.673600 1.000000
1447.262400 920.275200 1455.236800 1254.937600 1.000000
1449.969600 892.772800 1457.003200 1229.126400 1.000000
1454.700800 944.937600 1461.724800 1277.843200 1.000000
1455.038400 928.440000 1462.880000 1261.982400 1.000000
1474.916800 186.803200 1467.400000 552.492800 1.000000
1459.358400 973.291200 1467.604800 1304.400000 1.000000
1483.046400 177.868800 1476.817600 547.452800 1.000000
1471.920000 898.752000 1478.688000 1235.272000 1.000000
1471.723200 1093.088000 1480.276800 1418.324800 1.000000
1491.342400 188.676800 1484.372800 555.760000 1.000000
1489.100800 989.696000 1499.257600 1319.329600 1.000000
1496.340800 986.473600 1505.384000 1315.739200 1.000000
1502.872000 1003.542400 1510.801600 1331.323200 1.000000
1543.443200 230.699200 1533.636800 592.580800 1.000000
1507.497600 2224.256000 1534.315200 2577.296000 1.000000
1543.299200 212.081600 1534.793600 574.968000 1.000000
1546.412800 245.875200 1536.857600 606.145600 1.000000
1550.176000 225.185600 1539.979200 586.800000 1.000000
1510.848000 2247.968000 1540.811200 2601.536000 1.000000
1515.785600 2239.744000 1547.736000 2593.200000 1.000000
1542.217600 1073.064000 1549.598400 1395.457600 1.000000
1559.564800 184.988800 1550.076800 550.376000 1.000000
1569.441600 228.721600 1558.632000 589.409600 1.000000
1557.502400 720.912000 1558.950400 1067.969600 1.000000
1556.395200 893.393600 1561.065600 1227.961600 1.000000
1573.640000 209.732800 1562.612800 570.539200 1.000000
1543.337600 2020.784000 1569.932800 2357.024000 1.000000
1545.795200 2000.080000 1571.859200 2334.800000 1.000000
1568.334400 900.356800 1572.926400 1232.427200 1.000000
1551.940800 1807.968000 1574.140800 2132.352000 1.000000
1569.560000 879.699200 1574.432000 1213.404800 1.000000
1554.888000 1830.480000 1578.251200 2153.888000 1.000000
1572.496000 1034.235200 1580.504000 1356.993600 1.000000
1557.161600 1812.272000 1580.616000 2134.992000 1.000000
1576.977600 909.630400 1581.084800 1241.417600 1.000000
1577.323200 901.206400 1581.630400 1233.092800 1.000000
1561.564800 1801.888000 1585.718400 2124.608000 1.000000
1563.091200 1841.584000 1586.360000 2166.368000 1.000000
1562.174400 2015.904000 1588.028800 2349.312000 1.000000
1582.262400 1044.044800 1588.281600 1365.324800 1.000000
1568.590400 1820.480000 1590.302400 2145.056000 1.000000
1589.027200 877.179200 1591.732800 1209.686400 1.000000
1567.478400 2029.264000 1594.721600 2363.888000 1.000000
1592.982400 924.955200 1594.745600 1254.544000 1.000000
1588.110400 1051.720000 1595.102400 1372.476800 1.000000
1570.956800 2007.504000 1595.470400 2340.704000 1.000000
1576.528000 1807.424000 1599.043200 2130.848000 1.000000
1579.185600 1822.080000 1601.552000 2145.808000 1.000000
1595.217600 1061.321600 1602.192000 1382.432000 1.000000
1595.635200 1049.907200 1602.432000 1371.604800 1.000000
1602.768000 710.120000 1603.008000 1053.952000 1.000000
1598.451200 1047.443200 1605.440000 1368.862400 1.000000
1604.896000 720.076800 1606.048000 1062.755200 1.000000
1606.848000 747.121600 1607.440000 1089.385600 1.000000
1616.320000 750.488000 1617.024000 1090.104000 1.000000
1615.264000 1052.184000 1622.368000 1372.252800 1.000000
1600.048000 1823.600000 1623.104000 2146.352000 1.000000
1622.736000 725.900800 1623.184000 1067.811200 1.000000
1674.608000 265.641600 1660.032000 620.689600 1.000000
1669.648000 888.846400 1667.712000 1220.107200 1.000000
1686.560000 267.299200 1670.560000 620.854400 1.000000
1688.032000 280.854400 1672.960000 633.937600 1.000000
1686.352000 758.464000 1684.512000 1092.812800 1.000000
1701.488000 282.067200 1685.440000 634.316800 1.000000
1710.016000 261.304000 1692.592000 613.665600 1.000000
1727.856000 309.747200 1710.896000 659.312000 1.000000
1739.696000 239.864000 1720.752000 593.179200 1.000000
1750.880000 133.190560 1728.000000 497.019200 1.000000
1744.928000 287.734400 1728.320000 638.499200 1.000000
1752.240000 241.456000 1732.448000 593.894400 1.000000
1735.696000 849.142400 1737.248000 1180.640000 1.000000
1761.552000 265.840000 1742.336000 617.009600 1.000000
1762.864000 260.368000 1743.216000 611.252800 1.000000
1770.896000 85.672640 1743.600000 455.083200 1.000000
1764.784000 237.139200 1743.808000 588.724800 1.000000
1764.448000 251.092800 1744.240000 602.606400 1.000000
1770.192000 226.038400 1749.136000 579.932800 1.000000
1777.232000 64.460800 1751.888000 434.329600 1.000000
1775.952000 260.800000 1754.816000 611.084800 1.000000
1787.616000 75.744960 1761.200000 444.060800 1.000000
1790.176000 60.661760 1762.416000 426.680000 1.000000
1784.560000 322.371200 1765.280000 669.822400 1.000000
1787.088000 301.196800 1766.400000 649.908800 1.000000
1803.984000 308.329600 1784.512000 652.824000 1.000000
1802.912000 341.766400 1784.544000 686.467200 1.000000
1816.448000 340.811200 1796.096000 684.019200 1.000000
1819.968000 346.444800 1800.720000 690.784000 1.000000
1826.144000 308.044800 1804.272000 655.113600 1.000000
1779.472000 1871.184000 1808.640000 2185.248000 1.000000
1836.848000 328.598400 1815.520000 674.054400 1.000000
1847.776000 221.993600 1819.616000 573.344000 1.000000
1781.728000 2195.040000 1820.208000 2536.064000 1.000000
1853.280000 221.844800 1827.072000 573.760000 1.000000
1860.080000 207.278400 1833.568000 559.640000 1.000000
1797.152000 2214.112000 1835.136000 2557.328000 1.000000
1861.696000 264.136000 1837.696000 611.320000 1.000000
1891.408000 228.070400 1862.704000 579.721600 1.000000
1887.280000 313.972800 1864.272000 657.240000 1.000000
1892.048000 297.844800 1864.960000 640.102400 1.000000
1896.432000 307.577600 1872.256000 649.873600 1.000000
1905.056000 491.697600 1884.416000 850.129600 1.000000
1915.648000 298.964800 1889.888000 640.732800 1.000000
1934.496000 288.864000 1906.016000 631.800000 1.000000
1935.424000 222.889600 1907.136000 571.574400 1.000000
1934.576000 298.067200 1907.168000 639.966400 1.000000
1944.304000 128.261280 1911.504000 486.081600 1.000000
1946.384000 98.235200 1911.664000 459.259200 1.000000
1947.232000 78.202720 1912.512000 441.563200 1.000000
1933.008000 503.033600 1915.936000 854.590400 1.000000
1952.592000 135.987680 1918.800000 491.256000 1.000000
1954.800000 166.769600 1918.832000 519.614400 1.000000
1951.168000 275.694400 1922.272000 618.608000 1.000000
1941.168000 527.868800 1923.760000 877.494400 1.000000
1942.720000 515.438400 1928.192000 866.905600 1.000000
1965.728000 103.828000 1930.400000 462.393600 1.000000
1967.488000 90.083040 1931.232000 448.539200 1.000000
1968.704000 124.478400 1932.512000 482.491200 1.000000
1956.976000 518.411200 1936.544000 868.710400 1.000000
1977.264000 99.034240 1941.184000 457.692800 1.000000
1979.936000 60.367680 1941.760000 422.400000 1.000000
1980.192000 124.618720 1944.400000 481.665600 1.000000
1977.440000 185.400000 1944.992000 535.660800 1.000000
1982.720000 108.399680 1945.616000 467.147200 1.000000
1984.752000 77.396640 1946.272000 437.422400 1.000000
1962.080000 663.441600 1951.632000 1093.657600 1.000000
1967.696000 584.899200 1951.984000 920.160000 1.000000
1990.704000 53.306240 1952.512000 416.628800 1.000000
1981.584000 326.385600 1953.664000 663.582400 1.000000
1986.368000 310.540800 1957.520000 648.412800 1.000000
1994.480000 134.256800 1958.016000 491.099200 1.000000
1979.120000 522.200000 1960.768000 870.209600 1.000000
1999.168000 88.784000 1961.952000 448.043200 1.000000
1913.344000 2290.784000 1963.408000 2631.696000 1.000000
1999.024000 186.176000 1965.216000 534.660800 1.000000
1994.416000 328.604800 1966.272000 665.308800 1.000000
2002.720000 163.697600 1966.736000 515.675200 1.000000
1987.552000 541.030400 1967.872000 886.299200 1.000000
2005.728000 105.475680 1968.336000 460.595200 1.000000
2010.192000 37.273120 1968.688000 401.265600 1.000000
2009.232000 198.816000 1973.408000 546.635200 1.000000
1921.392000 2344.016000 1974.224000 2697.680000 1.000000
2012.656000 220.182400 1978.480000 566.907200 1.000000
2017.136000 195.012800 1981.600000 542.380800 1.000000
2015.136000 331.177600 1983.328000 666.857600 1.000000
2020.704000 309.961600 1988.960000 649.328000 1.000000
2018.896000 369.337600 1989.376000 703.096000 1.000000
2020.720000 342.612800 1991.504000 678.057600 1.000000
2020.080000 361.582400 1993.152000 695.358400 1.000000
2025.504000 274.195200 1993.264000 614.444800 1.000000
1944.672000 2240.304000 1994.000000 2585.680000 1.000000
2031.136000 194.294400 1994.240000 542.577600 1.000000
2013.648000 578.179200 1994.576000 923.726400 1.000000
2028.672000 348.174400 1999.056000 683.048000 1.000000
2034.912000 297.131200 2003.120000 635.942400 1.000000
2047.680000 70.663040 2005.600000 428.752000 1.000000
1962.320000 2286.624000 2013.648000 2632.128000 1.000000
2044.832000 335.316800 2014.384000 669.780800 1.000000
2057.696000 37.806400 2014.560000 398.083200 1.000000
1963.856000 2263.152000 2015.744000 2607.008000 1.000000
2051.056000 283.606400 2017.344000 621.443200 1.000000
1963.552000 2328.544000 2017.488000 2680.816000 1.000000
1958.256000 2463.968000 2019.264000 2840.192000 1.000000
2043.472000 531.968000 2022.784000 877.123200 1.000000
2055.184000 313.776000 2022.976000 649.753600 1.000000
2055.424000 342.502400 2024.144000 676.915200 1.000000
2060.208000 311.100800 2026.720000 647.643200 1.000000
2064.720000 224.372800 2028.768000 568.574400 1.000000
2051.056000 544.432000 2030.240000 887.684800 1.000000
2068.992000 182.051200 2030.592000 529.944000 1.000000
2076.400000 76.696320 2032.544000 433.139200 1.000000
2077.536000 49.188320 2033.056000 409.760000 1.000000
2059.088000 447.979200 2033.936000 797.996800 1.000000
1985.776000 2358.272000 2036.032000 2711.040000 1.000000
1976.176000 2450.320000 2037.696000 2822.368000 1.000000
2075.760000 233.308800 2039.264000 575.652800 1.000000
2083.776000 76.762240 2040.016000 433.512000 1.000000
2086.144000 56.669440 2041.616000 414.702400 1.000000
2061.952000 582.504000 2043.008000 922.502400 1.000000
1981.520000 2487.376000 2044.048000 2859.824000 1.000000
2001.312000 2294.912000 2054.576000 2642.608000 1.000000
2033.424000 1737.696000 2054.800000 1827.232000 1.000000
2065.584000 1607.568000 2058.688000 1647.056000 1.000000
2100.208000 209.265600 2061.328000 553.425600 1.000000
2006.208000 2358.224000 2063.168000 2710.080000 1.000000
2092.208000 432.276800 2065.536000 778.998400 1.000000
2010.368000 2332.416000 2066.464000 2682.496000 1.000000
2107.216000 206.190400 2067.424000 550.169600 1.000000
2116.224000 33.283360 2067.776000 392.062400 1.000000
2095.536000 579.265600 2073.920000 918.012800 1.000000
2118.176000 113.897280 2074.544000 466.665600 1.000000
2014.912000 2432.288000 2076.128000 2793.968000 1.000000
2019.072000 2351.024000 2076.688000 2701.632000 1.000000
2100.736000 505.206400 2077.696000 855.382400 1.000000
2028.112000 2256.080000 2084.192000 2594.752000 1.000000
2134.256000 9.658016 2084.528000 369.092800 1.000000
2025.936000 2411.024000 2085.712000 2769.520000 1.000000
2085.936000 1494.537600 2086.016000 1534.577600 1.000000
2028.992000 2353.200000 2086.032000 2704.160000 1.000000
2030.912000 2328.032000 2088.544000 2677.696000 1.000000
2035.936000 2348.528000 2093.088000 2698.464000 1.000000
2032.896000 2418.288000 2093.536000 2775.808000 1.000000
2033.440000 2401.536000 2094.240000 2756.880000 1.000000
2041.888000 2337.600000 2099.584000 2685.824000 1.000000
2128.128000 464.939200 2102.240000 811.646400 1.000000
2044.544000 2360.896000 2103.968000 2711.120000 1.000000
2043.280000 2410.752000 2105.248000 2765.536000 1.000000
2045.536000 2387.808000 2105.856000 2741.408000 1.000000
2129.840000 554.889600 2109.328000 897.012800 1.000000
2051.856000 2342.656000 2111.808000 2691.024000 1.000000
2054.176000 2329.360000 2112.528000 2676.096000 1.000000
2050.640000 2417.520000 2113.536000 2776.096000 1.000000
2146.096000 478.472000 2116.784000 823.224000 1.000000
2054.464000 2441.168000 2118.672000 2802.240000 1.000000
2061.568000 2340.496000 2119.904000 2689.568000 1.000000
2121.152000 1696.784000 2126.480000 1710.272000 1.000000
2163.040000 510.104000 2137.008000 855.134400 1.000000
2197.728000 471.292800 2172.480000 815.483200 1.000000
2114.160000 2568.416000 2187.296000 2926.272000 1.000000
2166.608000 2064.048000 2197.200000 2171.824000 1.000000
2237.744000 405.926400 2204.144000 752.830400 1.000000
2193.104000 1817.360000 2205.040000 1828.848000 1.000000
2178.368000 1971.472000 2205.088000 2060.800000 1.000000
2199.808000 1823.376000 2212.944000 1833.328000 1.000000
2221.040000 2011.056000 2250.912000 2103.792000 1.000000
2261.104000 1326.768000 2251.408000 1366.008000 1.000000
2276.656000 1329.267200 2266.688000 1366.310400 1.000000
2308.240000 1381.996800 2303.136000 1392.979200 1.000000
2331.504000 1543.278400 2330.304000 1517.241600 1.000000
2347.824000 1288.027200 2335.840000 1321.366400 1.000000
2341.760000 1932.544000 2363.328000 1933.664000 1.000000
2390.176000 1513.084800 2384.944000 1480.212800 1.000000
2412.832000 1522.988800 2409.200000 1483.497600 1.000000
2414.864000 1602.640000 2415.712000 1555.048000 1.000000
2420.432000 1538.736000 2417.488000 1497.841600 1.000000
2431.696000 1514.940800 2425.936000 1473.582400 1.000000
2432.912000 1545.603200 2429.888000 1501.782400 1.000000
2430.768000 1597.929600 2429.984000 1548.673600 1.000000
2437.616000 1481.108800 2430.880000 1443.502400 1.000000
2444.400000 1491.657600 2438.672000 1452.024000 1.000000
2420.256000 1921.488000 2442.448000 1910.128000 1.000000
2491.024000 1888.144000 2445.440000 1960.688000 1.000000
2455.136000 1468.716800 2447.312000 1429.296000 1.000000
2453.168000 1527.963200 2449.312000 1481.806400 1.000000
2458.784000 1468.422400 2452.528000 1428.065600 1.000000
2453.568000 1602.016000 2452.864000 1544.966400 1.000000
2459.632000 1503.534400 2454.048000 1459.086400 1.000000
2459.840000 1600.176000 2459.280000 1541.438400 1.000000
2442.976000 1908.256000 2464.416000 1891.472000 1.000000
2474.944000 1461.552000 2466.736000 1419.401600 1.000000
2479.552000 1496.427200 2472.704000 1449.228800 1.000000
2451.472000 1955.056000 2477.216000 1949.712000 1.000000
2483.168000 1590.572800 2482.608000 1525.814400 1.000000
2457.472000 1946.688000 2483.344000 1938.544000 1.000000
2464.992000 1882.624000 2485.024000 1860.128000 1.000000
2497.424000 1436.737600 2486.688000 1387.201600 1.000000
2495.280000 1602.720000 2496.528000 1536.616000 1.000000
2509.488000 1430.539200 2502.048000 1380.380800 1.000000
2512.208000 1454.222400 2503.024000 1406.320000 1.000000
2488.496000 1866.816000 2508.112000 1836.784000 1.000000
2505.520000 1670.016000 2509.888000 1611.904000 1.000000
2505.568000 1675.040000 2510.960000 1618.448000 1.000000
2499.440000 1839.488000 2516.496000 1803.584000 1.000000
2511.392000 1747.408000 2521.312000 1697.344000 1.000000
2511.200000 1764.880000 2523.456000 1714.656000 1.000000
2520.912000 1664.640000 2525.200000 1603.840000 1.000000
2538.048000 1819.312000 2525.232000 1822.112000 1.000000
2520.912000 1751.648000 2531.792000 1699.952000 1.000000
2521.136000 1807.920000 2536.384000 1764.272000 1.000000
2527.488000 1820.304000 2543.472000 1777.552000 1.000000
2529.872000 1800.752000 2543.920000 1755.152000 1.000000
2526.976000 1847.808000 2545.264000 1810.752000 1.000000
2536.848000 1743.696000 2549.056000 1687.264000 1.000000
2543.392000 1798.496000 2557.264000 1750.960000 1.000000
2543.872000 1806.544000 2558.752000 1760.272000 1.000000
2555.296000 1660.208000 2559.280000 1592.734400 1.000000
2547.632000 1810.544000 2563.328000 1764.208000 1.000000
2551.680000 1773.248000 2563.984000 1721.216000 1.000000
2555.184000 1765.424000 2567.072000 1712.720000 1.000000
2549.152000 1874.352000 2569.936000 1838.288000 1.000000
2558.192000 1797.680000 2572.992000 1747.904000 1.000000
2570.976000 1764.880000 2582.912000 1708.672000 1.000000
2569.296000 1822.832000 2585.776000 1776.016000 1.000000
2572.384000 1775.680000 2585.824000 1721.152000 1.000000
2578.896000 1739.728000 2588.608000 1678.864000 1.000000
2584.672000 1690.608000 2590.064000 1622.512000 1.000000
2586.144000 1682.528000 2591.664000 1612.432000 1.000000
2583.424000 1733.664000 2592.864000 1671.168000 1.000000
2576.576000 1817.136000 2592.896000 1767.216000 1.000000
2573.072000 1889.664000 2593.792000 1857.344000 1.000000
2582.832000 1762.304000 2595.008000 1704.464000 1.000000
2594.240000 1678.224000 2599.184000 1606.880000 1.000000
2592.880000 1689.456000 2599.632000 1618.928000 1.000000
2624.016000 1269.788800 2604.544000 1227.886400 1.000000
2591.472000 1794.976000 2607.056000 1740.704000 1.000000
2625.728000 1287.923200 2607.776000 1242.000000 1.000000
2629.584000 1224.852800 2608.464000 1188.132800 1.000000
2603.696000 1683.120000 2609.440000 1611.120000 1.000000
2601.552000 1744.144000 2612.256000 1681.104000 1.000000
2603.072000 1738.432000 2612.464000 1673.680000 1.000000
2603.024000 1755.984000 2615.072000 1693.584000 1.000000
2612.800000 1743.760000 2624.048000 1678.800000 1.000000
2617.440000 1696.656000 2624.528000 1624.080000 1.000000
2617.040000 1717.264000 2625.584000 1647.216000 1.000000
2616.704000 1725.408000 2626.480000 1656.896000 1.000000
2618.240000 1735.296000 2627.968000 1668.640000 1.000000
2622.272000 1720.112000 2630.368000 1650.496000 1.000000
2623.392000 1728.032000 2632.880000 1659.104000 1.000000
2627.488000 1724.368000 2636.304000 1654.448000 1.000000
2624.832000 1748.672000 2637.168000 1683.488000 1.000000
2628.432000 1731.008000 2638.752000 1662.160000 1.000000
2628.768000 1752.208000 2640.128000 1685.904000 1.000000
2641.856000 1727.408000 2651.216000 1656.448000 1.000000
2641.424000 1742.304000 2651.680000 1672.864000 1.000000
2645.984000 1734.000000 2656.192000 1663.456000 1.000000
2645.568000 1745.520000 2656.384000 1676.096000 1.000000
2648.576000 1730.208000 2658.704000 1658.672000 1.000000
2696.608000 1575.276800 2696.176000 1501.283200 1.000000
2696.896000 1609.008000 2699.472000 1536.560000 1.000000
2697.856000 1886.080000 2715.968000 1819.040000 1.000000
2717.424000 1727.808000 2728.432000 1647.664000 1.000000
2984.864000 700.686400 2889.952000 611.329600 1.000000
3487.776000 589.080000 3396.416000 461.422400 1.000000
3668.800000 66.749120 3535.568000 197.112000 1.000000
3561.072000 2705.888000 3691.088000 2588.528000 1.000000
3930.112000 152.123520 3789.120000 230.625600 1.000000
4010.128000 83.262880 3855.328000 158.769440 1.000000
