86.524960 2027.392000 301.545600 358.524800 1.000000
95.540640 2030.384000 309.944000 361.451200 1.000000
169.174400 1724.512000 323.894400 48.722080 1.000000
196.707200 1741.920000 355.489600 70.452480 1.000000
171.412800 1920.896000 365.001600 234.678400 1.000000
139.782560 2132.080000 374.740800 471.864000 1.000000
174.272000 2041.360000 389.179200 374.428800 1.000000
171.968000 2073.952000 394.300800 409.619200 1.000000
213.412800 2042.176000 428.340800 377.908800 1.000000
281.915200 1708.384000 436.096000 40.362240 1.000000
223.809600 2026.128000 439.014400 363.742400 1.000000
221.732800 2062.032000 440.310400 397.542400 1.000000
229.499200 2075.408000 451.076800 413.713600 1.000000
297.033600 1727.216000 458.720000 64.171040 1.000000
237.676800 2093.472000 462.345600 431.758400 1.000000
244.270400 2079.312000 467.008000 417.249600 1.000000
306.854400 1719.600000 468.305600 56.751200 1.000000
225.132800 2292.848000 485.979200 630.630400 1.000000
255.275200 2125.424000 486.336000 465.526400 1.000000
237.433600 2277.984000 496.755200 616.886400 1.000000
262.006400 2156.752000 498.841600 498.321600 1.000000
234.684800 2320.512000 499.900800 652.196800 1.000000
256.580800 2203.024000 502.435200 547.353600 1.000000
248.822400 2278.704000 507.636800 616.478400 1.000000
306.345600 2385.584000 585.232000 788.473600 1.000000
465.860800 2320.480000 726.262400 738.457600 1.000000
604.126400 2132.992000 815.041600 581.593600 1.000000
574.590400 2318.288000 828.804800 749.081600 1.000000
614.286400 2306.016000 867.945600 744.195200 1.000000
683.361600 2557.664000 888.435200 923.123200 1.000000
642.187200 2327.504000 895.708800 765.700800 1.000000
653.320000 2307.520000 904.060800 750.619200 1.000000
659.278400 2320.176000 911.612800 760.160000 1.000000
698.350400 2550.752000 971.518400 923.907200 1.000000
768.188800 1977.248000 978.977600 430.041600 1.000000
790.857600 1806.480000 982.880000 237.955200 1.000000
783.606400 1916.512000 988.508800 369.348800 1.000000
903.809600 2222.416000 1136.902400 697.350400 1.000000
1004.780800 2278.000000 1243.264000 763.027200 1.000000
1130.816000 1837.056000 1341.249600 317.452800 1.000000
1181.832000 2354.496000 1411.043200 855.164800 1.000000
1632.176000 1926.960000 1423.302400 445.472000 1.000000
1386.484800 2244.224000 1607.088000 776.968000 1.000000
1510.848000 2247.968000 1727.040000 792.144000 1.000000
1515.785600 2239.744000 1730.352000 785.084800 1.000000
1586.220800 2854.304000 1772.320000 1265.203200 1.000000
1545.795200 2000.080000 1772.896000 544.411200 1.000000
1602.352000 2910.208000 1776.912000 1388.267200 1.000000
1593.843200 2896.992000 1777.248000 1302.268800 1.000000
1554.238400 2033.392000 1778.608000 581.678400 1.000000
1603.024000 2893.840000 1785.760000 1301.304000 1.000000
1553.334400 1797.968000 1790.064000 318.492800 1.000000
1145.708800 1807.904000 1801.904000 322.152000 1.000000
1781.728000 2195.040000 1996.896000 770.256000 1.000000
1797.152000 2214.112000 2008.448000 791.756800 1.000000
1859.376000 2502.560000 2044.592000 1006.808000 1.000000
1908.272000 2485.232000 2097.696000 1023.699200 1.000000
1949.472000 2341.488000 2146.464000 905.844800 1.000000
1955.008000 2363.184000 2149.520000 919.244800 1.000000
1944.672000 2240.304000 2154.912000 813.555200 1.000000
1963.552000 2328.544000 2161.504000 895.249600 1.000000
1963.856000 2263.152000 2172.304000 830.505600 1.000000
2001.312000 2294.912000 2202.368000 868.483200 1.000000
2019.072000 2351.024000 2213.648000 922.995200 1.000000
2029.424000 2409.856000 2215.936000 976.348800 1.000000
2032.896000 2418.288000 2217.648000 982.516800 1.000000
2032.416000 2374.144000 2223.040000 944.998400 1.000000
2043.280000 2410.752000 2227.536000 977.131200 1.000000
2030.912000 2328.032000 2228.288000 902.776000 1.000000
2050.640000 2417.520000 2231.680000 983.430400 1.000000
2045.536000 2387.808000 2232.688000 958.340800 1.000000
2044.960000 2378.592000 2233.632000 948.993600 1.000000
2044.544000 2360.896000 2235.344000 934.491200 1.000000
2041.888000 2337.600000 2237.104000 911.350400 1.000000
2054.464000 2441.168000 2237.136000 1006.756800 1.000000
2051.856000 2342.656000 2247.104000 918.982400 1.000000
2054.176000 2329.360000 2249.056000 906.099200 1.000000
