2230.832000 1695.728000 333.265600 1825.328000 1.000000
1779.616000 173.520000 872.481600 2800.544000 1.000000
1877.328000 217.785600 1396.131200 2174.432000 1.000000
3293.120000 2844.512000 1631.168000 2923.168000 1.000000
1968.064000 1888.240000 2003.264000 361.040000 1.000000
1878.560000 1381.707200 2027.376000 254.470400 1.000000
2723.616000 2065.440000 2401.680000 1079.532800 1.000000
2599.616000 1400.584000 2557.328000 1517.326400 1.000000
2542.864000 1920.080000 2561.824000 1268.158400 1.000000
1741.376000 577.801600 2616.432000 1270.521600 1.000000
3358.496000 1463.627200 3378.080000 742.352000 1.000000
