62.351680 1940.800000 87.246400 2308.608000 1.000000
28.089600 607.601600 104.372320 1050.046400 1.000000
19.570080 286.299200 108.444000 764.457600 1.000000
25.606240 249.232000 116.185760 727.875200 1.000000
31.635680 284.667200 117.979840 762.342400 1.000000
47.848960 613.875200 123.082240 1054.585600 1.000000
49.721280 600.688000 125.376960 1041.680000 1.000000
40.234720 298.470400 126.998560 774.596800 1.000000
39.138240 248.856000 128.140640 728.067200 1.000000
40.728480 241.590400 131.628000 720.937600 1.000000
45.657280 283.803200 131.880960 761.694400 1.000000
49.304160 260.049600 138.708000 737.464000 1.000000
54.287680 227.187200 143.575360 706.782400 1.000000
125.345280 1946.816000 150.799680 2313.616000 1.000000
84.734080 611.950400 158.643520 1049.310400 1.000000
101.500480 364.544000 180.252800 839.072000 1.000000
157.640480 1971.952000 181.926400 2337.296000 1.000000
158.768160 1979.472000 181.934400 2345.824000 1.000000
102.271360 396.612800 182.121600 862.747200 1.000000
112.306720 645.675200 183.388800 1080.568000 1.000000
159.365600 1939.472000 183.500800 2305.552000 1.000000
103.291840 271.710400 186.684800 748.816000 1.000000
119.140000 643.176000 190.326400 1077.984000 1.000000
120.631520 620.692800 192.132800 1056.403200 1.000000
105.625280 135.491360 197.497600 641.140800 1.000000
168.620800 1873.488000 197.708800 2236.256000 1.000000
127.555840 332.009600 202.843200 806.236800 1.000000
135.860480 641.291200 205.532800 1076.417600 1.000000
181.793600 1907.216000 208.128000 2270.016000 1.000000
139.799680 648.569600 209.326400 1082.774400 1.000000
130.539840 286.774400 210.849600 762.600000 1.000000
128.128160 207.862400 212.350400 706.779200 1.000000
194.481600 2144.704000 214.000000 2509.744000 1.000000
196.470400 1984.672000 215.785600 2355.072000 1.000000
133.758720 285.096000 215.936000 758.780800 1.000000
231.136000 2525.584000 235.790400 2937.472000 1.000000
217.209600 2035.712000 238.640000 2399.056000 1.000000
165.148800 292.428800 244.630400 764.947200 1.000000
180.158400 651.902400 247.742400 1084.625600 1.000000
229.086400 1959.040000 253.940800 2321.856000 1.000000
190.452800 886.984000 255.510400 1276.468800 1.000000
236.323200 2009.744000 260.348800 2372.768000 1.000000
244.908800 2083.968000 267.337600 2446.032000 1.000000
201.448000 643.430400 269.454400 1077.209600 1.000000
202.272000 637.923200 269.608000 1071.744000 1.000000
203.236800 612.158400 271.064000 1048.648000 1.000000
207.132800 635.278400 274.648000 1069.977600 1.000000
207.174400 621.947200 274.808000 1056.547200 1.000000
208.225600 643.601600 275.481600 1077.041600 1.000000
250.494400 1993.360000 276.336000 2354.832000 1.000000
208.113600 595.096000 276.451200 1032.467200 1.000000
257.881600 2088.384000 279.702400 2449.872000 1.000000
255.691200 2015.680000 279.814400 2377.728000 1.000000
260.644800 2085.104000 281.964800 2445.600000 1.000000
260.348800 2068.944000 283.272000 2431.104000 1.000000
217.326400 625.208000 283.772800 1060.644800 1.000000
262.257600 2074.784000 283.782400 2436.128000 1.000000
219.780800 616.342400 287.217600 1051.112000 1.000000
265.462400 2009.136000 288.996800 2371.504000 1.000000
268.028800 2026.992000 291.980800 2388.496000 1.000000
273.443200 2086.256000 295.932800 2447.632000 1.000000
273.009600 2019.280000 297.185600 2380.176000 1.000000
239.288000 910.822400 300.590400 1295.379200 1.000000
280.945600 2071.584000 303.588800 2433.136000 1.000000
241.868800 919.379200 303.752000 1302.244800 1.000000
238.849600 606.121600 305.840000 1040.820800 1.000000
282.504000 2026.880000 306.401600 2388.624000 1.000000
245.134400 599.075200 312.254400 1033.670400 1.000000
259.982400 799.646400 319.592000 1207.057600 1.000000
267.214400 904.356800 327.803200 1288.542400 1.000000
268.593600 913.304000 329.635200 1296.336000 1.000000
305.524800 2050.896000 329.745600 2411.120000 1.000000
307.552000 2036.272000 331.584000 2396.256000 1.000000
267.184000 620.217600 331.772800 1054.716800 1.000000
292.667200 1434.299200 332.064000 1823.024000 1.000000
262.448000 301.736000 333.348800 779.196800 1.000000
269.344000 638.484800 334.168000 1069.547200 1.000000
297.508800 1448.681600 336.270400 1835.536000 1.000000
298.760000 1415.537600 337.473600 1804.720000 1.000000
269.718400 373.169600 337.576000 848.958400 1.000000
277.072000 938.152000 337.766400 1319.296000 1.000000
313.777600 2039.872000 338.425600 2399.056000 1.000000
281.616000 987.097600 339.377600 1366.515200 1.000000
278.374400 929.608000 339.881600 1311.224000 1.000000
284.259200 993.694400 341.795200 1373.126400 1.000000
277.446400 643.139200 342.777600 1074.582400 1.000000
278.731200 610.641600 343.820800 1043.924800 1.000000
305.627200 1451.809600 344.387200 1838.512000 1.000000
321.545600 1997.600000 345.931200 2356.960000 1.000000
291.715200 999.324800 349.022400 1378.868800 1.000000
328.883200 2095.312000 352.113600 2453.536000 1.000000
328.752000 1978.944000 354.273600 2337.760000 1.000000
295.670400 937.715200 354.928000 1318.726400 1.000000
295.635200 945.651200 355.088000 1325.707200 1.000000
293.460800 650.590400 356.611200 1079.502400 1.000000
289.329600 304.016000 357.195200 784.139200 1.000000
302.715200 933.444800 361.867200 1313.718400 1.000000
305.075200 958.947200 364.035200 1338.296000 1.000000
340.139200 2056.464000 364.147200 2415.904000 1.000000
343.641600 663.512000 366.076800 1088.883200 1.000000
344.723200 2081.648000 368.547200 2439.552000 1.000000
301.889600 297.059200 369.875200 775.489600 1.000000
312.593600 902.769600 371.060800 1285.185600 1.000000
348.496000 2099.200000 371.329600 2457.472000 1.000000
346.388800 1952.720000 372.795200 2311.248000 1.000000
311.910400 892.521600 372.862400 1275.659200 1.000000
351.486400 2079.952000 375.870400 2437.616000 1.000000
314.185600 638.710400 376.864000 1068.131200 1.000000
353.352000 1998.144000 379.800000 2356.480000 1.000000
324.284800 926.387200 383.510400 1306.856000 1.000000
329.376000 980.926400 386.584000 1357.635200 1.000000
326.364800 653.630400 388.259200 1080.700800 1.000000
363.553600 1960.224000 388.428800 2317.808000 1.000000
353.105600 1469.548800 390.068800 1853.504000 1.000000
323.843200 294.081600 390.952000 773.705600 1.000000
330.432000 894.116800 391.792000 1277.987200 1.000000
366.761600 1975.184000 392.577600 2332.512000 1.000000
331.326400 629.779200 393.228800 1059.979200 1.000000
371.331200 2092.944000 394.667200 2449.792000 1.000000
333.923200 649.892800 396.120000 1078.649600 1.000000
333.476800 384.801600 397.115200 856.764800 1.000000
362.148800 1459.548800 398.888000 1843.712000 1.000000
344.160000 958.606400 399.259200 1336.555200 1.000000
333.902400 339.192000 399.798400 814.275200 1.000000
361.636800 1471.342400 402.011200 1854.144000 1.000000
338.985600 386.401600 404.100800 858.203200 1.000000
347.276800 919.952000 404.366400 1298.884800 1.000000
382.097600 2006.208000 407.457600 2363.856000 1.000000
382.174400 2017.712000 407.464000 2374.752000 1.000000
344.408000 214.268800 411.084800 703.571200 1.000000
349.992000 394.121600 413.952000 864.211200 1.000000
390.888000 2031.488000 415.780800 2387.632000 1.000000
353.217600 619.160000 415.801600 1048.641600 1.000000
352.302400 385.392000 416.110400 856.289600 1.000000
363.052800 1006.806400 417.513600 1383.089600 1.000000
392.619200 2015.696000 418.670400 2373.280000 1.000000
392.747200 1981.024000 421.049600 2337.680000 1.000000
386.272000 1483.672000 422.060800 1867.408000 1.000000
385.600000 1506.094400 422.128000 1888.080000 1.000000
360.462400 634.952000 422.275200 1063.068800 1.000000
365.057600 937.971200 422.672000 1315.374400 1.000000
366.603200 881.507200 425.104000 1265.724800 1.000000
368.084800 927.056000 425.528000 1304.966400 1.000000
367.974400 944.604800 425.625600 1321.616000 1.000000
370.444800 998.356800 426.331200 1373.622400 1.000000
373.160000 1005.793600 427.742400 1381.412800 1.000000
366.467200 403.198400 428.408000 872.308800 1.000000
392.172800 1503.148800 428.713600 1885.344000 1.000000
404.147200 2007.360000 429.233600 2364.656000 1.000000
391.192000 1468.099200 429.849600 1850.112000 1.000000
368.856000 624.110400 430.283200 1051.284800 1.000000
374.108800 987.984000 430.785600 1362.702400 1.000000
394.651200 1496.313600 431.363200 1878.400000 1.000000
369.664000 377.553600 433.070400 848.556800 1.000000
371.067200 431.177600 433.745600 899.129600 1.000000
371.545600 382.145600 434.836800 852.977600 1.000000
374.504000 625.896000 435.576000 1054.694400 1.000000
373.835200 406.476800 435.904000 875.329600 1.000000
410.244800 1996.160000 436.772800 2352.896000 1.000000
384.208000 1017.457600 438.555200 1393.332800 1.000000
383.014400 912.948800 440.942400 1291.952000 1.000000
406.585600 1507.979200 441.118400 1889.872000 1.000000
406.406400 1496.614400 443.174400 1877.104000 1.000000
381.916800 274.918400 444.436800 754.753600 1.000000
386.323200 421.376000 447.520000 888.798400 1.000000
411.705600 1488.846400 447.907200 1869.488000 1.000000
409.779200 1461.480000 448.035200 1841.200000 1.000000
387.907200 625.067200 448.705600 1052.907200 1.000000
385.859200 328.097600 449.849600 801.819200 1.000000
414.288000 1495.828800 450.129600 1876.384000 1.000000
415.747200 1508.968000 451.620800 1889.168000 1.000000
394.643200 915.435200 452.868800 1292.849600 1.000000
397.726400 930.600000 453.961600 1308.070400 1.000000
396.956800 379.537600 458.473600 850.302400 1.000000
401.486400 915.870400 459.145600 1293.891200 1.000000
397.742400 419.236800 459.158400 886.326400 1.000000
423.507200 1494.928000 459.339200 1875.632000 1.000000
403.348800 632.011200 463.718400 1057.705600 1.000000
402.366400 359.641600 465.352000 831.132800 1.000000
407.155200 378.699200 469.100800 848.804800 1.000000
413.980800 916.867200 469.926400 1296.339200 1.000000
417.116800 990.014400 472.480000 1362.929600 1.000000
412.961600 416.593600 472.732800 882.657600 1.000000
415.872000 405.065600 476.500800 871.902400 1.000000
418.876800 399.291200 479.376000 866.344000 1.000000
423.169600 431.932800 482.729600 897.014400 1.000000
427.635200 344.878400 488.200000 816.041600 1.000000
429.278400 427.924800 489.315200 893.187200 1.000000
429.457600 353.585600 490.713600 824.248000 1.000000
434.100800 662.633600 495.347200 1085.260800 1.000000
437.433600 625.088000 497.027200 1050.577600 1.000000
437.001600 432.704000 497.635200 897.806400 1.000000
437.702400 333.260800 497.862400 805.193600 1.000000
437.412800 362.150400 498.144000 831.755200 1.000000
438.232000 371.078400 498.976000 840.385600 1.000000
441.563200 325.606400 502.054400 798.096000 1.000000
443.408000 653.774400 502.456000 1076.121600 1.000000
442.264000 220.636800 504.307200 705.776000 1.000000
446.009600 633.950400 505.008000 1057.414400 1.000000
447.182400 398.033600 507.750400 864.680000 1.000000
448.324800 336.942400 508.976000 809.460800 1.000000
447.611200 331.078400 509.385600 803.345600 1.000000
447.464000 381.632000 510.273600 849.737600 1.000000
455.268800 660.454400 512.952000 1082.857600 1.000000
453.704000 340.819200 513.860800 812.243200 1.000000
457.155200 363.217600 516.808000 833.692800 1.000000
462.305600 626.974400 519.420800 1051.745600 1.000000
485.489600 1673.184000 522.104000 2010.000000 1.000000
501.443200 2069.824000 528.828800 2420.880000 1.000000
504.300800 1478.302400 540.793600 1855.792000 1.000000
486.760000 455.036800 543.347200 916.745600 1.000000
496.793600 412.054400 555.737600 875.998400 1.000000
501.716800 641.305600 557.918400 1065.300800 1.000000
503.819200 664.896000 560.646400 1086.155200 1.000000
506.206400 444.206400 562.352000 907.051200 1.000000
508.870400 621.054400 563.608000 1046.246400 1.000000
508.718400 216.956800 569.395200 699.492800 1.000000
515.907200 659.835200 569.483200 1081.241600 1.000000
514.937600 667.747200 570.004800 1087.966400 1.000000
519.593600 411.145600 570.753600 873.268800 1.000000
520.273600 367.824000 577.059200 835.428800 1.000000
526.110400 666.736000 580.803200 1086.868800 1.000000
551.432000 657.043200 605.428800 1077.641600 1.000000
556.520000 640.086400 609.612800 1061.657600 1.000000
558.176000 681.371200 611.716800 1098.459200 1.000000
562.249600 480.432000 616.240000 934.720000 1.000000
563.580800 650.484800 618.633600 1070.808000 1.000000
574.339200 476.702400 626.896000 931.609600 1.000000
598.001600 1917.248000 628.169600 2263.728000 1.000000
577.972800 488.129600 630.568000 940.400000 1.000000
582.940800 683.924800 635.332800 1099.428800 1.000000
586.560000 324.024000 638.710400 788.368000 1.000000
590.248000 438.499200 642.171200 897.200000 1.000000
600.395200 678.401600 651.859200 1094.814400 1.000000
603.835200 531.857600 654.356800 980.201600 1.000000
626.828800 468.668800 677.651200 923.507200 1.000000
633.478400 534.372800 682.832000 980.156800 1.000000
638.948800 429.723200 694.497600 886.476800 1.000000
645.606400 534.281600 694.835200 979.598400 1.000000
665.417600 1967.168000 696.260800 2313.264000 1.000000
670.056000 1671.600000 706.518400 2000.848000 1.000000
661.280000 927.062400 709.864000 1293.708800 1.000000
664.249600 520.406400 712.928000 964.211200 1.000000
668.803200 659.979200 717.860800 1075.505600 1.000000
678.528000 1002.369600 725.512000 1365.169600 1.000000
677.576000 81.982080 728.142400 574.244800 1.000000
680.270400 407.790400 729.121600 865.168000 1.000000
682.808000 402.603200 732.462400 861.064000 1.000000
685.240000 394.227200 732.480000 853.710400 1.000000
683.496000 504.476800 732.612800 950.524800 1.000000
685.126400 494.964800 732.768000 941.851200 1.000000
687.555200 521.884800 735.654400 963.414400 1.000000
688.132800 544.435200 736.196800 986.049600 1.000000
698.249600 396.987200 746.118400 856.601600 1.000000
698.729600 681.616000 748.099200 1093.841600 1.000000
703.145600 688.987200 749.670400 1099.273600 1.000000
707.747200 463.278400 751.819200 915.494400 1.000000
716.904000 408.500800 763.048000 866.992000 1.000000
716.996800 374.683200 763.324800 833.427200 1.000000
729.817600 690.080000 776.244800 1099.203200 1.000000
733.640000 438.369600 777.881600 890.728000 1.000000
741.496000 259.678400 786.577600 731.049600 1.000000
742.467200 331.654400 788.374400 789.112000 1.000000
747.864000 265.099200 792.862400 736.048000 1.000000
747.139200 493.452800 794.355200 935.876800 1.000000
756.169600 399.539200 798.129600 856.025600 1.000000
755.712000 375.731200 799.304000 832.139200 1.000000
757.716800 360.358400 799.673600 817.852800 1.000000
759.142400 961.646400 803.860800 1321.664000 1.000000
762.684800 533.028800 807.187200 970.699200 1.000000
766.486400 694.867200 810.729600 1101.945600 1.000000
769.884800 682.603200 814.576000 1090.028800 1.000000
779.360000 200.553600 821.891200 674.854400 1.000000
780.780800 648.006400 824.630400 1058.384000 1.000000
784.286400 402.488000 826.777600 857.814400 1.000000
799.328000 703.481600 841.878400 1107.998400 1.000000
803.444800 525.867200 845.598400 962.022400 1.000000
812.771200 394.481600 853.516800 848.019200 1.000000
816.209600 409.232000 857.715200 862.188800 1.000000
824.107200 477.801600 864.198400 919.974400 1.000000
835.294400 252.312000 874.827200 719.784000 1.000000
847.022400 929.257600 888.204800 1287.174400 1.000000
854.011200 1999.680000 888.369600 2337.744000 1.000000
851.172800 437.840000 892.916800 886.353600 1.000000
854.233600 990.129600 894.555200 1344.756800 1.000000
858.220800 428.937600 898.030400 878.233600 1.000000
860.668800 690.038400 901.571200 1094.635200 1.000000
864.600000 128.939040 902.555200 608.441600 1.000000
862.371200 472.768000 903.934400 915.505600 1.000000
873.284800 207.662400 911.030400 678.193600 1.000000
872.752000 964.508800 913.355200 1317.209600 1.000000
881.302400 128.133280 917.864000 607.454400 1.000000
879.404800 441.129600 918.160000 888.112000 1.000000
881.899200 270.017600 918.889600 734.720000 1.000000
886.915200 435.244800 919.843200 881.256000 1.000000
884.078400 538.720000 922.393600 969.939200 1.000000
887.899200 105.917280 924.046400 588.449600 1.000000
890.625600 214.072000 927.073600 683.744000 1.000000
892.678400 271.968000 929.083200 735.920000 1.000000
891.484800 543.059200 929.238400 973.489600 1.000000
894.545600 97.394400 929.982400 580.326400 1.000000
902.491200 264.432000 938.403200 728.670400 1.000000
903.000000 111.690720 938.700800 593.568000 1.000000
902.107200 714.470400 940.064000 1114.048000 1.000000
907.528000 667.497600 943.409600 1070.936000 1.000000
908.576000 923.676800 948.243200 1281.163200 1.000000
911.916800 915.043200 951.321600 1273.833600 1.000000
911.931200 979.054400 951.804800 1330.697600 1.000000
917.627200 132.272000 952.224000 608.627200 1.000000
913.982400 941.336000 952.697600 1296.580800 1.000000
918.371200 249.737600 953.505600 713.937600 1.000000
912.596800 499.084800 954.283200 935.648000 1.000000
917.083200 1951.952000 954.940800 2287.936000 1.000000
927.148800 130.321440 960.672000 607.748800 1.000000
927.811200 163.817600 961.537600 636.870400 1.000000
927.172800 533.294400 962.310400 961.712000 1.000000
928.443200 551.249600 962.492800 980.339200 1.000000
930.532800 236.216000 965.104000 702.142400 1.000000
932.993600 512.291200 967.001600 944.620800 1.000000
932.841600 178.070400 967.827200 649.222400 1.000000
931.929600 694.401600 967.883200 1094.110400 1.000000
937.238400 1936.240000 971.851200 2268.864000 1.000000
938.116800 500.787200 972.908800 934.521600 1.000000
942.072000 171.067200 975.310400 644.329600 1.000000
943.097600 180.481600 976.728000 651.841600 1.000000
943.665600 163.812800 977.166400 636.723200 1.000000
943.196800 687.782400 977.718400 1087.272000 1.000000
945.060800 581.115200 979.643200 1008.348800 1.000000
945.473600 2006.336000 980.798400 2340.064000 1.000000
944.193600 547.683200 981.577600 976.848000 1.000000
944.329600 945.964800 982.016000 1298.148800 1.000000
952.750400 580.928000 986.081600 1005.219200 1.000000
952.505600 554.110400 986.097600 981.694400 1.000000
954.092800 376.512000 988.472000 824.571200 1.000000
957.792000 264.208000 989.956800 726.756800 1.000000
957.441600 1958.784000 992.374400 2291.296000 1.000000
961.462400 568.916800 993.132800 996.025600 1.000000
962.038400 244.276800 993.476800 707.748800 1.000000
962.643200 274.347200 995.032000 735.430400 1.000000
961.256000 1939.952000 996.966400 2272.560000 1.000000
967.257600 247.505600 999.158400 710.417600 1.000000
965.715200 1461.574400 1000.036800 1817.680000 1.000000
968.195200 1957.488000 1003.574400 2289.968000 1.000000
970.310400 714.369600 1004.227200 1111.956800 1.000000
971.408000 1895.248000 1006.187200 2224.912000 1.000000
978.636800 276.873600 1007.540800 736.571200 1.000000
974.297600 1486.200000 1007.891200 1841.936000 1.000000
975.374400 580.228800 1008.188800 1003.825600 1.000000
972.960000 1843.824000 1009.494400 2167.296000 1.000000
983.344000 412.843200 1011.393600 857.756800 1.000000
983.769600 1852.432000 1020.612800 2175.440000 1.000000
989.955200 719.912000 1022.843200 1115.171200 1.000000
986.542400 1954.800000 1025.241600 2287.936000 1.000000
996.441600 283.296000 1026.419200 740.496000 1.000000
997.260800 465.528000 1028.812800 902.374400 1.000000
996.633600 689.961600 1029.905600 1088.001600 1.000000
997.699200 700.438400 1030.323200 1098.660800 1.000000
998.713600 435.897600 1030.619200 878.595200 1.000000
1001.052800 719.808000 1034.449600 1115.344000 1.000000
1004.867200 687.148800 1037.920000 1084.851200 1.000000
1001.462400 1922.768000 1039.065600 2252.768000 1.000000
1011.185600 523.755200 1040.035200 957.142400 1.000000
1014.636800 273.923200 1043.713600 731.854400 1.000000
1015.204800 288.945600 1043.862400 746.377600 1.000000
1015.409600 482.742400 1044.305600 917.241600 1.000000
1017.345600 499.531200 1044.931200 937.515200 1.000000
1008.523200 1824.144000 1045.336000 2144.064000 1.000000
1015.068800 331.827200 1047.080000 783.350400 1.000000
1019.841600 470.456000 1049.123200 905.833600 1.000000
1017.088000 702.124800 1050.652800 1098.627200 1.000000
1024.473600 306.324800 1053.856000 761.939200 1.000000
1027.046400 239.990400 1055.248000 702.430400 1.000000
1027.870400 224.838400 1055.345600 687.859200 1.000000
1033.568000 440.987200 1061.448000 883.036800 1.000000
1027.504000 686.833600 1061.656000 1083.324800 1.000000
1030.588800 1432.064000 1062.766400 1786.304000 1.000000
1032.200000 1388.694400 1063.129600 1746.624000 1.000000
1033.360000 327.947200 1063.584000 779.728000 1.000000
1036.628800 233.819200 1063.604800 695.224000 1.000000
1029.104000 1935.376000 1067.220800 2264.816000 1.000000
1030.224000 2002.864000 1068.254400 2333.168000 1.000000
1040.656000 542.600000 1068.811200 977.888000 1.000000
1038.561600 1431.411200 1070.670400 1785.744000 1.000000
1043.056000 264.928000 1070.716800 722.566400 1.000000
1042.150400 342.680000 1070.744000 791.820800 1.000000
1043.508800 313.803200 1071.268800 766.862400 1.000000
1046.977600 541.054400 1072.984000 973.465600 1.000000
1046.891200 404.624000 1075.262400 846.934400 1.000000
1047.470400 706.956800 1077.750400 1101.544000 1.000000
1053.822400 433.534400 1080.075200 874.585600 1.000000
1046.566400 931.752000 1080.193600 1282.203200 1.000000
1054.273600 309.316800 1081.177600 763.489600 1.000000
1048.756800 965.876800 1082.008000 1315.280000 1.000000
1054.220800 736.168000 1083.798400 1128.132800 1.000000
1057.929600 468.384000 1084.105600 908.003200 1.000000
1049.534400 1843.152000 1085.835200 2163.952000 1.000000
1049.233600 1922.448000 1087.358400 2250.160000 1.000000
1063.568000 150.174080 1088.452800 619.958400 1.000000
1061.331200 334.539200 1088.846400 786.075200 1.000000
1058.609600 1468.643200 1089.028800 1822.608000 1.000000
1051.216000 1972.368000 1089.081600 2302.640000 1.000000
1064.542400 291.267200 1090.361600 745.417600 1.000000
1052.835200 1969.248000 1091.116800 2299.376000 1.000000
1051.494400 1960.320000 1091.160000 2291.072000 1.000000
1061.240000 929.040000 1092.555200 1279.355200 1.000000
1056.548800 1849.920000 1094.651200 2170.480000 1.000000
1058.881600 1860.896000 1095.340800 2182.672000 1.000000
1064.060800 947.979200 1097.563200 1295.422400 1.000000
1060.611200 1931.728000 1098.664000 2259.728000 1.000000
1061.172800 1895.408000 1098.860800 2220.944000 1.000000
1060.585600 1948.608000 1099.174400 2277.904000 1.000000
1069.884800 709.254400 1100.176000 1102.305600 1.000000
1076.129600 354.595200 1102.017600 802.614400 1.000000
1078.390400 262.262400 1102.340800 717.745600 1.000000
1073.390400 700.760000 1102.996800 1094.265600 1.000000
1077.835200 400.438400 1103.715200 841.766400 1.000000
1069.604800 1891.648000 1107.417600 2217.312000 1.000000
1082.641600 239.910400 1109.060800 695.446400 1.000000
1071.899200 1957.248000 1111.918400 2284.592000 1.000000
1090.585600 360.929600 1115.425600 808.793600 1.000000
1089.187200 310.638400 1116.336000 763.009600 1.000000
1086.056000 1379.308800 1117.281600 1734.624000 1.000000
1101.664000 289.556800 1124.353600 743.153600 1.000000
1103.422400 352.195200 1126.491200 801.230400 1.000000
1090.947200 1869.200000 1127.953600 2192.432000 1.000000
1097.494400 1453.174400 1128.913600 1804.448000 1.000000
1089.857600 1944.352000 1128.944000 2270.560000 1.000000
1102.356800 716.958400 1129.512000 1108.552000 1.000000
1093.577600 1951.248000 1131.952000 2278.480000 1.000000
1099.019200 1921.040000 1137.296000 2246.512000 1.000000
1099.892800 1934.480000 1137.404800 2261.968000 1.000000
1113.004800 720.254400 1139.857600 1111.304000 1.000000
1107.224000 1485.832000 1140.281600 1834.400000 1.000000
1118.489600 710.616000 1145.454400 1102.300800 1.000000
1109.942400 1870.400000 1148.283200 2190.336000 1.000000
1111.614400 1856.784000 1150.204800 2177.296000 1.000000
1114.190400 1917.936000 1152.129600 2243.888000 1.000000
1144.041600 278.788800 1163.974400 730.108800 1.000000
1150.736000 715.444800 1177.435200 1105.515200 1.000000
1154.851200 697.692800 1179.484800 1088.425600 1.000000
1159.508800 1867.408000 1197.345600 2187.072000 1.000000
1182.460800 276.808000 1199.750400 726.560000 1.000000
1194.771200 276.912000 1211.924800 726.179200 1.000000
1195.411200 725.236800 1218.766400 1111.784000 1.000000
1196.609600 697.219200 1219.574400 1085.080000 1.000000
1199.758400 687.521600 1222.265600 1077.134400 1.000000
1204.096000 703.678400 1226.644800 1091.057600 1.000000
1210.672000 735.772800 1233.464000 1119.779200 1.000000
1211.664000 715.502400 1234.144000 1100.881600 1.000000
1219.246400 689.974400 1240.048000 1077.652800 1.000000
1222.179200 700.268800 1244.315200 1086.953600 1.000000
1229.416000 716.142400 1250.883200 1099.955200 1.000000
1242.812800 536.584000 1256.796800 966.896000 1.000000
1243.441600 717.252800 1261.096000 1105.880000 1.000000
1243.321600 500.852800 1268.177600 934.724800 1.000000
1259.062400 525.020800 1271.540800 956.524800 1.000000
1255.145600 731.556800 1276.400000 1115.912000 1.000000
1259.339200 722.977600 1279.446400 1108.259200 1.000000
1269.579200 809.347200 1285.662400 1191.196800 1.000000
1270.404800 260.721600 1289.870400 729.484800 1.000000
1272.299200 712.721600 1293.104000 1098.968000 1.000000
1276.174400 699.196800 1295.817600 1085.545600 1.000000
1296.993600 494.568000 1307.923200 930.814400 1.000000
1290.697600 682.801600 1309.388800 1070.484800 1.000000
1292.489600 713.564800 1310.646400 1099.112000 1.000000
1294.025600 698.936000 1311.476800 1085.060800 1.000000
1288.667200 986.620800 1314.211200 1322.233600 1.000000
1305.854400 700.211200 1322.988800 1085.803200 1.000000
1304.739200 723.268800 1323.083200 1106.595200 1.000000
1309.404800 716.844800 1326.211200 1100.628800 1.000000
1332.908800 520.468800 1341.358400 949.788800 1.000000
1336.736000 482.785600 1349.353600 919.900800 1.000000
1342.404800 236.832000 1349.844800 698.286400 1.000000
1349.592000 747.192000 1365.764800 1125.278400 1.000000
1355.193600 716.668800 1370.190400 1096.510400 1.000000
1374.147200 539.225600 1381.628800 964.616000 1.000000
1381.918400 525.041600 1388.363200 951.140800 1.000000
1377.913600 722.758400 1389.646400 1102.368000 1.000000
1396.635200 535.160000 1403.451200 960.486400 1.000000
1390.011200 740.187200 1403.524800 1117.921600 1.000000
1407.659200 378.360000 1406.212800 827.747200 1.000000
1405.212800 512.496000 1411.323200 942.035200 1.000000
1411.281600 529.435200 1416.766400 954.508800 1.000000
1422.475200 473.500800 1417.795200 910.924800 1.000000
1407.123200 713.019200 1420.052800 1093.344000 1.000000
1411.776000 728.787200 1424.361600 1107.969600 1.000000
1425.481600 714.132800 1436.848000 1092.416000 1.000000
1426.916800 704.022400 1437.795200 1084.873600 1.000000
1440.200000 714.449600 1450.275200 1093.062400 1.000000
1439.526400 753.240000 1451.764800 1127.140800 1.000000
1462.640000 715.320000 1472.803200 1090.859200 1.000000
1473.164800 540.894400 1475.758400 961.612800 1.000000
1469.025600 760.654400 1479.238400 1132.265600 1.000000
1485.363200 440.806400 1481.563200 876.848000 1.000000
1456.561600 1430.272000 1485.193600 1766.448000 1.000000
1476.894400 725.670400 1485.300800 1101.020800 1.000000
1478.574400 760.275200 1488.328000 1131.278400 1.000000
1480.316800 736.172800 1491.856000 1110.616000 1.000000
1471.171200 1415.452800 1498.968000 1752.400000 1.000000
1522.681600 744.568000 1530.364800 1116.376000 1.000000
1531.993600 724.779200 1537.881600 1097.406400 1.000000
1537.422400 716.203200 1544.062400 1089.348800 1.000000
1500.612800 1874.976000 1544.841600 2179.840000 1.000000
1522.787200 1435.404800 1551.171200 1769.376000 1.000000
1547.225600 738.012800 1553.753600 1109.193600 1.000000
1552.350400 753.816000 1558.179200 1124.016000 1.000000
1554.798400 782.419200 1561.936000 1146.779200 1.000000
1534.278400 1419.219200 1562.457600 1753.424000 1.000000
1555.579200 990.537600 1563.169600 1316.190400 1.000000
1519.744000 1887.360000 1565.296000 2193.328000 1.000000
1568.323200 791.160000 1574.235200 1154.646400 1.000000
1528.670400 1886.512000 1574.617600 2193.600000 1.000000
1570.796800 766.558400 1576.899200 1134.342400 1.000000
1573.934400 723.808000 1578.192000 1097.635200 1.000000
1575.867200 780.768000 1580.499200 1145.553600 1.000000
1585.308800 724.275200 1587.633600 1097.008000 1.000000
1585.651200 758.163200 1589.969600 1125.988800 1.000000
1545.462400 1831.888000 1590.384000 2133.376000 1.000000
1599.339200 475.043200 1592.699200 901.268800 1.000000
1570.899200 1452.006400 1598.371200 1781.744000 1.000000
1599.769600 756.915200 1602.928000 1123.496000 1.000000
1605.040000 744.108800 1607.680000 1112.793600 1.000000
1569.561600 1861.968000 1615.280000 2163.920000 1.000000
1613.248000 838.632000 1620.656000 1194.811200 1.000000
1629.856000 777.022400 1633.888000 1140.712000 1.000000
1651.872000 758.436800 1653.712000 1124.300800 1.000000
1661.824000 873.070400 1667.104000 1220.584000 1.000000
1668.080000 773.291200 1669.264000 1135.508800 1.000000
1674.496000 784.000000 1676.544000 1144.304000 1.000000
1672.288000 872.212800 1676.832000 1220.073600 1.000000
1662.464000 1136.758400 1677.136000 1469.640000 1.000000
1681.296000 733.336000 1679.600000 1099.300800 1.000000
1681.440000 801.595200 1682.528000 1159.456000 1.000000
1683.856000 787.400000 1683.920000 1147.374400 1.000000
1688.224000 738.747200 1687.488000 1104.192000 1.000000
1688.224000 796.432000 1689.040000 1155.356800 1.000000
1692.576000 790.352000 1692.496000 1149.382400 1.000000
1697.264000 769.300800 1695.984000 1131.166400 1.000000
1697.248000 759.864000 1697.088000 1122.198400 1.000000
1670.832000 1460.107200 1698.064000 1785.168000 1.000000
1669.728000 1468.083200 1698.768000 1792.064000 1.000000
1700.400000 793.233600 1700.864000 1152.635200 1.000000
1654.416000 1855.808000 1701.456000 2154.704000 1.000000
1704.064000 723.590400 1702.416000 1089.131200 1.000000
1694.128000 974.403200 1702.832000 1293.395200 1.000000
1677.216000 1458.536000 1703.888000 1782.528000 1.000000
1706.928000 744.428800 1705.872000 1108.550400 1.000000
1662.560000 1868.192000 1709.744000 2165.296000 1.000000
1715.184000 750.691200 1713.440000 1113.387200 1.000000
1720.256000 711.419200 1716.736000 1078.276800 1.000000
1719.216000 786.011200 1718.512000 1144.651200 1.000000
1684.960000 1589.339200 1719.968000 1875.264000 1.000000
1706.576000 1152.382400 1720.944000 1484.073600 1.000000
1744.208000 391.684800 1723.824000 824.163200 1.000000
1725.520000 747.996800 1724.080000 1110.580800 1.000000
1723.312000 726.563200 1725.888000 1088.014400 1.000000
1756.368000 180.635200 1727.360000 636.745600 1.000000
1659.568000 2326.272000 1727.712000 2657.664000 1.000000
1729.744000 754.801600 1728.512000 1116.380800 1.000000
1731.472000 760.923200 1728.592000 1122.828800 1.000000
1693.488000 1583.649600 1729.072000 1869.360000 1.000000
1746.480000 576.094400 1733.152000 980.502400 1.000000
1739.504000 725.798400 1734.608000 1088.942400 1.000000
1754.096000 294.571200 1736.928000 733.372800 1.000000
1751.120000 544.052800 1738.000000 955.529600 1.000000
1751.184000 566.176000 1738.000000 975.324800 1.000000
1713.200000 1453.372800 1739.936000 1776.640000 1.000000
1762.624000 409.832000 1740.800000 839.070400 1.000000
1715.408000 1437.860800 1741.504000 1762.704000 1.000000
1746.496000 740.488000 1742.944000 1102.120000 1.000000
1763.968000 382.104000 1743.680000 814.504000 1.000000
1750.368000 705.601600 1743.904000 1071.561600 1.000000
1736.960000 966.752000 1744.032000 1284.944000 1.000000
1748.704000 770.374400 1745.248000 1130.361600 1.000000
1763.728000 458.264000 1745.712000 878.504000 1.000000
1762.800000 524.708800 1747.360000 937.044800 1.000000
1779.616000 173.520000 1747.376000 629.745600 1.000000
1702.528000 1824.496000 1749.168000 2115.904000 1.000000
1761.744000 596.022400 1749.232000 999.540800 1.000000
1770.096000 457.001600 1751.152000 879.083200 1.000000
1769.184000 476.385600 1751.600000 895.091200 1.000000
1724.784000 1477.419200 1753.232000 1799.296000 1.000000
1792.720000 66.314880 1755.968000 541.169600 1.000000
1751.296000 957.342400 1757.360000 1276.289600 1.000000
1710.416000 1831.168000 1757.792000 2121.680000 1.000000
1761.488000 766.382400 1758.064000 1124.998400 1.000000
1772.160000 717.763200 1762.208000 1083.688000 1.000000
1715.152000 1901.024000 1763.920000 2199.840000 1.000000
1788.992000 372.244800 1764.560000 803.648000 1.000000
1796.096000 190.875200 1764.640000 642.561600 1.000000
1716.368000 1914.528000 1765.824000 2213.072000 1.000000
1785.072000 472.916800 1766.320000 890.382400 1.000000
1792.976000 329.608000 1767.264000 764.875200 1.000000
1784.432000 519.144000 1767.840000 931.380800 1.000000
1792.112000 360.024000 1767.968000 790.692800 1.000000
1757.232000 1072.420800 1767.968000 1384.363200 1.000000
1734.576000 1621.504000 1770.400000 1905.968000 1.000000
1794.624000 387.769600 1771.712000 816.748800 1.000000
1774.640000 796.548800 1771.968000 1152.433600 1.000000
1746.720000 1417.070400 1772.464000 1743.040000 1.000000
1804.688000 206.878400 1773.024000 655.939200 1.000000
1803.456000 258.878400 1774.064000 700.982400 1.000000
1798.336000 374.796800 1774.544000 804.041600 1.000000
1724.816000 1906.960000 1774.640000 2204.928000 1.000000
1780.336000 761.977600 1775.136000 1120.932800 1.000000
1800.912000 359.131200 1777.392000 787.864000 1.000000
1778.992000 825.225600 1777.984000 1177.056000 1.000000
1796.048000 506.350400 1778.032000 918.544000 1.000000
1782.160000 846.216000 1780.784000 1194.507200 1.000000
1789.136000 765.460800 1783.408000 1123.604800 1.000000
1789.968000 785.128000 1784.832000 1141.056000 1.000000
1741.920000 1800.752000 1785.472000 2090.432000 1.000000
1814.528000 292.993600 1785.968000 727.833600 1.000000
1792.576000 745.342400 1786.160000 1104.646400 1.000000
1777.184000 1146.803200 1790.400000 1473.313600 1.000000
1795.424000 798.195200 1790.768000 1151.300800 1.000000
1740.992000 1904.928000 1792.368000 2203.136000 1.000000
1750.416000 1805.104000 1795.280000 2094.368000 1.000000
1744.576000 1913.504000 1795.568000 2210.144000 1.000000
1726.240000 2309.264000 1795.872000 2636.304000 1.000000
1783.040000 1172.302400 1798.640000 1500.068800 1.000000
1805.744000 749.329600 1799.488000 1107.273600 1.000000
1786.432000 1155.318400 1799.984000 1481.264000 1.000000
1747.008000 2032.768000 1800.816000 2336.528000 1.000000
1807.504000 775.302400 1801.040000 1132.398400 1.000000
1827.536000 373.192000 1802.816000 803.019200 1.000000
1759.568000 1786.832000 1804.128000 2072.816000 1.000000
1739.840000 2259.360000 1807.408000 2578.112000 1.000000
1758.208000 1911.040000 1809.296000 2207.424000 1.000000
1835.856000 404.907200 1810.144000 829.710400 1.000000
1746.784000 2178.640000 1810.816000 2488.304000 1.000000
1766.368000 1797.520000 1810.896000 2084.112000 1.000000
1799.344000 1175.220800 1812.192000 1504.152000 1.000000
1820.528000 754.579200 1814.368000 1111.982400 1.000000
1822.736000 741.083200 1814.976000 1100.339200 1.000000
1773.680000 1781.680000 1817.568000 2066.992000 1.000000
1814.720000 956.292800 1818.112000 1272.428800 1.000000
1795.856000 1375.268800 1818.736000 1700.832000 1.000000
1828.144000 755.683200 1820.288000 1111.660800 1.000000
1833.872000 746.768000 1825.184000 1103.958400 1.000000
1798.400000 1472.628800 1826.176000 1791.376000 1.000000
1761.376000 2200.400000 1826.464000 2509.584000 1.000000
1855.680000 399.692800 1828.128000 822.448000 1.000000
1856.624000 385.232000 1829.440000 810.411200 1.000000
1780.896000 1864.896000 1829.440000 2156.608000 1.000000
1778.096000 1933.904000 1830.000000 2233.328000 1.000000
1789.056000 1730.784000 1831.136000 2010.160000 1.000000
1854.352000 491.374400 1832.048000 903.702400 1.000000
1857.680000 435.921600 1832.480000 853.905600 1.000000
1866.768000 295.326400 1834.736000 727.723200 1.000000
1847.808000 729.832000 1835.984000 1088.291200 1.000000
1822.928000 1209.006400 1836.112000 1537.556800 1.000000
1797.856000 1657.344000 1836.320000 1938.976000 1.000000
1868.144000 339.406400 1836.960000 767.854400 1.000000
1826.352000 1161.884800 1838.192000 1487.924800 1.000000
1864.000000 437.683200 1838.400000 855.288000 1.000000
1812.864000 1466.742400 1839.616000 1784.192000 1.000000
1787.664000 1938.736000 1840.432000 2236.512000 1.000000
1791.264000 1867.568000 1840.464000 2158.704000 1.000000
1816.736000 1415.916800 1841.184000 1738.352000 1.000000
1819.408000 1387.668800 1841.840000 1711.776000 1.000000
1868.992000 422.537600 1841.888000 841.128000 1.000000
1799.056000 1739.408000 1842.656000 2020.320000 1.000000
1870.544000 451.028800 1844.992000 865.440000 1.000000
1848.608000 862.438400 1845.952000 1204.630400 1.000000
1852.176000 828.310400 1847.552000 1176.606400 1.000000
1858.208000 768.488000 1848.672000 1121.675200 1.000000
1852.736000 880.105600 1849.216000 1220.184000 1.000000
1825.536000 1405.281600 1849.440000 1725.584000 1.000000
1871.376000 582.515200 1849.488000 960.688000 1.000000
1799.648000 1887.648000 1849.520000 2181.648000 1.000000
1796.736000 1937.808000 1850.080000 2235.760000 1.000000
1883.920000 302.032000 1851.280000 733.648000 1.000000
1869.920000 604.185600 1851.952000 999.360000 1.000000
1896.016000 136.614880 1852.624000 583.403200 1.000000
1864.080000 738.200000 1853.984000 1094.534400 1.000000
1853.136000 956.147200 1854.752000 1268.708800 1.000000
1796.368000 2055.408000 1855.152000 2358.448000 1.000000
1816.416000 1715.792000 1857.616000 1996.416000 1.000000
1809.632000 1913.456000 1859.488000 2209.920000 1.000000
1888.272000 411.241600 1859.984000 832.180800 1.000000
1893.024000 353.654400 1860.688000 781.264000 1.000000
1860.224000 951.955200 1861.776000 1265.940800 1.000000
1859.072000 980.030400 1861.984000 1290.268800 1.000000
1871.760000 747.998400 1862.672000 1103.937600 1.000000
1791.392000 2290.224000 1862.768000 2611.488000 1.000000
1831.952000 1552.652800 1864.160000 1834.640000 1.000000
1896.528000 388.292800 1865.392000 811.529600 1.000000
1833.712000 1536.510400 1865.392000 1820.144000 1.000000
1861.568000 993.499200 1865.408000 1304.038400 1.000000
1784.416000 2501.648000 1867.712000 2854.112000 1.000000
1806.192000 2121.760000 1867.840000 2427.856000 1.000000
1855.120000 1217.628800 1868.496000 1544.584000 1.000000
1807.504000 2105.328000 1868.976000 2409.456000 1.000000
1795.872000 2290.224000 1869.040000 2611.968000 1.000000
1905.696000 293.985600 1870.080000 724.464000 1.000000
1876.192000 797.948800 1870.096000 1150.454400 1.000000
1879.616000 780.411200 1870.496000 1131.910400 1.000000
1822.928000 1850.576000 1872.112000 2140.176000 1.000000
1904.528000 379.564800 1872.512000 803.656000 1.000000
1856.784000 1265.158400 1872.848000 1590.894400 1.000000
1883.824000 758.632000 1872.976000 1112.480000 1.000000
1799.248000 2324.896000 1874.624000 2652.624000 1.000000
1803.408000 2278.544000 1874.928000 2598.880000 1.000000
1910.656000 358.712000 1877.856000 785.067200 1.000000
1857.200000 1373.712000 1878.528000 1694.912000 1.000000
1816.896000 2115.360000 1879.904000 2416.960000 1.000000
1914.416000 324.174400 1880.960000 751.059200 1.000000
1808.000000 2313.520000 1881.168000 2638.688000 1.000000
1833.568000 1891.232000 1881.808000 2182.064000 1.000000
1830.336000 1907.456000 1882.016000 2200.752000 1.000000
1911.728000 454.499200 1883.392000 866.686400 1.000000
1834.592000 1871.200000 1884.400000 2161.120000 1.000000
1875.040000 1166.782400 1886.016000 1490.979200 1.000000
1940.176000 115.736960 1886.512000 558.172800 1.000000
1897.456000 859.681600 1887.840000 1200.590400 1.000000
1927.328000 287.419200 1889.872000 720.953600 1.000000
1864.448000 1453.787200 1890.464000 1770.352000 1.000000
1818.128000 2283.168000 1891.200000 2603.360000 1.000000
1868.928000 1387.702400 1892.272000 1708.016000 1.000000
1914.864000 610.088000 1894.720000 1003.491200 1.000000
1822.960000 2271.984000 1896.000000 2589.840000 1.000000
1880.240000 1283.849600 1896.976000 1607.216000 1.000000
1843.360000 1946.592000 1897.424000 2244.000000 1.000000
1824.496000 2308.912000 1898.928000 2633.008000 1.000000
1875.024000 1450.070400 1899.952000 1767.808000 1.000000
1850.544000 1856.624000 1900.176000 2144.912000 1.000000
1922.192000 601.571200 1900.816000 994.939200 1.000000
1908.256000 811.382400 1901.136000 1160.145600 1.000000
1853.440000 1869.120000 1904.176000 2157.952000 1.000000
1886.800000 1254.897600 1904.960000 1578.779200 1.000000
1903.456000 1011.502400 1906.320000 1319.888000 1.000000
1829.648000 2334.208000 1906.320000 2662.304000 1.000000
1891.712000 1277.203200 1907.760000 1600.320000 1.000000
1904.736000 1031.057600 1908.240000 1338.489600 1.000000
1908.016000 1001.366400 1910.000000 1308.948800 1.000000
1860.896000 1892.544000 1912.816000 2184.976000 1.000000
1909.584000 1021.224000 1913.632000 1327.939200 1.000000
1889.440000 1458.438400 1914.816000 1775.040000 1.000000
1911.424000 1093.806400 1917.376000 1401.516800 1.000000
1867.680000 1875.840000 1917.904000 2168.480000 1.000000
1954.368000 361.566400 1919.264000 785.310400 1.000000
1869.040000 1896.368000 1920.784000 2185.248000 1.000000
1912.720000 1223.041600 1922.480000 1543.419200 1.000000
1918.224000 1094.712000 1923.264000 1402.900800 1.000000
1914.448000 1182.236800 1924.512000 1504.427200 1.000000
1923.248000 1008.897600 1925.008000 1316.008000 1.000000
1918.672000 1054.507200 1925.104000 1361.433600 1.000000
1870.192000 1955.344000 1925.520000 2252.128000 1.000000
1914.528000 1195.014400 1926.352000 1516.227200 1.000000
1939.600000 757.876800 1926.416000 1110.950400 1.000000
1920.288000 1156.185600 1928.128000 1479.835200 1.000000
1917.056000 1217.952000 1929.376000 1539.792000 1.000000
1897.760000 1547.251200 1929.792000 1825.296000 1.000000
1878.688000 1901.536000 1930.864000 2194.624000 1.000000
1931.936000 962.604800 1931.328000 1271.832000 1.000000
1921.968000 1179.979200 1931.888000 1503.486400 1.000000
1861.520000 2267.088000 1935.504000 2584.512000 1.000000
1937.648000 947.326400 1936.080000 1258.132800 1.000000
1904.896000 1548.009600 1937.552000 1828.688000 1.000000
1933.072000 1103.203200 1939.440000 1409.993600 1.000000
1947.856000 866.379200 1939.456000 1205.548800 1.000000
1873.680000 2057.296000 1940.560000 2357.392000 1.000000
1892.464000 1830.896000 1941.088000 2116.192000 1.000000
1954.976000 769.003200 1941.104000 1119.334400 1.000000
1927.648000 1247.889600 1941.344000 1569.545600 1.000000
1863.664000 2325.424000 1941.712000 2647.568000 1.000000
1886.304000 1980.752000 1942.032000 2280.768000 1.000000
1939.312000 1059.212800 1942.880000 1364.745600 1.000000
1846.608000 2635.392000 1943.424000 2991.776000 1.000000
1888.128000 1933.952000 1943.792000 2227.744000 1.000000
1890.208000 1913.504000 1943.904000 2203.904000 1.000000
1931.504000 1227.164800 1944.208000 1550.772800 1.000000
1869.696000 2279.248000 1944.496000 2597.136000 1.000000
1886.048000 1963.872000 1945.232000 2260.912000 1.000000
1897.760000 1818.144000 1945.888000 2101.696000 1.000000
1898.672000 1828.128000 1947.072000 2111.568000 1.000000
1939.616000 1174.270400 1948.800000 1497.142400 1.000000
1935.248000 1212.720000 1948.976000 1533.193600 1.000000
1900.912000 1847.296000 1950.080000 2137.072000 1.000000
1853.104000 2654.944000 1950.896000 3008.544000 1.000000
1945.296000 1109.107200 1951.792000 1415.689600 1.000000
1933.760000 1346.441600 1952.368000 1666.864000 1.000000
1906.704000 1832.640000 1955.792000 2115.792000 1.000000
1900.496000 2018.992000 1956.880000 2315.360000 1.000000
1947.120000 1186.952000 1957.552000 1507.585600 1.000000
1939.696000 1334.459200 1957.632000 1653.760000 1.000000
1992.928000 383.396800 1958.224000 800.996800 1.000000
1947.344000 1198.760000 1958.320000 1519.928000 1.000000
1906.608000 1874.752000 1958.432000 2161.888000 1.000000
1937.024000 1382.689600 1959.200000 1699.920000 1.000000
1877.520000 2386.240000 1959.632000 2720.320000 1.000000
1948.240000 1227.241600 1959.936000 1549.361600 1.000000
1972.768000 833.606400 1961.408000 1175.684800 1.000000
1979.504000 759.252800 1963.536000 1110.801600 1.000000
1965.552000 962.572800 1963.968000 1271.766400 1.000000
1886.560000 2326.896000 1964.544000 2652.592000 1.000000
1911.296000 1973.552000 1967.744000 2269.392000 1.000000
1907.712000 2060.688000 1967.744000 2360.096000 1.000000
1892.416000 2277.824000 1968.272000 2596.480000 1.000000
1980.784000 825.084800 1969.616000 1168.942400 1.000000
1965.200000 1084.769600 1969.984000 1390.342400 1.000000
1983.056000 801.660800 1971.072000 1147.678400 1.000000
1937.216000 1614.032000 1973.936000 1889.904000 1.000000
1963.088000 1230.276800 1974.864000 1550.512000 1.000000
1990.384000 731.510400 1976.032000 1084.006400 1.000000
1941.120000 1599.264000 1976.576000 1874.400000 1.000000
1928.384000 1812.992000 1977.312000 2094.656000 1.000000
1945.696000 1562.268800 1979.984000 1837.760000 1.000000
1914.192000 2129.840000 1980.000000 2434.160000 1.000000
1995.472000 769.752000 1980.800000 1119.140800 1.000000
1956.464000 1455.862400 1981.888000 1768.608000 1.000000
1899.888000 2385.856000 1982.016000 2717.248000 1.000000
1903.648000 2337.344000 1983.392000 2664.208000 1.000000
1886.256000 2648.016000 1985.360000 3001.136000 1.000000
1911.808000 2242.704000 1986.032000 2553.552000 1.000000
1957.376000 1469.384000 1986.224000 1782.832000 1.000000
1912.624000 2229.680000 1987.248000 2539.600000 1.000000
1982.112000 1140.668800 1987.904000 1456.136000 1.000000
1967.264000 1380.816000 1988.496000 1697.904000 1.000000
1991.712000 997.481600 1989.248000 1302.337600 1.000000
1978.352000 1229.361600 1990.208000 1548.707200 1.000000
1982.192000 1177.332800 1990.784000 1496.057600 1.000000
2002.160000 865.603200 1990.928000 1202.035200 1.000000
1958.752000 1569.148800 1991.200000 1843.568000 1.000000
1970.944000 1388.886400 1992.000000 1705.920000 1.000000
1958.224000 1581.667200 1992.080000 1857.296000 1.000000
1943.056000 1818.848000 1992.304000 2101.200000 1.000000
1970.032000 1422.340800 1992.416000 1738.432000 1.000000
1958.096000 1613.920000 1994.272000 1887.248000 1.000000
1926.080000 2107.376000 1994.432000 2403.776000 1.000000
1960.960000 1592.257600 1994.464000 1869.712000 1.000000
2012.448000 821.134400 1995.024000 1166.638400 1.000000
1940.224000 1931.712000 1995.344000 2221.568000 1.000000
2041.904000 315.726400 1995.936000 734.811200 1.000000
2058.096000 85.335200 1996.000000 528.096000 1.000000
1910.704000 2415.024000 1996.064000 2748.880000 1.000000
1897.072000 2645.648000 1996.592000 2997.072000 1.000000
1999.088000 1010.401600 1997.456000 1313.876800 1.000000
1988.720000 1199.084800 1998.576000 1519.128000 1.000000
1966.448000 1563.408000 1998.752000 1836.288000 1.000000
2035.472000 451.667200 1998.976000 858.228800 1.000000
1972.240000 1467.953600 1999.056000 1779.136000 1.000000
1992.128000 1156.713600 1999.168000 1475.702400 1.000000
1976.560000 1412.803200 1999.664000 1727.760000 1.000000
1902.288000 2626.560000 2002.000000 2978.320000 1.000000
1977.472000 1453.681600 2003.408000 1765.824000 1.000000
1953.296000 1837.040000 2003.968000 2119.680000 1.000000
1933.616000 2190.656000 2005.872000 2495.520000 1.000000
2046.400000 407.116800 2006.576000 818.985600 1.000000
1972.592000 1574.387200 2006.736000 1848.480000 1.000000
2043.680000 468.638400 2007.504000 870.564800 1.000000
1973.264000 1590.891200 2007.920000 1863.792000 1.000000
1993.568000 1283.451200 2008.128000 1600.384000 1.000000
1983.936000 1438.009600 2008.352000 1751.168000 1.000000
1993.232000 1296.097600 2008.880000 1614.784000 1.000000
2009.760000 984.291200 2008.960000 1288.206400 1.000000
1951.040000 1976.784000 2009.760000 2271.136000 1.000000
1949.872000 1998.528000 2010.624000 2294.912000 1.000000
1970.320000 1687.264000 2010.800000 1964.000000 1.000000
1999.904000 1217.456000 2011.056000 1536.124800 1.000000
1988.032000 1451.747200 2011.872000 1764.336000 1.000000
2001.184000 1231.011200 2013.056000 1548.371200 1.000000
1991.776000 1398.494400 2013.536000 1714.864000 1.000000
1969.344000 1710.992000 2013.616000 1987.424000 1.000000
1993.760000 1427.579200 2016.048000 1741.088000 1.000000
2050.384000 497.641600 2016.416000 893.772800 1.000000
1978.720000 1661.648000 2017.120000 1937.696000 1.000000
1945.392000 2206.864000 2018.672000 2513.456000 1.000000
1978.592000 1695.648000 2019.056000 1972.512000 1.000000
1918.608000 2641.616000 2019.488000 2992.320000 1.000000
1965.200000 1905.920000 2019.936000 2196.192000 1.000000
2067.904000 321.577600 2020.192000 738.670400 1.000000
2074.912000 210.129600 2020.512000 637.259200 1.000000
2023.952000 964.568000 2021.376000 1270.566400 1.000000
1968.064000 1888.240000 2021.456000 2175.680000 1.000000
2008.208000 1269.116800 2021.520000 1585.798400 1.000000
2013.632000 1197.372800 2021.664000 1513.876800 1.000000
1965.040000 1971.296000 2022.352000 2261.840000 1.000000
2059.392000 476.702400 2022.688000 878.824000 1.000000
2076.336000 238.328000 2023.904000 661.892800 1.000000
1951.920000 2175.216000 2024.208000 2479.408000 1.000000
2029.568000 952.166400 2024.432000 1259.192000 1.000000
2084.928000 111.584800 2025.952000 554.881600 1.000000
1991.200000 1572.219200 2026.144000 1845.952000 1.000000
1938.224000 2404.640000 2026.160000 2737.648000 1.000000
1979.056000 1783.456000 2026.512000 2060.832000 1.000000
2031.040000 975.876800 2026.784000 1280.236800 1.000000
2078.576000 223.844800 2026.960000 648.284800 1.000000
1960.080000 2111.680000 2028.240000 2412.000000 1.000000
2065.680000 454.828800 2028.432000 859.606400 1.000000
2003.952000 1443.712000 2028.736000 1756.112000 1.000000
2088.320000 95.562080 2030.880000 540.884800 1.000000
2083.232000 213.118400 2030.880000 638.889600 1.000000
1931.808000 2626.672000 2031.600000 2977.904000 1.000000
1940.592000 2471.584000 2031.744000 2812.048000 1.000000
1988.048000 1718.640000 2031.792000 1992.832000 1.000000
2072.512000 446.928000 2033.328000 849.614400 1.000000
2010.320000 1423.985600 2033.568000 1737.184000 1.000000
2052.224000 766.608000 2033.792000 1113.577600 1.000000
2039.120000 977.902400 2034.720000 1283.953600 1.000000
2013.184000 1417.704000 2036.560000 1731.456000 1.000000
1997.392000 1675.200000 2037.024000 1949.312000 1.000000
1995.888000 1690.624000 2037.104000 1967.216000 1.000000
2073.440000 472.118400 2037.184000 872.030400 1.000000
1990.416000 1766.016000 2037.392000 2039.600000 1.000000
1955.792000 2310.240000 2037.472000 2627.472000 1.000000
2044.192000 958.126400 2037.920000 1263.600000 1.000000
1986.544000 1851.664000 2038.384000 2134.544000 1.000000
2078.144000 430.014400 2038.416000 834.097600 1.000000
1955.376000 2381.840000 2039.184000 2710.800000 1.000000
1964.768000 2225.408000 2040.304000 2533.696000 1.000000
2060.560000 734.273600 2040.432000 1085.283200 1.000000
1993.312000 1801.568000 2041.952000 2077.904000 1.000000
2046.192000 977.222400 2042.384000 1281.579200 1.000000
1982.208000 1996.848000 2043.344000 2292.944000 1.000000
2103.872000 139.685920 2043.632000 578.257600 1.000000
2065.184000 761.076800 2045.552000 1107.753600 1.000000
1993.024000 1869.072000 2045.840000 2154.000000 1.000000
2070.352000 750.963200 2048.768000 1098.536000 1.000000
1969.696000 2299.456000 2049.328000 2617.456000 1.000000
1973.008000 2243.264000 2050.512000 2552.448000 1.000000
1977.712000 2183.872000 2050.800000 2487.536000 1.000000
1984.656000 2072.864000 2051.520000 2373.136000 1.000000
1987.696000 2087.040000 2055.120000 2385.920000 1.000000
2076.736000 741.995200 2056.064000 1090.689600 1.000000
1991.344000 2079.088000 2056.080000 2377.216000 1.000000
2058.496000 997.427200 2056.224000 1300.115200 1.000000
1982.224000 2211.136000 2056.320000 2519.280000 1.000000
1962.208000 2503.200000 2056.592000 2848.560000 1.000000
1978.224000 2285.152000 2057.408000 2602.624000 1.000000
1991.248000 2102.448000 2058.848000 2402.864000 1.000000
1981.216000 2248.032000 2059.184000 2556.288000 1.000000
1989.472000 2158.064000 2060.544000 2460.176000 1.000000
2086.400000 728.604800 2060.896000 1077.675200 1.000000
1998.128000 2036.096000 2062.032000 2332.656000 1.000000
1985.216000 2224.528000 2062.096000 2530.864000 1.000000
2060.704000 1082.193600 2062.272000 1382.696000 1.000000
2018.176000 1748.016000 2062.928000 2023.536000 1.000000
2021.504000 1707.120000 2063.072000 1982.176000 1.000000
2030.384000 1577.268800 2064.480000 1849.648000 1.000000
1997.376000 2107.232000 2064.992000 2404.224000 1.000000
2025.184000 1674.592000 2065.184000 1948.592000 1.000000
1999.680000 2057.536000 2066.208000 2355.792000 1.000000
1992.768000 2195.472000 2067.776000 2499.680000 1.000000
2035.056000 1567.595200 2067.872000 1839.904000 1.000000
2091.808000 787.462400 2068.480000 1131.038400 1.000000
1973.152000 2513.120000 2068.800000 2859.120000 1.000000
2002.032000 2079.712000 2069.008000 2377.616000 1.000000
2019.520000 1816.256000 2069.136000 2096.000000 1.000000
2069.360000 1085.537600 2070.208000 1388.361600 1.000000
2024.880000 1755.808000 2070.256000 2030.528000 1.000000
2092.080000 756.910400 2071.632000 1102.832000 1.000000
2031.424000 1675.376000 2071.936000 1949.808000 1.000000
2000.960000 2124.144000 2072.784000 2426.064000 1.000000
2021.968000 1842.464000 2074.064000 2123.856000 1.000000
2041.248000 1563.833600 2074.432000 1835.616000 1.000000
2010.960000 2015.344000 2076.064000 2312.096000 1.000000
2027.824000 1795.952000 2076.880000 2072.096000 1.000000
2005.904000 2166.368000 2078.400000 2468.112000 1.000000
2008.208000 2113.744000 2078.656000 2411.872000 1.000000
2097.488000 777.048000 2078.784000 1121.712000 1.000000
2039.328000 1682.608000 2080.336000 1953.856000 1.000000
2080.080000 1103.913600 2081.968000 1406.192000 1.000000
1989.728000 2489.184000 2083.792000 2832.608000 1.000000
2127.488000 411.897600 2084.624000 801.648000 1.000000
2048.864000 1615.280000 2085.168000 1888.576000 1.000000
2018.496000 2068.672000 2086.128000 2365.536000 1.000000
2025.776000 1971.472000 2086.384000 2263.136000 1.000000
2043.392000 1733.872000 2088.000000 2008.384000 1.000000
2036.064000 1856.096000 2088.064000 2138.624000 1.000000
2035.040000 1871.088000 2088.576000 2154.304000 1.000000
1993.056000 2518.912000 2089.248000 2864.560000 1.000000
2057.136000 1590.683200 2090.960000 1863.680000 1.000000
2015.712000 2213.504000 2091.024000 2521.264000 1.000000
2049.664000 1689.904000 2091.456000 1964.288000 1.000000
1995.040000 2506.688000 2091.680000 2848.208000 1.000000
2002.160000 2415.600000 2091.760000 2748.688000 1.000000
2025.440000 2060.848000 2091.888000 2357.776000 1.000000
2023.232000 2096.592000 2092.112000 2393.168000 1.000000
1992.240000 2563.904000 2092.864000 2911.936000 1.000000
2061.488000 1532.892800 2093.664000 1805.728000 1.000000
2051.088000 1740.336000 2095.328000 2013.504000 1.000000
2005.664000 2430.704000 2095.344000 2764.464000 1.000000
2047.696000 1769.024000 2095.856000 2045.168000 1.000000
2051.456000 1793.408000 2100.080000 2068.960000 1.000000
2045.840000 1923.536000 2100.816000 2209.712000 1.000000
2068.624000 1588.070400 2102.816000 1859.568000 1.000000
2048.704000 1886.112000 2103.632000 2169.856000 1.000000
2032.704000 2128.176000 2104.992000 2425.648000 1.000000
2106.224000 1134.750400 2105.040000 1435.588800 1.000000
1996.656000 2656.384000 2105.360000 3000.608000 1.000000
2069.088000 1607.232000 2105.648000 1877.664000 1.000000
2050.496000 1904.688000 2106.768000 2189.888000 1.000000
2054.464000 1854.400000 2106.800000 2135.440000 1.000000
2043.376000 2038.784000 2108.752000 2334.272000 1.000000
2014.864000 2474.864000 2109.696000 2814.384000 1.000000
2075.344000 1562.772800 2110.016000 1833.856000 1.000000
2061.104000 1800.000000 2110.288000 2076.080000 1.000000
2063.776000 1754.048000 2110.528000 2027.728000 1.000000
2081.344000 1535.233600 2110.928000 1805.488000 1.000000
2056.096000 1894.912000 2111.808000 2178.672000 1.000000
2039.552000 2148.384000 2115.104000 2445.424000 1.000000
2064.736000 1770.176000 2115.312000 2042.608000 1.000000
2050.064000 2045.504000 2116.016000 2338.752000 1.000000
2064.608000 1863.808000 2117.568000 2145.776000 1.000000
2064.256000 1885.616000 2119.152000 2168.368000 1.000000
2020.944000 2516.448000 2119.600000 2859.456000 1.000000
2055.824000 2021.216000 2120.192000 2316.448000 1.000000
2066.336000 1921.360000 2122.896000 2205.568000 1.000000
2020.448000 2555.408000 2123.168000 2899.376000 1.000000
2086.800000 1621.376000 2124.160000 1893.760000 1.000000
2076.848000 1787.312000 2124.176000 2061.824000 1.000000
2048.544000 2209.728000 2126.208000 2512.832000 1.000000
2028.816000 2506.288000 2126.400000 2849.120000 1.000000
2071.520000 1914.080000 2129.728000 2201.152000 1.000000
2052.400000 2228.576000 2131.520000 2533.920000 1.000000
2031.664000 2519.952000 2133.120000 2863.744000 1.000000
2091.280000 1687.248000 2133.152000 1957.376000 1.000000
2041.968000 2407.568000 2133.504000 2738.896000 1.000000
2101.488000 1546.742400 2133.648000 1816.960000 1.000000
2084.384000 1804.832000 2134.160000 2082.000000 1.000000
2040.544000 2441.840000 2134.704000 2775.856000 1.000000
2072.256000 2019.440000 2137.728000 2314.096000 1.000000
2048.240000 2377.648000 2139.888000 2703.808000 1.000000
2079.760000 1934.272000 2140.384000 2220.144000 1.000000
2088.560000 1830.240000 2140.864000 2107.328000 1.000000
2110.672000 1531.121600 2140.880000 1801.888000 1.000000
2039.168000 2543.488000 2141.056000 2886.816000 1.000000
2084.128000 1921.808000 2141.120000 2204.720000 1.000000
2084.432000 1906.448000 2141.232000 2190.400000 1.000000
2107.008000 1605.072000 2142.816000 1873.344000 1.000000
2081.008000 1998.080000 2144.688000 2289.840000 1.000000
2065.616000 2211.712000 2144.864000 2513.360000 1.000000
2092.752000 1837.696000 2145.824000 2113.568000 1.000000
2043.568000 2561.584000 2147.536000 2907.872000 1.000000
2134.976000 1291.518400 2147.568000 1611.504000 1.000000
2095.664000 1852.704000 2149.344000 2132.016000 1.000000
2088.048000 1966.512000 2149.408000 2254.656000 1.000000
2087.952000 1990.096000 2151.216000 2279.392000 1.000000
2097.568000 1871.520000 2151.904000 2152.416000 1.000000
2107.728000 1728.832000 2151.936000 2001.552000 1.000000
2117.600000 1577.862400 2152.320000 1848.448000 1.000000
2045.520000 2608.048000 2153.808000 2955.296000 1.000000
2101.888000 1828.512000 2153.936000 2104.976000 1.000000
2108.736000 1743.504000 2154.032000 2015.312000 1.000000
2063.424000 2407.792000 2154.464000 2736.368000 1.000000
2075.408000 2200.288000 2154.608000 2501.488000 1.000000
2100.896000 1889.840000 2157.024000 2172.112000 1.000000
2072.784000 2291.760000 2157.376000 2604.160000 1.000000
2101.072000 1918.672000 2159.200000 2202.608000 1.000000
2081.392000 2176.208000 2159.424000 2475.168000 1.000000
2053.424000 2596.928000 2159.792000 2941.632000 1.000000
2098.464000 1970.144000 2160.224000 2257.664000 1.000000
2096.544000 1996.688000 2160.592000 2285.952000 1.000000
2150.736000 1253.081600 2161.232000 1572.744000 1.000000
2074.880000 2309.792000 2161.472000 2625.920000 1.000000
2078.064000 2255.936000 2161.952000 2561.792000 1.000000
2060.064000 2563.376000 2163.408000 2905.456000 1.000000
2108.944000 1867.568000 2163.488000 2146.768000 1.000000
2079.808000 2271.600000 2164.272000 2581.328000 1.000000
2075.024000 2333.008000 2164.624000 2651.456000 1.000000
2090.528000 2139.296000 2166.016000 2434.144000 1.000000
2056.880000 2609.024000 2166.080000 2954.480000 1.000000
2076.912000 2392.144000 2166.256000 2717.376000 1.000000
2116.000000 1828.688000 2168.080000 2104.688000 1.000000
2091.856000 2162.400000 2169.888000 2458.080000 1.000000
2105.840000 2000.464000 2170.032000 2291.408000 1.000000
2130.784000 1663.600000 2170.976000 1932.288000 1.000000
2087.104000 2279.216000 2171.680000 2590.096000 1.000000
2123.328000 1791.488000 2173.344000 2061.792000 1.000000
2125.280000 1786.032000 2174.704000 2058.944000 1.000000
2134.016000 1676.832000 2175.136000 1944.800000 1.000000
2068.016000 2579.648000 2176.592000 2923.808000 1.000000
2089.184000 2331.584000 2178.768000 2650.752000 1.000000
2119.312000 1930.352000 2179.136000 2214.528000 1.000000
2097.536000 2240.704000 2179.984000 2545.248000 1.000000
2104.416000 2189.088000 2182.272000 2488.320000 1.000000
2133.920000 1824.000000 2183.776000 2099.008000 1.000000
2074.464000 2606.928000 2184.912000 2951.472000 1.000000
2131.888000 1867.712000 2187.552000 2145.776000 1.000000
2138.416000 1792.368000 2187.680000 2066.000000 1.000000
2098.992000 2324.368000 2187.872000 2641.376000 1.000000
2097.728000 2357.200000 2188.288000 2678.704000 1.000000
2105.856000 2245.792000 2189.088000 2551.136000 1.000000
2097.920000 2373.616000 2189.760000 2696.128000 1.000000
2102.832000 2298.720000 2190.080000 2611.216000 1.000000
2097.360000 2387.184000 2190.640000 2710.592000 1.000000
2113.376000 2164.208000 2190.992000 2460.192000 1.000000
2108.768000 2256.896000 2191.728000 2564.416000 1.000000
2113.616000 2179.216000 2191.824000 2477.216000 1.000000
2113.664000 2193.024000 2192.848000 2492.192000 1.000000
2114.064000 2210.080000 2194.928000 2510.880000 1.000000
2105.440000 2334.528000 2195.024000 2653.536000 1.000000
2113.280000 2226.720000 2195.104000 2529.456000 1.000000
2137.312000 1940.768000 2195.616000 2225.184000 1.000000
2126.352000 2107.232000 2199.392000 2399.648000 1.000000
2144.480000 1863.552000 2200.384000 2140.336000 1.000000
2177.072000 1335.900800 2200.512000 1249.348800 1.000000
2107.936000 2381.456000 2201.200000 2703.744000 1.000000
2122.720000 2187.184000 2202.368000 2486.032000 1.000000
2121.504000 2235.808000 2204.672000 2539.744000 1.000000
2106.960000 2468.608000 2206.304000 2802.000000 1.000000
2120.592000 2281.456000 2207.504000 2592.448000 1.000000
2119.088000 2306.064000 2207.664000 2620.256000 1.000000
2151.952000 1876.816000 2207.744000 2155.488000 1.000000
2117.664000 2336.928000 2208.960000 2655.296000 1.000000
2124.672000 2312.016000 2214.048000 2626.576000 1.000000
2117.168000 2430.048000 2214.560000 2756.128000 1.000000
2129.296000 2281.872000 2216.576000 2593.104000 1.000000
2126.160000 2324.512000 2217.136000 2642.352000 1.000000
2137.728000 2237.616000 2222.048000 2541.904000 1.000000
2141.584000 2270.816000 2228.528000 2578.912000 1.000000
2146.432000 2196.112000 2229.072000 2495.216000 1.000000
2145.312000 2343.792000 2234.560000 2661.168000 1.000000
2155.088000 2227.296000 2237.488000 2528.576000 1.000000
2165.024000 2155.536000 2242.960000 2451.104000 1.000000
2168.192000 2144.080000 2246.256000 2438.928000 1.000000
2144.288000 2499.808000 2249.760000 2835.520000 1.000000
2161.728000 2615.808000 2276.352000 2955.872000 1.000000
2287.104000 1008.700800 2285.904000 947.396800 1.000000
2295.808000 990.500800 2290.656000 933.116800 1.000000
2301.328000 934.806400 2293.312000 888.398400 1.000000
2294.656000 1033.849600 2294.368000 973.772800 1.000000
2268.080000 1404.668800 2298.704000 1252.489600 1.000000
2301.968000 1017.454400 2298.992000 953.544000 1.000000
2184.976000 2663.808000 2304.464000 2998.304000 1.000000
2280.288000 1360.078400 2304.528000 1212.416000 1.000000
2300.976000 1441.275200 2331.552000 1281.064000 1.000000
2343.088000 932.192000 2333.360000 880.182400 1.000000
2351.520000 908.654400 2339.296000 860.067200 1.000000
2313.536000 1376.064000 2339.456000 1221.262400 1.000000
2321.600000 1368.657600 2346.144000 1213.817600 1.000000
2365.168000 897.472000 2350.288000 849.771200 1.000000
2335.152000 1405.377600 2362.208000 1248.376000 1.000000
2381.088000 894.348800 2365.120000 844.680000 1.000000
2366.048000 1277.971200 2372.464000 1137.862400 1.000000
2396.736000 876.534400 2378.688000 828.169600 1.000000
2358.672000 1494.305600 2392.416000 1334.609600 1.000000
2369.152000 1602.160000 2411.296000 1431.030400 1.000000
2433.888000 872.480000 2413.024000 820.288000 1.000000
2432.944000 859.076800 2413.168000 806.193600 1.000000
2402.992000 1362.539200 2423.600000 1205.804800 1.000000
2455.776000 770.056000 2426.608000 732.344000 1.000000
2453.248000 906.276800 2435.152000 840.952000 1.000000
2396.128000 1691.952000 2440.160000 1501.736000 1.000000
2417.328000 1479.838400 2448.464000 1310.668800 1.000000
2418.880000 1493.379200 2450.656000 1324.008000 1.000000
2476.544000 939.592000 2459.952000 861.995200 1.000000
2458.672000 1225.992000 2467.504000 1073.984000 1.000000
2483.280000 1054.937600 2475.232000 943.969600 1.000000
2489.888000 1120.251200 2489.120000 990.588800 1.000000
2459.152000 1550.049600 2493.872000 1367.707200 1.000000
2464.304000 1543.784000 2497.968000 1361.766400 1.000000
2451.856000 1678.512000 2498.736000 1490.219200 1.000000
2492.592000 1284.067200 2503.920000 1120.280000 1.000000
2501.136000 1270.062400 2510.560000 1108.876800 1.000000
2521.568000 1120.563200 2517.072000 987.809600 1.000000
2540.896000 926.419200 2518.784000 834.964800 1.000000
2542.848000 900.979200 2519.376000 807.208000 1.000000
2518.336000 1278.065600 2528.176000 1111.940800 1.000000
2524.416000 1240.364800 2531.648000 1080.952000 1.000000
2531.952000 1204.078400 2534.416000 1051.395200 1.000000
2536.224000 1184.473600 2537.040000 1035.982400 1.000000
2544.272000 1257.449600 2550.960000 1093.472000 1.000000
2528.000000 1438.032000 2552.160000 1254.067200 1.000000
2568.688000 961.774400 2553.120000 866.968000 1.000000
2537.040000 1210.899200 2555.904000 1099.520000 1.000000
2492.544000 1886.496000 2556.272000 1679.408000 1.000000
2548.176000 1314.268800 2559.664000 1141.828800 1.000000
2496.880000 1908.848000 2562.880000 1700.224000 1.000000
2559.392000 1335.508800 2572.400000 1159.692800 1.000000
2566.176000 1363.932800 2582.400000 1184.190400 1.000000
2571.232000 1360.764800 2586.128000 1180.481600 1.000000
2525.360000 1909.296000 2591.456000 1693.216000 1.000000
2569.552000 1467.076800 2593.776000 1274.564800 1.000000
2593.696000 1250.305600 2596.752000 1084.126400 1.000000
2542.080000 1798.400000 2597.360000 1582.500800 1.000000
2578.496000 1412.014400 2597.392000 1224.366400 1.000000
2581.824000 1453.625600 2604.432000 1260.153600 1.000000
2570.416000 1586.801600 2605.024000 1381.539200 1.000000
2587.984000 1393.593600 2605.408000 1208.657600 1.000000
2576.896000 1517.995200 2605.808000 1319.496000 1.000000
2591.040000 1383.508800 2607.456000 1199.108800 1.000000
2597.504000 1390.336000 2608.256000 1186.942400 1.000000
2599.616000 1400.584000 2616.560000 1213.028800 1.000000
2552.240000 1921.408000 2618.784000 1699.248000 1.000000
2609.664000 1321.563200 2618.816000 1143.937600 1.000000
2598.896000 1495.124800 2624.608000 1295.073600 1.000000
2585.056000 1506.694400 2627.984000 1364.192000 1.000000
2599.968000 1559.852800 2631.648000 1354.219200 1.000000
2606.992000 1494.043200 2632.336000 1293.740800 1.000000
2573.552000 1878.656000 2635.280000 1653.904000 1.000000
2570.512000 1919.520000 2636.608000 1693.616000 1.000000
2609.600000 1513.864000 2636.944000 1311.281600 1.000000
2594.432000 1685.808000 2638.704000 1468.187200 1.000000
2601.280000 1702.096000 2646.304000 1485.539200 1.000000
2626.416000 1513.083200 2652.640000 1308.851200 1.000000
2607.344000 1593.644800 2654.512000 1360.721600 1.000000
2620.912000 1588.912000 2654.704000 1377.505600 1.000000
2595.936000 1848.256000 2654.912000 1620.800000 1.000000
2608.048000 1772.720000 2659.840000 1549.760000 1.000000
2622.896000 1654.864000 2663.040000 1437.811200 1.000000
2604.496000 1842.320000 2663.232000 1613.520000 1.000000
2622.272000 1687.760000 2664.864000 1468.593600 1.000000
2607.808000 1915.088000 2672.976000 1682.992000 1.000000
2615.200000 1845.760000 2673.504000 1616.768000 1.000000
2622.272000 1834.608000 2677.520000 1602.320000 1.000000
2644.096000 1717.584000 2678.224000 1453.764800 1.000000
2629.536000 1764.224000 2679.312000 1537.694400 1.000000
2645.808000 1663.584000 2686.096000 1443.630400 1.000000
2642.720000 1707.280000 2687.296000 1484.193600 1.000000
2635.136000 1797.600000 2688.688000 1569.865600 1.000000
2649.136000 1684.912000 2691.440000 1462.851200 1.000000
2626.960000 1913.072000 2691.456000 1677.760000 1.000000
2628.480000 1902.928000 2691.648000 1667.424000 1.000000
2628.416000 1925.808000 2694.528000 1690.304000 1.000000
2638.480000 1843.360000 2695.680000 1611.264000 1.000000
2646.080000 1774.864000 2696.928000 1545.974400 1.000000
2635.296000 1908.944000 2698.784000 1672.976000 1.000000
2650.720000 1751.824000 2699.344000 1523.459200 1.000000
2670.448000 1760.224000 2718.800000 1530.059200 1.000000
2662.336000 1828.080000 2718.816000 1593.667200 1.000000
2673.968000 1792.080000 2725.776000 1558.691200 1.000000
2667.216000 1867.152000 2726.768000 1629.136000 1.000000
2667.664000 1895.168000 2729.728000 1654.432000 1.000000
2671.600000 1860.400000 2730.064000 1622.720000 1.000000
2677.696000 1803.744000 2730.512000 1569.448000 1.000000
2675.744000 1849.872000 2732.096000 1612.256000 1.000000
2675.472000 1838.048000 2732.192000 1601.808000 1.000000
2672.992000 1899.584000 2735.584000 1657.520000 1.000000
2682.064000 1824.928000 2737.312000 1589.276800 1.000000
2678.992000 1858.928000 2737.408000 1620.688000 1.000000
2676.320000 1905.232000 2739.456000 1662.832000 1.000000
2680.400000 1897.520000 2743.056000 1655.120000 1.000000
2684.720000 1857.200000 2743.216000 1618.320000 1.000000
2684.560000 1910.112000 2747.936000 1665.920000 1.000000
2690.864000 1855.280000 2748.416000 1615.360000 1.000000
2692.304000 1840.944000 2748.656000 1602.272000 1.000000
2687.120000 1895.824000 2749.552000 1652.480000 1.000000
2686.784000 1917.648000 2751.552000 1672.272000 1.000000
2705.072000 1774.784000 2755.056000 1539.536000 1.000000
2693.376000 1894.896000 2755.536000 1650.864000 1.000000
2703.840000 1832.608000 2758.624000 1593.172800 1.000000
2743.872000 1910.064000 2806.304000 1657.136000 1.000000
2749.472000 1907.376000 2812.048000 1654.624000 1.000000
2712.032000 2456.592000 2832.704000 2224.864000 1.000000
3001.152000 2378.880000 3112.320000 1992.432000 1.000000
3358.496000 1463.627200 3348.928000 1064.115200 1.000000
3446.720000 1431.262400 3426.992000 1033.929600 1.000000
3452.800000 1421.596800 3430.624000 1024.486400 1.000000
3448.736000 1448.870400 3431.536000 1049.140800 1.000000
3584.176000 2154.016000 3660.320000 1669.008000 1.000000
3603.024000 2193.056000 3683.248000 1704.336000 1.000000
3608.176000 2184.640000 3688.256000 1697.072000 1.000000
