18.538080 1074.979200 20.995040 2762.272000 1.000000
49.721280 600.688000 87.328800 2269.232000 1.000000
40.234720 298.470400 136.350240 2022.304000 1.000000
45.657280 283.803200 144.580640 2008.736000 1.000000
280.548800 980.374400 259.406400 2537.904000 1.000000
174.588800 3004.320000 259.766400 2558.880000 1.000000
274.094400 917.112000 265.880000 2468.112000 1.000000
305.075200 958.947200 290.294400 2509.152000 1.000000
329.376000 980.926400 311.348800 2532.496000 1.000000
381.113600 919.147200 377.292800 2459.712000 1.000000
329.524800 389.811200 392.504000 2122.752000 1.000000
379.891200 393.937600 443.139200 2118.640000 1.000000
368.132800 343.516800 443.963200 2074.416000 1.000000
396.956800 379.537600 459.987200 2103.344000 1.000000
437.412800 362.150400 503.547200 2081.904000 1.000000
453.704000 340.819200 522.200000 2061.584000 1.000000
508.718400 216.956800 592.443200 1951.760000 1.000000
655.068800 248.948800 727.179200 1967.680000 1.000000
835.363200 963.169600 847.132800 2461.104000 1.000000
872.752000 964.508800 889.521600 2455.776000 1.000000
913.982400 941.336000 933.220800 2430.560000 1.000000
890.625600 214.072000 950.859200 1906.768000 1.000000
935.798400 166.804800 998.537600 1862.816000 1.000000
991.204800 985.771200 1005.636800 2471.040000 1.000000
943.665600 163.812800 1006.244800 1858.640000 1.000000
997.260800 465.528000 1037.230400 2105.568000 1.000000
1011.185600 523.755200 1042.801600 2165.664000 1.000000
1017.345600 499.531200 1051.785600 2139.280000 1.000000
1016.960000 427.628800 1056.995200 2077.728000 1.000000
1046.819200 950.336000 1071.652800 2425.152000 1.000000
1048.756800 965.876800 1073.947200 2441.616000 1.000000
1027.870400 224.838400 1079.054400 1900.304000 1.000000
1057.929600 468.384000 1092.990400 2112.032000 1.000000
1067.014400 298.827200 1110.332800 1959.648000 1.000000
1101.664000 289.556800 1144.867200 1944.784000 1.000000
1182.460800 276.808000 1220.088000 1923.248000 1.000000
1342.404800 236.832000 1363.488000 1916.800000 1.000000
1368.499200 424.947200 1384.827200 2081.152000 1.000000
1396.635200 535.160000 1414.838400 2160.656000 1.000000
1407.123200 713.019200 1438.171200 2235.632000 1.000000
1428.828800 554.043200 1447.640000 2173.280000 1.000000
1485.363200 440.806400 1505.889600 2081.168000 1.000000
1575.867200 780.768000 1608.080000 2273.696000 1.000000
1762.624000 409.832000 1752.880000 2031.808000 1.000000
1763.968000 382.104000 1753.232000 2007.056000 1.000000
1751.120000 544.052800 1754.256000 2135.872000 1.000000
1762.800000 524.708800 1763.328000 2115.728000 1.000000
1796.096000 190.875200 1766.928000 1841.136000 1.000000
1663.552000 1572.668800 1776.096000 2976.144000 1.000000
1792.112000 360.024000 1777.552000 1981.840000 1.000000
1840.240000 298.572800 1815.904000 1912.064000 1.000000
1761.712000 1047.571200 1824.240000 2459.536000 1.000000
1858.160000 374.865600 1838.992000 1982.320000 1.000000
1866.768000 295.326400 1839.008000 1905.856000 1.000000
1856.624000 385.232000 1839.376000 1990.544000 1.000000
1868.144000 339.406400 1844.608000 1947.904000 1.000000
1870.544000 451.028800 1860.432000 2041.552000 1.000000
1811.952000 945.377600 1868.128000 2345.648000 1.000000
1893.024000 353.654400 1868.768000 1958.480000 1.000000
1888.272000 411.241600 1871.280000 2008.736000 1.000000
1905.696000 293.985600 1873.856000 1902.672000 1.000000
1896.528000 388.292800 1876.048000 1989.984000 1.000000
1904.528000 379.564800 1882.496000 1981.504000 1.000000
1914.416000 324.174400 1884.896000 1927.440000 1.000000
1927.328000 287.419200 1892.080000 1894.832000 1.000000
1788.912000 1388.368000 1893.776000 2882.000000 1.000000
1917.024000 386.316800 1895.552000 1985.056000 1.000000
1926.368000 377.894400 1901.152000 1973.728000 1.000000
1853.136000 956.147200 1912.288000 2354.000000 1.000000
1859.072000 980.030400 1920.048000 2374.512000 1.000000
1908.016000 1001.366400 1975.264000 2392.976000 1.000000
1906.032000 1044.926400 1977.200000 2442.128000 1.000000
1909.584000 1021.224000 1979.552000 2412.176000 1.000000
1916.848000 989.280000 1981.840000 2378.512000 1.000000
2338.832000 44.600160 1986.288000 1592.540800 1.000000
1916.528000 1030.894400 1987.360000 2423.072000 1.000000
1911.424000 1093.806400 1988.320000 2501.280000 1.000000
1926.544000 1085.984000 2004.800000 2490.784000 1.000000
2084.928000 111.584800 2010.768000 1729.600000 1.000000
2035.472000 451.667200 2012.048000 2016.224000 1.000000
2000.320000 722.710400 2014.896000 2181.792000 1.000000
2067.904000 321.577600 2020.288000 1901.424000 1.000000
1940.592000 1111.694400 2020.976000 2519.216000 1.000000
2083.232000 213.118400 2023.968000 1798.384000 1.000000
1995.472000 769.752000 2025.808000 2215.760000 1.000000
2103.872000 139.685920 2030.112000 1747.968000 1.000000
1888.128000 1559.086400 2041.040000 2930.304000 1.000000
1963.104000 1100.844800 2045.056000 2504.288000 1.000000
1965.200000 1084.769600 2045.104000 2484.464000 1.000000
1976.928000 1013.550400 2047.344000 2398.224000 1.000000
1933.760000 1346.441600 2051.936000 2815.312000 1.000000
1983.616000 1000.718400 2053.568000 2383.952000 1.000000
1939.696000 1334.459200 2055.712000 2798.512000 1.000000
1936.592000 1361.065600 2057.984000 2831.104000 1.000000
1937.024000 1382.689600 2060.944000 2856.496000 1.000000
1978.640000 1098.696000 2062.448000 2500.336000 1.000000
1989.136000 1062.136000 2069.168000 2451.328000 1.000000
2005.216000 1000.009600 2076.352000 2378.672000 1.000000
1955.792000 1359.411200 2079.184000 2823.456000 1.000000
2014.384000 1156.016000 2101.376000 2574.720000 1.000000
1993.568000 1283.451200 2104.512000 2729.792000 1.000000
2008.208000 1269.116800 2118.464000 2710.192000 1.000000
1973.264000 1590.891200 2146.864000 2953.616000 1.000000
2080.080000 1103.913600 2169.296000 2496.992000 1.000000
2008.208000 1603.376000 2191.216000 2971.584000 1.000000
2030.384000 1577.268800 2212.128000 2933.008000 1.000000
2068.624000 1588.070400 2259.248000 2945.344000 1.000000
2113.280000 1544.900800 2301.648000 2884.480000 1.000000
