18.538080 1074.979200 26.753120 2094.880000 1.000000
50.627840 1884.736000 47.902560 2814.032000 1.000000
113.706400 1938.352000 108.346080 2876.112000 1.000000
159.365600 1939.472000 156.744480 2879.008000 1.000000
197.372800 1948.256000 196.419200 2882.160000 1.000000
202.548800 1935.872000 205.030400 2869.840000 1.000000
265.462400 2009.136000 260.187200 2947.152000 1.000000
272.601600 1980.208000 271.596800 2917.136000 1.000000
284.264000 2032.432000 277.496000 2970.496000 1.000000
288.795200 2009.872000 285.481600 2946.416000 1.000000
45.657280 283.803200 288.361600 1417.209600 1.000000
39.138240 248.856000 293.686400 1380.840000 1.000000
307.552000 2036.272000 302.864000 2972.816000 1.000000
321.545600 1997.600000 320.224000 2931.584000 1.000000
350.948800 2038.896000 347.392000 2976.912000 1.000000
345.369600 2003.040000 348.128000 2939.248000 1.000000
166.568000 619.451200 355.123200 1672.064000 1.000000
170.254400 613.390400 359.297600 1667.168000 1.000000
375.075200 2036.096000 374.750400 2971.008000 1.000000
207.174400 621.947200 392.681600 1670.448000 1.000000
217.326400 625.208000 400.873600 1675.072000 1.000000
219.780800 616.342400 404.272000 1666.832000 1.000000
217.772800 608.340800 404.752000 1660.096000 1.000000
226.312000 614.675200 410.603200 1664.672000 1.000000
410.244800 1996.160000 416.200000 2928.800000 1.000000
236.416000 616.211200 419.467200 1665.920000 1.000000
238.849600 606.121600 422.209600 1656.128000 1.000000
305.075200 958.947200 451.913600 1891.968000 1.000000
256.014400 315.828800 470.800000 1449.539200 1.000000
329.376000 980.926400 471.440000 1913.376000 1.000000
341.369600 904.232000 493.600000 1842.032000 1.000000
364.548800 990.278400 504.176000 1920.704000 1.000000
373.160000 1005.793600 509.782400 1934.640000 1.000000
374.108800 987.984000 514.968000 1917.760000 1.000000
321.040000 371.251200 518.339200 1509.433600 1.000000
323.843200 294.081600 529.286400 1443.070400 1.000000
391.492800 968.318400 532.513600 1896.384000 1.000000
393.046400 923.160000 539.809600 1855.856000 1.000000
394.643200 915.435200 543.075200 1848.800000 1.000000
413.980800 916.867200 560.544000 1851.104000 1.000000
368.132800 343.516800 569.819200 1483.440000 1.000000
379.891200 393.937600 571.817600 1524.376000 1.000000
396.956800 379.537600 586.329600 1511.174400 1.000000
405.448000 420.715200 589.310400 1547.075200 1.000000
412.961600 416.593600 596.465600 1542.174400 1.000000
427.635200 344.878400 618.500800 1479.371200 1.000000
437.412800 362.150400 625.388800 1494.030400 1.000000
437.702400 333.260800 628.110400 1469.388800 1.000000
441.563200 325.606400 631.790400 1463.208000 1.000000
453.704000 340.819200 641.705600 1475.844800 1.000000
463.800000 371.788800 648.150400 1503.014400 1.000000
493.473600 666.083200 653.792000 1693.952000 1.000000
665.417600 1967.168000 693.177600 2888.960000 1.000000
556.520000 640.086400 712.838400 1669.664000 1.000000
590.248000 438.499200 755.004800 1551.892800 1.000000
632.878400 958.852800 762.284800 1874.336000 1.000000
650.940800 1012.772800 773.516800 1923.728000 1.000000
624.086400 424.472000 789.369600 1537.491200 1.000000
678.528000 1002.369600 800.859200 1911.376000 1.000000
714.364800 1021.124800 831.574400 1930.352000 1.000000
676.579200 222.412800 851.716800 1367.979200 1.000000
677.576000 81.982080 861.580800 1262.268800 1.000000
835.142400 2013.232000 872.768000 2930.736000 1.000000
777.043200 520.648000 918.728000 1596.291200 1.000000
803.444800 525.867200 942.070400 1598.758400 1.000000
816.209600 409.232000 960.121600 1515.006400 1.000000
824.107200 477.801600 961.028800 1562.308800 1.000000
917.083200 1951.952000 964.784000 2863.936000 1.000000
872.752000 964.508800 985.316800 1866.288000 1.000000
945.473600 2006.336000 991.715200 2919.584000 1.000000
845.617600 263.302400 995.332800 1395.281600 1.000000
948.977600 1932.000000 998.737600 2840.480000 1.000000
961.256000 1939.952000 1011.448000 2847.760000 1.000000
884.078400 538.720000 1014.400000 1602.224000 1.000000
879.404800 441.129600 1015.806400 1537.416000 1.000000
968.195200 1957.488000 1017.452800 2869.440000 1.000000
891.484800 543.059200 1020.161600 1605.600000 1.000000
971.408000 1895.248000 1020.694400 2795.760000 1.000000
881.302400 128.133280 1032.491200 1285.699200 1.000000
890.625600 214.072000 1035.696000 1352.342400 1.000000
986.542400 1954.800000 1040.027200 2866.096000 1.000000
922.660800 702.352000 1043.291200 1698.720000 1.000000
927.172800 533.294400 1053.652800 1594.008000 1.000000
919.827200 221.366400 1059.867200 1357.020800 1.000000
943.196800 687.782400 1061.860800 1682.800000 1.000000
925.673600 254.385600 1064.542400 1381.931200 1.000000
1008.523200 1824.144000 1071.430400 2695.824000 1.000000
927.148800 130.321440 1072.560000 1284.777600 1.000000
1017.540800 1918.144000 1074.289600 2818.672000 1.000000
932.841600 178.070400 1078.139200 1319.672000 1.000000
1029.104000 1935.376000 1088.465600 2838.816000 1.000000
949.777600 185.809600 1090.152000 1325.198400 1.000000
966.400000 500.884800 1092.798400 1566.984000 1.000000
1041.769600 1943.392000 1096.904000 2852.048000 1.000000
1051.494400 1960.320000 1110.356800 2869.488000 1.000000
997.699200 700.438400 1111.388800 1693.936000 1.000000
1060.585600 1948.608000 1118.860800 2854.816000 1.000000
1011.185600 523.755200 1127.067200 1594.697600 1.000000
1008.320000 417.161600 1131.284800 1509.283200 1.000000
1017.345600 499.531200 1132.937600 1573.016000 1.000000
1016.960000 427.628800 1138.600000 1516.811200 1.000000
1014.062400 254.672000 1141.795200 1376.913600 1.000000
1019.262400 258.404800 1146.507200 1379.552000 1.000000
1089.857600 1944.352000 1150.563200 2848.976000 1.000000
1090.676800 1908.000000 1153.129600 2802.272000 1.000000
1046.891200 404.624000 1165.400000 1493.438400 1.000000
1043.056000 264.928000 1169.646400 1382.996800 1.000000
1047.145600 300.963200 1169.712000 1413.329600 1.000000
1047.619200 192.502400 1174.553600 1325.395200 1.000000
1073.390400 700.760000 1180.651200 1686.912000 1.000000
1062.868800 165.604800 1187.692800 1304.710400 1.000000
1064.542400 291.267200 1187.697600 1403.614400 1.000000
1101.664000 289.556800 1218.393600 1397.699200 1.000000
1119.131200 694.928000 1223.179200 1682.816000 1.000000
1144.041600 278.788800 1253.817600 1385.912000 1.000000
1182.460800 276.808000 1287.316800 1381.344000 1.000000
1187.035200 304.110400 1290.307200 1403.049600 1.000000
1189.936000 295.491200 1293.486400 1395.824000 1.000000
1196.609600 697.219200 1294.400000 1676.928000 1.000000
1205.036800 693.014400 1301.606400 1672.320000 1.000000
1276.174400 699.196800 1366.625600 1677.536000 1.000000
1322.488000 197.192000 1409.924800 1348.297600 1.000000
1337.654400 64.024160 1421.984000 1259.737600 1.000000
1342.404800 236.832000 1426.747200 1376.416000 1.000000
1374.147200 539.225600 1450.459200 1609.840000 1.000000
1377.913600 722.758400 1456.998400 1692.640000 1.000000
1407.123200 713.019200 1486.673600 1682.160000 1.000000
1425.659200 728.528000 1503.484800 1694.656000 1.000000
1439.526400 753.240000 1515.580800 1712.192000 1.000000
1440.200000 714.449600 1516.294400 1680.336000 1.000000
1454.392000 745.576000 1530.044800 1705.968000 1.000000
1462.640000 715.320000 1537.345600 1678.592000 1.000000
1466.574400 705.440000 1540.420800 1670.272000 1.000000
1480.316800 736.172800 1554.596800 1696.368000 1.000000
1504.080000 758.907200 1574.292800 1713.168000 1.000000
1522.681600 744.568000 1591.755200 1701.120000 1.000000
1531.993600 724.779200 1600.112000 1682.816000 1.000000
1605.040000 744.108800 1666.800000 1697.152000 1.000000
1586.156800 1857.696000 1691.856000 2713.920000 1.000000
1662.464000 1136.758400 1735.744000 2033.728000 1.000000
1681.296000 733.336000 1737.120000 1681.152000 1.000000
1683.856000 787.400000 1743.280000 1726.176000 1.000000
1688.224000 796.432000 1746.320000 1733.040000 1.000000
1712.752000 389.268800 1748.896000 1484.782400 1.000000
1695.168000 782.515200 1752.800000 1721.552000 1.000000
1697.248000 759.864000 1752.816000 1703.616000 1.000000
1732.736000 391.520000 1766.560000 1484.318400 1.000000
1720.256000 711.419200 1773.104000 1660.944000 1.000000
1719.216000 786.011200 1774.464000 1723.024000 1.000000
1727.312000 770.987200 1781.216000 1710.544000 1.000000
1774.752000 51.848800 1785.904000 1228.252800 1.000000
1739.504000 725.798400 1789.968000 1669.936000 1.000000
1751.120000 544.052800 1790.192000 1598.009600 1.000000
1762.624000 409.832000 1792.896000 1499.131200 1.000000
1674.272000 1945.104000 1794.320000 2820.912000 1.000000
1780.720000 77.713760 1794.848000 1246.496000 1.000000
1762.800000 524.708800 1799.808000 1580.014400 1.000000
1719.328000 1300.371200 1800.800000 2210.064000 1.000000
1746.960000 808.800000 1801.424000 1739.552000 1.000000
1750.256000 749.868800 1802.256000 1690.032000 1.000000
1792.960000 78.868320 1803.936000 1248.323200 1.000000
1796.096000 190.875200 1812.608000 1319.899200 1.000000
1784.432000 519.144000 1819.584000 1574.246400 1.000000
1702.528000 1824.496000 1820.304000 2662.336000 1.000000
1804.688000 206.878400 1820.736000 1330.822400 1.000000
1794.624000 387.769600 1820.944000 1473.622400 1.000000
1803.456000 258.878400 1821.120000 1366.009600 1.000000
1785.216000 583.244800 1823.728000 1625.792000 1.000000
1798.336000 374.796800 1824.064000 1462.574400 1.000000
1774.640000 796.548800 1825.680000 1728.592000 1.000000
1796.048000 506.350400 1828.688000 1559.344000 1.000000
1811.888000 308.985600 1831.616000 1402.966400 1.000000
1789.136000 765.460800 1837.968000 1701.840000 1.000000
1817.408000 410.268800 1842.192000 1491.392000 1.000000
1795.424000 798.195200 1843.696000 1726.256000 1.000000
1827.536000 373.192000 1850.784000 1459.686400 1.000000
1840.240000 298.572800 1856.048000 1391.496000 1.000000
1835.856000 404.907200 1858.240000 1484.510400 1.000000
1741.920000 1800.752000 1860.400000 2630.048000 1.000000
1750.416000 1805.104000 1868.864000 2635.424000 1.000000
1795.552000 1188.257600 1869.904000 2086.544000 1.000000
1856.624000 385.232000 1875.456000 1466.299200 1.000000
1855.680000 399.692800 1875.744000 1476.281600 1.000000
1759.568000 1786.832000 1877.760000 2613.696000 1.000000
1866.768000 295.326400 1878.960000 1388.201600 1.000000
1854.352000 491.374400 1880.192000 1545.681600 1.000000
1795.856000 1375.268800 1883.920000 2277.936000 1.000000
1769.040000 1767.504000 1887.536000 2587.376000 1.000000
1870.544000 451.028800 1890.112000 1511.950400 1.000000
1826.352000 1161.884800 1899.056000 2053.552000 1.000000
1852.176000 828.310400 1899.104000 1747.824000 1.000000
1762.864000 2041.600000 1904.880000 2938.992000 1.000000
1888.272000 411.241600 1905.296000 1483.948800 1.000000
1893.024000 353.654400 1905.904000 1438.444800 1.000000
1819.408000 1387.668800 1906.336000 2290.592000 1.000000
1853.136000 956.147200 1910.880000 1805.424000 1.000000
1905.696000 293.985600 1911.824000 1384.011200 1.000000
1904.528000 379.564800 1917.328000 1458.715200 1.000000
1910.656000 358.712000 1920.992000 1440.593600 1.000000
1914.416000 324.174400 1921.680000 1408.560000 1.000000
1917.024000 386.316800 1928.016000 1461.385600 1.000000
1927.328000 287.419200 1929.696000 1379.489600 1.000000
1855.120000 1217.628800 1932.512000 2112.800000 1.000000
1816.416000 1715.792000 1932.656000 2528.304000 1.000000
1856.784000 1265.158400 1936.512000 2165.024000 1.000000
1935.744000 303.297600 1938.880000 1386.867200 1.000000
1809.632000 1913.456000 1942.752000 2777.600000 1.000000
1813.568000 1868.624000 1943.952000 2718.672000 1.000000
1810.784000 1932.736000 1946.048000 2802.160000 1.000000
1875.008000 1194.691200 1950.096000 2087.088000 1.000000
1822.928000 1850.576000 1952.368000 2695.120000 1.000000
1879.792000 1207.068800 1954.752000 2101.536000 1.000000
1918.224000 796.713600 1958.880000 1721.216000 1.000000
1954.368000 361.566400 1958.960000 1437.705600 1.000000
1876.176000 1303.672000 1959.456000 2200.480000 1.000000
1908.016000 1001.366400 1964.528000 1839.232000 1.000000
1830.336000 1907.456000 1964.864000 2767.664000 1.000000
1814.288000 2086.688000 1964.912000 2981.648000 1.000000
1904.736000 1031.057600 1964.960000 1869.440000 1.000000
1909.584000 1021.224000 1968.640000 1859.536000 1.000000
1941.248000 766.148800 1976.752000 1696.496000 1.000000
1926.544000 1030.168000 1985.344000 1866.640000 1.000000
1907.264000 1287.417600 1989.248000 2182.976000 1.000000
1926.544000 1085.984000 1989.312000 1926.512000 1.000000
1920.288000 1156.185600 1989.648000 2043.424000 1.000000
1929.008000 1071.705600 1991.600000 1911.024000 1.000000
1921.968000 1179.979200 1994.320000 2070.336000 1.000000
1914.848000 1261.036800 1995.200000 2155.696000 1.000000
1860.896000 1892.544000 1998.112000 2746.096000 1.000000
1912.320000 1350.764800 1999.792000 2246.000000 1.000000
1966.128000 765.307200 2001.392000 1694.272000 1.000000
1897.760000 1547.251200 2002.224000 2345.696000 1.000000
1919.856000 1329.148800 2004.896000 2223.808000 1.000000
1974.112000 755.332800 2008.256000 1684.816000 1.000000
1939.616000 1174.270400 2011.168000 2062.768000 1.000000
1931.504000 1227.164800 2011.200000 2117.600000 1.000000
1867.040000 1980.352000 2014.288000 2862.432000 1.000000
1878.688000 1901.536000 2018.768000 2757.776000 1.000000
1943.232000 1218.003200 2020.032000 2104.960000 1.000000
1982.384000 787.177600 2020.272000 1710.592000 1.000000
1943.920000 1243.284800 2021.408000 2133.616000 1.000000
1947.344000 1198.760000 2021.520000 2086.928000 1.000000
1983.056000 801.660800 2021.856000 1721.024000 1.000000
1990.384000 731.510400 2023.120000 1663.680000 1.000000
1948.240000 1227.241600 2025.328000 2115.616000 1.000000
1939.696000 1334.459200 2025.568000 2227.216000 1.000000
1936.592000 1361.065600 2026.336000 2255.280000 1.000000
1994.960000 744.598400 2028.256000 1674.288000 1.000000
1995.472000 769.752000 2029.584000 1694.992000 1.000000
1994.416000 786.211200 2030.208000 1708.912000 1.000000
1971.840000 1050.169600 2031.376000 1886.240000 1.000000
1974.416000 1031.659200 2031.648000 1867.872000 1.000000
1924.928000 1566.788800 2032.816000 2362.304000 1.000000
1890.208000 1913.504000 2032.848000 2770.464000 1.000000
2050.032000 307.112000 2036.176000 1379.628800 1.000000
1983.616000 1000.718400 2037.712000 1836.880000 1.000000
2035.472000 451.667200 2038.480000 1499.657600 1.000000
1966.368000 1213.937600 2041.328000 2100.976000 1.000000
1906.704000 1832.640000 2041.792000 2666.816000 1.000000
1951.792000 1372.561600 2042.336000 2265.584000 1.000000
1905.712000 1833.856000 2042.368000 2664.176000 1.000000
2338.832000 44.600160 2042.416000 1073.966400 1.000000
1975.888000 1170.822400 2045.984000 2055.568000 1.000000
2067.072000 305.990400 2050.768000 1375.028800 1.000000
2084.928000 111.584800 2051.328000 1225.382400 1.000000
1937.216000 1614.032000 2051.632000 2410.448000 1.000000
2066.448000 329.969600 2053.008000 1400.804800 1.000000
1982.192000 1177.332800 2053.312000 2061.984000 1.000000
2067.904000 321.577600 2054.592000 1392.753600 1.000000
2078.576000 223.844800 2056.592000 1303.593600 1.000000
1945.696000 1562.268800 2056.848000 2357.664000 1.000000
1967.264000 1380.816000 2058.864000 2272.560000 1.000000
2083.232000 213.118400 2059.680000 1294.856000 1.000000
1992.128000 1156.713600 2060.208000 2039.120000 1.000000
2009.760000 984.291200 2062.016000 1819.504000 1.000000
2083.872000 261.566400 2062.256000 1275.950400 1.000000
2006.336000 1046.472000 2063.408000 1880.688000 1.000000
1970.944000 1388.886400 2064.528000 2281.264000 1.000000
1974.144000 1363.966400 2064.608000 2253.072000 1.000000
2065.792000 470.611200 2066.800000 1508.860800 1.000000
2103.872000 139.685920 2070.016000 1244.811200 1.000000
1958.224000 1581.667200 2071.920000 2377.008000 1.000000
1958.096000 1613.920000 2071.920000 2412.704000 1.000000
1952.704000 1669.392000 2074.000000 2473.232000 1.000000
1960.960000 1592.257600 2074.528000 2386.848000 1.000000
2073.440000 472.118400 2074.848000 1508.332800 1.000000
1993.568000 1283.451200 2075.824000 2171.440000 1.000000
1966.448000 1563.408000 2076.112000 2357.120000 1.000000
2025.808000 997.134400 2076.688000 1830.752000 1.000000
1943.056000 1818.848000 2079.184000 2651.088000 1.000000
2052.224000 766.608000 2081.296000 1688.592000 1.000000
1973.264000 1590.891200 2086.496000 2383.056000 1.000000
1955.648000 1761.344000 2087.696000 2576.560000 1.000000
2008.208000 1269.116800 2088.992000 2155.488000 1.000000
2044.192000 958.126400 2091.344000 1795.472000 1.000000
2134.352000 94.970240 2092.304000 1203.960000 1.000000
1953.296000 1837.040000 2094.240000 2671.184000 1.000000
2046.192000 977.222400 2094.304000 1812.544000 1.000000
1959.280000 1805.408000 2096.912000 2629.040000 1.000000
2044.768000 1094.209600 2104.784000 1929.968000 1.000000
1967.312000 1812.496000 2106.032000 2639.120000 1.000000
1951.040000 1976.784000 2108.416000 2852.320000 1.000000
1986.800000 1685.600000 2112.784000 2488.544000 1.000000
1965.200000 1905.920000 2114.384000 2762.256000 1.000000
1979.056000 1783.456000 2115.280000 2604.112000 1.000000
1968.064000 1888.240000 2115.328000 2738.608000 1.000000
1972.560000 1855.680000 2116.464000 2698.464000 1.000000
2060.704000 1082.193600 2120.208000 1914.896000 1.000000
2078.080000 1064.348800 2134.640000 1898.880000 1.000000
1981.168000 1980.320000 2141.632000 2856.320000 1.000000
1993.024000 1869.072000 2141.712000 2711.408000 1.000000
2030.384000 1577.268800 2143.328000 2368.976000 1.000000
1982.208000 1996.848000 2145.616000 2877.552000 1.000000
2025.184000 1674.592000 2150.464000 2475.232000 1.000000
1987.824000 2018.176000 2154.896000 2906.288000 1.000000
1978.480000 2095.264000 2154.928000 2991.760000 1.000000
2008.464000 1847.600000 2154.976000 2682.992000 1.000000
2041.248000 1563.833600 2155.616000 2353.808000 1.000000
2029.056000 1724.192000 2162.480000 2531.760000 1.000000
2039.328000 1682.608000 2166.640000 2486.608000 1.000000
1991.248000 2102.448000 2169.648000 3002.800000 1.000000
1998.128000 2036.096000 2171.248000 2925.344000 1.000000
1999.680000 2057.536000 2174.544000 2949.856000 1.000000
2043.392000 1733.872000 2178.640000 2544.192000 1.000000
2002.032000 2079.712000 2179.216000 2974.400000 1.000000
2029.488000 1849.312000 2179.296000 2684.480000 1.000000
2036.704000 1798.736000 2179.888000 2618.528000 1.000000
2194.656000 482.748800 2182.272000 1454.425600 1.000000
2034.208000 1831.888000 2182.528000 2659.920000 1.000000
2068.624000 1588.070400 2186.032000 2380.976000 1.000000
2035.040000 1871.088000 2188.064000 2714.512000 1.000000
2058.368000 1730.336000 2194.592000 2540.096000 1.000000
2018.496000 2068.672000 2198.288000 2962.736000 1.000000
2045.840000 1923.536000 2202.912000 2779.024000 1.000000
2025.440000 2060.848000 2203.040000 2952.352000 1.000000
2056.240000 1830.368000 2205.120000 2658.784000 1.000000
2048.704000 1886.112000 2205.168000 2731.056000 1.000000
2061.104000 1800.000000 2206.672000 2620.032000 1.000000
2091.120000 1576.923200 2206.752000 2365.392000 1.000000
2119.392000 1316.238400 2207.616000 2222.320000 1.000000
2064.736000 1770.176000 2208.560000 2581.424000 1.000000
2086.800000 1621.376000 2208.912000 2415.456000 1.000000
2068.688000 1782.400000 2213.088000 2596.624000 1.000000
2134.976000 1291.518400 2220.416000 2195.024000 1.000000
2064.256000 1885.616000 2221.616000 2729.504000 1.000000
2143.024000 1281.492800 2227.376000 2179.632000 1.000000
2107.008000 1605.072000 2229.072000 2396.480000 1.000000
2150.736000 1253.081600 2232.576000 2150.768000 1.000000
2093.568000 1772.944000 2236.928000 2584.528000 1.000000
2086.608000 1850.080000 2241.952000 2680.112000 1.000000
2103.264000 1752.912000 2245.472000 2560.640000 1.000000
2129.408000 1570.912000 2248.032000 2358.272000 1.000000
2072.256000 2019.440000 2250.224000 2901.584000 1.000000
2108.736000 1743.504000 2250.704000 2551.680000 1.000000
2104.016000 1803.760000 2253.520000 2623.152000 1.000000
2110.528000 1757.872000 2254.464000 2568.528000 1.000000
2081.008000 1998.080000 2257.232000 2873.472000 1.000000
2088.976000 1932.336000 2257.616000 2788.784000 1.000000
2097.568000 1871.520000 2258.384000 2710.848000 1.000000
2087.952000 1990.096000 2263.824000 2862.400000 1.000000
2100.896000 1889.840000 2264.368000 2731.952000 1.000000
2101.072000 1918.672000 2269.072000 2770.032000 1.000000
2123.328000 1791.488000 2272.416000 2607.328000 1.000000
2142.688000 1691.488000 2279.568000 2490.048000 1.000000
2113.584000 1923.248000 2283.248000 2776.256000 1.000000
2108.528000 1973.472000 2284.560000 2840.640000 1.000000
2119.312000 1930.352000 2290.544000 2784.208000 1.000000
2105.088000 2049.920000 2292.752000 2934.672000 1.000000
2301.328000 934.806400 2300.336000 981.033600 1.000000
2394.384000 855.344000 2395.520000 847.246400 1.000000
2432.944000 859.076800 2402.256000 908.104000 1.000000
2491.696000 2111.360000 2491.888000 1678.048000 1.000000
2476.768000 1824.416000 2574.592000 1460.961600 1.000000
2490.544000 1858.064000 2593.680000 1481.844800 1.000000
2646.944000 1448.681600 2670.144000 1134.256000 1.000000
2604.496000 1842.320000 2697.504000 1419.600000 1.000000
2622.272000 1834.608000 2710.272000 1407.776000 1.000000
2675.744000 1849.872000 2763.520000 1408.347200 1.000000
2702.832000 1854.528000 2790.208000 1404.446400 1.000000
2742.224000 1862.128000 2829.248000 1398.958400 1.000000
3448.736000 1448.870400 3340.032000 740.300800 1.000000
