47.317120 1840.432000 77.640160 2488.864000 1.000000
113.706400 1938.352000 134.926240 2595.504000 1.000000
143.101120 1930.992000 163.728000 2587.504000 1.000000
25.144320 629.198400 168.676800 1393.561600 1.000000
23.896000 591.683200 170.019200 1358.838400 1.000000
159.365600 1939.472000 180.873600 2596.288000 1.000000
23.012320 327.616000 190.929600 1154.451200 1.000000
49.721280 600.688000 193.544000 1366.196800 1.000000
56.032000 588.832000 198.152000 1355.675200 1.000000
45.657280 283.803200 214.422400 1110.489600 1.000000
197.372800 1948.256000 218.832000 2602.912000 1.000000
234.377600 2093.552000 246.433600 2747.808000 1.000000
102.271360 396.612800 253.944000 1208.640000 1.000000
120.631520 620.692800 257.820800 1378.547200 1.000000
248.993600 2095.840000 261.768000 2748.640000 1.000000
240.878400 1955.456000 264.260800 2610.352000 1.000000
135.007200 652.648000 268.766400 1408.260800 1.000000
260.644800 2085.104000 273.913600 2736.640000 1.000000
265.462400 2009.136000 285.804800 2660.688000 1.000000
268.028800 2026.992000 286.315200 2678.832000 1.000000
130.539840 286.774400 290.059200 1109.576000 1.000000
273.009600 2019.280000 291.385600 2670.384000 1.000000
133.758720 285.096000 295.312000 1107.849600 1.000000
282.504000 2026.880000 301.217600 2679.424000 1.000000
281.054400 1993.648000 301.944000 2645.216000 1.000000
283.270400 2015.136000 303.342400 2665.824000 1.000000
288.795200 2009.872000 308.801600 2660.304000 1.000000
307.552000 2036.272000 327.531200 2684.608000 1.000000
198.654400 617.422400 329.894400 1376.683200 1.000000
203.236800 612.158400 334.720000 1372.372800 1.000000
276.513600 1430.086400 336.334400 2122.336000 1.000000
321.545600 1997.600000 343.513600 2647.888000 1.000000
328.883200 2095.312000 345.040000 2744.288000 1.000000
217.326400 625.208000 346.224000 1383.088000 1.000000
287.553600 1420.512000 347.363200 2116.080000 1.000000
292.667200 1434.299200 354.988800 2127.856000 1.000000
340.139200 2056.464000 355.332800 2709.712000 1.000000
340.262400 1939.808000 367.608000 2586.400000 1.000000
350.948800 2038.896000 370.544000 2688.016000 1.000000
366.056000 2177.344000 378.284800 2830.320000 1.000000
281.616000 987.097600 386.280000 1656.288000 1.000000
284.259200 993.694400 388.009600 1663.136000 1.000000
363.553600 1960.224000 388.102400 2606.112000 1.000000
278.374400 929.608000 390.044800 1601.088000 1.000000
269.344000 638.484800 394.721600 1391.593600 1.000000
288.120000 942.364800 397.433600 1612.912000 1.000000
389.339200 2153.760000 403.419200 2803.552000 1.000000
253.891200 300.832000 404.241600 1128.193600 1.000000
393.302400 2197.840000 405.115200 2851.824000 1.000000
382.174400 2017.712000 405.633600 2664.576000 1.000000
262.718400 299.534400 410.723200 1126.528000 1.000000
302.715200 933.444800 411.779200 1604.304000 1.000000
390.888000 2031.488000 412.347200 2679.296000 1.000000
393.340800 2033.568000 415.777600 2680.976000 1.000000
392.747200 1981.024000 418.105600 2626.640000 1.000000
392.619200 2015.696000 418.908800 2660.128000 1.000000
364.686400 1488.256000 419.195200 2174.000000 1.000000
361.617600 1421.628800 420.716800 2111.040000 1.000000
408.294400 2197.584000 420.969600 2851.248000 1.000000
410.244800 1996.160000 433.345600 2642.896000 1.000000
422.494400 2232.752000 433.886400 2891.472000 1.000000
386.272000 1483.672000 440.350400 2170.000000 1.000000
420.900800 2056.080000 440.784000 2703.680000 1.000000
301.889600 297.059200 444.057600 1132.870400 1.000000
341.369600 904.232000 450.803200 1576.560000 1.000000
331.326400 629.779200 454.878400 1380.347200 1.000000
399.044800 1437.648000 458.334400 2124.960000 1.000000
329.524800 389.811200 462.576000 1212.731200 1.000000
411.705600 1488.846400 465.960000 2172.384000 1.000000
330.227200 288.420800 468.844800 1122.804800 1.000000
362.246400 928.331200 469.099200 1595.921600 1.000000
338.985600 386.401600 469.195200 1208.548800 1.000000
373.160000 1005.793600 473.072000 1670.112000 1.000000
367.974400 944.604800 474.648000 1609.712000 1.000000
379.376000 1009.123200 478.443200 1674.032000 1.000000
366.467200 403.198400 494.542400 1221.824000 1.000000
370.596800 411.193600 500.171200 1230.185600 1.000000
394.643200 915.435200 501.147200 1583.633600 1.000000
369.664000 377.553600 501.260800 1198.339200 1.000000
445.433600 1463.251200 501.528000 2146.704000 1.000000
368.132800 343.516800 504.601600 1169.840000 1.000000
387.907200 625.067200 508.716800 1372.756800 1.000000
379.891200 393.937600 511.872000 1212.435200 1.000000
386.323200 421.376000 513.254400 1237.865600 1.000000
387.310400 411.206400 514.955200 1228.976000 1.000000
385.859200 328.097600 516.755200 1154.236800 1.000000
413.980800 916.867200 518.648000 1586.582400 1.000000
396.956800 379.537600 525.131200 1199.563200 1.000000
416.342400 666.248000 532.019200 1407.486400 1.000000
407.526400 427.676800 532.288000 1241.932800 1.000000
407.444800 399.251200 533.944000 1216.201600 1.000000
407.155200 378.699200 534.971200 1198.419200 1.000000
480.016000 1451.862400 536.977600 2133.600000 1.000000
411.830400 350.470400 537.116800 1172.419200 1.000000
412.961600 416.593600 538.126400 1231.030400 1.000000
421.019200 350.320000 548.515200 1172.475200 1.000000
435.340800 649.390400 550.960000 1390.568000 1.000000
441.364800 646.340800 556.958400 1387.073600 1.000000
429.246400 333.262400 557.646400 1156.737600 1.000000
528.880000 1891.680000 561.988800 2527.184000 1.000000
437.412800 362.150400 563.726400 1182.123200 1.000000
438.232000 371.078400 564.625600 1190.348800 1.000000
437.702400 333.260800 565.969600 1156.840000 1.000000
441.563200 325.606400 568.467200 1150.064000 1.000000
462.305600 626.974400 576.380800 1371.723200 1.000000
453.704000 340.819200 580.628800 1163.409600 1.000000
457.155200 363.217600 582.459200 1183.744000 1.000000
463.800000 371.788800 588.456000 1190.555200 1.000000
484.564800 672.297600 595.944000 1411.787200 1.000000
493.473600 666.083200 605.033600 1405.089600 1.000000
508.718400 216.956800 637.473600 1057.953600 1.000000
665.417600 1967.168000 699.115200 2602.624000 1.000000
590.248000 438.499200 699.955200 1242.110400 1.000000
592.412800 515.804800 701.081600 1303.604800 1.000000
633.478400 534.372800 736.633600 1318.083200 1.000000
638.948800 429.723200 749.060800 1230.616000 1.000000
647.278400 506.268800 749.329600 1291.528000 1.000000
661.044800 242.788800 774.305600 1073.476800 1.000000
680.950400 538.784000 779.648000 1316.950400 1.000000
695.059200 507.320000 794.640000 1288.676800 1.000000
700.460800 443.384000 799.764800 1242.851200 1.000000
698.249600 396.987200 801.209600 1203.225600 1.000000
702.707200 487.342400 801.619200 1274.564800 1.000000
707.747200 463.278400 805.484800 1257.345600 1.000000
716.904000 408.500800 817.436800 1213.259200 1.000000
766.892800 1480.046400 820.432000 2143.360000 1.000000
724.291200 538.673600 821.065600 1314.387200 1.000000
733.640000 438.369600 831.284800 1235.043200 1.000000
741.496000 259.678400 844.134400 1085.115200 1.000000
762.684800 533.028800 854.958400 1306.950400 1.000000
769.884800 682.603200 860.905600 1402.473600 1.000000
777.043200 520.648000 870.896000 1293.328000 1.000000
780.968000 416.052800 876.936000 1214.699200 1.000000
805.441600 699.892800 892.091200 1416.793600 1.000000
825.577600 982.067200 905.155200 1621.088000 1.000000
816.209600 409.232000 909.123200 1205.787200 1.000000
824.107200 477.801600 912.281600 1257.088000 1.000000
835.363200 963.169600 914.504000 1603.728000 1.000000
822.625600 367.726400 915.734400 1165.116800 1.000000
843.982400 669.667200 927.580800 1389.539200 1.000000
847.950400 682.980800 929.577600 1400.736000 1.000000
835.294400 252.312000 929.921600 1072.380800 1.000000
845.617600 263.302400 938.838400 1082.284800 1.000000
866.220800 944.358400 943.606400 1584.056000 1.000000
858.220800 428.937600 945.360000 1220.811200 1.000000
877.457600 676.145600 960.008000 1392.384000 1.000000
917.083200 1951.952000 963.185600 2572.944000 1.000000
885.937600 690.657600 965.892800 1404.740800 1.000000
884.825600 449.459200 969.312000 1236.571200 1.000000
886.915200 435.244800 969.884800 1221.542400 1.000000
879.848000 246.763200 970.404800 1064.873600 1.000000
928.190400 2012.528000 971.172800 2633.792000 1.000000
881.302400 128.133280 972.534400 968.569600 1.000000
894.793600 526.648000 976.329600 1290.952000 1.000000
890.625600 214.072000 978.894400 1037.096000 1.000000
887.899200 105.917280 979.497600 950.508800 1.000000
894.014400 129.988960 985.233600 969.073600 1.000000
894.545600 97.394400 985.771200 943.800000 1.000000
907.996800 709.840000 986.744000 1418.937600 1.000000
945.473600 2006.336000 989.993600 2628.288000 1.000000
903.000000 111.690720 993.881600 954.692800 1.000000
909.696000 355.395200 995.296000 1146.147200 1.000000
912.596800 499.084800 1001.416000 1266.329600 1.000000
927.172800 533.294400 1005.811200 1292.692800 1.000000
928.443200 551.249600 1006.212800 1310.017600 1.000000
917.627200 132.272000 1006.347200 968.798400 1.000000
961.256000 1939.952000 1006.582400 2560.192000 1.000000
968.195200 1957.488000 1012.873600 2577.536000 1.000000
927.148800 130.321440 1014.763200 965.467200 1.000000
939.177600 563.632000 1016.636800 1320.441600 1.000000
938.116800 500.787200 1017.203200 1266.027200 1.000000
943.196800 687.782400 1018.240000 1396.883200 1.000000
944.086400 575.697600 1020.867200 1330.742400 1.000000
945.060800 581.115200 1021.558400 1333.622400 1.000000
952.750400 580.928000 1027.489600 1334.220800 1.000000
943.097600 180.481600 1028.419200 1007.862400 1.000000
943.665600 163.812800 1028.908800 993.233600 1.000000
983.769600 1852.432000 1034.228800 2453.600000 1.000000
989.347200 1933.808000 1036.443200 2550.112000 1.000000
967.873600 517.355200 1044.945600 1277.683200 1.000000
975.374400 580.228800 1050.001600 1332.774400 1.000000
1008.523200 1824.144000 1060.857600 2418.592000 1.000000
993.579200 678.035200 1065.612800 1387.268800 1.000000
989.652800 280.024000 1066.894400 1086.659200 1.000000
997.699200 700.438400 1069.968000 1407.512000 1.000000
997.260800 465.528000 1071.968000 1237.824000 1.000000
1030.224000 2002.864000 1077.936000 2618.976000 1.000000
1029.104000 1935.376000 1079.160000 2549.456000 1.000000
1011.185600 523.755200 1082.187200 1289.745600 1.000000
1008.320000 417.161600 1082.659200 1201.505600 1.000000
1032.300800 1378.841600 1086.376000 2034.464000 1.000000
1017.345600 499.531200 1086.881600 1271.011200 1.000000
1015.409600 482.742400 1088.025600 1252.977600 1.000000
1014.636800 273.923200 1088.475200 1079.609600 1.000000
1038.017600 1835.680000 1089.004800 2432.144000 1.000000
1041.769600 1943.392000 1090.100800 2559.456000 1.000000
1019.841600 470.456000 1091.339200 1241.190400 1.000000
1038.561600 1431.411200 1092.017600 2081.520000 1.000000
1022.899200 445.017600 1094.513600 1224.100800 1.000000
1020.864000 243.691200 1095.824000 1054.724800 1.000000
1042.774400 1398.572800 1096.467200 2051.728000 1.000000
1051.216000 1972.368000 1100.337600 2589.664000 1.000000
1049.233600 1922.448000 1100.553600 2533.376000 1.000000
1051.494400 1960.320000 1101.342400 2577.360000 1.000000
1029.944000 472.713600 1101.656000 1243.924800 1.000000
1027.870400 224.838400 1101.777600 1037.928000 1.000000
1036.761600 481.240000 1105.400000 1254.646400 1.000000
1046.977600 541.054400 1114.918400 1310.262400 1.000000
1046.891200 404.624000 1116.256000 1186.616000 1.000000
1054.240000 938.355200 1120.195200 1569.307200 1.000000
1071.899200 1957.248000 1122.736000 2572.192000 1.000000
1057.929600 468.384000 1124.926400 1243.086400 1.000000
1064.060800 947.979200 1130.011200 1576.944000 1.000000
1059.257600 314.300800 1130.358400 1113.225600 1.000000
1061.331200 334.539200 1131.492800 1128.849600 1.000000
1064.542400 291.267200 1134.235200 1092.115200 1.000000
1084.288000 1958.192000 1135.123200 2572.784000 1.000000
1086.056000 1379.308800 1139.222400 2030.112000 1.000000
1073.390400 700.760000 1139.617600 1401.609600 1.000000
1089.857600 1944.352000 1141.067200 2557.072000 1.000000
1090.676800 1908.000000 1142.356800 2515.056000 1.000000
1092.958400 1379.539200 1145.697600 2029.328000 1.000000
1098.024000 1874.416000 1151.001600 2476.496000 1.000000
1099.892800 1934.480000 1151.243200 2545.440000 1.000000
1099.019200 1921.040000 1151.579200 2530.864000 1.000000
1101.272000 1944.848000 1152.600000 2556.848000 1.000000
1102.080000 1878.400000 1155.779200 2478.912000 1.000000
1089.187200 310.638400 1160.648000 1109.713600 1.000000
1109.942400 1870.400000 1163.217600 2469.440000 1.000000
1111.614400 1856.784000 1166.022400 2456.128000 1.000000
1114.190400 1917.936000 1166.284800 2526.352000 1.000000
1101.664000 289.556800 1168.040000 1087.780800 1.000000
1119.131200 694.928000 1180.966400 1396.172800 1.000000
1144.041600 278.788800 1204.958400 1075.712000 1.000000
1149.299200 723.664000 1208.920000 1418.828800 1.000000
1150.736000 715.444800 1210.952000 1412.094400 1.000000
1159.508800 1867.408000 1217.070400 2462.480000 1.000000
1182.460800 276.808000 1238.846400 1071.875200 1.000000
1187.035200 304.110400 1243.086400 1094.267200 1.000000
1194.771200 276.912000 1250.473600 1071.587200 1.000000
1195.411200 725.236800 1252.292800 1416.875200 1.000000
1196.609600 697.219200 1253.288000 1391.670400 1.000000
1204.096000 703.678400 1260.156800 1396.803200 1.000000
1211.664000 715.502400 1266.988800 1405.628800 1.000000
1272.299200 712.721600 1322.744000 1404.683200 1.000000
1290.697600 682.801600 1340.112000 1377.387200 1.000000
1299.356800 747.526400 1347.696000 1429.721600 1.000000
1305.854400 700.211200 1353.971200 1390.899200 1.000000
1344.096000 437.516800 1382.059200 1223.596800 1.000000
1342.404800 236.832000 1384.451200 1056.201600 1.000000
1357.108800 428.240000 1396.067200 1215.558400 1.000000
1355.193600 716.668800 1398.531200 1399.737600 1.000000
1368.499200 424.947200 1402.787200 1213.043200 1.000000
1374.147200 539.225600 1410.872000 1299.760000 1.000000
1381.918400 525.041600 1418.025600 1286.587200 1.000000
1377.913600 722.758400 1418.731200 1407.444800 1.000000
1390.011200 740.187200 1431.486400 1420.336000 1.000000
1396.635200 535.160000 1431.630400 1295.763200 1.000000
1396.480000 727.320000 1436.966400 1409.992000 1.000000
1407.123200 713.019200 1446.872000 1396.753600 1.000000
1423.446400 741.731200 1462.235200 1420.358400 1.000000
1425.481600 714.132800 1463.537600 1396.241600 1.000000
1426.916800 704.022400 1465.216000 1388.368000 1.000000
1454.392000 745.576000 1491.774400 1421.684800 1.000000
1458.910400 735.409600 1495.240000 1413.422400 1.000000
1462.640000 715.320000 1498.443200 1394.083200 1.000000
1473.164800 540.894400 1502.184000 1295.656000 1.000000
1468.835200 747.044800 1503.672000 1420.918400 1.000000
1472.804800 755.539200 1508.350400 1428.334400 1.000000
1480.316800 736.172800 1516.470400 1412.136000 1.000000
1496.323200 529.376000 1520.688000 1289.515200 1.000000
1471.171200 1415.452800 1522.425600 2042.800000 1.000000
1504.779200 727.971200 1537.998400 1404.864000 1.000000
1488.550400 1428.251200 1541.313600 2055.424000 1.000000
1514.096000 514.932800 1545.292800 1276.897600 1.000000
1522.681600 744.568000 1554.606400 1417.195200 1.000000
1531.993600 724.779200 1562.438400 1398.593600 1.000000
1522.787200 1435.404800 1575.491200 2059.072000 1.000000
1547.225600 738.012800 1576.256000 1409.907200 1.000000
1507.553600 1858.032000 1577.624000 2436.064000 1.000000
1525.417600 1897.376000 1595.017600 2480.272000 1.000000
1661.408000 258.876800 1661.264000 1054.939200 1.000000
1597.558400 1898.096000 1671.792000 2477.520000 1.000000
1670.752000 859.014400 1695.328000 1498.337600 1.000000
1662.464000 1136.758400 1700.496000 1755.264000 1.000000
1681.440000 801.595200 1703.856000 1455.617600 1.000000
1683.856000 787.400000 1704.928000 1443.457600 1.000000
1686.064000 769.224000 1705.904000 1428.755200 1.000000
1688.224000 738.747200 1707.008000 1402.758400 1.000000
1688.224000 796.432000 1709.536000 1450.908800 1.000000
1695.408000 749.139200 1712.480000 1411.964800 1.000000
1692.576000 790.352000 1712.928000 1445.795200 1.000000
1695.168000 782.515200 1715.424000 1438.995200 1.000000
1697.248000 759.864000 1716.432000 1420.904000 1.000000
1706.928000 744.428800 1725.072000 1406.793600 1.000000
1715.184000 750.691200 1732.560000 1411.652800 1.000000
1719.216000 786.011200 1737.488000 1440.336000 1.000000
1661.184000 1938.496000 1740.528000 2521.552000 1.000000
1744.208000 391.684800 1740.832000 1167.558400 1.000000
1665.760000 1900.416000 1743.536000 2475.760000 1.000000
1698.400000 1351.432000 1745.504000 1970.544000 1.000000
1712.672000 1154.420800 1748.704000 1773.440000 1.000000
1774.752000 51.848800 1750.016000 897.326400 1.000000
1751.120000 544.052800 1754.576000 1287.868800 1.000000
1713.088000 1276.227200 1756.048000 1899.280000 1.000000
1762.624000 409.832000 1756.976000 1182.337600 1.000000
1709.184000 1427.596800 1758.160000 2040.336000 1.000000
1783.216000 59.626400 1759.600000 904.064000 1.000000
1763.968000 382.104000 1760.336000 1158.152000 1.000000
1762.800000 524.708800 1764.208000 1269.512000 1.000000
1736.960000 966.752000 1764.432000 1557.924800 1.000000
1689.504000 1848.592000 1764.848000 2415.728000 1.000000
1765.696000 562.633600 1768.256000 1301.604800 1.000000
1769.184000 476.385600 1768.272000 1230.963200 1.000000
1789.232000 187.411200 1770.432000 994.363200 1.000000
1773.344000 504.688000 1772.608000 1253.657600 1.000000
1796.096000 190.875200 1777.440000 998.248000 1.000000
1763.312000 778.304000 1778.624000 1432.192000 1.000000
1788.992000 372.244800 1779.552000 1145.798400 1.000000
1785.072000 472.916800 1781.760000 1226.376000 1.000000
1784.432000 519.144000 1784.272000 1264.624000 1.000000
1686.160000 2236.448000 1786.672000 2853.072000 1.000000
1803.456000 258.878400 1786.688000 1047.952000 1.000000
1794.624000 387.769600 1786.720000 1160.232000 1.000000
1798.336000 374.796800 1788.816000 1146.859200 1.000000
1800.912000 359.131200 1790.288000 1132.992000 1.000000
1779.648000 784.609600 1793.760000 1436.408000 1.000000
1796.048000 506.350400 1794.064000 1250.996800 1.000000
1715.152000 1901.024000 1794.976000 2477.408000 1.000000
1778.992000 825.225600 1796.304000 1468.662400 1.000000
1785.632000 748.595200 1797.904000 1405.608000 1.000000
1814.528000 292.993600 1799.008000 1073.766400 1.000000
1789.136000 765.460800 1801.040000 1419.166400 1.000000
1792.576000 745.342400 1802.560000 1402.692800 1.000000
1701.184000 2251.760000 1803.088000 2872.208000 1.000000
1789.968000 785.128000 1803.568000 1436.272000 1.000000
1724.816000 1906.960000 1807.296000 2481.264000 1.000000
1795.424000 798.195200 1807.936000 1445.185600 1.000000
1789.584000 975.750400 1814.016000 1563.347200 1.000000
1827.536000 373.192000 1815.648000 1143.851200 1.000000
1805.744000 749.329600 1817.408000 1404.476800 1.000000
1807.504000 775.302400 1818.688000 1427.859200 1.000000
1786.432000 1155.318400 1822.400000 1767.664000 1.000000
1798.512000 975.345600 1823.216000 1562.836800 1.000000
1750.416000 1805.104000 1825.904000 2361.408000 1.000000
1816.160000 779.513600 1827.328000 1430.803200 1.000000
1820.528000 754.579200 1830.560000 1407.308800 1.000000
1807.232000 980.155200 1830.704000 1565.403200 1.000000
1795.552000 1188.257600 1833.280000 1802.592000 1.000000
1797.488000 1187.492800 1834.592000 1801.952000 1.000000
1799.344000 1175.220800 1834.912000 1790.016000 1.000000
1747.008000 2032.768000 1836.480000 2624.080000 1.000000
1789.120000 1432.705600 1840.592000 2041.408000 1.000000
1856.624000 385.232000 1841.264000 1151.120000 1.000000
1769.040000 1767.504000 1843.168000 2317.360000 1.000000
1795.856000 1375.268800 1843.664000 1988.720000 1.000000
1857.680000 435.921600 1845.536000 1190.233600 1.000000
1854.352000 491.374400 1845.952000 1236.460800 1.000000
1746.784000 2178.640000 1849.632000 2781.536000 1.000000
1865.296000 387.782400 1849.936000 1152.449600 1.000000
1859.536000 496.499200 1850.176000 1239.593600 1.000000
1785.392000 1685.152000 1855.408000 2230.752000 1.000000
1858.688000 596.972800 1856.048000 1316.729600 1.000000
1870.544000 451.028800 1857.696000 1203.256000 1.000000
1762.864000 2041.600000 1858.544000 2633.248000 1.000000
1822.928000 1209.006400 1859.600000 1823.936000 1.000000
1826.352000 1161.884800 1860.256000 1774.336000 1.000000
1789.056000 1730.784000 1861.440000 2275.360000 1.000000
1780.896000 1864.896000 1861.680000 2429.008000 1.000000
1852.176000 828.310400 1863.088000 1467.518400 1.000000
1819.408000 1387.668800 1865.808000 1999.456000 1.000000
1869.920000 604.185600 1866.592000 1323.185600 1.000000
1816.736000 1415.916800 1866.640000 2026.064000 1.000000
1876.960000 536.292800 1867.488000 1268.222400 1.000000
1774.976000 2035.040000 1867.968000 2624.032000 1.000000
1893.024000 353.654400 1869.248000 1124.230400 1.000000
1888.272000 411.241600 1871.424000 1170.657600 1.000000
1892.720000 382.227200 1872.256000 1146.838400 1.000000
1799.056000 1739.408000 1872.752000 2280.512000 1.000000
1869.168000 771.419200 1875.344000 1418.875200 1.000000
1896.528000 388.292800 1875.552000 1151.795200 1.000000
1826.000000 1425.331200 1875.792000 2033.232000 1.000000
1782.544000 2052.496000 1876.352000 2641.904000 1.000000
1905.696000 293.985600 1879.216000 1068.862400 1.000000
1807.840000 1743.504000 1882.112000 2286.160000 1.000000
1809.152000 1730.928000 1882.352000 2273.200000 1.000000
1904.528000 379.564800 1883.536000 1143.720000 1.000000
1910.656000 358.712000 1887.904000 1126.656000 1.000000
1816.416000 1715.792000 1887.984000 2259.776000 1.000000
1914.416000 324.174400 1889.280000 1094.339200 1.000000
1870.896000 978.956800 1891.104000 1558.208000 1.000000
1855.120000 1217.628800 1892.912000 1828.208000 1.000000
1796.368000 2055.408000 1892.912000 2645.648000 1.000000
1809.632000 1913.456000 1894.240000 2486.528000 1.000000
1917.024000 386.316800 1896.208000 1149.465600 1.000000
1923.920000 314.494400 1897.184000 1086.305600 1.000000
1927.328000 287.419200 1897.760000 1063.864000 1.000000
1918.720000 403.328000 1898.928000 1165.932800 1.000000
1831.056000 1670.064000 1900.016000 2210.112000 1.000000
1910.256000 576.931200 1901.184000 1299.425600 1.000000
1898.256000 774.497600 1903.664000 1423.980800 1.000000
1865.088000 1287.438400 1906.112000 1897.440000 1.000000
1921.712000 491.641600 1906.512000 1232.577600 1.000000
1914.864000 610.088000 1908.256000 1326.249600 1.000000
1807.504000 2105.328000 1908.944000 2695.472000 1.000000
1902.720000 842.627200 1911.792000 1477.505600 1.000000
1830.336000 1907.456000 1914.912000 2477.968000 1.000000
1879.792000 1207.068800 1915.408000 1817.712000 1.000000
1868.928000 1387.702400 1917.472000 1995.216000 1.000000
1833.568000 1891.232000 1918.416000 2457.984000 1.000000
1834.592000 1871.200000 1918.496000 2433.952000 1.000000
1876.176000 1303.672000 1918.672000 1912.432000 1.000000
1831.120000 1938.896000 1920.768000 2514.224000 1.000000
1829.872000 1952.272000 1920.832000 2528.992000 1.000000
1880.240000 1283.849600 1921.696000 1893.680000 1.000000
1914.384000 785.489600 1922.816000 1430.459200 1.000000
1954.368000 361.566400 1925.360000 1124.643200 1.000000
1892.784000 1196.910400 1925.696000 1806.320000 1.000000
1908.016000 1001.366400 1926.736000 1578.585600 1.000000
1886.800000 1254.897600 1928.320000 1866.944000 1.000000
1815.440000 2267.520000 1930.608000 2889.152000 1.000000
1928.432000 764.972800 1930.912000 1413.260800 1.000000
1909.584000 1021.224000 1931.344000 1598.534400 1.000000
1845.200000 1917.632000 1933.056000 2487.984000 1.000000
1850.544000 1856.624000 1933.744000 2415.632000 1.000000
1818.128000 2283.168000 1934.768000 2910.880000 1.000000
1911.424000 1093.806400 1937.536000 1673.488000 1.000000
1829.968000 2244.288000 1943.424000 2852.768000 1.000000
1824.496000 2308.912000 1944.320000 2944.016000 1.000000
1914.528000 1195.014400 1946.448000 1804.752000 1.000000
1907.264000 1287.417600 1947.456000 1895.872000 1.000000
1860.896000 1892.544000 1947.808000 2458.000000 1.000000
1920.288000 1156.185600 1949.152000 1763.184000 1.000000
1888.128000 1559.086400 1950.112000 2096.112000 1.000000
1926.544000 1085.984000 1950.880000 1662.400000 1.000000
1932.304000 1012.188800 1951.664000 1588.403200 1.000000
1829.648000 2334.208000 1952.384000 2974.992000 1.000000
1937.648000 947.326400 1952.656000 1530.894400 1.000000
1914.848000 1261.036800 1953.312000 1869.376000 1.000000
1950.272000 798.686400 1953.408000 1439.235200 1.000000
1929.008000 1071.705600 1953.440000 1647.584000 1.000000
1921.968000 1179.979200 1954.208000 1787.168000 1.000000
1954.976000 769.003200 1955.328000 1413.769600 1.000000
1950.624000 816.011200 1955.328000 1454.025600 1.000000
1869.040000 1896.368000 1955.840000 2461.040000 1.000000
1867.712000 1912.688000 1957.232000 2481.120000 1.000000
1897.760000 1547.251200 1957.728000 2083.520000 1.000000
1918.032000 1307.116800 1959.696000 1914.464000 1.000000
1870.192000 1955.344000 1962.176000 2529.904000 1.000000
1992.928000 383.396800 1962.928000 1140.400000 1.000000
1838.976000 2332.816000 1964.128000 2972.880000 1.000000
1923.056000 1319.393600 1965.984000 1924.768000 1.000000
1847.136000 2281.328000 1966.272000 2907.584000 1.000000
1930.800000 1243.388800 1966.848000 1850.336000 1.000000
1878.688000 1901.536000 1967.584000 2468.736000 1.000000
1847.072000 2313.616000 1969.648000 2948.208000 1.000000
1965.568000 820.428800 1969.920000 1456.608000 1.000000
1939.616000 1174.270400 1970.336000 1781.280000 1.000000
1935.248000 1212.720000 1970.416000 1819.392000 1.000000
1935.872000 1238.827200 1972.032000 1845.488000 1.000000
1972.176000 771.358400 1972.160000 1415.787200 1.000000
1974.112000 755.332800 1974.080000 1400.961600 1.000000
1981.024000 718.883200 1975.040000 1371.691200 1.000000
1979.504000 759.252800 1976.496000 1405.440000 1.000000
1892.464000 1830.896000 1977.152000 2382.512000 1.000000
1943.232000 1218.003200 1978.240000 1824.208000 1.000000
1947.120000 1186.952000 1978.688000 1793.216000 1.000000
1947.344000 1198.760000 1980.064000 1803.792000 1.000000
1890.208000 1913.504000 1980.416000 2482.384000 1.000000
1897.760000 1818.144000 1980.608000 2368.688000 1.000000
1888.128000 1933.952000 1980.928000 2504.736000 1.000000
1873.680000 2057.296000 1981.008000 2644.320000 1.000000
1861.520000 2267.088000 1981.728000 2887.712000 1.000000
1939.696000 1334.459200 1982.640000 1939.488000 1.000000
1982.384000 787.177600 1982.816000 1428.284800 1.000000
1936.592000 1361.065600 1983.056000 1965.392000 1.000000
1948.240000 1227.241600 1983.312000 1833.696000 1.000000
1937.024000 1382.689600 1984.848000 1986.160000 1.000000
1983.056000 801.660800 1984.944000 1439.603200 1.000000
1900.912000 1847.296000 1986.048000 2405.392000 1.000000
1944.768000 1324.100800 1988.272000 1930.512000 1.000000
1989.312000 775.459200 1989.088000 1417.980800 1.000000
1990.384000 731.510400 1989.152000 1379.270400 1.000000
1906.704000 1832.640000 1990.672000 2385.952000 1.000000
1905.712000 1833.856000 1990.992000 2387.440000 1.000000
1869.696000 2279.248000 1991.104000 2903.648000 1.000000
1994.960000 744.598400 1992.784000 1391.747200 1.000000
1896.288000 1981.200000 1992.992000 2561.744000 1.000000
1976.928000 1013.550400 1993.840000 1587.649600 1.000000
1995.472000 769.752000 1993.984000 1412.555200 1.000000
1952.288000 1347.747200 1995.312000 1949.824000 1.000000
1912.000000 1847.808000 1996.784000 2407.376000 1.000000
1975.888000 1170.822400 2004.240000 1774.256000 1.000000
1937.216000 1614.032000 2004.240000 2146.240000 1.000000
2050.032000 307.112000 2006.208000 1067.744000 1.000000
2035.472000 451.667200 2006.288000 1190.392000 1.000000
1912.416000 1964.992000 2008.544000 2539.856000 1.000000
1945.696000 1562.268800 2009.344000 2095.872000 1.000000
1907.712000 2060.688000 2009.648000 2645.648000 1.000000
1928.384000 1812.992000 2011.360000 2362.832000 1.000000
1952.064000 1547.600000 2012.288000 2081.248000 1.000000
1982.192000 1177.332800 2012.576000 1779.920000 1.000000
1978.352000 1229.361600 2013.120000 1832.720000 1.000000
1944.112000 1669.968000 2015.136000 2205.728000 1.000000
1999.088000 1010.401600 2015.168000 1583.056000 1.000000
1892.416000 2277.824000 2016.656000 2902.464000 1.000000
1985.168000 1184.292800 2016.752000 1786.416000 1.000000
1992.128000 1156.713600 2018.240000 1758.704000 1.000000
1988.720000 1199.084800 2020.864000 1801.376000 1.000000
1958.752000 1569.148800 2021.120000 2100.928000 1.000000
1958.224000 1581.667200 2023.232000 2113.984000 1.000000
2009.760000 984.291200 2023.632000 1559.584000 1.000000
1914.192000 2129.840000 2024.048000 2725.760000 1.000000
1958.096000 1613.920000 2024.544000 2147.328000 1.000000
2067.904000 321.577600 2024.928000 1080.198400 1.000000
2074.896000 289.374400 2026.192000 1042.518400 1.000000
1960.960000 1592.257600 2026.656000 2123.696000 1.000000
1990.496000 1261.704000 2027.200000 1865.824000 1.000000
2078.576000 223.844800 2027.712000 990.739200 1.000000
1943.056000 1818.848000 2028.160000 2368.000000 1.000000
2059.392000 476.702400 2028.832000 1208.467200 1.000000
2088.320000 95.562080 2030.544000 892.763200 1.000000
2083.232000 213.118400 2031.024000 982.086400 1.000000
1993.568000 1283.451200 2031.920000 1885.056000 1.000000
1999.904000 1217.456000 2033.712000 1819.520000 1.000000
2065.680000 454.828800 2033.808000 1188.379200 1.000000
1912.624000 2229.680000 2034.144000 2838.944000 1.000000
2001.184000 1231.011200 2034.320000 1832.944000 1.000000
2065.792000 470.611200 2034.400000 1201.363200 1.000000
1911.808000 2242.704000 2034.832000 2851.872000 1.000000
2023.952000 964.568000 2035.392000 1540.600000 1.000000
1926.080000 2107.376000 2037.952000 2694.944000 1.000000
1947.024000 1896.272000 2039.216000 2459.168000 1.000000
2029.568000 952.166400 2039.584000 1529.952000 1.000000
2072.512000 446.928000 2039.648000 1179.564800 1.000000
1950.672000 1871.616000 2040.448000 2434.416000 1.000000
1953.296000 1837.040000 2040.704000 2388.960000 1.000000
2103.872000 139.685920 2042.480000 927.654400 1.000000
2073.440000 472.118400 2042.704000 1200.857600 1.000000
2031.040000 975.876800 2043.440000 1549.940800 1.000000
1993.760000 1427.579200 2044.640000 2026.544000 1.000000
1920.944000 2248.096000 2044.784000 2857.808000 1.000000
2008.208000 1269.116800 2045.088000 1870.992000 1.000000
1969.344000 1710.992000 2047.040000 2247.344000 1.000000
1923.360000 2280.096000 2049.040000 2900.624000 1.000000
1998.496000 1436.902400 2050.496000 2034.128000 1.000000
1951.040000 1976.784000 2050.720000 2552.560000 1.000000
2059.136000 749.873600 2050.944000 1391.998400 1.000000
2060.560000 734.273600 2051.392000 1379.899200 1.000000
1949.872000 1998.528000 2051.760000 2578.096000 1.000000
1933.616000 2190.656000 2052.320000 2790.784000 1.000000
1978.592000 1695.648000 2052.816000 2231.120000 1.000000
1969.072000 1800.432000 2053.200000 2345.744000 1.000000
2044.192000 958.126400 2053.312000 1533.688000 1.000000
2046.192000 977.222400 2056.928000 1550.723200 1.000000
2065.184000 761.076800 2057.296000 1401.067200 1.000000
1965.200000 1905.920000 2057.552000 2470.832000 1.000000
2038.208000 1139.606400 2058.224000 1733.600000 1.000000
1962.784000 1925.872000 2059.904000 2494.624000 1.000000
1974.816000 1818.720000 2060.384000 2365.616000 1.000000
1945.392000 2206.864000 2063.568000 2810.992000 1.000000
1965.040000 1971.296000 2064.272000 2544.976000 1.000000
2134.352000 94.970240 2065.824000 886.616000 1.000000
2044.768000 1094.209600 2065.952000 1663.984000 1.000000
1993.264000 1703.056000 2069.856000 2239.776000 1.000000
2009.152000 1549.358400 2070.576000 2080.288000 1.000000
1951.920000 2175.216000 2071.264000 2772.288000 1.000000
2052.736000 1076.579200 2071.536000 1648.960000 1.000000
1990.416000 1766.016000 2074.048000 2303.680000 1.000000
2067.008000 951.808000 2075.120000 1527.208000 1.000000
2091.808000 787.462400 2077.456000 1423.084800 1.000000
1966.752000 2077.792000 2078.032000 2662.000000 1.000000
1957.440000 2192.560000 2078.752000 2790.448000 1.000000
2002.656000 1712.992000 2079.888000 2247.632000 1.000000
2060.704000 1082.193600 2080.624000 1652.048000 1.000000
2092.080000 756.910400 2083.184000 1395.252800 1.000000
2127.488000 411.897600 2085.360000 1132.044800 1.000000
2013.936000 1689.104000 2088.560000 2224.768000 1.000000
2020.832000 1613.520000 2090.144000 2147.824000 1.000000
2022.192000 1605.728000 2090.480000 2139.552000 1.000000
1964.768000 2225.408000 2091.360000 2829.840000 1.000000
1978.480000 2095.264000 2092.688000 2681.344000 1.000000
1982.192000 2070.688000 2093.104000 2655.136000 1.000000
1987.824000 2018.176000 2095.136000 2598.048000 1.000000
2018.176000 1748.016000 2098.384000 2286.096000 1.000000
1977.712000 2183.872000 2099.808000 2781.248000 1.000000
2080.080000 1103.913600 2101.024000 1675.520000 1.000000
1998.128000 2036.096000 2105.872000 2617.232000 1.000000
1991.248000 2102.448000 2106.480000 2690.832000 1.000000
2019.520000 1816.256000 2107.360000 2362.576000 1.000000
1982.224000 2211.136000 2108.720000 2814.624000 1.000000
1989.472000 2158.064000 2109.600000 2751.312000 1.000000
1999.680000 2057.536000 2111.312000 2642.304000 1.000000
1981.216000 2248.032000 2111.792000 2853.056000 1.000000
1985.216000 2224.528000 2112.592000 2829.840000 1.000000
2142.560000 586.412800 2113.632000 1270.764800 1.000000
2027.824000 1795.952000 2114.032000 2336.672000 1.000000
2002.032000 2079.712000 2115.424000 2665.504000 1.000000
1982.544000 2316.288000 2116.352000 2948.160000 1.000000
2048.864000 1615.280000 2117.104000 2146.400000 1.000000
2016.144000 1971.424000 2119.744000 2545.056000 1.000000
1992.768000 2195.472000 2119.776000 2793.760000 1.000000
2029.488000 1849.312000 2120.816000 2401.120000 1.000000
2010.960000 2015.344000 2121.296000 2596.112000 1.000000
2060.416000 1548.956800 2121.760000 2076.736000 1.000000
2057.136000 1590.683200 2121.936000 2121.824000 1.000000
2043.392000 1733.872000 2124.176000 2271.280000 1.000000
2049.664000 1689.904000 2125.968000 2226.816000 1.000000
2008.208000 2113.744000 2126.960000 2700.208000 1.000000
2035.040000 1871.088000 2128.448000 2426.832000 1.000000
2005.904000 2166.368000 2128.992000 2759.952000 1.000000
2025.776000 1971.472000 2129.984000 2544.688000 1.000000
2018.496000 2068.672000 2133.056000 2652.672000 1.000000
2047.696000 1769.024000 2133.248000 2308.192000 1.000000
2022.528000 2036.016000 2133.360000 2616.688000 1.000000
2068.624000 1588.070400 2135.104000 2117.632000 1.000000
2025.440000 2060.848000 2136.736000 2643.648000 1.000000
2069.088000 1607.232000 2137.456000 2134.096000 1.000000
2051.456000 1793.408000 2137.456000 2333.888000 1.000000
2028.000000 2049.168000 2137.776000 2629.664000 1.000000
2058.368000 1730.336000 2138.512000 2266.976000 1.000000
2075.344000 1562.772800 2139.280000 2089.248000 1.000000
2047.552000 1841.360000 2139.392000 2388.448000 1.000000
2045.840000 1923.536000 2139.696000 2484.272000 1.000000
2113.008000 1218.353600 2141.968000 1831.552000 1.000000
2015.712000 2213.504000 2145.264000 2815.328000 1.000000
2063.776000 1754.048000 2145.536000 2289.168000 1.000000
2079.056000 1598.134400 2145.888000 2125.936000 1.000000
2061.104000 1800.000000 2149.008000 2342.064000 1.000000
2064.736000 1770.176000 2150.928000 2306.512000 1.000000
2032.704000 2128.176000 2153.696000 2715.712000 1.000000
2068.688000 1782.400000 2154.848000 2320.176000 1.000000
2064.608000 1863.808000 2158.368000 2416.624000 1.000000
2244.832000 60.211520 2158.704000 824.358400 1.000000
2049.040000 2010.496000 2159.456000 2588.288000 1.000000
2067.232000 1853.136000 2160.704000 2402.752000 1.000000
2064.256000 1885.616000 2160.944000 2441.600000 1.000000
2093.536000 1622.992000 2163.088000 2150.656000 1.000000
2055.808000 1987.936000 2163.536000 2559.488000 1.000000
2074.704000 1818.240000 2164.816000 2360.496000 1.000000
2101.488000 1546.742400 2165.232000 2073.648000 1.000000
2033.648000 2229.376000 2166.560000 2832.352000 1.000000
2062.144000 2001.296000 2170.736000 2576.000000 1.000000
2057.664000 2044.656000 2171.168000 2624.048000 1.000000
2134.976000 1291.518400 2173.504000 1901.584000 1.000000
2093.568000 1772.944000 2177.392000 2310.848000 1.000000
2143.024000 1281.492800 2179.744000 1888.368000 1.000000
2097.888000 1734.352000 2179.744000 2268.048000 1.000000
2096.528000 1759.664000 2180.656000 2295.792000 1.000000
2092.192000 1802.608000 2181.216000 2341.760000 1.000000
2046.704000 2242.336000 2182.048000 2847.712000 1.000000
2056.528000 2157.072000 2182.480000 2748.656000 1.000000
2079.760000 1934.272000 2183.088000 2496.960000 1.000000
2084.432000 1906.448000 2183.392000 2460.592000 1.000000
2072.256000 2019.440000 2183.600000 2595.264000 1.000000
2150.736000 1253.081600 2184.192000 1858.000000 1.000000
2116.304000 1610.240000 2185.088000 2136.512000 1.000000
2084.128000 1921.808000 2186.896000 2482.448000 1.000000
2109.056000 1716.400000 2188.432000 2249.616000 1.000000
2107.728000 1728.832000 2189.584000 2261.904000 1.000000
2081.008000 1998.080000 2190.896000 2570.352000 1.000000
2108.736000 1743.504000 2191.648000 2278.224000 1.000000
2088.976000 1932.336000 2191.968000 2493.680000 1.000000
2104.016000 1803.760000 2193.808000 2343.408000 1.000000
2097.568000 1871.520000 2194.464000 2423.680000 1.000000
2101.888000 1828.512000 2194.960000 2371.184000 1.000000
2115.920000 1724.704000 2197.184000 2258.320000 1.000000
2106.384000 1814.672000 2197.600000 2355.840000 1.000000
2087.952000 1990.096000 2198.800000 2562.144000 1.000000
2115.648000 1734.496000 2199.120000 2267.984000 1.000000
2063.856000 2221.248000 2199.424000 2822.784000 1.000000
2061.536000 2291.904000 2203.296000 2913.968000 1.000000
2101.072000 1918.672000 2203.696000 2476.864000 1.000000
2110.624000 1847.616000 2205.184000 2393.312000 1.000000
2130.784000 1663.600000 2205.712000 2191.984000 1.000000
2098.464000 1970.144000 2205.984000 2535.920000 1.000000
2077.632000 2161.424000 2206.224000 2751.888000 1.000000
2116.000000 1828.688000 2208.704000 2372.064000 1.000000
2081.392000 2176.208000 2213.152000 2767.632000 1.000000
2123.328000 1791.488000 2213.360000 2329.136000 1.000000
2125.280000 1786.032000 2213.888000 2323.248000 1.000000
2124.880000 1811.408000 2214.896000 2352.864000 1.000000
2072.784000 2291.760000 2216.048000 2912.768000 1.000000
2086.656000 2184.528000 2218.096000 2778.976000 1.000000
2090.528000 2139.296000 2218.272000 2722.624000 1.000000
2142.688000 1691.488000 2221.824000 2220.016000 1.000000
2105.088000 2049.920000 2222.656000 2627.344000 1.000000
2091.856000 2162.400000 2222.720000 2751.152000 1.000000
2133.920000 1824.000000 2223.152000 2365.008000 1.000000
2121.152000 1913.760000 2223.632000 2473.344000 1.000000
2119.312000 1930.352000 2223.808000 2489.568000 1.000000
2107.552000 2156.848000 2238.112000 2744.720000 1.000000
2137.312000 1940.768000 2240.032000 2501.136000 1.000000
2088.000000 2342.848000 2240.800000 2978.768000 1.000000
2106.272000 2216.864000 2242.880000 2813.536000 1.000000
2129.392000 2020.640000 2245.472000 2591.392000 1.000000
2105.856000 2245.792000 2245.696000 2853.264000 1.000000
2116.720000 2150.848000 2247.856000 2735.936000 1.000000
2098.992000 2324.368000 2249.136000 2954.768000 1.000000
2113.664000 2193.024000 2250.224000 2786.992000 1.000000
2097.728000 2357.200000 2252.352000 2995.136000 1.000000
2113.280000 2226.720000 2252.512000 2827.712000 1.000000
2105.440000 2334.528000 2257.584000 2967.328000 1.000000
2122.432000 2200.112000 2259.824000 2794.832000 1.000000
2119.040000 2266.944000 2262.656000 2879.376000 1.000000
2121.504000 2235.808000 2263.248000 2839.904000 1.000000
2138.944000 2154.816000 2271.984000 2740.848000 1.000000
2117.664000 2336.928000 2272.272000 2969.664000 1.000000
2126.160000 2324.512000 2280.144000 2953.360000 1.000000
2264.512000 1428.972800 2293.648000 1236.361600 1.000000
2155.088000 2227.296000 2297.024000 2825.728000 1.000000
2168.192000 2144.080000 2303.040000 2728.176000 1.000000
2313.536000 1376.064000 2332.928000 1188.068800 1.000000
2381.088000 894.348800 2346.560000 894.960000 1.000000
2335.152000 1405.377600 2356.688000 1212.481600 1.000000
2432.944000 859.076800 2388.064000 860.491200 1.000000
2433.888000 872.480000 2389.776000 871.059200 1.000000
2455.776000 770.056000 2398.208000 798.539200 1.000000
2369.152000 1602.160000 2409.152000 1373.083200 1.000000
2402.992000 1362.539200 2414.816000 1169.334400 1.000000
2461.488000 1377.092800 2468.368000 1172.585600 1.000000
2492.592000 1284.067200 2486.800000 1088.049600 1.000000
2537.520000 961.403200 2495.760000 897.384000 1.000000
2518.336000 1278.065600 2509.504000 1079.540800 1.000000
2530.544000 1370.704000 2531.760000 1146.697600 1.000000
2528.000000 1438.032000 2537.712000 1201.609600 1.000000
2476.768000 1824.416000 2538.864000 1543.896000 1.000000
2546.224000 1369.729600 2546.784000 1143.078400 1.000000
2472.560000 1947.312000 2554.880000 1704.800000 1.000000
2488.576000 1866.592000 2555.808000 1575.161600 1.000000
2592.160000 1437.688000 2596.624000 1187.299200 1.000000
2525.360000 1909.296000 2596.896000 1598.859200 1.000000
2579.360000 1580.163200 2603.872000 1301.502400 1.000000
2583.088000 1571.716800 2607.056000 1294.840000 1.000000
2551.872000 1851.936000 2613.216000 1539.846400 1.000000
2542.112000 1913.552000 2613.728000 1596.657600 1.000000
2511.168000 2106.896000 2623.312000 1938.160000 1.000000
2620.224000 1501.876800 2630.704000 1234.636800 1.000000
2626.416000 1513.083200 2637.920000 1242.273600 1.000000
2602.656000 1714.320000 2642.960000 1406.592000 1.000000
2634.336000 1563.694400 2651.760000 1281.731200 1.000000
2595.936000 1848.256000 2655.136000 1522.385600 1.000000
2623.120000 1657.904000 2655.168000 1358.446400 1.000000
2591.680000 1884.144000 2656.176000 1555.462400 1.000000
2608.048000 1772.720000 2656.576000 1454.900800 1.000000
2607.840000 1798.624000 2658.992000 1476.312000 1.000000
2604.656000 1856.800000 2666.416000 1528.840000 1.000000
2620.560000 1765.056000 2667.760000 1446.054400 1.000000
2615.200000 1845.760000 2672.928000 1516.761600 1.000000
2629.536000 1764.224000 2675.504000 1444.473600 1.000000
2622.272000 1834.608000 2676.752000 1503.808000 1.000000
2633.120000 1772.304000 2679.728000 1450.947200 1.000000
2635.136000 1797.600000 2686.560000 1475.656000 1.000000
2630.160000 1862.240000 2689.280000 1527.369600 1.000000
2638.480000 1843.360000 2694.720000 1510.489600 1.000000
2639.728000 1880.752000 2701.104000 1540.320000 1.000000
2670.448000 1760.224000 2712.496000 1434.697600 1.000000
2662.336000 1828.080000 2716.384000 1493.268800 1.000000
2656.576000 1882.240000 2717.728000 1538.204800 1.000000
2671.600000 1860.400000 2729.168000 1518.059200 1.000000
2675.472000 1838.048000 2729.680000 1499.283200 1.000000
2675.744000 1849.872000 2730.800000 1508.796800 1.000000
2675.616000 1878.528000 2735.376000 1531.513600 1.000000
2677.312000 1884.416000 2738.512000 1535.684800 1.000000
2676.320000 1905.232000 2739.712000 1552.713600 1.000000
2680.400000 1897.520000 2742.816000 1545.888000 1.000000
2690.864000 1855.280000 2746.224000 1510.366400 1.000000
2692.640000 1861.712000 2749.008000 1515.180800 1.000000
2703.840000 1832.608000 2755.184000 1487.486400 1.000000
2695.552000 1901.056000 2757.328000 1545.422400 1.000000
2701.856000 1872.592000 2763.888000 1530.992000 1.000000
2719.520000 1832.048000 2770.208000 1483.054400 1.000000
2739.584000 1891.408000 2798.416000 1526.939200 1.000000
2743.872000 1910.064000 2804.416000 1541.828800 1.000000
2749.472000 1907.376000 2809.840000 1538.758400 1.000000
3448.736000 1448.870400 3355.984000 882.992000 1.000000
