12.839216 1479.603200 8.723472 1963.728000 1.000000
16.350720 1547.048000 15.164512 2034.096000 1.000000
29.948960 1865.456000 18.624480 2372.640000 1.000000
33.504000 2004.416000 18.906880 2524.128000 1.000000
40.044320 2482.896000 22.479840 2992.368000 1.000000
33.485120 1490.347200 25.835200 1975.408000 1.000000
40.598720 1909.376000 27.859840 2421.824000 1.000000
42.781120 2220.928000 29.040160 2710.288000 1.000000
36.427360 1404.587200 33.000800 1883.680000 1.000000
35.772640 1335.240000 33.705120 1813.088000 1.000000
46.176000 2012.976000 33.794080 2530.048000 1.000000
40.020800 1457.388800 35.053760 1937.984000 1.000000
39.151680 1366.427200 35.400320 1845.248000 1.000000
57.205440 2477.392000 37.995360 2985.264000 1.000000
41.250560 1318.686400 39.543360 1795.072000 1.000000
52.697760 1845.792000 41.770240 2349.552000 1.000000
54.415680 2065.472000 41.988480 2579.072000 1.000000
55.158080 1895.968000 44.584640 2404.032000 1.000000
57.599520 2178.768000 44.919360 2667.376000 1.000000
48.723680 1406.875200 46.303360 1885.424000 1.000000
54.786720 1550.819200 50.878400 2035.312000 1.000000
64.678080 2135.008000 51.016160 2621.200000 1.000000
54.889440 1347.153600 52.181120 1825.280000 1.000000
66.230560 2009.392000 54.238240 2526.512000 1.000000
44.379360 422.366400 56.583520 919.963200 1.000000
59.764320 1377.392000 57.020960 1854.640000 1.000000
68.661440 1997.232000 57.618240 2515.024000 1.000000
75.687520 1946.304000 59.879840 2458.672000 1.000000
72.602560 1882.064000 60.712160 2386.144000 1.000000
55.173600 844.929600 61.309920 1322.955200 1.000000
75.596800 1895.264000 65.572480 2400.960000 1.000000
80.227200 2021.744000 66.243360 2536.944000 1.000000
77.008000 1825.264000 67.243680 2325.056000 1.000000
53.146240 214.332800 67.875040 725.716800 1.000000
77.610720 1479.124800 71.300640 1957.952000 1.000000
82.406560 1808.864000 72.544640 2306.208000 1.000000
68.834080 947.782400 72.684960 1422.454400 1.000000
69.134080 806.921600 74.943200 1284.457600 1.000000
62.460800 276.200000 75.483680 782.494400 1.000000
80.325280 1411.859200 76.493440 1888.960000 1.000000
88.408800 1880.800000 76.692640 2382.880000 1.000000
86.865120 1916.928000 76.894400 2424.304000 1.000000
74.862240 943.382400 78.735040 1417.428800 1.000000
92.436160 2048.512000 78.784640 2562.160000 1.000000
90.595040 1818.464000 80.851520 2317.216000 1.000000
89.297280 2197.344000 81.114400 2685.120000 1.000000
72.922240 340.272000 86.050240 839.470400 1.000000
76.610880 404.873600 87.076320 902.321600 1.000000
100.963520 1920.544000 90.402080 2428.368000 1.000000
76.420480 211.790400 91.269280 725.424000 1.000000
102.808800 1879.056000 92.318720 2381.376000 1.000000
104.304640 2050.400000 92.495520 2562.656000 1.000000
104.327840 1861.024000 94.658880 2361.664000 1.000000
80.093440 185.987200 95.007520 704.075200 1.000000
88.458560 401.691200 99.035520 898.012800 1.000000
94.809920 963.811200 100.056800 1436.406400 1.000000
110.639040 1871.472000 100.073600 2372.080000 1.000000
112.663680 1989.552000 100.917440 2503.648000 1.000000
105.568320 1437.921600 100.918720 1913.664000 1.000000
115.623680 2487.552000 102.303040 2992.720000 1.000000
90.073280 211.395200 103.392480 721.283200 1.000000
107.824000 1522.936000 103.671520 2003.360000 1.000000
92.940480 250.704000 105.354400 757.033600 1.000000
114.982080 1488.936000 106.032960 1969.360000 1.000000
112.727680 1368.324800 109.399360 1840.896000 1.000000
97.475680 266.054400 111.573600 772.692800 1.000000
109.562720 980.236800 112.115040 1454.097600 1.000000
119.224000 1497.820800 112.309280 1975.808000 1.000000
115.864960 1469.041600 112.959840 1945.632000 1.000000
109.955520 957.556800 113.246080 1428.472000 1.000000
123.040800 1891.232000 113.880800 2392.656000 1.000000
106.174880 612.414400 114.130240 1095.924800 1.000000
106.576000 629.108800 114.666880 1112.670400 1.000000
103.937920 298.492800 115.235360 801.003200 1.000000
102.303200 199.744000 115.420480 709.033600 1.000000
102.263360 215.990400 115.731840 724.961600 1.000000
125.706400 1999.296000 116.629760 2514.176000 1.000000
121.137600 1519.219200 117.578080 1997.568000 1.000000
104.915040 174.726400 118.580480 686.689600 1.000000
109.105440 383.854400 118.765600 880.164800 1.000000
125.724800 1376.923200 119.906400 1849.456000 1.000000
112.448480 617.137600 120.604480 1099.910400 1.000000
128.608960 1855.632000 120.818400 2353.808000 1.000000
110.662400 292.865600 121.575520 795.843200 1.000000
111.391360 281.012800 122.575360 784.867200 1.000000
115.496960 362.265600 125.147840 859.665600 1.000000
134.565440 1846.752000 126.075360 2343.904000 1.000000
130.044320 1436.112000 126.272480 1909.184000 1.000000
135.510720 1831.376000 126.710560 2325.888000 1.000000
118.807680 286.059200 129.527520 787.502400 1.000000
123.548000 789.158400 130.012000 1264.241600 1.000000
139.319040 1907.920000 130.069120 2410.576000 1.000000
128.258880 987.486400 130.965440 1457.675200 1.000000
135.002560 2021.296000 132.772160 2520.864000 1.000000
145.518880 2216.240000 133.484800 2704.032000 1.000000
143.116640 1866.848000 134.145440 2363.264000 1.000000
140.422400 1818.960000 134.222720 2311.392000 1.000000
146.252000 2048.480000 135.132480 2557.728000 1.000000
140.404800 1421.390400 135.425120 1894.224000 1.000000
135.707680 1312.244800 135.575520 1781.440000 1.000000
131.917600 722.769600 136.569920 1200.734400 1.000000
125.962080 229.792000 136.720800 733.481600 1.000000
144.778560 2227.760000 137.372000 2719.328000 1.000000
129.395200 349.016000 138.639520 846.241600 1.000000
139.110080 1298.489600 139.094080 1768.048000 1.000000
147.521120 1812.240000 139.856320 2304.656000 1.000000
134.617120 761.392000 140.029440 1236.292800 1.000000
150.855840 2480.256000 140.376480 2981.152000 1.000000
131.508320 293.198400 141.833600 793.777600 1.000000
151.050880 1982.976000 142.067520 2495.504000 1.000000
147.956800 1657.696000 142.206400 2139.872000 1.000000
150.874880 1843.904000 143.344640 2338.976000 1.000000
153.394880 2027.904000 145.782880 2540.080000 1.000000
150.544320 1497.363200 145.895360 1972.112000 1.000000
156.885600 2063.232000 146.027200 2573.088000 1.000000
136.149920 324.689600 146.082400 821.729600 1.000000
155.721600 1884.656000 147.115200 2382.096000 1.000000
156.866240 1852.640000 147.589440 2348.640000 1.000000
142.141920 601.361600 148.327360 1081.244800 1.000000
145.879520 937.088000 148.865760 1405.748800 1.000000
145.051040 755.652800 149.102880 1231.526400 1.000000
139.366400 291.542400 149.172960 792.038400 1.000000
143.612480 769.137600 149.372480 1243.097600 1.000000
140.536480 392.067200 149.511680 885.835200 1.000000
147.531680 1012.030400 150.268000 1480.774400 1.000000
152.349120 759.518400 153.845600 1234.328000 1.000000
162.604800 1871.408000 153.981120 2369.280000 1.000000
164.246400 2117.904000 154.303680 2625.888000 1.000000
159.287360 1422.816000 155.400000 1893.680000 1.000000
157.424640 1519.323200 155.793760 1993.264000 1.000000
152.122880 826.545600 156.761600 1296.984000 1.000000
149.093600 356.532800 157.623360 851.710400 1.000000
160.480000 1339.462400 158.744160 1808.304000 1.000000
147.973120 220.467200 158.822880 725.083200 1.000000
169.334400 1918.576000 161.276800 2419.776000 1.000000
152.939840 336.040000 162.596800 831.566400 1.000000
155.314560 315.065600 164.526400 812.715200 1.000000
166.712000 1366.139200 164.678400 1834.896000 1.000000
156.049440 771.987200 164.760000 1245.187200 1.000000
176.137600 2029.312000 164.801600 2539.760000 1.000000
172.502400 2269.088000 165.212800 2759.504000 1.000000
157.909760 186.505600 167.672000 696.254400 1.000000
172.396800 1545.078400 168.988800 2020.640000 1.000000
178.910400 2108.784000 169.718400 2615.552000 1.000000
179.368000 2473.344000 169.772800 2972.800000 1.000000
174.331200 1319.169600 171.998400 1785.040000 1.000000
174.876800 2165.440000 172.168000 2669.296000 1.000000
162.278400 210.160000 172.843200 713.680000 1.000000
164.032000 291.083200 172.912000 790.289600 1.000000
165.779200 324.736000 174.270400 821.289600 1.000000
186.940800 2121.808000 176.430400 2628.640000 1.000000
180.584000 1441.545600 176.713600 1911.888000 1.000000
181.736000 1304.081600 177.424000 1770.768000 1.000000
170.872000 229.248000 180.976000 724.641600 1.000000
186.089600 1520.820800 181.192000 1990.464000 1.000000
173.764800 314.827200 182.705600 809.976000 1.000000
189.648000 1799.536000 182.990400 2290.784000 1.000000
187.491200 2216.800000 184.644800 2718.960000 1.000000
192.641600 1895.328000 186.590400 2392.048000 1.000000
196.403200 1778.496000 191.452800 2263.760000 1.000000
186.560000 873.054400 191.715200 1342.721600 1.000000
200.777600 2129.584000 193.148800 2633.520000 1.000000
201.883200 1348.904000 198.414400 1813.088000 1.000000
194.121600 234.603200 199.392000 739.513600 1.000000
194.278400 367.488000 200.739200 857.894400 1.000000
195.913600 689.816000 200.841600 1164.251200 1.000000
203.592000 1425.483200 201.081600 1892.112000 1.000000
209.262400 1794.336000 202.179200 2281.600000 1.000000
209.225600 2160.976000 202.473600 2664.448000 1.000000
204.886400 1484.784000 203.550400 1954.304000 1.000000
206.240000 1339.350400 204.768000 1802.976000 1.000000
213.936000 2074.080000 204.851200 2579.184000 1.000000
210.660800 2108.864000 205.220800 2612.704000 1.000000
195.200000 25.602080 205.342400 544.896000 1.000000
211.091200 2038.016000 205.878400 2542.688000 1.000000
206.804800 822.494400 210.686400 1289.286400 1.000000
218.606400 2452.320000 210.905600 2946.416000 1.000000
213.929600 1384.571200 211.705600 1849.184000 1.000000
202.492800 25.069280 211.966400 543.539200 1.000000
218.644800 1888.240000 212.822400 2383.392000 1.000000
217.217600 1468.078400 212.966400 1936.976000 1.000000
216.257600 1429.219200 213.932800 1895.712000 1.000000
223.686400 1866.656000 216.179200 2359.136000 1.000000
209.598400 301.931200 216.564800 797.188800 1.000000
220.438400 1278.697600 218.904000 1741.680000 1.000000
229.372800 2474.544000 220.065600 2972.192000 1.000000
226.097600 1478.078400 221.606400 1945.440000 1.000000
228.659200 2160.896000 221.934400 2663.168000 1.000000
230.915200 2465.728000 225.089600 2959.920000 1.000000
221.628800 281.787200 227.478400 776.566400 1.000000
228.905600 1425.648000 227.536000 1890.928000 1.000000
230.476800 1403.830400 227.721600 1870.464000 1.000000
234.376000 2482.336000 227.728000 2978.960000 1.000000
235.798400 1831.424000 228.337600 2319.376000 1.000000
238.568000 2038.144000 230.632000 2542.816000 1.000000
239.444800 2051.872000 230.822400 2556.384000 1.000000
226.040000 263.640000 230.976000 760.508800 1.000000
225.580800 373.025600 231.006400 859.686400 1.000000
237.044800 1796.144000 231.811200 2281.744000 1.000000
227.976000 261.659200 234.324800 757.409600 1.000000
229.372800 167.256000 235.547200 663.744000 1.000000
235.486400 941.622400 236.766400 1403.814400 1.000000
243.356800 1746.432000 238.436800 2228.288000 1.000000
243.001600 2455.312000 238.758400 2949.600000 1.000000
247.035200 1862.608000 239.624000 2352.832000 1.000000
234.201600 76.839200 240.974400 588.264000 1.000000
239.184000 839.355200 242.212800 1303.648000 1.000000
242.900800 918.998400 242.812800 1382.420800 1.000000
252.016000 2147.632000 244.073600 2649.408000 1.000000
254.736000 2023.136000 246.142400 2527.200000 1.000000
250.723200 1461.456000 248.795200 1926.112000 1.000000
252.006400 1443.832000 249.931200 1908.672000 1.000000
239.777600 265.198400 250.222400 758.608000 1.000000
244.523200 254.297600 251.385600 748.665600 1.000000
248.276800 760.899200 251.926400 1228.739200 1.000000
255.595200 1390.633600 252.713600 1852.160000 1.000000
258.904000 1767.616000 253.987200 2248.320000 1.000000
251.625600 797.345600 254.683200 1262.356800 1.000000
256.460800 1355.403200 255.849600 1815.232000 1.000000
262.000000 1721.744000 257.542400 2199.376000 1.000000
264.204800 2040.832000 258.401600 2543.664000 1.000000
266.120000 1900.416000 260.780800 2391.408000 1.000000
272.126400 2138.592000 264.667200 2638.672000 1.000000
274.318400 1992.528000 264.790400 2495.824000 1.000000
262.507200 375.044800 266.337600 860.465600 1.000000
271.672000 1770.880000 266.812800 2251.888000 1.000000
262.257600 232.918400 266.824000 730.001600 1.000000
272.057600 1831.360000 267.131200 2319.552000 1.000000
268.265600 941.315200 271.169600 1401.262400 1.000000
276.608000 1765.072000 271.769600 2244.256000 1.000000
270.368000 1000.238400 272.249600 1459.147200 1.000000
276.137600 1720.032000 272.392000 2195.536000 1.000000
279.532800 2205.920000 273.291200 2706.192000 1.000000
269.979200 74.441760 274.996800 584.841600 1.000000
280.713600 1880.992000 275.995200 2368.832000 1.000000
283.200000 1707.392000 278.275200 2182.176000 1.000000
283.833600 1725.456000 279.969600 2199.024000 1.000000
277.428800 851.448000 280.032000 1312.468800 1.000000
286.761600 2112.768000 281.379200 2610.832000 1.000000
277.680000 166.948800 281.875200 667.408000 1.000000
284.622400 1466.457600 282.169600 1928.016000 1.000000
279.667200 670.803200 282.448000 1138.265600 1.000000
287.932800 2132.672000 282.569600 2630.864000 1.000000
287.641600 1765.504000 283.248000 2245.664000 1.000000
286.035200 2513.584000 283.604800 3011.344000 1.000000
279.214400 660.512000 283.718400 1127.822400 1.000000
280.371200 181.736000 284.337600 681.355200 1.000000
289.345600 2042.048000 284.830400 2541.312000 1.000000
281.292800 76.990240 285.233600 585.844800 1.000000
291.710400 1843.312000 287.324800 2327.632000 1.000000
293.123200 1735.616000 287.444800 2204.720000 1.000000
293.380800 1712.800000 288.947200 2188.560000 1.000000
285.913600 83.386240 289.712000 591.214400 1.000000
288.790400 73.050080 292.334400 580.948800 1.000000
297.630400 2168.112000 293.812800 2664.992000 1.000000
291.760000 173.684800 295.537600 671.896000 1.000000
299.772800 1930.384000 295.553600 2424.464000 1.000000
294.454400 92.392800 299.009600 596.913600 1.000000
304.267200 2193.072000 301.652800 2689.136000 1.000000
309.272000 2106.096000 302.443200 2602.432000 1.000000
303.001600 944.574400 303.774400 1402.124800 1.000000
312.731200 2055.136000 310.988800 2552.048000 1.000000
315.476800 1872.576000 312.420800 2357.728000 1.000000
316.964800 2186.000000 314.862400 2681.440000 1.000000
318.760000 1469.486400 316.523200 1928.048000 1.000000
321.553600 2076.048000 319.489600 2571.696000 1.000000
317.665600 516.860800 320.217600 989.432000 1.000000
324.558400 2158.608000 320.825600 2654.032000 1.000000
335.697600 2107.632000 325.619200 2606.960000 1.000000
323.507200 955.443200 325.939200 1410.139200 1.000000
324.560000 990.788800 326.433600 1446.395200 1.000000
331.641600 2119.072000 327.390400 2608.304000 1.000000
332.347200 2072.000000 328.004800 2568.000000 1.000000
324.723200 640.827200 329.547200 1107.534400 1.000000
332.603200 2222.352000 329.920000 2718.256000 1.000000
327.323200 856.492800 329.953600 1313.734400 1.000000
328.968000 628.849600 333.176000 1096.228800 1.000000
331.849600 157.731680 333.889600 654.654400 1.000000
338.094400 2138.352000 335.673600 2632.896000 1.000000
335.955200 2494.496000 335.908800 2986.944000 1.000000
344.864000 2007.600000 341.672000 2505.232000 1.000000
341.764800 1219.409600 342.318400 1671.840000 1.000000
342.358400 952.961600 342.774400 1406.980800 1.000000
347.107200 2161.088000 343.619200 2655.088000 1.000000
342.454400 546.708800 344.545600 1015.675200 1.000000
346.246400 1077.969600 346.238400 1529.620800 1.000000
352.406400 1996.736000 347.544000 2494.832000 1.000000
351.628800 1819.216000 348.939200 2297.744000 1.000000
348.116800 145.116160 349.340800 642.635200 1.000000
354.147200 2214.208000 349.801600 2707.856000 1.000000
353.676800 2225.440000 351.100800 2720.864000 1.000000
354.747200 2123.584000 352.000000 2617.360000 1.000000
352.993600 174.457600 352.916800 668.992000 1.000000
351.099200 581.091200 353.420800 1047.564800 1.000000
355.024000 2037.664000 354.161600 2533.312000 1.000000
355.569600 1247.324800 354.828800 1698.880000 1.000000
360.982400 1728.080000 358.153600 2196.608000 1.000000
357.252800 707.548800 359.644800 1168.561600 1.000000
364.851200 2104.992000 361.273600 2598.416000 1.000000
362.748800 2172.240000 361.582400 2665.696000 1.000000
365.411200 2119.024000 361.812800 2611.552000 1.000000
364.504000 1566.102400 361.992000 2024.464000 1.000000
362.142400 1089.707200 362.859200 1540.024000 1.000000
363.673600 167.673600 363.646400 662.827200 1.000000
358.550400 617.992000 364.052800 1084.584000 1.000000
367.142400 1583.313600 364.142400 2043.536000 1.000000
366.548800 2214.832000 364.644800 2707.200000 1.000000
367.382400 2195.728000 365.304000 2687.296000 1.000000
369.609600 1733.584000 366.252800 2204.368000 1.000000
370.964800 2037.712000 367.040000 2531.664000 1.000000
371.774400 1815.040000 368.548800 2291.664000 1.000000
376.158400 2014.160000 371.100800 2507.840000 1.000000
374.784000 2129.104000 372.331200 2621.488000 1.000000
371.633600 1084.699200 372.590400 1532.910400 1.000000
377.057600 1853.840000 373.942400 2333.696000 1.000000
374.419200 1106.692800 374.859200 1556.156800 1.000000
377.926400 1742.640000 374.992000 2211.280000 1.000000
377.512000 1569.304000 375.392000 2027.568000 1.000000
378.121600 1123.846400 377.907200 1572.265600 1.000000
378.243200 163.744000 378.385600 656.788800 1.000000
378.209600 1065.444800 378.435200 1513.550400 1.000000
377.292800 529.224000 378.838400 995.865600 1.000000
379.273600 1140.849600 379.360000 1589.499200 1.000000
382.120000 2101.984000 380.182400 2593.952000 1.000000
380.225600 150.862240 380.536000 644.995200 1.000000
385.548800 2039.328000 380.651200 2532.128000 1.000000
383.364800 1574.992000 381.339200 2033.216000 1.000000
382.524800 184.558400 382.300800 676.806400 1.000000
383.006400 2108.224000 382.364800 2600.896000 1.000000
382.995200 702.904000 383.012800 1160.473600 1.000000
382.705600 1234.753600 383.339200 1683.648000 1.000000
386.038400 600.632000 387.260800 1062.662400 1.000000
389.710400 2031.760000 387.622400 2524.800000 1.000000
387.892800 577.588800 389.523200 1041.928000 1.000000
392.502400 1607.728000 389.724800 2067.632000 1.000000
391.073600 643.140800 390.408000 1109.547200 1.000000
390.148800 546.072000 392.700800 1010.804800 1.000000
399.745600 1571.230400 397.740800 2029.232000 1.000000
399.736000 2147.728000 399.412800 2636.912000 1.000000
399.836800 1243.104000 399.899200 1689.600000 1.000000
402.454400 2062.512000 400.259200 2556.416000 1.000000
402.392000 113.786080 401.100800 610.454400 1.000000
406.977600 1872.144000 403.489600 2350.960000 1.000000
409.414400 2011.568000 406.540800 2503.360000 1.000000
409.883200 1279.422400 407.340800 1724.368000 1.000000
407.068800 1253.531200 408.262400 1699.600000 1.000000
408.158400 2202.848000 408.308800 2693.184000 1.000000
410.232000 2094.752000 409.027200 2583.888000 1.000000
411.379200 1865.024000 409.659200 2343.776000 1.000000
411.176000 2066.832000 409.988800 2557.392000 1.000000
409.627200 1119.947200 410.649600 1565.204800 1.000000
416.564800 56.530560 413.779200 557.649600 1.000000
415.054400 1159.524800 415.038400 1604.928000 1.000000
417.222400 2022.896000 415.083200 2513.920000 1.000000
416.128000 1091.336000 415.270400 1536.856000 1.000000
415.275200 1132.371200 415.636800 1576.771200 1.000000
416.342400 2106.384000 416.172800 2596.656000 1.000000
415.473600 543.884800 416.339200 1006.580800 1.000000
418.376000 1263.662400 416.753600 1709.920000 1.000000
418.630400 1594.310400 417.140800 2051.184000 1.000000
422.022400 1250.412800 420.584000 1695.760000 1.000000
421.624000 2207.440000 423.497600 2697.216000 1.000000
423.683200 2220.736000 424.406400 2711.504000 1.000000
423.987200 2051.104000 424.491200 2541.504000 1.000000
426.580800 2113.824000 425.408000 2602.640000 1.000000
427.644800 2061.968000 426.539200 2551.888000 1.000000
427.873600 1288.827200 426.798400 1731.920000 1.000000
434.076800 108.890880 430.350400 603.502400 1.000000
435.988800 41.604960 432.651200 543.817600 1.000000
433.048000 1102.763200 432.848000 1546.707200 1.000000
434.028800 2040.896000 433.446400 2530.624000 1.000000
432.224000 702.259200 433.643200 1156.209600 1.000000
436.939200 129.854720 434.356800 622.246400 1.000000
435.600000 1120.104000 434.916800 1562.920000 1.000000
433.660800 1296.403200 434.950400 1741.472000 1.000000
437.587200 485.667200 437.446400 950.251200 1.000000
440.958400 1746.016000 438.091200 2211.392000 1.000000
436.950400 521.299200 438.118400 985.030400 1.000000
440.507200 1881.920000 438.894400 2360.576000 1.000000
441.604800 586.576000 441.076800 1047.212800 1.000000
445.459200 489.963200 443.366400 953.926400 1.000000
446.950400 609.614400 448.822400 1065.491200 1.000000
446.496000 901.291200 449.052800 1346.108800 1.000000
446.473600 1104.790400 449.905600 1546.284800 1.000000
450.158400 2175.232000 451.940800 2660.992000 1.000000
457.387200 1917.664000 453.424000 2397.456000 1.000000
452.856000 2221.472000 454.576000 2710.624000 1.000000
454.228800 653.012800 455.452800 1106.540800 1.000000
462.691200 2046.112000 461.107200 2534.400000 1.000000
461.512000 526.425600 461.598400 985.532800 1.000000
462.096000 895.256000 463.419200 1338.598400 1.000000
462.264000 2120.464000 463.915200 2604.992000 1.000000
461.441600 2221.392000 464.249600 2710.448000 1.000000
463.816000 886.139200 465.438400 1332.526400 1.000000
466.166400 700.696000 466.768000 1150.953600 1.000000
471.537600 1603.776000 467.876800 2058.592000 1.000000
465.217600 723.203200 468.134400 1173.000000 1.000000
469.488000 1130.364800 468.148800 1570.936000 1.000000
471.356800 1145.696000 471.510400 1585.723200 1.000000
470.241600 2172.528000 472.166400 2656.592000 1.000000
474.547200 899.785600 474.564800 1343.462400 1.000000
476.651200 1922.256000 474.841600 2401.792000 1.000000
475.092800 2086.448000 476.056000 2572.400000 1.000000
474.224000 920.081600 476.288000 1362.982400 1.000000
477.507200 2078.080000 476.929600 2564.944000 1.000000
479.571200 2071.344000 477.176000 2557.952000 1.000000
482.545600 306.425600 480.137600 780.860800 1.000000
478.441600 2178.528000 481.691200 2662.112000 1.000000
478.206400 2169.296000 481.809600 2652.416000 1.000000
483.148800 1120.068800 482.904000 1559.800000 1.000000
485.662400 1734.256000 484.832000 2196.016000 1.000000
485.233600 1369.068800 485.102400 1810.832000 1.000000
482.600000 2216.096000 487.720000 2702.768000 1.000000
496.217600 46.199200 489.660800 544.588800 1.000000
490.316800 2220.032000 495.054400 2706.016000 1.000000
495.891200 663.750400 495.608000 1115.873600 1.000000
502.112000 1893.792000 496.899200 2374.240000 1.000000
499.176000 1519.225600 497.667200 1966.528000 1.000000
499.388800 681.307200 499.462400 1130.611200 1.000000
493.528000 2200.832000 500.318400 2684.880000 1.000000
508.174400 208.854400 502.912000 692.076800 1.000000
507.195200 335.558400 503.662400 806.011200 1.000000
506.603200 1361.606400 505.899200 1801.776000 1.000000
496.795200 2501.872000 506.043200 2999.584000 1.000000
507.817600 712.745600 507.201600 1161.454400 1.000000
509.971200 670.425600 508.395200 1119.115200 1.000000
511.214400 513.156800 510.403200 971.041600 1.000000
514.635200 333.755200 510.638400 806.344000 1.000000
517.800000 82.549920 511.267200 575.148800 1.000000
512.985600 1581.081600 512.118400 2030.128000 1.000000
513.091200 2216.112000 517.472000 2700.480000 1.000000
520.180800 1725.936000 519.112000 2184.496000 1.000000
520.158400 1524.955200 520.283200 1971.280000 1.000000
520.572800 1587.944000 520.296000 2036.688000 1.000000
522.294400 573.892800 521.220800 1027.569600 1.000000
518.049600 2184.512000 521.940800 2667.040000 1.000000
521.633600 2158.528000 523.878400 2639.472000 1.000000
527.846400 1866.816000 526.878400 2337.440000 1.000000
526.675200 710.347200 527.780800 1156.948800 1.000000
526.649600 1888.784000 528.302400 2362.240000 1.000000
528.627200 1876.432000 529.939200 2347.136000 1.000000
537.436800 156.934880 530.201600 642.515200 1.000000
528.137600 2216.448000 533.547200 2699.408000 1.000000
535.718400 1874.000000 537.340800 2342.432000 1.000000
538.678400 1699.424000 538.316800 2153.872000 1.000000
538.784000 788.827200 538.486400 1231.161600 1.000000
543.057600 342.841600 538.676800 809.302400 1.000000
536.672000 2218.976000 542.635200 2701.104000 1.000000
544.342400 1173.798400 542.912000 1607.792000 1.000000
544.348800 1420.614400 544.238400 1860.688000 1.000000
542.321600 2052.672000 544.617600 2534.368000 1.000000
544.696000 700.859200 545.019200 1145.670400 1.000000
550.043200 1703.680000 549.960000 2157.504000 1.000000
550.193600 1428.120000 550.204800 1868.512000 1.000000
553.676800 1625.296000 552.828800 2073.200000 1.000000
548.937600 2090.928000 554.038400 2570.944000 1.000000
566.121600 18.573440 554.609600 515.318400 1.000000
560.292800 1698.384000 560.260800 2152.016000 1.000000
560.342400 1728.496000 560.697600 2184.096000 1.000000
562.939200 1674.400000 561.587200 2124.496000 1.000000
566.545600 1147.123200 566.912000 1579.465600 1.000000
563.771200 1792.672000 567.254400 2251.648000 1.000000
566.374400 2064.672000 568.976000 2543.632000 1.000000
580.475200 19.675200 570.089600 514.739200 1.000000
573.038400 741.668800 571.083200 1183.656000 1.000000
567.763200 2180.960000 573.281600 2659.136000 1.000000
575.817600 1468.761600 575.496000 1907.216000 1.000000
572.108800 2105.440000 575.744000 2584.608000 1.000000
576.113600 1770.304000 576.899200 2227.696000 1.000000
580.073600 1724.752000 579.192000 2177.136000 1.000000
578.956800 2048.336000 582.510400 2527.664000 1.000000
584.457600 1475.270400 584.827200 1913.904000 1.000000
585.252800 1127.310400 585.376000 1557.592000 1.000000
578.699200 2181.760000 586.702400 2658.496000 1.000000
588.561600 1443.593600 589.012800 1881.952000 1.000000
601.555200 77.927840 590.184000 567.059200 1.000000
592.232000 723.291200 590.268800 1163.070400 1.000000
584.236800 2198.288000 591.265600 2676.400000 1.000000
581.272000 2473.680000 592.057600 2967.440000 1.000000
590.371200 2078.384000 595.422400 2555.152000 1.000000
586.979200 2164.544000 595.534400 2640.272000 1.000000
594.924800 1718.048000 596.654400 2169.664000 1.000000
601.388800 734.334400 598.833600 1174.220800 1.000000
600.196800 1458.137600 600.515200 1893.552000 1.000000
597.100800 2052.000000 600.806400 2529.536000 1.000000
600.577600 1436.320000 601.568000 1872.608000 1.000000
605.977600 425.476800 602.073600 883.798400 1.000000
600.694400 2183.088000 607.668800 2658.800000 1.000000
615.684800 349.088000 608.089600 814.566400 1.000000
606.238400 2021.872000 612.331200 2499.168000 1.000000
612.536000 1729.568000 613.004800 2181.488000 1.000000
605.958400 2059.776000 613.785600 2534.720000 1.000000
614.907200 1745.216000 616.888000 2198.128000 1.000000
615.212800 2167.392000 623.982400 2642.592000 1.000000
627.219200 700.860800 624.238400 1140.708800 1.000000
621.544000 2035.792000 625.772800 2511.792000 1.000000
621.371200 2119.760000 626.326400 2594.912000 1.000000
640.454400 81.558400 627.345600 566.473600 1.000000
628.936000 1139.056000 627.740800 1567.275200 1.000000
631.889600 690.956800 629.281600 1131.158400 1.000000
626.729600 2003.152000 632.292800 2478.944000 1.000000
625.692800 2210.624000 633.510400 2687.488000 1.000000
633.224000 1782.528000 635.494400 2236.752000 1.000000
632.977600 2081.472000 638.432000 2555.328000 1.000000
641.662400 1138.600000 640.667200 1564.566400 1.000000
654.686400 68.233440 641.356800 553.780800 1.000000
657.683200 113.647040 644.208000 595.931200 1.000000
643.334400 1502.699200 644.795200 1937.072000 1.000000
639.881600 2074.064000 645.873600 2548.240000 1.000000
638.059200 2213.776000 646.864000 2690.944000 1.000000
647.760000 1738.896000 649.787200 2188.720000 1.000000
649.908800 1110.560000 651.000000 1536.022400 1.000000
651.355200 1428.008000 652.731200 1858.848000 1.000000
644.657600 2148.720000 652.894400 2620.976000 1.000000
656.168000 1133.225600 654.124800 1557.948800 1.000000
648.891200 2208.784000 656.929600 2684.400000 1.000000
666.886400 464.536000 660.041600 914.811200 1.000000
657.947200 2036.992000 663.721600 2510.080000 1.000000
668.225600 1153.561600 667.676800 1576.102400 1.000000
668.956800 1119.065600 668.649600 1542.857600 1.000000
663.464000 2003.504000 669.201600 2477.248000 1.000000
676.952000 474.252800 670.475200 923.478400 1.000000
669.196800 1600.080000 671.366400 2037.024000 1.000000
668.947200 1708.320000 672.560000 2153.136000 1.000000
675.472000 986.646400 674.064000 1411.742400 1.000000
674.254400 1526.761600 677.697600 1959.120000 1.000000
675.664000 1683.328000 677.980800 2126.112000 1.000000
677.316800 1436.947200 678.800000 1868.560000 1.000000
676.161600 1692.480000 679.763200 2136.032000 1.000000
683.132800 1015.555200 680.892800 1440.556800 1.000000
696.916800 169.307200 683.523200 643.532800 1.000000
671.974400 2195.392000 684.297600 2666.384000 1.000000
682.456000 1410.091200 684.329600 1838.608000 1.000000
673.252800 2084.416000 684.736000 2555.904000 1.000000
675.747200 2100.096000 685.203200 2570.112000 1.000000
687.596800 2033.744000 693.339200 2505.440000 1.000000
698.963200 618.240000 693.616000 1055.768000 1.000000
688.009600 2162.992000 697.312000 2630.704000 1.000000
690.081600 2146.048000 699.401600 2613.952000 1.000000
692.270400 2058.416000 700.089600 2528.320000 1.000000
699.846400 1389.684800 701.326400 1815.072000 1.000000
695.052800 2097.856000 702.129600 2567.392000 1.000000
704.806400 1513.923200 708.072000 1944.128000 1.000000
698.419200 2012.496000 708.492800 2481.808000 1.000000
712.289600 916.488000 708.704000 1341.728000 1.000000
709.164800 1013.094400 708.985600 1433.665600 1.000000
706.068800 1997.840000 709.316800 2468.656000 1.000000
703.915200 1934.096000 709.601600 2395.808000 1.000000
707.878400 1556.580800 710.457600 1990.688000 1.000000
709.030400 1525.396800 711.259200 1955.520000 1.000000
691.630400 2456.752000 712.892800 2942.880000 1.000000
708.360000 1819.232000 713.899200 2272.112000 1.000000
716.902400 924.476800 714.270400 1348.950400 1.000000
722.275200 550.366400 715.300800 991.657600 1.000000
713.851200 1376.060800 715.950400 1799.632000 1.000000
710.278400 2030.496000 718.180800 2499.360000 1.000000
718.270400 1471.289600 720.012800 1897.296000 1.000000
720.198400 1283.921600 720.900800 1703.664000 1.000000
714.945600 2042.224000 722.488000 2510.992000 1.000000
719.148800 1683.440000 722.681600 2123.664000 1.000000
729.585600 555.470400 722.812800 997.176000 1.000000
725.248000 919.931200 723.774400 1343.404800 1.000000
733.721600 568.006400 725.870400 1008.084800 1.000000
720.545600 1917.104000 726.787200 2375.568000 1.000000
714.654400 2216.320000 726.835200 2687.584000 1.000000
727.560000 1279.393600 726.988800 1700.528000 1.000000
727.224000 1338.260800 728.296000 1760.720000 1.000000
733.425600 1275.320000 733.219200 1695.552000 1.000000
734.708800 1285.368000 735.844800 1705.472000 1.000000
734.017600 1395.667200 736.185600 1816.480000 1.000000
751.955200 179.075200 736.278400 650.540800 1.000000
730.891200 1886.048000 737.188800 2338.704000 1.000000
741.209600 961.982400 737.468800 1383.009600 1.000000
728.104000 2197.200000 738.673600 2665.104000 1.000000
728.297600 2109.488000 740.299200 2575.808000 1.000000
739.137600 1499.275200 740.688000 1925.792000 1.000000
730.788800 2182.400000 741.592000 2649.136000 1.000000
731.313600 2210.912000 744.166400 2680.128000 1.000000
757.995200 214.542400 744.587200 681.486400 1.000000
740.273600 1891.488000 746.369600 2348.160000 1.000000
743.624000 1589.744000 747.332800 2021.120000 1.000000
732.427200 2222.640000 749.001600 2693.200000 1.000000
747.169600 1486.656000 749.961600 1913.376000 1.000000
745.625600 2095.840000 752.521600 2563.968000 1.000000
772.132800 171.920000 755.571200 641.769600 1.000000
772.921600 234.611200 757.353600 699.476800 1.000000
760.947200 986.476800 757.699200 1406.329600 1.000000
748.843200 2035.536000 758.483200 2501.424000 1.000000
755.481600 1454.961600 758.537600 1878.464000 1.000000
751.804800 2023.888000 758.702400 2490.368000 1.000000
775.998400 226.748800 759.616000 690.326400 1.000000
759.334400 1478.809600 760.643200 1904.512000 1.000000
760.441600 1587.004800 764.371200 2016.928000 1.000000
758.832000 1912.336000 766.025600 2367.968000 1.000000
753.755200 2074.736000 766.368000 2539.840000 1.000000
758.316800 2049.312000 768.401600 2514.368000 1.000000
768.737600 1326.908800 768.491200 1746.752000 1.000000
770.121600 1319.588800 770.668800 1738.768000 1.000000
774.462400 1605.568000 777.968000 2035.440000 1.000000
764.560000 2172.176000 778.392000 2636.992000 1.000000
772.840000 1870.592000 779.265600 2321.088000 1.000000
778.272000 1295.056000 779.292800 1711.104000 1.000000
768.008000 2154.512000 779.582400 2616.384000 1.000000
770.323200 2058.720000 781.590400 2522.688000 1.000000
774.566400 2047.072000 782.116800 2511.648000 1.000000
782.931200 1311.728000 783.276800 1728.384000 1.000000
803.217600 168.929600 785.068800 637.912000 1.000000
775.556800 2120.928000 788.619200 2583.504000 1.000000
787.267200 1605.872000 790.635200 2036.112000 1.000000
775.849600 2206.784000 791.243200 2672.720000 1.000000
785.662400 1882.400000 791.468800 2334.624000 1.000000
778.854400 2100.928000 792.182400 2563.264000 1.000000
780.528000 2149.120000 793.940800 2611.248000 1.000000
780.166400 2192.656000 793.955200 2657.056000 1.000000
781.169600 2222.688000 797.443200 2689.376000 1.000000
799.846400 1321.086400 799.409600 1738.512000 1.000000
789.294400 2200.304000 804.572800 2663.344000 1.000000
791.427200 2109.072000 805.227200 2570.512000 1.000000
795.896000 2176.096000 810.787200 2637.280000 1.000000
834.291200 110.265600 812.640000 582.646400 1.000000
804.217600 2003.264000 813.811200 2468.464000 1.000000
801.414400 2091.664000 816.214400 2553.088000 1.000000
837.216000 313.009600 820.584000 768.430400 1.000000
821.126400 1328.822400 821.003200 1743.856000 1.000000
807.740800 2160.848000 822.787200 2618.512000 1.000000
811.241600 2016.592000 822.788800 2478.416000 1.000000
813.417600 2134.224000 826.433600 2593.792000 1.000000
844.168000 309.886400 827.419200 764.118400 1.000000
819.540800 1836.768000 828.104000 2278.896000 1.000000
815.955200 2061.392000 829.144000 2521.920000 1.000000
821.948800 2000.464000 833.124800 2460.768000 1.000000
860.628800 30.884320 835.475200 508.620800 1.000000
860.443200 47.473440 836.352000 525.537600 1.000000
857.120000 307.681600 840.145600 760.707200 1.000000
831.579200 1868.464000 840.518400 2312.480000 1.000000
846.105600 880.302400 840.665600 1295.652800 1.000000
823.512000 2192.544000 840.760000 2652.800000 1.000000
858.848000 318.563200 841.630400 768.835200 1.000000
832.760000 2024.272000 845.683200 2483.440000 1.000000
869.606400 113.723840 846.790400 585.171200 1.000000
837.835200 1999.936000 847.632000 2459.888000 1.000000
836.897600 2042.928000 849.843200 2501.392000 1.000000
874.388800 153.913600 851.662400 619.500800 1.000000
878.324800 58.932800 854.054400 532.473600 1.000000
851.299200 1674.976000 857.564800 2103.216000 1.000000
841.297600 2064.896000 857.715200 2522.160000 1.000000
848.793600 1864.192000 858.824000 2306.048000 1.000000
880.291200 311.392000 862.241600 761.652800 1.000000
855.728000 1559.201600 863.217600 1978.032000 1.000000
868.420800 1061.064000 865.121600 1470.900800 1.000000
852.523200 2011.440000 866.456000 2469.440000 1.000000
862.201600 1696.640000 868.134400 2125.200000 1.000000
887.904000 359.545600 870.804800 804.265600 1.000000
853.748800 2193.904000 870.865600 2651.760000 1.000000
863.046400 1875.760000 872.251200 2318.688000 1.000000
871.963200 1494.368000 874.128000 1910.912000 1.000000
866.657600 1854.016000 876.868800 2294.288000 1.000000
860.987200 2184.496000 878.561600 2640.864000 1.000000
874.816000 1673.824000 881.152000 2098.752000 1.000000
867.742400 2203.216000 884.670400 2661.936000 1.000000
870.168000 2119.600000 887.916800 2572.944000 1.000000
874.966400 2011.680000 889.612800 2467.424000 1.000000
871.804800 2192.400000 890.300800 2650.096000 1.000000
883.523200 1662.240000 891.097600 2084.976000 1.000000
874.192000 2059.072000 891.144000 2513.472000 1.000000
881.521600 1793.840000 891.652800 2223.024000 1.000000
892.017600 1302.579200 892.467200 1711.360000 1.000000
891.572800 1412.787200 893.665600 1823.264000 1.000000
910.745600 397.806400 893.944000 839.918400 1.000000
881.172800 1949.056000 893.964800 2399.216000 1.000000
889.088000 1562.104000 894.848000 1976.960000 1.000000
886.745600 1862.048000 898.078400 2302.816000 1.000000
918.950400 330.697600 901.020800 775.608000 1.000000
898.531200 1403.297600 901.723200 1813.104000 1.000000
924.683200 194.844800 902.507200 654.640000 1.000000
892.414400 1847.280000 902.598400 2286.512000 1.000000
890.654400 1845.056000 903.619200 2282.880000 1.000000
894.657600 1878.752000 904.992000 2319.072000 1.000000
895.000000 1896.832000 905.659200 2338.176000 1.000000
886.692800 2203.872000 906.432000 2661.904000 1.000000
910.620800 1115.246400 907.820800 1520.524800 1.000000
888.334400 2180.416000 907.945600 2634.576000 1.000000
896.771200 1855.792000 908.390400 2293.392000 1.000000
897.931200 1736.960000 909.675200 2167.904000 1.000000
899.024000 1833.584000 910.252800 2269.408000 1.000000
903.545600 1798.512000 911.553600 2233.056000 1.000000
910.265600 1745.888000 918.936000 2174.496000 1.000000
910.568000 1810.336000 920.371200 2244.992000 1.000000
900.620800 2189.968000 920.881600 2644.432000 1.000000
908.864000 1845.248000 921.252800 2281.744000 1.000000
910.587200 2086.784000 926.052800 2542.944000 1.000000
909.609600 2077.216000 926.862400 2529.088000 1.000000
908.449600 2145.728000 928.836800 2597.264000 1.000000
919.089600 1909.376000 931.214400 2351.744000 1.000000
910.454400 2166.128000 931.515200 2618.592000 1.000000
924.832000 1759.456000 934.779200 2186.448000 1.000000
952.672000 442.422400 935.600000 877.433600 1.000000
916.675200 2183.216000 937.179200 2636.496000 1.000000
928.979200 1916.368000 943.236800 2358.448000 1.000000
929.232000 2019.344000 945.096000 2470.624000 1.000000
916.369600 2410.112000 946.587200 2870.784000 1.000000
932.014400 2189.968000 953.588800 2640.640000 1.000000
977.931200 260.851200 953.664000 708.900800 1.000000
942.497600 1802.976000 953.904000 2231.952000 1.000000
941.246400 1932.992000 954.817600 2375.888000 1.000000
943.150400 1830.144000 955.888000 2261.616000 1.000000
945.780800 2109.040000 966.038400 2557.344000 1.000000
949.177600 2068.048000 967.793600 2517.200000 1.000000
999.411200 141.005600 970.182400 599.110400 1.000000
999.280000 388.012800 978.078400 823.504000 1.000000
964.371200 2007.184000 981.873600 2456.128000 1.000000
977.040000 1502.134400 982.552000 1908.816000 1.000000
1014.211200 153.641120 985.819200 610.870400 1.000000
1013.336000 386.246400 992.057600 821.353600 1.000000
980.593600 1774.480000 993.016000 2197.792000 1.000000
988.857600 1503.720000 994.083200 1909.712000 1.000000
975.891200 2058.144000 996.192000 2505.680000 1.000000
1020.339200 395.883200 998.179200 831.116800 1.000000
1034.873600 158.885600 1004.702400 613.750400 1.000000
994.212800 1765.248000 1004.889600 2189.984000 1.000000
983.299200 2098.256000 1005.427200 2542.560000 1.000000
991.252800 1895.776000 1006.099200 2330.048000 1.000000
986.731200 2141.104000 1009.708800 2587.312000 1.000000
1006.697600 1439.617600 1010.587200 1841.056000 1.000000
976.027200 2458.912000 1010.694400 2920.240000 1.000000
1021.200000 867.099200 1011.048000 1270.713600 1.000000
1001.483200 1811.072000 1014.768000 2235.296000 1.000000
1007.902400 2142.240000 1030.116800 2587.984000 1.000000
1007.256000 2161.344000 1031.288000 2605.136000 1.000000
1052.872000 534.937600 1034.262400 957.169600 1.000000
1013.430400 2186.992000 1036.680000 2633.552000 1.000000
1016.348800 2148.752000 1040.144000 2592.080000 1.000000
1035.233600 1572.099200 1041.908800 1979.536000 1.000000
1021.609600 2195.376000 1047.723200 2642.752000 1.000000
1026.675200 2073.216000 1048.003200 2514.912000 1.000000
1024.523200 2156.672000 1049.388800 2600.256000 1.000000
1024.187200 2125.120000 1049.689600 2567.104000 1.000000
1025.619200 2026.144000 1049.827200 2469.808000 1.000000
1083.152000 124.161600 1049.985600 573.059200 1.000000
1033.052800 2182.336000 1059.118400 2625.856000 1.000000
1028.172800 2313.232000 1059.268800 2761.760000 1.000000
1043.819200 1832.720000 1059.462400 2255.744000 1.000000
1025.513600 2395.408000 1059.897600 2851.264000 1.000000
1035.606400 2063.536000 1060.772800 2506.224000 1.000000
1042.516800 2016.880000 1063.283200 2458.480000 1.000000
1034.910400 2315.984000 1065.848000 2764.000000 1.000000
1041.977600 2169.520000 1067.718400 2612.480000 1.000000
1035.542400 2306.912000 1067.953600 2755.120000 1.000000
1043.302400 2196.784000 1070.216000 2640.688000 1.000000
1040.424000 2324.544000 1072.643200 2773.312000 1.000000
1040.947200 2299.296000 1074.374400 2747.504000 1.000000
1070.713600 1381.564800 1074.772800 1773.392000 1.000000
1066.588800 1938.128000 1083.995200 2371.808000 1.000000
1055.209600 2296.496000 1085.606400 2743.232000 1.000000
1051.881600 2401.984000 1088.241600 2854.272000 1.000000
1061.836800 2184.048000 1088.947200 2625.296000 1.000000
1124.427200 239.254400 1092.076800 681.398400 1.000000
1060.998400 2321.200000 1094.652800 2767.120000 1.000000
1077.246400 1907.840000 1096.753600 2337.712000 1.000000
1070.030400 2195.616000 1098.651200 2637.616000 1.000000
1130.596800 254.611200 1099.150400 693.636800 1.000000
1066.460800 2309.872000 1099.956800 2754.544000 1.000000
1109.001600 984.116800 1101.548800 1377.595200 1.000000
1121.745600 613.108800 1102.672000 1023.928000 1.000000
1070.528000 2290.352000 1102.672000 2734.400000 1.000000
1076.228800 2188.800000 1102.790400 2626.608000 1.000000
1130.572800 602.152000 1110.699200 1013.907200 1.000000
1074.476800 2500.032000 1119.859200 2955.920000 1.000000
1104.585600 1925.552000 1122.561600 2354.112000 1.000000
1135.697600 1009.811200 1126.550400 1400.697600 1.000000
1106.758400 2037.776000 1131.379200 2474.480000 1.000000
1110.019200 2055.664000 1133.809600 2491.616000 1.000000
1115.824000 1900.928000 1134.740800 2325.344000 1.000000
1109.126400 2182.624000 1137.616000 2620.064000 1.000000
1112.667200 2101.760000 1139.203200 2537.072000 1.000000
1101.086400 2437.584000 1140.940800 2890.080000 1.000000
1151.014400 992.465600 1142.609600 1382.195200 1.000000
1120.862400 2071.456000 1145.900800 2507.120000 1.000000
1127.390400 1946.544000 1147.035200 2374.800000 1.000000
1166.457600 678.316800 1147.200000 1084.040000 1.000000
1129.448000 1933.536000 1150.931200 2359.936000 1.000000
1128.020800 2003.408000 1152.433600 2437.616000 1.000000
1122.166400 2181.472000 1152.992000 2617.408000 1.000000
1132.424000 2038.064000 1157.163200 2472.064000 1.000000
1125.198400 2431.424000 1166.299200 2883.696000 1.000000
1134.820800 2189.232000 1167.635200 2625.520000 1.000000
1134.284800 2202.480000 1169.537600 2640.288000 1.000000
1150.235200 2061.680000 1177.289600 2494.736000 1.000000
1153.566400 2073.952000 1180.644800 2506.464000 1.000000
1149.360000 2180.768000 1182.328000 2617.328000 1.000000
1207.936000 567.761600 1182.347200 975.904000 1.000000
1139.313600 2448.400000 1182.412800 2901.616000 1.000000
1139.918400 2431.072000 1183.190400 2881.040000 1.000000
1172.278400 1690.736000 1186.884800 2091.728000 1.000000
1167.097600 1924.192000 1186.902400 2350.784000 1.000000
1164.110400 1960.128000 1188.139200 2388.176000 1.000000
1234.606400 101.192160 1191.681600 549.828800 1.000000
1222.036800 574.192000 1198.185600 979.649600 1.000000
1165.814400 2173.200000 1200.724800 2606.896000 1.000000
1169.268800 2156.752000 1200.899200 2587.552000 1.000000
1187.678400 1702.384000 1202.000000 2103.072000 1.000000
1241.846400 264.334400 1203.019200 709.542400 1.000000
1237.392000 382.380800 1203.902400 801.088000 1.000000
1164.790400 2392.288000 1207.232000 2836.288000 1.000000
1163.168000 2308.864000 1209.744000 2741.776000 1.000000
1178.366400 2136.320000 1209.950400 2565.840000 1.000000
1184.011200 2033.584000 1210.512000 2464.592000 1.000000
1177.540800 2162.960000 1210.528000 2593.856000 1.000000
1182.795200 2080.896000 1213.377600 2510.336000 1.000000
1170.755200 2418.864000 1213.502400 2865.248000 1.000000
1183.900800 2072.288000 1213.633600 2501.856000 1.000000
1251.180800 351.961600 1214.553600 771.056000 1.000000
1185.401600 2152.624000 1219.865600 2581.344000 1.000000
1190.163200 2121.360000 1219.952000 2550.064000 1.000000
1194.900800 2002.960000 1222.227200 2432.720000 1.000000
1264.432000 161.318400 1222.459200 600.891200 1.000000
1256.880000 382.878400 1223.224000 801.174400 1.000000
1194.603200 2020.816000 1223.675200 2449.504000 1.000000
1193.803200 2180.528000 1224.921600 2615.664000 1.000000
1267.537600 145.909920 1225.409600 584.220800 1.000000
1199.798400 2064.240000 1228.828800 2491.760000 1.000000
1199.705600 2040.016000 1228.990400 2468.848000 1.000000
1263.456000 366.084800 1229.158400 787.086400 1.000000
1202.420800 2051.888000 1230.395200 2480.880000 1.000000
1198.243200 2150.976000 1231.476800 2579.056000 1.000000
1187.272000 2405.440000 1231.851200 2848.512000 1.000000
1274.310400 182.740800 1232.504000 620.886400 1.000000
1186.193600 2469.216000 1232.707200 2921.536000 1.000000
1208.560000 2143.392000 1241.865600 2570.416000 1.000000
1288.611200 122.000800 1242.942400 563.369600 1.000000
1212.158400 2111.536000 1243.617600 2539.360000 1.000000
1208.947200 2132.976000 1244.761600 2559.424000 1.000000
1264.404800 746.177600 1245.064000 1138.166400 1.000000
1214.316800 2075.152000 1246.081600 2503.216000 1.000000
1285.734400 318.836800 1248.251200 741.619200 1.000000
1218.182400 2044.704000 1248.662400 2471.024000 1.000000
1281.496000 510.657600 1250.684800 917.169600 1.000000
1232.803200 1717.712000 1251.216000 2116.992000 1.000000
1219.075200 2148.032000 1254.288000 2574.688000 1.000000
1240.835200 1742.976000 1258.240000 2143.824000 1.000000
1306.694400 128.109120 1260.427200 568.724800 1.000000
1248.904000 1564.987200 1261.273600 1953.008000 1.000000
1232.160000 2076.800000 1262.411200 2502.960000 1.000000
1228.723200 2131.536000 1263.387200 2557.392000 1.000000
1231.126400 2096.256000 1263.440000 2521.904000 1.000000
1312.787200 115.385920 1264.515200 553.963200 1.000000
1234.228800 2064.864000 1264.828800 2490.720000 1.000000
1314.009600 89.296800 1264.859200 533.812800 1.000000
1233.099200 2115.776000 1265.508800 2542.048000 1.000000
1232.489600 2147.008000 1267.696000 2572.880000 1.000000
1287.576000 812.913600 1268.147200 1199.553600 1.000000
1235.084800 2123.952000 1268.340800 2549.488000 1.000000
1238.065600 2053.296000 1268.968000 2479.056000 1.000000
1241.961600 2087.120000 1273.945600 2511.952000 1.000000
1293.089600 815.912000 1274.710400 1202.504000 1.000000
1246.324800 2042.272000 1275.171200 2468.400000 1.000000
1278.292800 1216.654400 1275.574400 1595.592000 1.000000
1325.670400 84.793760 1276.441600 528.844800 1.000000
1243.510400 2098.512000 1276.572800 2522.928000 1.000000
1246.104000 2062.528000 1277.308800 2487.296000 1.000000
1249.897600 2006.944000 1278.342400 2431.968000 1.000000
1244.593600 2149.728000 1279.876800 2574.336000 1.000000
1245.441600 2120.688000 1279.976000 2544.656000 1.000000
1234.780800 2415.440000 1283.608000 2856.608000 1.000000
1248.764800 2140.288000 1285.404800 2564.256000 1.000000
1290.862400 1161.772800 1285.456000 1539.808000 1.000000
1279.276800 1481.923200 1287.862400 1864.176000 1.000000
1258.494400 2058.064000 1290.272000 2482.064000 1.000000
1254.068800 2132.112000 1290.579200 2554.880000 1.000000
1260.804800 2011.056000 1292.052800 2435.232000 1.000000
1255.070400 2157.392000 1292.068800 2581.856000 1.000000
1257.270400 2094.000000 1293.307200 2517.008000 1.000000
1342.908800 187.980800 1294.625600 615.712000 1.000000
1343.593600 136.270080 1295.132800 573.638400 1.000000
1262.632000 2146.944000 1299.051200 2570.496000 1.000000
1268.992000 2084.112000 1302.548800 2506.576000 1.000000
1269.643200 2056.784000 1302.603200 2479.600000 1.000000
1337.350400 456.464000 1303.254400 862.510400 1.000000
1332.409600 669.966400 1306.508800 1060.203200 1.000000
1273.353600 2092.304000 1307.806400 2514.544000 1.000000
1277.812800 2008.288000 1308.009600 2431.232000 1.000000
1356.595200 215.025600 1310.161600 639.865600 1.000000
1332.544000 738.462400 1310.272000 1123.297600 1.000000
1273.552000 2169.408000 1310.481600 2595.088000 1.000000
1278.784000 2061.840000 1310.865600 2484.240000 1.000000
1275.742400 2143.680000 1312.968000 2565.856000 1.000000
1281.139200 2042.192000 1314.089600 2464.656000 1.000000
1280.646400 2082.624000 1314.990400 2503.760000 1.000000
1367.536000 55.448800 1315.184000 498.001600 1.000000
1285.780800 2028.544000 1316.096000 2450.320000 1.000000
1335.355200 835.555200 1317.353600 1218.193600 1.000000
1323.113600 1192.392000 1319.473600 1567.176000 1.000000
1368.924800 139.343040 1319.680000 573.476800 1.000000
1289.771200 2011.264000 1321.574400 2433.456000 1.000000
1287.497600 2092.992000 1322.385600 2513.216000 1.000000
1289.270400 2144.272000 1326.912000 2565.344000 1.000000
1359.827200 516.635200 1327.161600 918.438400 1.000000
1292.484800 2109.984000 1328.489600 2530.256000 1.000000
1308.228800 1804.528000 1329.684800 2206.672000 1.000000
1293.392000 2154.864000 1332.748800 2576.896000 1.000000
1295.792000 2134.608000 1332.838400 2554.192000 1.000000
1325.699200 1472.772800 1333.620800 1850.112000 1.000000
1385.563200 107.801440 1334.387200 546.249600 1.000000
1299.486400 2090.064000 1334.937600 2510.128000 1.000000
1305.387200 2011.024000 1336.777600 2431.904000 1.000000
1303.208000 2021.968000 1337.856000 2444.080000 1.000000
1286.331200 2434.336000 1338.873600 2873.248000 1.000000
1303.627200 2105.760000 1339.387200 2525.376000 1.000000
1376.571200 522.425600 1342.256000 917.995200 1.000000
1309.940800 2039.184000 1343.347200 2458.304000 1.000000
1307.836800 2114.288000 1344.128000 2533.216000 1.000000
1308.403200 2123.152000 1346.105600 2542.000000 1.000000
1296.340800 2405.520000 1349.153600 2839.120000 1.000000
1316.113600 2022.672000 1350.552000 2444.160000 1.000000
1301.217600 2415.984000 1353.227200 2851.984000 1.000000
1314.670400 2145.856000 1353.387200 2566.064000 1.000000
1317.520000 2106.016000 1354.795200 2527.264000 1.000000
1356.888000 1229.929600 1355.115200 1603.088000 1.000000
1301.264000 2428.112000 1355.195200 2864.480000 1.000000
1389.883200 565.035200 1357.473600 958.784000 1.000000
1374.305600 914.416000 1357.603200 1292.126400 1.000000
1395.948800 432.652800 1357.924800 836.929600 1.000000
1334.977600 1844.448000 1360.104000 2244.256000 1.000000
1331.478400 2009.488000 1362.553600 2427.376000 1.000000
1324.446400 2125.808000 1363.372800 2543.840000 1.000000
1366.352000 1226.488000 1363.817600 1597.499200 1.000000
1329.294400 2080.304000 1365.022400 2498.368000 1.000000
1330.264000 2065.664000 1366.230400 2483.408000 1.000000
1329.958400 2092.640000 1366.315200 2510.320000 1.000000
1383.668800 910.020800 1367.248000 1286.465600 1.000000
1341.862400 1868.992000 1368.156800 2270.720000 1.000000
1375.883200 1157.244800 1369.580800 1528.430400 1.000000
1333.393600 2112.000000 1371.625600 2528.368000 1.000000
1340.588800 2012.048000 1374.553600 2429.344000 1.000000
1382.145600 1130.382400 1375.694400 1501.195200 1.000000
1413.267200 512.008000 1377.916800 908.296000 1.000000
1352.345600 1857.024000 1378.401600 2259.008000 1.000000
1342.185600 2092.144000 1380.062400 2508.800000 1.000000
1409.041600 684.686400 1380.961600 1072.414400 1.000000
1345.769600 2052.768000 1381.120000 2469.504000 1.000000
1351.979200 2006.672000 1383.830400 2423.728000 1.000000
1346.048000 2116.304000 1384.641600 2533.056000 1.000000
1357.862400 1931.904000 1387.217600 2340.192000 1.000000
1364.097600 1856.112000 1389.060800 2255.152000 1.000000
1360.408000 1915.888000 1389.360000 2324.320000 1.000000
1417.616000 666.481600 1389.545600 1050.619200 1.000000
1358.596800 2035.792000 1391.825600 2451.200000 1.000000
1350.792000 2131.392000 1392.160000 2547.008000 1.000000
1355.641600 2056.640000 1392.348800 2471.296000 1.000000
1356.057600 2111.856000 1393.116800 2527.248000 1.000000
1380.480000 1567.977600 1394.433600 1948.464000 1.000000
1360.916800 2111.568000 1398.529600 2525.792000 1.000000
1447.048000 280.849600 1398.545600 695.940800 1.000000
1418.043200 942.235200 1401.945600 1314.091200 1.000000
1430.737600 701.084800 1403.696000 1081.068800 1.000000
1365.979200 2072.112000 1404.771200 2486.048000 1.000000
1454.427200 282.731200 1406.342400 699.774400 1.000000
1451.800000 353.176000 1407.385600 760.257600 1.000000
1399.824000 1503.558400 1409.888000 1872.144000 1.000000
1375.144000 2076.992000 1412.433600 2491.600000 1.000000
1392.531200 1724.720000 1414.235200 2110.064000 1.000000
1458.283200 383.835200 1414.915200 786.520000 1.000000
1463.315200 300.444800 1415.369600 711.076800 1.000000
1449.731200 659.638400 1420.185600 1043.465600 1.000000
1416.491200 1429.758400 1423.190400 1800.448000 1.000000
1390.846400 2034.336000 1426.232000 2447.968000 1.000000
1389.848000 2072.480000 1427.448000 2484.240000 1.000000
1457.771200 653.160000 1427.750400 1037.219200 1.000000
1441.406400 1061.651200 1431.291200 1428.336000 1.000000
1446.691200 977.960000 1431.980800 1346.726400 1.000000
1395.793600 2015.968000 1432.233600 2429.216000 1.000000
1416.796800 1685.072000 1435.579200 2069.984000 1.000000
1466.323200 705.921600 1437.819200 1084.680000 1.000000
1434.238400 1435.462400 1440.089600 1807.888000 1.000000
1418.870400 1933.280000 1449.476800 2336.336000 1.000000
1466.148800 997.409600 1451.163200 1362.784000 1.000000
1499.915200 333.590400 1452.366400 738.825600 1.000000
1449.678400 1339.425600 1452.849600 1703.968000 1.000000
1500.260800 352.982400 1453.107200 756.803200 1.000000
1478.233600 872.254400 1457.222400 1241.323200 1.000000
1513.131200 291.078400 1460.800000 702.390400 1.000000
1527.512000 24.204640 1461.080000 463.107200 1.000000
1419.779200 2053.664000 1463.804800 2463.296000 1.000000
1434.947200 1907.920000 1466.094400 2306.544000 1.000000
1473.099200 1361.081600 1476.169600 1726.464000 1.000000
1440.769600 2053.152000 1477.782400 2461.344000 1.000000
1511.112000 666.067200 1479.648000 1043.924800 1.000000
1439.998400 2139.968000 1484.091200 2551.248000 1.000000
1507.947200 874.036800 1486.505600 1242.163200 1.000000
1544.424000 233.131200 1487.902400 644.187200 1.000000
1486.003200 1358.360000 1490.044800 1723.152000 1.000000
1468.537600 1871.984000 1497.963200 2265.056000 1.000000
1467.660800 1955.248000 1502.030400 2358.912000 1.000000
1464.401600 2016.064000 1502.590400 2423.472000 1.000000
1464.168000 2033.456000 1502.654400 2440.816000 1.000000
1536.179200 669.313600 1503.561600 1045.446400 1.000000
1562.894400 394.417600 1513.062400 788.481600 1.000000
1471.494400 2123.648000 1516.356800 2530.480000 1.000000
1514.456000 1384.681600 1519.612800 1747.408000 1.000000
1491.590400 1894.352000 1526.064000 2285.488000 1.000000
1575.888000 403.230400 1527.894400 797.624000 1.000000
1529.505600 1393.635200 1534.672000 1753.744000 1.000000
1570.502400 661.065600 1536.070400 1034.550400 1.000000
1499.150400 2003.600000 1537.019200 2408.368000 1.000000
1536.459200 1327.896000 1537.968000 1687.456000 1.000000
1581.382400 631.459200 1545.243200 1007.515200 1.000000
1504.577600 2046.288000 1547.684800 2450.896000 1.000000
1505.424000 2093.184000 1549.921600 2496.512000 1.000000
1516.000000 2031.968000 1555.920000 2433.984000 1.000000
1516.923200 2020.992000 1558.766400 2424.448000 1.000000
1516.459200 2058.576000 1559.916800 2460.944000 1.000000
1529.665600 1876.400000 1561.459200 2265.280000 1.000000
1556.068800 1430.832000 1563.648000 1791.424000 1.000000
1523.280000 2021.136000 1566.016000 2424.224000 1.000000
1529.107200 2070.592000 1574.427200 2473.184000 1.000000
1527.576000 2094.656000 1574.640000 2495.920000 1.000000
1542.504000 1866.336000 1575.142400 2252.432000 1.000000
1529.680000 2111.760000 1578.737600 2514.080000 1.000000
1548.355200 2098.272000 1595.820800 2500.608000 1.000000
1550.747200 2051.056000 1596.371200 2450.640000 1.000000
1550.472000 2073.840000 1596.500800 2473.584000 1.000000
1554.091200 2021.680000 1597.520000 2421.680000 1.000000
1611.728000 1151.532800 1602.864000 1503.582400 1.000000
1655.216000 503.585600 1608.512000 882.766400 1.000000
1678.224000 190.329600 1611.552000 599.494400 1.000000
1566.459200 2073.744000 1613.904000 2472.512000 1.000000
1697.104000 127.199520 1626.400000 541.806400 1.000000
1672.080000 868.529600 1645.600000 1224.806400 1.000000
1745.392000 259.899200 1678.656000 655.259200 1.000000
1678.160000 1567.617600 1696.128000 1922.304000 1.000000
1732.096000 859.508800 1704.400000 1211.129600 1.000000
1659.232000 2048.768000 1709.760000 2439.632000 1.000000
1740.416000 844.076800 1711.072000 1196.057600 1.000000
1671.696000 1940.080000 1711.392000 2327.184000 1.000000
1662.704000 2064.992000 1712.896000 2455.296000 1.000000
1677.040000 1981.152000 1720.656000 2368.528000 1.000000
1741.008000 984.203200 1722.704000 1332.374400 1.000000
1689.264000 1892.384000 1727.936000 2269.728000 1.000000
1752.416000 969.564800 1730.064000 1317.004800 1.000000
1681.872000 2063.984000 1733.184000 2454.336000 1.000000
1767.968000 865.798400 1739.584000 1214.003200 1.000000
1706.224000 2030.272000 1751.312000 2417.920000 1.000000
1824.224000 341.452800 1759.712000 725.054400 1.000000
1722.240000 2013.648000 1767.632000 2401.920000 1.000000
1804.384000 900.900800 1776.560000 1246.862400 1.000000
1774.736000 1355.947200 1778.496000 1696.432000 1.000000
1730.864000 2062.400000 1784.864000 2452.496000 1.000000
1748.896000 1941.088000 1792.336000 2319.152000 1.000000
1747.488000 2023.280000 1797.376000 2409.632000 1.000000
1795.568000 1381.139200 1800.736000 1721.216000 1.000000
1747.856000 2046.960000 1803.232000 2431.568000 1.000000
1757.056000 2004.592000 1803.584000 2389.200000 1.000000
1887.648000 161.177600 1806.720000 556.420800 1.000000
1845.760000 761.203200 1807.408000 1109.977600 1.000000
1850.176000 716.904000 1808.688000 1067.601600 1.000000
1769.168000 1969.792000 1817.712000 2348.944000 1.000000
1837.392000 1043.134400 1819.344000 1379.008000 1.000000
1835.472000 1092.995200 1821.104000 1429.296000 1.000000
1838.720000 1063.950400 1821.264000 1401.534400 1.000000
1869.216000 717.748800 1826.976000 1067.025600 1.000000
1779.520000 2055.760000 1831.984000 2445.168000 1.000000
1837.248000 1240.404800 1832.400000 1574.731200 1.000000
1842.672000 1212.424000 1836.064000 1542.928000 1.000000
1828.912000 1389.028800 1836.368000 1727.344000 1.000000
1842.800000 1229.739200 1837.808000 1563.694400 1.000000
1787.376000 2024.928000 1839.440000 2408.384000 1.000000
1880.112000 753.521600 1840.320000 1099.396800 1.000000
1823.248000 1710.736000 1853.648000 2061.456000 1.000000
1885.904000 1117.366400 1872.016000 1449.112000 1.000000
1825.184000 2117.360000 1883.072000 2500.976000 1.000000
1811.568000 2227.376000 1885.168000 2632.848000 1.000000
1972.416000 176.323200 1886.864000 566.054400 1.000000
1932.272000 717.660800 1887.792000 1060.928000 1.000000
1900.864000 1155.320000 1889.888000 1486.987200 1.000000
1977.680000 228.880000 1895.072000 607.539200 1.000000
1986.752000 122.558240 1897.232000 518.422400 1.000000
1825.824000 2235.584000 1897.408000 2641.344000 1.000000
1882.112000 1530.328000 1900.864000 1865.040000 1.000000
1832.432000 2213.008000 1900.928000 2616.672000 1.000000
1883.808000 1579.051200 1904.400000 1919.040000 1.000000
1910.656000 1225.736000 1904.976000 1554.516800 1.000000
1844.848000 2136.992000 1907.984000 2522.544000 1.000000
1889.040000 1595.891200 1911.088000 1935.600000 1.000000
2000.768000 155.287360 1912.384000 544.798400 1.000000
1997.376000 241.020800 1914.896000 620.628800 1.000000
1866.096000 1985.328000 1915.824000 2357.744000 1.000000
1880.752000 1795.376000 1918.656000 2146.096000 1.000000
1945.520000 975.955200 1919.616000 1305.889600 1.000000
1836.368000 2397.184000 1920.448000 2809.424000 1.000000
2006.576000 251.593600 1924.208000 631.350400 1.000000
1847.328000 2288.192000 1924.608000 2693.168000 1.000000
2012.256000 184.822400 1925.184000 571.624000 1.000000
1930.208000 1251.643200 1925.344000 1578.398400 1.000000
1937.584000 1172.334400 1927.008000 1500.651200 1.000000
1986.288000 604.539200 1932.784000 950.961600 1.000000
2023.456000 170.232000 1934.816000 555.192000 1.000000
1920.480000 1516.899200 1936.944000 1851.120000 1.000000
1992.320000 619.696000 1938.032000 966.262400 1.000000
1847.440000 2492.224000 1940.480000 2917.088000 1.000000
1990.656000 660.302400 1940.928000 1004.937600 1.000000
2031.632000 184.064000 1943.056000 568.534400 1.000000
1864.816000 2322.032000 1945.712000 2731.056000 1.000000
1909.792000 1813.728000 1950.736000 2165.488000 1.000000
1986.624000 898.404800 1953.840000 1230.195200 1.000000
1936.048000 1538.976000 1954.208000 1872.048000 1.000000
1866.336000 2431.296000 1956.736000 2842.688000 1.000000
1862.304000 2500.928000 1959.664000 2925.024000 1.000000
1877.024000 2374.032000 1963.440000 2777.184000 1.000000
1872.832000 2442.080000 1965.536000 2854.400000 1.000000
2025.168000 587.233600 1966.784000 932.190400 1.000000
2025.168000 607.643200 1968.736000 952.387200 1.000000
2029.360000 592.350400 1969.696000 939.324800 1.000000
1882.384000 2384.032000 1971.024000 2787.392000 1.000000
1877.904000 2471.216000 1972.672000 2889.136000 1.000000
1879.072000 2488.832000 1977.248000 2908.640000 1.000000
1961.648000 1551.172800 1980.736000 1881.744000 1.000000
2081.024000 69.452480 1983.776000 462.843200 1.000000
2044.880000 567.672000 1984.368000 913.534400 1.000000
2019.840000 910.518400 1988.000000 1239.105600 1.000000
1887.168000 2544.400000 1989.616000 2964.464000 1.000000
2025.504000 941.198400 1995.584000 1267.641600 1.000000
2090.320000 171.225600 1996.496000 551.798400 1.000000
1975.040000 1574.785600 1996.928000 1906.288000 1.000000
1953.520000 1882.560000 2000.064000 2236.944000 1.000000
1900.960000 2504.432000 2000.080000 2921.280000 1.000000
2100.720000 121.027040 2001.808000 509.019200 1.000000
1957.168000 1866.256000 2002.096000 2219.664000 1.000000
1902.256000 2466.368000 2002.768000 2882.000000 1.000000
1983.168000 1567.966400 2005.088000 1897.376000 1.000000
2019.040000 1159.100800 2006.640000 1479.988800 1.000000
1930.000000 2247.008000 2008.848000 2644.976000 1.000000
2106.752000 154.956000 2011.392000 539.875200 1.000000
2024.304000 1199.177600 2013.760000 1518.531200 1.000000
2112.064000 187.019200 2018.752000 565.444800 1.000000
2077.344000 615.788800 2019.728000 955.801600 1.000000
1960.416000 2056.320000 2019.760000 2427.680000 1.000000
2057.280000 898.408000 2021.872000 1223.337600 1.000000
1935.392000 2388.624000 2027.600000 2788.992000 1.000000
2057.504000 971.265600 2030.320000 1294.182400 1.000000
2040.144000 1198.427200 2031.696000 1517.206400 1.000000
1934.064000 2460.512000 2032.656000 2872.064000 1.000000
2069.072000 884.512000 2033.152000 1209.659200 1.000000
1937.328000 2422.912000 2033.648000 2829.312000 1.000000
1933.904000 2470.880000 2034.256000 2882.544000 1.000000
1951.664000 2301.056000 2034.816000 2694.768000 1.000000
2046.816000 1179.512000 2035.760000 1498.481600 1.000000
1956.656000 2209.488000 2038.560000 2598.576000 1.000000
2028.256000 1494.419200 2042.576000 1813.760000 1.000000
1945.232000 2469.584000 2045.648000 2879.840000 1.000000
1946.144000 2485.120000 2047.840000 2896.288000 1.000000
2037.056000 1469.593600 2049.888000 1791.872000 1.000000
2132.256000 416.571200 2056.240000 776.507200 1.000000
2065.648000 1205.161600 2056.992000 1524.009600 1.000000
1966.432000 2373.504000 2059.024000 2772.464000 1.000000
1962.624000 2435.952000 2060.896000 2840.864000 1.000000
1967.728000 2487.712000 2070.240000 2897.424000 1.000000
2155.440000 341.548800 2070.912000 699.780800 1.000000
2143.232000 488.619200 2071.984000 834.136000 1.000000
2098.800000 1014.892800 2073.056000 1332.121600 1.000000
2069.904000 1341.779200 2073.136000 1658.208000 1.000000
1984.704000 2366.272000 2075.952000 2758.480000 1.000000
1977.856000 2460.016000 2079.536000 2866.784000 1.000000
2151.360000 501.419200 2079.872000 847.619200 1.000000
2154.432000 456.619200 2081.488000 803.606400 1.000000
2123.360000 845.332800 2081.648000 1168.678400 1.000000
1986.720000 2389.568000 2082.000000 2788.736000 1.000000
2162.768000 388.372800 2082.432000 741.977600 1.000000
2189.216000 150.998880 2087.440000 530.785600 1.000000
1994.672000 2382.480000 2091.344000 2779.008000 1.000000
2037.104000 1948.256000 2093.904000 2304.944000 1.000000
2060.256000 1696.832000 2094.512000 2028.944000 1.000000
1993.360000 2463.296000 2096.288000 2868.784000 1.000000
1992.672000 2504.512000 2099.392000 2913.792000 1.000000
2202.560000 150.197920 2100.288000 527.374400 1.000000
2003.872000 2391.008000 2101.472000 2785.792000 1.000000
2102.656000 1417.134400 2112.672000 1732.848000 1.000000
2161.120000 786.761600 2114.928000 1111.492800 1.000000
2139.424000 1070.129600 2118.688000 1384.889600 1.000000
2110.080000 1425.929600 2120.944000 1741.584000 1.000000
2143.104000 1097.428800 2122.192000 1411.440000 1.000000
2021.152000 2431.920000 2122.384000 2835.664000 1.000000
2088.992000 1694.432000 2123.600000 2024.848000 1.000000
2118.864000 1373.500800 2125.616000 1686.128000 1.000000
2143.344000 1116.547200 2125.936000 1428.550400 1.000000
2059.472000 2067.376000 2127.200000 2433.008000 1.000000
2085.632000 1905.280000 2137.840000 2256.672000 1.000000
2133.504000 1362.691200 2138.768000 1675.872000 1.000000
2104.912000 1706.976000 2139.952000 2037.536000 1.000000
2131.088000 1420.166400 2140.128000 1734.800000 1.000000
2160.432000 1085.992000 2140.208000 1396.952000 1.000000
2246.448000 151.740800 2142.080000 526.134400 1.000000
2163.952000 1064.772800 2142.800000 1376.438400 1.000000
2136.240000 1406.171200 2145.104000 1720.496000 1.000000
2077.040000 2051.632000 2145.296000 2420.096000 1.000000
2108.336000 1723.168000 2146.416000 2054.592000 1.000000
2169.120000 1119.014400 2151.584000 1430.484800 1.000000
2146.912000 1428.531200 2156.400000 1743.504000 1.000000
2120.944000 1703.408000 2156.912000 2030.896000 1.000000
2208.816000 788.294400 2160.240000 1110.524800 1.000000
2161.168000 1365.150400 2162.064000 1682.592000 1.000000
2124.016000 1730.688000 2162.624000 2062.528000 1.000000
2152.832000 1461.880000 2166.464000 1777.104000 1.000000
2225.184000 800.486400 2176.304000 1120.345600 1.000000
2233.744000 730.763200 2177.200000 1055.353600 1.000000
2099.728000 2182.160000 2181.824000 2547.376000 1.000000
2201.072000 1135.812800 2184.464000 1443.832000 1.000000
2105.376000 2175.168000 2186.976000 2538.624000 1.000000
2210.960000 1059.990400 2187.616000 1368.094400 1.000000
2131.648000 1912.144000 2188.288000 2257.120000 1.000000
2135.344000 1887.920000 2188.464000 2222.768000 1.000000
2267.824000 496.702400 2191.264000 833.600000 1.000000
2245.696000 744.460800 2191.648000 1067.070400 1.000000
2301.696000 167.801600 2192.016000 536.924800 1.000000
2225.104000 1021.611200 2196.144000 1333.580800 1.000000
2209.888000 1168.849600 2196.304000 1476.710400 1.000000
2256.208000 715.699200 2198.752000 1038.721600 1.000000
2242.704000 876.028800 2199.920000 1191.355200 1.000000
2246.960000 858.128000 2202.224000 1173.428800 1.000000
2307.344000 233.132800 2203.296000 592.379200 1.000000
2119.264000 2196.416000 2204.032000 2560.416000 1.000000
2115.600000 2251.520000 2204.544000 2618.128000 1.000000
2262.272000 687.841600 2206.848000 1009.784000 1.000000
2116.032000 2272.000000 2207.104000 2640.592000 1.000000
2285.008000 528.883200 2210.688000 864.222400 1.000000
2297.760000 463.635200 2215.120000 803.528000 1.000000
2128.432000 2215.856000 2216.640000 2579.056000 1.000000
2131.760000 2186.736000 2217.040000 2550.960000 1.000000
2327.424000 193.624000 2219.488000 558.312000 1.000000
2130.064000 2252.240000 2220.544000 2616.912000 1.000000
2122.080000 2345.680000 2221.600000 2726.944000 1.000000
2117.632000 2457.808000 2226.032000 2850.432000 1.000000
2114.848000 2489.472000 2229.424000 2884.784000 1.000000
2132.048000 2461.472000 2243.200000 2853.632000 1.000000
2204.176000 1946.400000 2262.208000 2289.488000 1.000000
2272.432000 1220.188800 2262.736000 1523.705600 1.000000
2152.192000 2451.568000 2265.440000 2836.768000 1.000000
2355.248000 502.254400 2274.320000 829.430400 1.000000
2184.272000 2255.120000 2277.520000 2614.320000 1.000000
2349.072000 961.273600 2314.192000 1243.982400 1.000000
2331.216000 1189.918400 2319.312000 1471.518400 1.000000
2239.280000 2203.072000 2327.632000 2564.208000 1.000000
2246.128000 2143.136000 2329.392000 2500.112000 1.000000
2223.920000 2375.024000 2333.968000 2724.624000 1.000000
2244.880000 2408.576000 2352.912000 2753.520000 1.000000
2258.112000 2323.488000 2363.840000 2673.664000 1.000000
2497.504000 1755.760000 2554.160000 1582.896000 1.000000
2702.720000 169.604800 2570.480000 456.912000 1.000000
2663.424000 1940.448000 2710.016000 1783.216000 1.000000
2835.648000 284.643200 2710.304000 519.419200 1.000000
2761.840000 1765.536000 2833.136000 1507.057600 1.000000
2789.616000 1680.592000 2849.552000 1409.513600 1.000000
2783.104000 1737.888000 2850.320000 1474.297600 1.000000
2785.280000 1726.064000 2853.296000 1461.726400 1.000000
2798.272000 1683.888000 2858.768000 1415.508800 1.000000
2804.576000 1668.368000 2864.416000 1392.931200 1.000000
2804.544000 1722.352000 2868.144000 1451.849600 1.000000
2795.472000 1788.816000 2869.376000 1530.963200 1.000000
2803.232000 1733.344000 2871.680000 1464.784000 1.000000
2804.368000 1823.648000 2881.456000 1565.827200 1.000000
2801.872000 1843.328000 2883.520000 1592.761600 1.000000
2808.128000 1954.112000 2903.360000 1726.608000 1.000000
2829.616000 1805.296000 2905.600000 1535.032000 1.000000
2839.968000 1966.880000 2937.120000 1732.144000 1.000000
2861.168000 1844.416000 2943.376000 1562.462400 1.000000
2882.976000 1668.864000 2943.520000 1365.456000 1.000000
2859.168000 1858.240000 2944.832000 1578.857600 1.000000
2866.320000 1823.840000 2946.928000 1542.331200 1.000000
2872.704000 1833.024000 2953.600000 1552.217600 1.000000
2913.104000 1584.718400 2962.624000 1289.833600 1.000000
2911.024000 1978.624000 3012.160000 1719.984000 1.000000
2921.664000 1987.664000 3025.936000 1723.488000 1.000000
2932.688000 2032.400000 3041.440000 1771.600000 1.000000
2938.608000 2036.416000 3049.104000 1773.008000 1.000000
2974.320000 2039.248000 3086.992000 1751.424000 1.000000
3006.064000 2106.096000 3093.200000 1763.408000 1.000000
3392.064000 143.448320 3220.304000 254.876800 1.000000
3389.056000 234.492800 3229.440000 328.544000 1.000000
3428.304000 94.583840 3247.728000 200.092800 1.000000
2919.360000 1644.704000 3283.024000 1181.630400 1.000000
3489.328000 64.081920 3301.376000 159.776480 1.000000
3506.720000 114.880960 3324.240000 197.846400 1.000000
3536.096000 33.525600 3341.232000 118.430560 1.000000
3528.368000 98.012000 3343.600000 175.968000 1.000000
3552.800000 260.625600 3387.072000 311.312000 1.000000
3602.288000 229.024000 3432.384000 269.379200 1.000000
3613.632000 193.292800 3439.776000 233.945600 1.000000
3662.960000 151.898560 3475.840000 191.904000 1.000000
3655.856000 256.152000 3485.760000 278.689600 1.000000
3673.072000 236.904000 3498.288000 257.979200 1.000000
3721.264000 293.344000 3546.304000 299.241600 1.000000
3826.016000 276.035200 3648.880000 254.499200 1.000000
3933.248000 275.171200 3747.696000 236.683200 1.000000
