151.738400 2786.240000 56.032000 588.832000 1.000000
278.616000 2497.664000 103.291840 271.710400 1.000000
899.694400 2606.720000 780.968000 416.052800 1.000000
936.160000 2591.168000 816.209600 409.232000 1.000000
1045.532800 2695.280000 939.177600 563.632000 1.000000
1097.424000 2618.928000 985.225600 486.270400 1.000000
1262.468800 2413.424000 1144.041600 278.788800 1.000000
1301.264000 2428.112000 1187.035200 304.110400 1.000000
1356.828800 2830.592000 1269.579200 809.347200 1.000000
1447.062400 2410.000000 1342.404800 236.832000 1.000000
1452.251200 2585.952000 1357.108800 428.240000 1.000000
1498.145600 2662.992000 1396.635200 535.160000 1.000000
1526.640000 2673.984000 1428.828800 554.043200 1.000000
1555.238400 2576.016000 1452.640000 432.203200 1.000000
1583.550400 2578.944000 1485.363200 440.806400 1.000000
1669.696000 2594.400000 1573.715200 477.102400 1.000000
1848.976000 2628.928000 1751.120000 544.052800 1.000000
1860.768000 2627.536000 1761.280000 543.153600 1.000000
1861.536000 2609.376000 1762.800000 524.708800 1.000000
1871.200000 2627.216000 1771.248000 545.328000 1.000000
1862.304000 2500.928000 1779.616000 396.628800 1.000000
1962.608000 2834.144000 1789.584000 975.750400 1.000000
1898.272000 2696.464000 1791.808000 720.441600 1.000000
1877.904000 2471.216000 1798.336000 374.796800 1.000000
1971.840000 2817.216000 1799.360000 962.588800 1.000000
1902.256000 2466.368000 1827.536000 373.192000 1.000000
1916.528000 2494.288000 1835.856000 404.907200 1.000000
1933.904000 2470.880000 1856.624000 385.232000 1.000000
2037.776000 2825.680000 1859.072000 980.030400 1.000000
1927.504000 2375.568000 1866.768000 295.326400 1.000000
1937.328000 2422.912000 1868.144000 339.406400 1.000000
1948.944000 2383.824000 1883.920000 302.032000 1.000000
1967.728000 2487.712000 1888.272000 411.241600 1.000000
1962.624000 2435.952000 1893.024000 353.654400 1.000000
1966.432000 2373.504000 1905.696000 293.985600 1.000000
2103.568000 2900.768000 1906.032000 1044.926400 1.000000
2095.296000 2844.096000 1908.016000 1001.366400 1.000000
2104.048000 2867.840000 1909.584000 1021.224000 1.000000
1977.504000 2399.296000 1914.416000 324.174400 1.000000
1993.360000 2463.296000 1917.024000 386.316800 1.000000
1995.776000 2477.600000 1918.720000 403.328000 1.000000
2118.688000 2830.288000 1929.600000 990.473600 1.000000
2179.296000 2952.912000 1965.200000 1084.769600 1.000000
2176.400000 2874.080000 1974.416000 1031.659200 1.000000
2173.984000 2851.712000 1976.928000 1013.550400 1.000000
2140.096000 2702.928000 1995.472000 769.752000 1.000000
2233.344000 2878.672000 2022.192000 1041.355200 1.000000
2118.544000 2366.608000 2067.904000 321.577600 1.000000
2155.664000 2492.512000 2073.440000 472.118400 1.000000
2102.336000 2167.456000 2088.320000 95.562080 1.000000
2130.320000 2296.816000 2092.560000 267.652800 1.000000
