518.299200 174.262400 26.366080 1393.752000 1.000000
571.046400 729.097600 33.145760 1922.432000 1.000000
543.057600 342.841600 37.578560 1545.484800 1.000000
592.232000 723.291200 56.589600 1913.408000 1.000000
669.196800 1600.080000 63.689600 2955.056000 1.000000
635.995200 1151.168000 65.900480 2382.304000 1.000000
639.747200 1174.662400 67.909920 2409.712000 1.000000
680.870400 1536.836800 86.204640 2866.208000 1.000000
649.908800 1110.560000 87.343680 2333.440000 1.000000
656.168000 1133.225600 89.632800 2358.464000 1.000000
666.054400 1215.408000 95.940000 2455.072000 1.000000
682.456000 1410.091200 100.589920 2697.264000 1.000000
672.854400 1210.992000 103.563680 2449.536000 1.000000
719.864000 1524.777600 134.900800 2843.760000 1.000000
718.270400 1471.289600 136.535040 2771.312000 1.000000
704.278400 1213.400000 140.117440 2448.608000 1.000000
728.216000 1326.601600 159.744480 2584.208000 1.000000
734.017600 1395.667200 160.681600 2671.088000 1.000000
738.702400 1475.766400 160.963200 2773.392000 1.000000
727.704000 1269.584000 163.171200 2510.560000 1.000000
733.425600 1275.320000 170.260800 2517.232000 1.000000
712.289600 916.488000 172.923200 2102.656000 1.000000
747.350400 1467.740800 173.326400 2763.040000 1.000000
717.790400 977.107200 174.441600 2170.560000 1.000000
739.137600 1270.092800 176.681600 2510.912000 1.000000
725.248000 919.931200 190.617600 2106.048000 1.000000
774.462400 1605.568000 197.222400 2945.152000 1.000000
555.406400 1119.680000 203.123200 2149.952000 1.000000
776.883200 1308.342400 220.211200 2554.304000 1.000000
755.537600 935.640000 221.366400 2118.544000 1.000000
703.636800 163.699200 221.636800 1368.852800 1.000000
756.825600 597.140800 249.955200 1768.016000 1.000000
871.963200 1494.368000 325.211200 2773.376000 1.000000
884.492800 1342.435200 344.856000 2574.112000 1.000000
891.572800 1412.787200 350.371200 2663.232000 1.000000
889.894400 1350.268800 351.745600 2584.752000 1.000000
891.337600 1336.504000 353.604800 2568.464000 1.000000
891.481600 1322.880000 354.420800 2552.512000 1.000000
898.531200 1403.297600 359.107200 2651.520000 1.000000
908.691200 1431.441600 369.854400 2685.328000 1.000000
895.524800 1071.046400 373.934400 2251.648000 1.000000
935.510400 1455.782400 401.555200 2712.544000 1.000000
878.324800 58.932800 408.107200 1263.177600 1.000000
947.918400 1448.112000 416.987200 2700.400000 1.000000
924.550400 296.142400 448.939200 1461.812800 1.000000
930.380800 236.392000 455.752000 1410.176000 1.000000
997.153600 1456.185600 473.937600 2704.928000 1.000000
977.931200 260.851200 501.836800 1422.502400 1.000000
982.331200 77.277440 512.700800 1270.033600 1.000000
1035.233600 1572.099200 521.912000 2845.104000 1.000000
1050.697600 1377.870400 542.856000 2592.496000 1.000000
1052.171200 1366.788800 543.993600 2577.456000 1.000000
1014.211200 153.641120 544.228800 1332.507200 1.000000
1086.003200 1291.129600 587.315200 2479.760000 1.000000
1081.470400 57.746560 613.588800 1243.089600 1.000000
1121.150400 1662.544000 626.576000 2954.736000 1.000000
1156.795200 1620.512000 669.304000 2891.376000 1.000000
1224.515200 1679.744000 755.059200 2959.728000 1.000000
1235.681600 1414.032000 765.796800 2606.016000 1.000000
1234.606400 101.192160 766.985600 1266.100800 1.000000
1241.846400 264.334400 774.249600 1410.768000 1.000000
1251.180800 351.961600 784.864000 1479.753600 1.000000
1264.432000 161.318400 797.852800 1316.444800 1.000000
1278.097600 400.000000 811.905600 1516.540800 1.000000
1294.467200 1320.264000 834.696000 2478.928000 1.000000
1328.302400 628.080000 866.918400 1724.544000 1.000000
1342.908800 187.980800 871.084800 1326.320000 1.000000
1321.809600 1536.211200 871.278400 2746.928000 1.000000
1355.158400 390.643200 890.641600 1500.081600 1.000000
1369.992000 97.077600 900.441600 1250.323200 1.000000
1359.627200 1206.457600 910.620800 2332.640000 1.000000
1371.084800 1570.315200 934.244800 2784.560000 1.000000
1394.852800 478.355200 934.345600 1575.750400 1.000000
1380.480000 1567.977600 944.123200 2783.664000 1.000000
1398.153600 1260.891200 956.222400 2389.616000 1.000000
1430.737600 701.084800 978.232000 1781.440000 1.000000
1432.417600 666.150400 978.267200 1746.768000 1.000000
1449.731200 659.638400 995.561600 1739.040000 1.000000
1446.691200 977.960000 1002.568000 2061.648000 1.000000
1466.148800 997.409600 1025.304000 2078.832000 1.000000
1449.995200 1660.528000 1031.752000 2891.824000 1.000000
1478.233600 872.254400 1032.044800 1946.816000 1.000000
1513.131200 291.078400 1047.089600 1398.308800 1.000000
1507.947200 874.036800 1065.040000 1942.576000 1.000000
1494.462400 1339.339200 1071.520000 2467.984000 1.000000
1575.888000 403.230400 1115.304000 1488.219200 1.000000
1570.502400 661.065600 1121.360000 1726.384000 1.000000
1596.332800 1155.480000 1176.452800 2235.008000 1.000000
1810.704000 334.835200 1340.302400 1406.574400 1.000000
1767.968000 865.798400 1344.592000 1895.264000 1.000000
1824.224000 341.452800 1354.547200 1410.569600 1.000000
1822.128000 533.777600 1369.451200 1577.462400 1.000000
1802.416000 758.385600 1369.716800 1788.304000 1.000000
1759.840000 1321.683200 1375.800000 2400.400000 1.000000
1804.384000 900.900800 1382.705600 1936.016000 1.000000
1887.648000 161.177600 1398.700800 1253.656000 1.000000
1846.576000 741.713600 1411.580800 1768.064000 1.000000
1845.760000 761.203200 1412.696000 1788.144000 1.000000
1850.176000 716.904000 1413.435200 1743.120000 1.000000
1835.472000 1092.995200 1436.955200 2126.304000 1.000000
1877.904000 729.665600 1443.451200 1752.624000 1.000000
1880.112000 753.521600 1447.411200 1774.704000 1.000000
1837.248000 1240.404800 1452.747200 2288.208000 1.000000
1842.672000 1212.424000 1455.704000 2255.600000 1.000000
1828.912000 1389.028800 1460.996800 2467.568000 1.000000
1927.728000 438.076800 1462.628800 1480.147200 1.000000
1911.088000 793.531200 1484.676800 1808.528000 1.000000
1859.328000 1351.697600 1488.369600 2418.000000 1.000000
1823.248000 1710.736000 1491.916800 2880.944000 1.000000
1932.272000 717.660800 1495.216000 1731.984000 1.000000
2012.256000 184.822400 1516.832000 1265.691200 1.000000
2034.400000 106.500480 1526.468800 1201.774400 1.000000
1910.656000 1225.736000 1531.225600 2260.272000 1.000000
2031.632000 184.064000 1534.116800 1263.433600 1.000000
1882.112000 1530.328000 1539.016000 2629.040000 1.000000
1883.808000 1579.051200 1544.664000 2694.624000 1.000000
1897.312000 1525.948800 1554.684800 2618.448000 1.000000
1937.584000 1172.334400 1555.372800 2194.992000 1.000000
1930.208000 1251.643200 1555.497600 2282.864000 1.000000
2052.672000 202.072000 1556.044800 1274.972800 1.000000
1939.504000 1189.864000 1558.854400 2212.976000 1.000000
1986.624000 898.404800 1574.009600 1901.552000 1.000000
1958.208000 1221.688000 1583.430400 2244.352000 1.000000
1978.752000 1209.974400 1603.520000 2228.480000 1.000000
2025.504000 941.198400 1617.824000 1937.504000 1.000000
1980.016000 1557.596800 1654.112000 2644.144000 1.000000
2155.440000 341.548800 1667.328000 1377.400000 1.000000
2162.768000 388.372800 1679.664000 1415.771200 1.000000
2003.904000 1602.704000 1690.256000 2696.608000 1.000000
2046.912000 1310.032000 1691.200000 2330.416000 1.000000
2136.864000 697.331200 1697.216000 1687.984000 1.000000
2065.648000 1205.161600 1698.048000 2206.128000 1.000000
2140.512000 683.644800 1701.312000 1674.816000 1.000000
2137.808000 793.692800 1712.720000 1777.648000 1.000000
2056.192000 1400.908800 1715.152000 2436.704000 1.000000
2178.752000 767.728000 1748.288000 1750.848000 1.000000
2143.104000 1097.428800 1760.672000 2085.088000 1.000000
2143.344000 1116.547200 1762.768000 2106.912000 1.000000
2102.656000 1417.134400 1771.616000 2448.112000 1.000000
2208.816000 788.294400 1781.520000 1769.152000 1.000000
2233.744000 730.763200 1794.720000 1713.104000 1.000000
2133.504000 1362.691200 1795.808000 2380.560000 1.000000
2175.248000 1104.132800 1797.120000 2088.432000 1.000000
2088.992000 1694.432000 1803.248000 2805.184000 1.000000
2245.696000 744.460800 1810.736000 1725.424000 1.000000
2185.376000 1141.372800 1813.616000 2124.528000 1.000000
2285.008000 528.883200 1814.560000 1528.259200 1.000000
2297.760000 463.635200 1816.544000 1468.155200 1.000000
2256.208000 715.699200 1816.944000 1697.600000 1.000000
2146.912000 1428.531200 1819.616000 2456.544000 1.000000
2104.912000 1706.976000 1822.672000 2818.768000 1.000000
2165.936000 1318.241600 1823.136000 2322.112000 1.000000
2178.048000 1270.019200 1826.832000 2274.192000 1.000000
2210.960000 1059.990400 1826.848000 2038.048000 1.000000
2124.688000 1599.888000 1827.360000 2674.704000 1.000000
2246.960000 858.128000 1829.040000 1832.224000 1.000000
2201.072000 1135.812800 1830.592000 2118.368000 1.000000
2166.352000 1372.100800 1831.408000 2388.768000 1.000000
2152.832000 1461.880000 1833.488000 2494.464000 1.000000
2120.944000 1703.408000 1842.432000 2812.368000 1.000000
2209.888000 1168.849600 1843.344000 2153.600000 1.000000
2209.200000 1322.033600 1870.560000 2328.000000 1.000000
2318.224000 1168.272000 1954.832000 2108.256000 1.000000
3588.672000 131.584000 3187.584000 85.411520 1.000000
