128.694720 2014.272000 20.647680 516.622400 1.000000
136.169280 2048.576000 38.950240 562.614400 1.000000
146.252000 2048.480000 48.769600 564.076800 1.000000
200.369600 1787.664000 49.886080 293.334400 1.000000
153.394880 2027.904000 56.193920 541.377600 1.000000
80.783520 2498.640000 74.433280 1086.609600 1.000000
176.137600 2029.312000 79.375520 546.216000 1.000000
237.044800 1796.144000 89.962080 304.988800 1.000000
235.798400 1831.424000 96.852320 343.008000 1.000000
99.024480 2517.152000 99.605760 1106.230400 1.000000
232.017600 1927.216000 112.286400 435.856000 1.000000
271.672000 1770.880000 121.812320 282.104000 1.000000
200.777600 2129.584000 122.157760 665.584000 1.000000
213.936000 2074.080000 123.589600 600.313600 1.000000
204.616000 2142.784000 126.852320 684.630400 1.000000
255.788800 1876.128000 127.173440 390.302400 1.000000
210.660800 2108.864000 128.096000 642.179200 1.000000
266.120000 1900.416000 142.866240 415.345600 1.000000
239.444800 2051.872000 143.726080 574.886400 1.000000
213.358400 2181.392000 146.648000 731.052800 1.000000
267.534400 1921.696000 147.492160 435.003200 1.000000
210.422400 2190.800000 147.601280 744.521600 1.000000
148.286240 2530.192000 149.208320 1122.915200 1.000000
251.772800 2008.656000 150.667840 522.883200 1.000000
291.710400 1843.312000 157.662720 360.376000 1.000000
160.251200 2524.320000 159.126880 1117.222400 1.000000
279.664000 1928.512000 160.276800 442.068800 1.000000
228.128000 2198.144000 164.412800 751.492800 1.000000
246.208000 2119.680000 168.764800 660.300800 1.000000
174.068800 2516.000000 174.857600 1109.771200 1.000000
305.764800 1890.448000 181.563200 409.859200 1.000000
253.720000 2172.912000 182.600000 724.539200 1.000000
189.040000 2511.328000 183.152000 1106.406400 1.000000
195.859200 2496.960000 191.243200 1094.481600 1.000000
146.431520 2800.064000 193.544000 1366.196800 1.000000
331.336000 1815.728000 194.963200 335.019200 1.000000
212.550400 2467.296000 199.964800 1070.441600 1.000000
287.932800 2132.672000 211.393600 678.553600 1.000000
219.721600 2514.816000 214.422400 1110.489600 1.000000
312.731200 2055.136000 219.899200 585.875200 1.000000
310.561600 2147.120000 236.609600 695.504000 1.000000
389.246400 1734.896000 242.380800 255.753600 1.000000
324.558400 2158.608000 251.916800 716.172800 1.000000
248.944000 2605.472000 256.955200 1185.252800 1.000000
230.033600 2748.816000 267.875200 1331.996800 1.000000
263.313600 2591.616000 269.284800 1168.732800 1.000000
230.995200 2753.344000 270.702400 1336.070400 1.000000
394.496000 1918.992000 277.534400 444.817600 1.000000
246.668800 2778.832000 278.337600 1356.236800 1.000000
373.345600 2074.688000 284.456000 615.872000 1.000000
428.944000 1894.304000 311.102400 424.985600 1.000000
409.414400 2011.568000 312.678400 542.897600 1.000000
410.232000 2094.752000 328.305600 643.763200 1.000000
423.129600 2065.120000 333.936000 608.779200 1.000000
459.643200 1905.184000 345.638400 438.390400 1.000000
458.801600 1973.984000 357.633600 504.067200 1.000000
308.068800 2956.720000 373.033600 1586.305600 1.000000
450.158400 2175.232000 381.185600 745.473600 1.000000
461.227200 2117.712000 382.496000 675.236800 1.000000
525.926400 1743.888000 386.809600 278.512000 1.000000
502.112000 1893.792000 387.556800 431.316800 1.000000
321.771200 2982.528000 387.905600 1609.776000 1.000000
332.601600 2966.992000 394.115200 1596.894400 1.000000
493.428800 1992.416000 395.003200 532.502400 1.000000
340.044800 2967.600000 401.257600 1598.140800 1.000000
412.372800 2543.008000 403.064000 1133.833600 1.000000
345.420800 2961.648000 405.748800 1592.472000 1.000000
345.371200 2969.936000 407.134400 1600.032000 1.000000
437.046400 2418.096000 410.889600 1006.425600 1.000000
478.441600 2178.528000 411.307200 752.320000 1.000000
350.564800 2974.080000 411.779200 1604.304000 1.000000
352.902400 2966.096000 412.606400 1597.747200 1.000000
426.212800 2471.264000 412.736000 1052.928000 1.000000
486.468800 2163.600000 415.563200 736.273600 1.000000
357.883200 2958.784000 417.342400 1590.707200 1.000000
558.076800 1740.960000 421.100800 278.584000 1.000000
467.553600 2391.040000 431.817600 975.368000 1.000000
451.384000 2547.632000 444.057600 1132.870400 1.000000
518.049600 2184.512000 451.638400 760.732800 1.000000
594.924800 1718.048000 457.668800 256.940800 1.000000
597.712000 1705.456000 460.926400 244.604800 1.000000
454.798400 2705.136000 463.609600 1270.107200 1.000000
528.137600 2216.448000 466.459200 795.753600 1.000000
498.886400 2469.504000 473.793600 1053.902400 1.000000
480.280000 2604.976000 481.091200 1182.814400 1.000000
479.380800 2641.616000 482.884800 1214.555200 1.000000
578.956800 2048.336000 492.454400 601.867200 1.000000
491.136000 2681.792000 496.438400 1247.275200 1.000000
590.371200 2078.384000 504.347200 641.072000 1.000000
511.147200 2587.904000 504.601600 1169.840000 1.000000
647.760000 1738.896000 513.830400 284.896000 1.000000
470.852800 2949.728000 518.648000 1586.582400 1.000000
605.958400 2059.776000 520.283200 620.395200 1.000000
584.776000 2209.072000 521.152000 794.662400 1.000000
527.835200 2619.984000 525.131200 1199.563200 1.000000
621.544000 2035.792000 532.177600 592.473600 1.000000
600.694400 2183.088000 534.536000 770.526400 1.000000
542.276800 2662.960000 544.710400 1237.718400 1.000000
632.977600 2081.472000 551.844800 650.328000 1.000000
637.411200 2038.320000 551.931200 597.966400 1.000000
644.860800 2018.496000 552.052800 574.715200 1.000000
555.638400 2639.280000 554.232000 1219.211200 1.000000
566.241600 2579.280000 556.243200 1167.068800 1.000000
566.904000 2567.856000 557.646400 1156.737600 1.000000
639.881600 2074.064000 558.430400 642.609600 1.000000
631.704000 2207.552000 568.046400 797.628800 1.000000
639.705600 2169.776000 571.302400 758.668800 1.000000
657.947200 2036.992000 571.800000 597.878400 1.000000
640.072000 2180.464000 572.971200 771.129600 1.000000
587.945600 2564.160000 575.388800 1155.152000 1.000000
592.491200 2431.792000 575.684800 1017.888000 1.000000
600.955200 2473.504000 577.153600 1066.286400 1.000000
591.612800 2573.408000 580.628800 1163.409600 1.000000
660.745600 2110.336000 581.344000 688.414400 1.000000
678.300800 2025.856000 589.646400 586.345600 1.000000
745.808000 1510.088000 590.169600 38.757600 1.000000
674.512000 2068.576000 591.432000 639.881600 1.000000
661.564800 2180.352000 595.561600 771.971200 1.000000
683.361600 2087.824000 602.350400 662.920000 1.000000
691.454400 2081.264000 611.515200 656.384000 1.000000
720.545600 1917.104000 618.281600 478.880000 1.000000
731.899200 1923.616000 629.312000 486.852800 1.000000
740.273600 1891.488000 634.252800 456.252800 1.000000
750.241600 1865.232000 643.086400 428.032000 1.000000
714.844800 2150.592000 643.195200 743.148800 1.000000
740.504000 1931.888000 643.320000 493.572800 1.000000
732.676800 2083.072000 652.044800 663.840000 1.000000
738.841600 2019.440000 654.233600 585.280000 1.000000
758.832000 1912.336000 656.760000 477.500800 1.000000
728.104000 2197.200000 663.534400 796.305600 1.000000
772.840000 1870.592000 668.054400 437.572800 1.000000
753.755200 2074.736000 671.318400 655.574400 1.000000
777.868800 1923.904000 677.852800 490.604800 1.000000
745.481600 2201.392000 682.142400 801.196800 1.000000
716.097600 2459.008000 689.108800 1063.993600 1.000000
774.566400 2047.072000 690.246400 624.275200 1.000000
778.854400 2100.928000 702.160000 690.644800 1.000000
775.556800 2120.928000 702.891200 716.203200 1.000000
780.528000 2149.120000 710.432000 748.012800 1.000000
798.420800 2034.112000 713.686400 609.867200 1.000000
794.854400 2074.832000 714.470400 660.432000 1.000000
798.724800 2044.048000 714.848000 622.083200 1.000000
789.273600 2193.008000 724.209600 798.995200 1.000000
810.238400 2026.864000 724.996800 602.590400 1.000000
812.758400 2047.920000 728.892800 629.192000 1.000000
795.499200 2191.184000 730.486400 796.883200 1.000000
858.302400 1687.072000 734.228800 251.262400 1.000000
745.126400 2659.808000 735.145600 1250.113600 1.000000
883.585600 1545.139200 746.668800 94.481440 1.000000
825.286400 2074.976000 747.241600 664.889600 1.000000
874.816000 1673.824000 750.588800 237.596800 1.000000
863.849600 1827.200000 758.179200 402.715200 1.000000
863.046400 1875.760000 760.240000 452.296000 1.000000
866.657600 1854.016000 764.257600 428.568000 1.000000
878.920000 1770.576000 767.305600 344.969600 1.000000
852.523200 2011.440000 767.449600 587.867200 1.000000
843.488000 2115.792000 769.156800 717.214400 1.000000
881.521600 1793.840000 771.657600 369.664000 1.000000
870.092800 2021.024000 786.308800 601.763200 1.000000
820.742400 2469.216000 788.051200 1081.124800 1.000000
874.966400 2011.680000 791.288000 590.449600 1.000000
798.705600 2715.232000 791.900800 1311.785600 1.000000
903.545600 1798.512000 794.649600 380.574400 1.000000
875.000000 2096.192000 798.684800 695.648000 1.000000
822.964800 2601.536000 801.209600 1203.225600 1.000000
892.126400 2072.912000 812.467200 672.323200 1.000000
926.532800 1754.480000 815.768000 331.593600 1.000000
856.678400 2730.128000 821.065600 1314.387200 1.000000
905.641600 2020.928000 823.008000 605.868800 1.000000
919.089600 1909.376000 824.745600 494.318400 1.000000
892.768000 2160.640000 825.195200 778.059200 1.000000
928.979200 1916.368000 834.518400 502.150400 1.000000
910.587200 2086.784000 834.904000 689.476800 1.000000
900.620800 2189.968000 835.910400 807.560000 1.000000
915.531200 2062.976000 836.412800 660.753600 1.000000
908.449600 2145.728000 839.987200 762.249600 1.000000
910.454400 2166.128000 844.284800 785.313600 1.000000
929.232000 2019.344000 846.142400 607.044800 1.000000
933.524800 2060.352000 853.544000 657.126400 1.000000
935.209600 2033.872000 853.552000 625.491200 1.000000
883.227200 2674.768000 866.913600 1284.659200 1.000000
932.014400 2189.968000 868.184000 810.097600 1.000000
943.636800 2199.280000 880.252800 820.908800 1.000000
963.870400 2045.952000 887.257600 644.758400 1.000000
994.212800 1765.248000 890.112000 352.747200 1.000000
991.252800 1895.776000 897.593600 490.136000 1.000000
936.160000 2591.168000 909.123200 1205.787200 1.000000
967.702400 2510.736000 931.483200 1147.440000 1.000000
960.740800 2591.248000 933.073600 1206.262400 1.000000
1014.491200 2090.928000 940.368000 704.854400 1.000000
1037.760000 1849.312000 943.835200 448.480000 1.000000
976.054400 2593.408000 945.817600 1210.356800 1.000000
1025.619200 2026.144000 948.673600 627.147200 1.000000
1026.675200 2073.216000 952.660800 683.302400 1.000000
1024.187200 2125.120000 955.025600 747.835200 1.000000
1021.609600 2195.376000 957.492800 824.977600 1.000000
1041.089600 1955.328000 957.633600 552.550400 1.000000
1032.480000 2192.976000 967.851200 823.204800 1.000000
1035.380800 2291.712000 979.646400 932.748800 1.000000
1066.588800 1938.128000 981.720000 540.787200 1.000000
1070.235200 1947.776000 987.358400 548.806400 1.000000
1005.924800 2911.184000 988.998400 1580.028800 1.000000
1057.392000 2199.136000 992.660800 831.801600 1.000000
1101.046400 1620.944000 992.806400 206.617600 1.000000
1080.284800 1935.584000 997.088000 539.454400 1.000000
1087.470400 1902.832000 1001.246400 507.873600 1.000000
1032.608000 2641.696000 1001.416000 1266.329600 1.000000
1092.622400 1897.648000 1006.995200 503.161600 1.000000
1099.780800 1942.096000 1016.462400 548.329600 1.000000
1045.532800 2695.280000 1016.636800 1320.441600 1.000000
1057.644800 2710.112000 1027.489600 1334.220800 1.000000
1087.174400 2374.608000 1031.043200 1019.612800 1.000000
1106.758400 2037.776000 1032.622400 652.105600 1.000000
1110.019200 2055.664000 1035.416000 672.556800 1.000000
1065.320000 2788.352000 1037.545600 1406.254400 1.000000
1143.272000 1593.564800 1037.678400 181.358400 1.000000
1071.601600 2937.040000 1048.806400 1604.176000 1.000000
1128.020800 2003.408000 1052.924800 613.840000 1.000000
1132.424000 2038.064000 1059.801600 652.894400 1.000000
1113.555200 2360.016000 1061.761600 1012.737600 1.000000
1139.235200 2074.000000 1068.880000 698.334400 1.000000
1110.318400 2603.728000 1071.968000 1237.824000 1.000000
1109.561600 2723.408000 1075.470400 1350.523200 1.000000
1144.142400 2155.840000 1078.428800 796.440000 1.000000
1134.003200 2423.184000 1085.801600 1071.612800 1.000000
1164.110400 1960.128000 1086.500800 571.860800 1.000000
1139.918400 2431.072000 1088.475200 1079.609600 1.000000
1167.097600 1924.192000 1091.091200 535.292800 1.000000
1132.288000 2606.512000 1091.339200 1241.190400 1.000000
1147.694400 2403.120000 1095.824000 1054.724800 1.000000
1174.833600 1941.552000 1096.627200 557.004800 1.000000
1198.995200 1582.392000 1097.756800 174.550400 1.000000
1165.814400 2173.200000 1100.745600 817.648000 1.000000
1156.681600 2384.016000 1101.777600 1037.928000 1.000000
1169.268800 2156.752000 1103.104000 802.043200 1.000000
1178.366400 2136.320000 1109.510400 778.785600 1.000000
1184.011200 2033.584000 1110.438400 653.560000 1.000000
1170.755200 2418.864000 1116.395200 1070.564800 1.000000
1183.784000 2173.056000 1119.787200 817.932800 1.000000
1219.422400 1572.044800 1120.473600 165.683200 1.000000
1194.900800 2002.960000 1123.142400 615.182400 1.000000
1198.113600 2076.256000 1126.091200 709.096000 1.000000
1225.512000 1568.777600 1127.518400 161.955200 1.000000
1197.033600 2107.648000 1128.675200 747.748800 1.000000
1177.180800 2474.672000 1130.057600 1121.180800 1.000000
1178.072000 2464.752000 1130.358400 1113.225600 1.000000
1208.560000 2143.392000 1141.464000 790.820800 1.000000
1208.947200 2132.976000 1143.784000 778.099200 1.000000
1191.225600 2531.312000 1144.950400 1176.683200 1.000000
1218.182400 2044.704000 1148.428800 672.587200 1.000000
1231.728000 1846.544000 1150.500800 465.795200 1.000000
1217.424000 2157.600000 1150.876800 806.051200 1.000000
1199.740800 2658.176000 1154.166400 1290.854400 1.000000
1235.054400 1962.144000 1158.006400 581.531200 1.000000
1234.228800 2064.864000 1163.665600 698.660800 1.000000
1233.099200 2115.776000 1164.350400 761.470400 1.000000
1235.084800 2123.952000 1167.840000 770.454400 1.000000
1222.361600 2429.184000 1168.040000 1087.780800 1.000000
1240.739200 2142.592000 1173.208000 792.048000 1.000000
1254.526400 1811.632000 1173.337600 433.086400 1.000000
1243.510400 2098.512000 1175.593600 741.444800 1.000000
1245.441600 2120.688000 1177.089600 767.908800 1.000000
1261.121600 1766.048000 1177.451200 386.662400 1.000000
1244.593600 2149.728000 1178.097600 801.092800 1.000000
1234.780800 2415.440000 1180.190400 1074.915200 1.000000
1266.169600 1773.744000 1182.616000 393.356800 1.000000
1271.126400 1765.392000 1187.625600 385.134400 1.000000
1254.068800 2132.112000 1189.132800 781.582400 1.000000
1262.468800 2413.424000 1204.958400 1075.712000 1.000000
1288.203200 1799.808000 1208.376000 425.473600 1.000000
1273.552000 2169.408000 1208.416000 821.593600 1.000000
1285.209600 2102.064000 1218.134400 749.484800 1.000000
1288.678400 2019.984000 1218.600000 650.294400 1.000000
1289.270400 2144.272000 1222.024000 799.062400 1.000000
1313.432000 1476.324800 1222.721600 62.518240 1.000000
1293.392000 2154.864000 1227.558400 809.644800 1.000000
1285.483200 2413.328000 1227.833600 1078.507200 1.000000
1308.228800 1804.528000 1229.612800 433.235200 1.000000
1321.809600 1536.211200 1232.022400 133.914080 1.000000
1316.601600 1767.472000 1238.246400 393.172800 1.000000
1329.129600 1479.563200 1240.838400 66.105120 1.000000
1321.902400 1770.064000 1243.598400 396.331200 1.000000
1319.099200 2110.240000 1251.470400 763.995200 1.000000
1321.227200 2134.896000 1255.547200 793.224000 1.000000
1324.446400 2125.808000 1257.592000 782.883200 1.000000
1329.958400 2092.640000 1262.480000 744.232000 1.000000
1333.393600 2112.000000 1266.840000 769.049600 1.000000
1336.998400 2054.160000 1268.427200 697.108800 1.000000
1346.048000 2116.304000 1278.932800 775.470400 1.000000
1350.792000 2131.392000 1286.140800 791.692800 1.000000
1357.862400 1931.904000 1287.000000 570.296000 1.000000
1354.147200 2070.624000 1287.062400 721.019200 1.000000
1364.097600 1856.112000 1291.548800 492.504000 1.000000
1364.832000 2062.720000 1297.491200 712.913600 1.000000
1368.401600 1924.112000 1298.617600 561.689600 1.000000
1365.979200 2072.112000 1299.441600 723.118400 1.000000
1372.734400 1883.424000 1300.888000 520.780800 1.000000
1373.385600 2169.792000 1305.928000 826.968000 1.000000
1379.160000 1872.624000 1308.179200 512.206400 1.000000
1376.376000 1960.944000 1308.528000 597.712000 1.000000
1385.288000 2453.024000 1314.803200 1081.984000 1.000000
1386.766400 1857.344000 1315.107200 499.294400 1.000000
1389.848000 2072.480000 1323.496000 726.214400 1.000000
1395.793600 2015.968000 1329.614400 659.504000 1.000000
1418.870400 1933.280000 1350.624000 578.174400 1.000000
1421.905600 1798.144000 1350.692800 440.920000 1.000000
1419.779200 2053.664000 1355.644800 706.364800 1.000000
1428.188800 1827.984000 1357.726400 471.656000 1.000000
1447.062400 2410.000000 1384.451200 1056.201600 1.000000
1451.388800 1904.016000 1384.854400 551.996800 1.000000
1451.756800 2386.960000 1386.128000 1036.334400 1.000000
1461.028800 2746.528000 1391.502400 1394.160000 1.000000
1458.280000 1972.704000 1393.897600 618.798400 1.000000
1464.401600 2016.064000 1399.308800 665.785600 1.000000
1474.145600 2075.280000 1409.070400 736.464000 1.000000
1474.739200 1944.144000 1409.292800 595.936000 1.000000
1475.510400 2670.560000 1410.872000 1299.760000 1.000000
1477.920000 1909.280000 1412.113600 561.644800 1.000000
1481.934400 2637.744000 1416.355200 1265.716800 1.000000
1494.788800 2344.336000 1419.492800 993.907200 1.000000
1498.145600 2662.992000 1431.630400 1295.763200 1.000000
1499.064000 2060.176000 1433.126400 722.998400 1.000000
1505.014400 2629.696000 1436.756800 1260.769600 1.000000
1502.822400 2072.128000 1437.083200 738.216000 1.000000
1505.424000 2093.184000 1440.238400 764.390400 1.000000
1509.531200 2109.056000 1445.536000 781.476800 1.000000
1515.454400 2046.160000 1450.539200 708.438400 1.000000
1516.000000 2031.968000 1451.584000 690.102400 1.000000
1516.459200 2058.576000 1452.102400 723.494400 1.000000
1518.668800 2068.592000 1452.840000 735.379200 1.000000
1517.513600 2096.080000 1453.184000 769.012800 1.000000
1520.574400 1796.800000 1455.742400 450.712000 1.000000
1523.280000 2021.136000 1460.075200 677.798400 1.000000
1529.107200 2070.592000 1463.315200 738.926400 1.000000
1529.680000 2111.760000 1463.513600 785.806400 1.000000
1543.478400 2729.968000 1465.216000 1388.368000 1.000000
1535.008000 2047.216000 1472.203200 711.745600 1.000000
1538.048000 1881.120000 1475.256000 539.494400 1.000000
1542.504000 1866.336000 1478.755200 524.708800 1.000000
1550.472000 2073.840000 1484.780800 743.798400 1.000000
1550.920000 1850.624000 1488.624000 510.116800 1.000000
1554.091200 2021.680000 1488.796800 680.700800 1.000000
1557.891200 1859.312000 1494.008000 519.883200 1.000000
1560.292800 2063.376000 1496.163200 733.608000 1.000000
1560.588800 2051.632000 1498.758400 720.158400 1.000000
1572.078400 2074.576000 1510.312000 749.057600 1.000000
1577.643200 2054.384000 1512.982400 725.171200 1.000000
1582.521600 1449.352000 1526.502400 61.769600 1.000000
1608.416000 2058.160000 1546.036800 732.600000 1.000000
1603.632000 1496.971200 1550.459200 122.916160 1.000000
1612.432000 1819.856000 1554.393600 484.504000 1.000000
1680.640000 2775.040000 1584.963200 1443.713600 1.000000
1690.048000 2768.512000 1593.619200 1437.412800 1.000000
1697.168000 2795.904000 1596.953600 1466.392000 1.000000
1707.280000 2777.184000 1607.440000 1446.633600 1.000000
1674.400000 1970.704000 1615.920000 642.425600 1.000000
1735.664000 1929.744000 1680.064000 609.940800 1.000000
1747.488000 2023.280000 1687.152000 705.307200 1.000000
1748.896000 1941.088000 1692.480000 624.752000 1.000000
1753.392000 1978.032000 1698.944000 656.409600 1.000000
1757.056000 2004.592000 1699.008000 682.857600 1.000000
1769.168000 1969.792000 1713.152000 653.369600 1.000000
1764.288000 1686.448000 1720.368000 358.718400 1.000000
1833.792000 2754.112000 1720.976000 1433.153600 1.000000
1787.376000 2024.928000 1730.832000 706.323200 1.000000
1775.488000 1666.976000 1735.696000 337.515200 1.000000
1848.976000 2628.928000 1754.576000 1287.868800 1.000000
1825.184000 2117.360000 1763.408000 811.312000 1.000000
1861.536000 2609.376000 1764.208000 1269.512000 1.000000
1910.672000 2823.360000 1771.376000 1551.971200 1.000000
1871.200000 2627.216000 1772.560000 1287.942400 1.000000
1862.304000 2500.928000 1773.152000 1168.635200 1.000000
1872.752000 2576.768000 1777.504000 1244.614400 1.000000
1866.336000 2431.296000 1781.584000 1109.198400 1.000000
1925.872000 2816.640000 1784.096000 1547.078400 1.000000
1882.992000 2598.848000 1784.272000 1264.624000 1.000000
1877.904000 2471.216000 1788.816000 1146.859200 1.000000
1856.832000 2120.992000 1789.456000 818.212800 1.000000
1877.600000 2455.936000 1790.288000 1132.992000 1.000000
1876.688000 2394.192000 1792.160000 1081.392000 1.000000
1898.272000 2696.464000 1794.592000 1381.504000 1.000000
1877.024000 2374.032000 1795.344000 1063.251200 1.000000
1841.696000 1857.424000 1796.976000 548.419200 1.000000
1882.384000 2384.032000 1799.008000 1073.766400 1.000000
1900.960000 2504.432000 1811.008000 1179.027200 1.000000
1829.776000 1391.961600 1812.512000 23.321280 1.000000
1962.608000 2834.144000 1814.016000 1563.347200 1.000000
1902.256000 2466.368000 1815.648000 1143.851200 1.000000
1916.528000 2494.288000 1823.600000 1173.132800 1.000000
1880.752000 1795.376000 1840.320000 488.512000 1.000000
1933.904000 2470.880000 1841.264000 1151.120000 1.000000
1934.064000 2460.512000 1842.480000 1142.395200 1.000000
1937.328000 2422.912000 1847.520000 1112.217600 1.000000
1958.784000 2565.584000 1857.344000 1252.446400 1.000000
1956.240000 2519.520000 1857.696000 1203.256000 1.000000
1956.608000 2505.024000 1859.072000 1187.740800 1.000000
1889.040000 1595.891200 1862.320000 273.792000 1.000000
2023.008000 2835.696000 1865.648000 1567.142400 1.000000
1909.792000 1813.728000 1869.024000 512.830400 1.000000
1962.624000 2435.952000 1869.248000 1124.230400 1.000000
1967.728000 2487.712000 1871.424000 1170.657600 1.000000
2029.760000 2837.456000 1872.464000 1569.753600 1.000000
2028.176000 2804.400000 1872.880000 1540.480000 1.000000
1947.456000 2242.688000 1873.488000 925.142400 1.000000
1966.432000 2373.504000 1879.216000 1068.862400 1.000000
1977.856000 2460.016000 1883.536000 1143.720000 1.000000
1970.368000 2392.224000 1884.928000 1086.518400 1.000000
1977.184000 2381.072000 1890.016000 1077.115200 1.000000
1987.856000 2441.888000 1894.352000 1131.713600 1.000000
1993.360000 2463.296000 1896.208000 1149.465600 1.000000
1995.776000 2477.600000 1898.928000 1165.932800 1.000000
1960.416000 2056.320000 1900.352000 757.164800 1.000000
1945.616000 1854.192000 1902.560000 558.360000 1.000000
2013.856000 2375.856000 1923.936000 1080.217600 1.000000
2021.152000 2431.920000 1925.360000 1124.643200 1.000000
2095.296000 2844.096000 1926.736000 1578.585600 1.000000
1957.776000 1563.060800 1941.232000 243.763200 1.000000
1961.648000 1551.172800 1948.544000 230.785600 1.000000
2108.672000 2704.944000 1964.992000 1409.105600 1.000000
1983.168000 1567.966400 1969.744000 254.465600 1.000000
2134.720000 2730.928000 1984.944000 1439.603200 1.000000
2180.096000 2973.744000 1988.240000 1676.912000 1.000000
2037.104000 1948.256000 1990.784000 656.856000 1.000000
2019.776000 1734.016000 1991.600000 440.891200 1.000000
2140.096000 2702.928000 1993.984000 1412.555200 1.000000
2099.536000 2356.240000 2006.208000 1067.744000 1.000000
2014.240000 1475.649600 2012.576000 150.535840 1.000000
2102.432000 2197.856000 2024.112000 922.270400 1.000000
2084.016000 2077.248000 2024.656000 784.419200 1.000000
2118.544000 2366.608000 2024.928000 1080.198400 1.000000
2143.536000 2506.064000 2028.832000 1208.467200 1.000000
2124.464000 2380.032000 2029.600000 1091.683200 1.000000
2116.032000 2272.000000 2030.368000 1001.473600 1.000000
2102.336000 2167.456000 2030.544000 892.763200 1.000000
2115.600000 2251.520000 2031.024000 982.086400 1.000000
2144.576000 2481.984000 2033.808000 1188.379200 1.000000
2131.728000 2384.880000 2034.304000 1096.670400 1.000000
2095.344000 2079.184000 2035.808000 788.782400 1.000000
2078.128000 1887.232000 2037.856000 601.782400 1.000000
2037.056000 1469.593600 2040.544000 145.091360 1.000000
2085.632000 1905.280000 2042.160000 624.958400 1.000000
2118.592000 2199.904000 2042.480000 927.654400 1.000000
2155.664000 2492.512000 2042.704000 1200.857600 1.000000
2088.992000 1694.432000 2073.344000 403.512000 1.000000
2104.912000 1706.976000 2087.904000 415.942400 1.000000
2184.272000 2255.120000 2096.672000 994.145600 1.000000
2124.016000 1730.688000 2105.104000 446.451200 1.000000
2120.944000 1703.408000 2106.016000 416.356800 1.000000
2102.656000 1417.134400 2121.840000 87.783360 1.000000
2124.688000 1599.888000 2124.688000 302.206400 1.000000
2139.424000 1070.129600 2125.456000 35.543040 1.000000
2151.664000 1806.016000 2127.408000 526.710400 1.000000
2244.880000 2408.576000 2132.240000 1184.985600 1.000000
2109.424000 1378.275200 2134.032000 41.552000 1.000000
2120.944000 1387.563200 2146.144000 53.856000 1.000000
2118.864000 1373.500800 2146.848000 35.315840 1.000000
2136.240000 1406.171200 2161.424000 77.220800 1.000000
2167.648000 1461.203200 2189.440000 145.509440 1.000000
2180.112000 1454.761600 2203.920000 139.096800 1.000000
2182.336000 1448.008000 2208.496000 131.175360 1.000000
2178.160000 1387.214400 2212.896000 57.895360 1.000000
2529.104000 1362.580800 2536.992000 265.147200 1.000000
2895.120000 1650.336000 2554.880000 1704.800000 1.000000
2866.320000 1823.840000 2563.888000 1703.680000 1.000000
2978.256000 1576.940800 2700.048000 1566.241600 1.000000
2951.152000 1517.198400 2706.496000 1494.563200 1.000000
3034.032000 2148.976000 2722.800000 2112.224000 1.000000
2964.464000 1416.873600 2788.480000 1465.216000 1.000000
3500.400000 811.641600 3263.392000 2395.872000 1.000000
3805.344000 713.908800 4004.400000 248.614400 1.000000
