1562.574400 1328.886400 280.139200 472.518400 1.000000
901.192000 75.212960 625.116800 2851.152000 1.000000
941.841600 82.824960 668.638400 2848.000000 1.000000
1462.793600 195.636800 1230.064000 2826.752000 1.000000
1550.046400 193.292800 1319.444800 2804.448000 1.000000
1900.448000 869.548800 1410.248000 1792.144000 1.000000
1913.984000 259.702400 1710.720000 2781.392000 1.000000
2314.048000 1391.092800 2189.728000 1435.556800 1.000000
2424.480000 1316.280000 2264.768000 1304.868800 1.000000
2516.576000 1433.721600 2400.192000 1335.406400 1.000000
2544.416000 1475.118400 2445.104000 1360.190400 1.000000
2606.944000 1374.584000 2456.592000 1233.595200 1.000000
2530.464000 1533.049600 2462.848000 1428.795200 1.000000
2645.184000 1517.200000 2496.352000 1580.222400 1.000000
3106.640000 1071.780800 2684.224000 535.132800 1.000000
3295.776000 1623.072000 3169.664000 1655.456000 1.000000
