11.069696 1336.608000 13.594192 315.227200 1.000000
61.330400 1431.145600 498.934400 452.976000 1.000000
58.845120 1564.657600 513.568000 593.264000 1.000000
77.687040 1463.688000 517.788800 488.921600 1.000000
49.387680 1768.688000 528.784000 804.369600 1.000000
93.988800 1424.721600 528.793600 446.508800 1.000000
58.981280 1775.360000 538.676800 809.302400 1.000000
59.707360 1831.136000 545.120000 864.598400 1.000000
31.359520 2181.728000 558.211200 1190.355200 1.000000
39.909120 2200.432000 568.470400 1208.355200 1.000000
139.762720 1413.569600 570.569600 437.315200 1.000000
148.528000 1422.987200 579.712000 447.172800 1.000000
145.019360 1534.496000 590.184000 567.059200 1.000000
162.836800 1453.929600 596.372800 479.510400 1.000000
135.593120 1890.032000 620.316800 927.609600 1.000000
112.621760 2120.240000 624.238400 1140.708800 1.000000
165.929600 1708.528000 628.331200 749.676800 1.000000
143.901600 1893.088000 628.688000 930.278400 1.000000
73.968960 2605.616000 633.828800 1554.873600 1.000000
171.872000 1714.304000 634.577600 753.664000 1.000000
77.930720 2618.528000 640.667200 1564.566400 1.000000
562.374400 2825.904000 640.961600 2133.008000 1.000000
180.400000 1708.608000 641.889600 749.771200 1.000000
181.196800 1872.896000 660.041600 914.811200 1.000000
221.923200 1583.486400 665.747200 622.052800 1.000000
109.227040 2634.736000 667.676800 1576.102400 1.000000
115.482560 2590.976000 668.649600 1542.857600 1.000000
101.733120 2967.760000 684.329600 1838.608000 1.000000
156.189280 2471.872000 693.332800 1448.467200 1.000000
285.292800 1602.880000 726.505600 647.848000 1.000000
167.979200 2781.264000 726.988800 1700.528000 1.000000
166.817600 2931.392000 736.185600 1816.480000 1.000000
296.001600 1606.816000 736.278400 650.540800 1.000000
166.438400 2983.296000 738.942400 1852.304000 1.000000
303.696000 1598.172800 742.043200 642.174400 1.000000
327.982400 1654.112000 770.633600 704.049600 1.000000
356.886400 1375.664000 771.539200 403.504000 1.000000
233.785600 2814.432000 783.276800 1728.384000 1.000000
251.361600 2826.000000 799.409600 1738.512000 1.000000
405.272000 1378.657600 819.292800 409.747200 1.000000
415.462400 1428.843200 833.579200 469.838400 1.000000
391.649600 1715.088000 834.678400 769.539200 1.000000
300.670400 2864.272000 841.596800 1770.560000 1.000000
434.100800 1414.784000 847.220800 455.707200 1.000000
423.251200 1723.168000 864.449600 778.096000 1.000000
329.737600 2922.768000 866.526400 1817.008000 1.000000
352.056000 2898.256000 885.030400 1799.840000 1.000000
361.574400 2925.696000 893.665600 1823.264000 1.000000
453.475200 1828.448000 900.537600 885.904000 1.000000
371.640000 2914.240000 901.723200 1813.104000 1.000000
456.275200 1839.984000 902.772800 895.880000 1.000000
416.483200 2546.080000 919.611200 1527.939200 1.000000
478.929600 1815.920000 921.980800 875.966400 1.000000
460.291200 2148.160000 931.014400 1187.508800 1.000000
493.420800 1817.504000 935.600000 877.433600 1.000000
569.420800 1551.480000 985.819200 610.870400 1.000000
575.144000 1549.120000 990.440000 609.084800 1.000000
534.323200 2211.936000 999.712000 1249.846400 1.000000
545.926400 2233.824000 1011.048000 1270.713600 1.000000
672.988800 1490.920000 1080.568000 552.777600 1.000000
599.840000 2735.520000 1081.784000 1693.024000 1.000000
713.304000 1535.009600 1120.636800 607.686400 1.000000
698.998400 1954.928000 1129.900800 1023.936000 1.000000
766.697600 1158.350400 1144.979200 99.196000 1.000000
762.139200 1382.412800 1157.577600 435.734400 1.000000
786.416000 1382.104000 1181.628800 438.110400 1.000000
766.865600 1792.448000 1184.332800 886.312000 1.000000
791.668800 1481.494400 1191.681600 549.828800 1.000000
772.451200 2061.792000 1198.872000 1130.684800 1.000000
817.305600 1493.924800 1216.476800 567.280000 1.000000
822.539200 1528.990400 1222.459200 600.891200 1.000000
822.174400 1703.360000 1229.158400 787.086400 1.000000
832.929600 1545.076800 1232.504000 620.886400 1.000000
843.580800 1846.480000 1254.337600 931.182400 1.000000
863.446400 1495.540800 1260.427200 568.724800 1.000000
839.504000 2594.672000 1275.574400 1595.592000 1.000000
881.729600 1457.404800 1276.441600 528.844800 1.000000
859.982400 2186.672000 1281.955200 1251.196800 1.000000
837.961600 2877.216000 1282.392000 1814.272000 1.000000
851.228800 2575.568000 1285.384000 1580.236800 1.000000
879.129600 1810.608000 1286.603200 898.720000 1.000000
882.129600 1767.456000 1287.048000 857.305600 1.000000
845.598400 2941.184000 1287.862400 1864.176000 1.000000
895.179200 1539.747200 1294.625600 615.712000 1.000000
906.350400 1469.236800 1300.672000 544.267200 1.000000
899.307200 1772.096000 1303.254400 862.510400 1.000000
895.633600 1975.664000 1306.508800 1060.203200 1.000000
879.686400 2535.072000 1308.310400 1549.582400 1.000000
897.190400 2038.544000 1310.272000 1123.297600 1.000000
880.646400 2513.360000 1310.312000 1530.976000 1.000000
913.939200 1714.096000 1315.188800 805.406400 1.000000
925.052800 1492.518400 1319.680000 573.476800 1.000000
934.908800 1429.289600 1327.128000 501.769600 1.000000
941.092800 1465.675200 1334.387200 546.249600 1.000000
941.022400 1827.392000 1342.256000 917.995200 1.000000
933.296000 2595.664000 1355.115200 1603.088000 1.000000
945.193600 2587.712000 1363.817600 1597.499200 1.000000
961.756800 2190.800000 1371.169600 1263.118400 1.000000
975.516800 1790.928000 1374.380800 886.972800 1.000000
962.393600 2467.680000 1375.694400 1501.195200 1.000000
978.433600 1972.752000 1380.961600 1072.414400 1.000000
1021.332800 1688.928000 1414.915200 786.520000 1.000000
1011.936000 2840.480000 1423.190400 1800.448000 1.000000
1021.097600 2255.056000 1423.816000 1325.753600 1.000000
1025.736000 2004.944000 1423.924800 1098.859200 1.000000
1029.817600 2278.944000 1431.980800 1346.726400 1.000000
1032.918400 2847.328000 1440.089600 1807.888000 1.000000
1053.204800 2297.328000 1451.163200 1362.784000 1.000000
1048.614400 2711.904000 1452.849600 1703.968000 1.000000
1060.150400 2155.840000 1457.222400 1241.323200 1.000000
1072.683200 1936.608000 1466.158400 1037.366400 1.000000
1091.420800 1962.448000 1484.288000 1060.780800 1.000000
1096.920000 1607.072000 1485.204800 704.910400 1.000000
1093.123200 2152.240000 1486.505600 1242.163200 1.000000
1102.624000 1388.827200 1490.566400 464.126400 1.000000
1136.739200 1568.428800 1523.968000 666.809600 1.000000
1140.300800 1689.888000 1527.894400 797.624000 1.000000
1149.161600 2765.856000 1534.672000 1753.744000 1.000000
1148.305600 1929.856000 1536.070400 1034.550400 1.000000
1152.129600 2679.456000 1537.968000 1687.456000 1.000000
1167.033600 2259.648000 1552.152000 1340.387200 1.000000
1168.356800 1491.428800 1555.174400 591.249600 1.000000
1181.385600 1546.396800 1567.387200 646.536000 1.000000
1197.998400 1718.448000 1582.123200 827.136000 1.000000
1226.508800 2444.416000 1602.864000 1503.582400 1.000000
1225.547200 1500.929600 1611.552000 599.494400 1.000000
1285.436800 2108.592000 1658.592000 1214.724800 1.000000
1282.888000 1447.112000 1668.592000 543.416000 1.000000
1290.278400 1396.649600 1676.960000 485.312000 1.000000
1320.684800 2191.072000 1690.768000 1293.344000 1.000000
1311.334400 1271.236800 1696.576000 253.944000 1.000000
1336.131200 2184.192000 1702.912000 1287.414400 1.000000
1342.412800 2085.072000 1711.072000 1196.057600 1.000000
1343.001600 1398.502400 1730.848000 489.904000 1.000000
1349.566400 1399.182400 1737.248000 491.062400 1.000000
1373.342400 2099.344000 1739.584000 1214.003200 1.000000
1376.409600 1912.128000 1746.960000 1035.374400 1.000000
1400.089600 2625.664000 1748.848000 1666.256000 1.000000
1415.680000 2127.072000 1776.560000 1246.862400 1.000000
1403.812800 1222.888000 1792.608000 204.398400 1.000000
1398.641600 1203.905600 1792.864000 181.713600 1.000000
1448.926400 2290.736000 1798.640000 1388.817600 1.000000
1428.020800 1768.672000 1799.360000 893.155200 1.000000
1460.214400 2334.288000 1809.568000 1428.771200 1.000000
1456.676800 1977.552000 1819.104000 1104.848000 1.000000
1474.704000 2333.552000 1821.104000 1429.296000 1.000000
1434.985600 1318.243200 1823.472000 315.451200 1.000000
1463.156800 1938.864000 1826.976000 1067.025600 1.000000
1495.220800 2496.336000 1832.400000 1574.731200 1.000000
1496.324800 2466.304000 1836.064000 1542.928000 1.000000
1504.302400 2694.800000 1836.368000 1727.344000 1.000000
1478.974400 1968.912000 1840.320000 1099.396800 1.000000
1525.073600 2739.408000 1850.736000 1764.960000 1.000000
1459.256000 1209.995200 1856.880000 189.784000 1.000000
1479.308800 1596.520000 1856.880000 722.065600 1.000000
1518.376000 2331.904000 1859.616000 1431.900800 1.000000
1497.040000 1905.584000 1862.192000 1036.201600 1.000000
1503.344000 1925.056000 1866.128000 1058.144000 1.000000
1543.536000 2735.296000 1866.272000 1762.736000 1.000000
1532.313600 2350.864000 1872.016000 1449.112000 1.000000
1515.550400 2003.504000 1872.848000 1132.876800 1.000000
1533.195200 2249.904000 1878.064000 1361.824000 1.000000
1527.032000 1927.456000 1887.792000 1060.928000 1.000000
1513.340800 1394.040000 1901.536000 496.184000 1.000000
1573.705600 2487.120000 1904.064000 1568.678400 1.000000
1574.537600 2469.776000 1904.976000 1554.516800 1.000000
1531.635200 1503.705600 1914.896000 620.628800 1.000000
1575.544000 2184.032000 1919.616000 1305.889600 1.000000
1538.875200 1459.152000 1925.184000 571.624000 1.000000
1598.563200 2496.720000 1925.344000 1578.398400 1.000000
1541.190400 1362.081600 1926.848000 459.827200 1.000000
1541.436800 1408.684800 1930.160000 511.336000 1.000000
1569.800000 1851.760000 1932.112000 991.857600 1.000000
1581.318400 2059.760000 1932.160000 1193.401600 1.000000
1567.412800 1811.040000 1932.784000 950.961600 1.000000
1574.899200 1826.688000 1938.032000 966.262400 1.000000
1577.502400 1864.480000 1940.928000 1004.937600 1.000000
1565.187200 1486.720000 1950.992000 604.060800 1.000000
1562.574400 1328.886400 1953.152000 420.649600 1.000000
1575.915200 1452.342400 1963.120000 567.649600 1.000000
1560.854400 1224.147200 1963.296000 209.659200 1.000000
1707.776000 2901.984000 1996.928000 1906.288000 1.000000
1717.056000 2890.480000 2005.088000 1897.376000 1.000000
1695.152000 2415.088000 2013.760000 1518.531200 1.000000
1657.952000 1809.344000 2019.728000 955.801600 1.000000
1735.456000 2764.256000 2027.152000 1803.600000 1.000000
1694.064000 2157.456000 2030.320000 1294.182400 1.000000
1744.000000 2409.552000 2056.992000 1524.009600 1.000000
1788.752000 2974.800000 2060.064000 1964.720000 1.000000
1740.544000 2216.768000 2068.432000 1347.001600 1.000000
1690.944000 1564.612800 2070.912000 699.780800 1.000000
1743.312000 2196.384000 2073.056000 1332.121600 1.000000
1792.016000 2689.680000 2080.544000 1750.096000 1.000000
1740.416000 2018.592000 2081.648000 1168.678400 1.000000
1803.456000 2598.672000 2096.688000 1676.528000 1.000000
1751.440000 1908.096000 2103.120000 1061.012800 1.000000
1825.456000 2665.168000 2112.672000 1732.848000 1.000000
1803.968000 2282.832000 2122.192000 1411.440000 1.000000
1779.088000 1948.368000 2125.504000 1099.592000 1.000000
1782.640000 1964.320000 2127.136000 1116.342400 1.000000
1822.992000 2265.808000 2140.208000 1396.952000 1.000000
1860.688000 2648.320000 2145.104000 1720.496000 1.000000
1840.784000 2285.744000 2153.856000 1414.979200 1.000000
1877.008000 2674.944000 2156.400000 1743.504000 1.000000
1878.176000 2597.728000 2162.064000 1682.592000 1.000000
1898.944000 2920.272000 2163.424000 1922.032000 1.000000
1891.680000 2675.136000 2169.408000 1743.856000 1.000000
1831.488000 1979.856000 2172.448000 1131.889600 1.000000
1895.520000 2668.704000 2172.544000 1739.936000 1.000000
1797.200000 1607.744000 2172.704000 751.897600 1.000000
1835.648000 1994.208000 2175.856000 1147.356800 1.000000
1827.280000 1898.368000 2177.200000 1055.353600 1.000000
1852.736000 2177.312000 2177.696000 1320.190400 1.000000
1909.664000 2713.824000 2180.848000 1775.968000 1.000000
1876.128000 2314.848000 2184.464000 1443.832000 1.000000
1871.520000 2229.616000 2187.616000 1368.094400 1.000000
1817.072000 1668.608000 2187.904000 817.776000 1.000000
1844.912000 1910.192000 2191.648000 1067.070400 1.000000
1800.000000 1443.164800 2194.208000 570.200000 1.000000
1803.408000 1456.824000 2195.968000 583.844800 1.000000
1919.024000 2604.560000 2198.416000 1686.880000 1.000000
1850.016000 1880.688000 2198.752000 1038.721600 1.000000
1864.816000 2036.272000 2199.920000 1191.355200 1.000000
1817.520000 1551.028800 2201.520000 691.019200 1.000000
1909.984000 2471.712000 2201.872000 1577.372800 1.000000
1867.088000 2020.272000 2202.224000 1173.428800 1.000000
1851.872000 1854.000000 2206.848000 1009.784000 1.000000
1865.184000 1961.120000 2207.488000 1116.736000 1.000000
1886.160000 2150.960000 2208.864000 1300.337600 1.000000
1907.904000 1726.160000 2274.320000 829.430400 1.000000
1955.232000 1307.550400 2371.824000 444.128000 1.000000
2477.232000 1740.832000 2775.856000 1819.984000 1.000000
2394.576000 1723.120000 2832.896000 1759.152000 1.000000
2491.648000 1118.308800 2849.552000 1409.513600 1.000000
2503.920000 1189.331200 2850.320000 1474.297600 1.000000
2501.952000 1175.056000 2853.296000 1461.726400 1.000000
2571.984000 1558.446400 2874.496000 1747.312000 1.000000
2608.224000 1446.208000 2905.600000 1692.080000 1.000000
2592.256000 1218.865600 2924.912000 1528.928000 1.000000
3136.880000 945.360000 3453.136000 1526.444800 1.000000
