21.325440 1773.936000 507.195200 335.558400 1.000000
22.779680 1830.096000 514.915200 395.708800 1.000000
20.400640 2220.720000 552.427200 783.156800 1.000000
29.985280 2169.392000 556.604800 736.670400 1.000000
30.396000 2157.248000 556.976000 725.401600 1.000000
31.359520 2181.728000 559.654400 748.620800 1.000000
45.329760 2174.128000 573.038400 741.668800 1.000000
71.198400 2156.208000 593.025600 730.569600 1.000000
162.049600 1536.203200 617.236800 81.904160 1.000000
102.302880 2124.640000 618.945600 704.702400 1.000000
169.504000 1507.299200 622.313600 51.592160 1.000000
112.621760 2120.240000 627.219200 700.860800 1.000000
98.776960 2262.128000 628.204800 833.302400 1.000000
106.629920 2287.808000 636.440000 856.704000 1.000000
81.686880 2661.120000 647.539200 1172.998400 1.000000
80.859040 2672.096000 648.747200 1183.024000 1.000000
86.442400 2699.616000 653.456000 1204.115200 1.000000
201.089600 1531.675200 654.715200 82.087200 1.000000
185.798400 1712.416000 655.456000 289.568000 1.000000
109.227040 2634.736000 668.225600 1153.561600 1.000000
147.769440 2290.512000 673.376000 865.668800 1.000000
225.560000 1513.580800 676.086400 65.520320 1.000000
101.733120 2967.760000 682.456000 1410.091200 1.000000
156.189280 2471.872000 694.712000 1026.489600 1.000000
167.979200 2781.264000 727.560000 1279.393600 1.000000
169.740800 2769.184000 727.704000 1269.584000 1.000000
202.001600 2417.856000 731.675200 985.849600 1.000000
241.660800 2022.368000 735.428800 620.550400 1.000000
296.001600 1606.816000 751.955200 179.075200 1.000000
236.091200 2356.352000 755.537600 935.640000 1.000000
259.075200 2394.864000 779.980800 972.404800 1.000000
251.361600 2826.000000 799.846400 1321.086400 1.000000
329.737600 2922.768000 859.998400 1406.931200 1.000000
433.684800 1486.537600 878.324800 58.932800 1.000000
361.574400 2925.696000 891.572800 1412.787200 1.000000
386.907200 2490.608000 895.524800 1071.046400 1.000000
371.640000 2914.240000 898.531200 1403.297600 1.000000
402.718400 2616.384000 914.451200 1177.548800 1.000000
472.972800 1681.824000 924.550400 296.142400 1.000000
431.488000 2545.648000 934.856000 1124.289600 1.000000
493.420800 1817.504000 952.672000 442.422400 1.000000
448.828800 2958.640000 963.960000 1446.292800 1.000000
497.406400 2190.304000 977.307200 818.889600 1.000000
538.662400 1489.225600 982.331200 77.277440 1.000000
506.142400 2175.584000 985.179200 806.272000 1.000000
560.758400 2847.328000 1050.697600 1377.870400 1.000000
603.502400 2832.736000 1085.934400 1371.657600 1.000000
653.489600 1968.416000 1107.307200 624.790400 1.000000
763.640000 1895.536000 1207.936000 567.761600 1.000000
791.668800 1481.494400 1234.606400 101.192160 1.000000
787.603200 2858.832000 1235.681600 1414.032000 1.000000
802.016000 2653.168000 1246.033600 1259.182400 1.000000
822.174400 1703.360000 1263.456000 366.084800 1.000000
832.929600 1545.076800 1274.310400 182.740800 1.000000
844.732800 1469.348800 1288.886400 98.580480 1.000000
855.848000 2522.672000 1290.862400 1161.772800 1.000000
881.729600 1457.404800 1325.670400 84.793760 1.000000
895.633600 1975.664000 1332.409600 669.966400 1.000000
895.179200 1539.747200 1342.908800 187.980800 1.000000
913.939200 1714.096000 1355.158400 390.643200 1.000000
933.296000 2595.664000 1356.888000 1229.929600 1.000000
941.022400 1827.392000 1376.571200 522.425600 1.000000
1011.936000 2840.480000 1416.491200 1429.758400 1.000000
1004.044800 1956.000000 1432.417600 666.150400 1.000000
1032.918400 2847.328000 1434.238400 1435.462400 1.000000
1019.508800 2305.792000 1436.081600 997.043200 1.000000
1021.097600 2255.056000 1440.288000 956.752000 1.000000
1029.817600 2278.944000 1446.691200 977.960000 1.000000
1021.678400 1946.352000 1449.731200 659.638400 1.000000
1053.204800 2297.328000 1466.148800 997.409600 1.000000
1093.123200 2152.240000 1507.947200 874.036800 1.000000
1091.420800 1962.448000 1514.225600 685.248000 1.000000
1149.161600 2765.856000 1529.505600 1393.635200 1.000000
1185.230400 2609.312000 1567.379200 1278.153600 1.000000
1140.300800 1689.888000 1575.888000 403.230400 1.000000
1218.838400 2829.648000 1582.521600 1449.352000 1.000000
1231.288000 2716.704000 1600.272000 1370.854400 1.000000
1326.161600 2927.408000 1663.712000 1533.836800 1.000000
1272.190400 2120.544000 1672.080000 868.529600 1.000000
1342.412800 2085.072000 1740.416000 844.076800 1.000000
1174.164800 1382.305600 1764.896000 57.058080 1.000000
1373.342400 2099.344000 1767.968000 865.798400 1.000000
1415.680000 2127.072000 1804.384000 900.900800 1.000000
1525.273600 2971.472000 1821.760000 1595.465600 1.000000
1396.912000 1785.824000 1822.128000 533.777600 1.000000
1504.302400 2694.800000 1828.912000 1389.028800 1.000000
1496.324800 2466.304000 1842.672000 1212.424000 1.000000
1442.768000 1964.016000 1846.576000 741.713600 1.000000
1456.676800 1977.552000 1858.576000 756.667200 1.000000
1533.465600 2639.200000 1859.328000 1351.697600 1.000000
1518.953600 2363.264000 1874.240000 1126.340800 1.000000
1568.539200 2754.368000 1876.640000 1443.769600 1.000000
1473.649600 1945.472000 1877.904000 729.665600 1.000000
1478.974400 1968.912000 1880.112000 753.521600 1.000000
1503.344000 1925.056000 1909.712000 712.116800 1.000000
1574.537600 2469.776000 1910.656000 1225.736000 1.000000
1598.563200 2496.720000 1930.208000 1251.643200 1.000000
1596.259200 2401.440000 1937.584000 1172.334400 1.000000
1673.088000 2838.096000 1953.184000 1522.353600 1.000000
1683.952000 2890.208000 1957.776000 1563.060800 1.000000
1707.776000 2901.984000 1975.040000 1574.785600 1.000000
1717.056000 2890.480000 1983.168000 1567.966400 1.000000
1577.502400 1864.480000 1990.656000 660.302400 1.000000
1574.899200 1826.688000 1992.320000 619.696000 1.000000
1531.635200 1503.705600 1997.376000 241.020800 1.000000
1728.352000 2789.952000 2004.128000 1496.976000 1.000000
1677.856000 2441.088000 2006.720000 1217.856000 1.000000
1683.216000 2369.904000 2019.040000 1159.100800 1.000000
1695.152000 2415.088000 2024.304000 1199.177600 1.000000
1604.928000 1811.680000 2025.168000 607.643200 1.000000
1766.896000 2725.264000 2044.832000 1454.790400 1.000000
1739.152000 2541.808000 2046.912000 1310.032000 1.000000
1770.416000 2655.312000 2056.192000 1400.908800 1.000000
1744.000000 2409.552000 2065.648000 1205.161600 1.000000
1657.952000 1809.344000 2077.344000 615.788800 1.000000
1748.768000 2356.272000 2080.192000 1156.683200 1.000000
1803.456000 2598.672000 2092.592000 1362.939200 1.000000
1743.312000 2196.384000 2098.800000 1014.892800 1.000000
1615.728000 1407.355200 2105.472000 129.169600 1.000000
1835.728000 2675.408000 2110.080000 1425.929600 1.000000
1740.416000 2018.592000 2123.360000 845.332800 1.000000
1898.944000 2920.272000 2130.592000 1608.480000 1.000000
1853.104000 2590.688000 2133.504000 1362.691200 1.000000
1803.968000 2282.832000 2143.104000 1097.428800 1.000000
1877.008000 2674.944000 2146.912000 1428.531200 1.000000
1690.944000 1564.612800 2155.440000 341.548800 1.000000
1822.992000 2265.808000 2160.432000 1085.992000 1.000000
1876.864000 2574.240000 2161.904000 1348.817600 1.000000
1887.216000 2601.840000 2166.352000 1372.100800 1.000000
1909.664000 2713.824000 2167.648000 1461.203200 1.000000
1837.056000 2300.768000 2169.120000 1119.014400 1.000000
1840.784000 2285.744000 2175.248000 1104.132800 1.000000
1779.088000 1948.368000 2175.328000 776.236800 1.000000
1878.944000 2477.456000 2178.048000 1270.019200 1.000000
1921.648000 2701.696000 2180.112000 1454.761600 1.000000
1899.936000 2549.536000 2184.640000 1334.878400 1.000000
1858.704000 2321.808000 2185.376000 1141.372800 1.000000
1914.512000 2548.624000 2197.360000 1336.950400 1.000000
1912.816000 2522.400000 2199.040000 1313.844800 1.000000
1876.128000 2314.848000 2201.072000 1135.812800 1.000000
1680.432000 4.013328 2201.232000 3.235056 1.000000
1926.352000 2581.840000 2201.536000 1371.750400 1.000000
1852.736000 2177.312000 2203.312000 1008.510400 1.000000
1815.712000 1956.064000 2208.816000 788.294400 1.000000
1891.664000 2351.248000 2209.888000 1168.849600 1.000000
1871.520000 2229.616000 2210.960000 1059.990400 1.000000
1922.528000 2481.808000 2215.904000 1277.678400 1.000000
1846.992000 1982.704000 2232.640000 818.734400 1.000000
1864.816000 2036.272000 2242.704000 876.028800 1.000000
1844.912000 1910.192000 2245.696000 744.460800 1.000000
1850.016000 1880.688000 2256.208000 715.699200 1.000000
1849.712000 1854.240000 2262.272000 687.841600 1.000000
2004.400000 2293.328000 2318.224000 1168.272000 1.000000
2768.176000 175.457600 3233.728000 457.484800 1.000000
