11.069696 1336.608000 12.421632 1100.766400 1.000000
43.452000 1487.776000 16.614560 1252.321600 1.000000
46.134240 1425.083200 18.439200 1190.619200 1.000000
49.781600 1476.454400 22.490240 1243.936000 1.000000
53.723200 1426.108800 26.256640 1192.323200 1.000000
61.330400 1431.145600 34.242720 1196.540800 1.000000
63.574880 1472.155200 37.137280 1239.227200 1.000000
58.981280 1775.360000 37.578560 1545.484800 1.000000
66.659680 1423.164800 38.795360 1189.457600 1.000000
71.403680 1477.427200 44.592000 1244.337600 1.000000
52.864000 2655.760000 47.676800 2402.064000 1.000000
71.124640 1773.552000 50.115840 1543.380800 1.000000
77.687040 1463.688000 50.455840 1232.568000 1.000000
64.899840 2151.744000 51.165280 1916.512000 1.000000
51.782560 2992.800000 54.743040 2716.848000 1.000000
63.128320 2573.360000 56.250240 2323.536000 1.000000
64.165440 2600.016000 57.730240 2349.824000 1.000000
80.891360 1778.144000 59.932160 1548.028800 1.000000
88.633600 1477.854400 62.427200 1244.598400 1.000000
74.037440 2634.368000 65.900480 2382.304000 1.000000
80.736960 2159.456000 66.672160 1924.144000 1.000000
71.620800 2689.264000 66.887520 2434.288000 1.000000
73.968960 2605.616000 67.796320 2355.248000 1.000000
73.179360 2662.848000 67.909920 2409.712000 1.000000
76.015200 2558.864000 69.624320 2309.904000 1.000000
95.905120 1480.372800 70.159360 1247.480000 1.000000
98.616960 1468.584000 71.280480 1235.070400 1.000000
77.930720 2618.528000 71.553760 2366.288000 1.000000
77.775360 2680.240000 72.354720 2426.048000 1.000000
89.412160 2255.888000 76.738880 2018.720000 1.000000
88.327040 2597.328000 79.450240 2346.848000 1.000000
102.558400 1766.768000 81.208640 1537.516800 1.000000
96.462400 2518.608000 86.865600 2274.416000 1.000000
122.931040 1419.222400 95.580640 1187.411200 1.000000
112.621760 2120.240000 97.729920 1886.224000 1.000000
101.733120 2967.760000 100.589920 2697.264000 1.000000
128.833600 1425.430400 101.087200 1193.688000 1.000000
131.199680 1486.198400 104.235520 1254.910400 1.000000
119.227200 2109.056000 104.279200 1875.536000 1.000000
115.482560 2590.976000 108.685920 2338.176000 1.000000
136.144800 1432.740800 108.982240 1200.585600 1.000000
112.337120 2917.520000 109.905120 2649.472000 1.000000
139.762720 1413.569600 110.639680 1183.307200 1.000000
115.265600 2932.512000 112.801760 2663.744000 1.000000
144.752160 1442.292800 117.581280 1210.923200 1.000000
145.019360 1534.496000 119.958560 1304.360000 1.000000
148.528000 1422.987200 121.296640 1190.441600 1.000000
127.646720 2830.240000 121.994240 2571.760000 1.000000
141.435040 1714.912000 122.448320 1482.412800 1.000000
144.395680 2082.304000 128.190240 1850.736000 1.000000
136.482560 2606.224000 128.195200 2353.280000 1.000000
157.450880 1707.536000 134.637760 1478.881600 1.000000
144.837760 2502.624000 135.207040 2257.920000 1.000000
162.836800 1453.929600 135.543360 1222.048000 1.000000
162.049600 1536.203200 136.180000 1306.054400 1.000000
148.229120 2705.856000 140.117440 2448.608000 1.000000
149.267840 2894.208000 144.598080 2630.752000 1.000000
150.465600 2833.776000 145.252640 2565.872000 1.000000
156.189280 2471.872000 145.999360 2228.064000 1.000000
151.647840 2857.472000 147.207520 2594.448000 1.000000
173.992000 1535.817600 148.833920 1307.104000 1.000000
171.872000 1714.304000 150.300960 1484.587200 1.000000
157.229440 2765.008000 150.345760 2508.224000 1.000000
156.908160 2844.512000 152.026880 2580.032000 1.000000
161.476800 2483.952000 152.075840 2239.920000 1.000000
178.288000 1522.995200 152.320160 1292.910400 1.000000
165.892800 2323.360000 153.996000 2085.984000 1.000000
175.235200 1922.160000 154.534880 1693.168000 1.000000
164.377600 2858.352000 158.856000 2595.648000 1.000000
166.817600 2931.392000 160.681600 2671.088000 1.000000
174.216000 2321.024000 161.332800 2084.128000 1.000000
172.449600 2433.200000 161.398400 2192.112000 1.000000
167.979200 2781.264000 162.283200 2522.816000 1.000000
169.740800 2769.184000 163.171200 2510.560000 1.000000
187.417600 2077.104000 169.286400 1847.488000 1.000000
185.680000 2423.904000 174.116800 2182.704000 1.000000
181.374400 2947.680000 175.860800 2680.736000 1.000000
201.089600 1531.675200 175.913600 1304.163200 1.000000
184.400000 3000.784000 180.062400 2727.888000 1.000000
197.692800 2050.880000 180.088000 1822.640000 1.000000
205.652800 1710.272000 182.260800 1484.116800 1.000000
195.694400 2427.856000 184.155200 2186.768000 1.000000
212.057600 1521.899200 186.059200 1292.625600 1.000000
198.516800 2357.280000 186.163200 2118.256000 1.000000
202.001600 2417.856000 190.524800 2177.264000 1.000000
199.316800 2770.288000 192.020800 2513.840000 1.000000
207.640000 2353.664000 194.150400 2116.256000 1.000000
216.387200 2391.376000 203.123200 2149.952000 1.000000
222.270400 2017.440000 204.784000 1787.888000 1.000000
216.043200 2793.888000 208.641600 2536.368000 1.000000
226.758400 2409.472000 214.113600 2169.200000 1.000000
235.609600 1964.176000 216.988800 1735.856000 1.000000
232.900800 2364.912000 219.273600 2127.520000 1.000000
227.235200 2812.624000 220.211200 2554.304000 1.000000
229.585600 2942.496000 220.948800 2676.128000 1.000000
234.241600 2396.672000 221.328000 2157.536000 1.000000
236.091200 2356.352000 221.366400 2118.544000 1.000000
235.654400 2372.384000 222.116800 2135.120000 1.000000
229.552000 2793.664000 222.332800 2535.616000 1.000000
229.505600 2932.752000 222.884800 2666.528000 1.000000
238.048000 2412.048000 224.748800 2172.864000 1.000000
240.144000 2768.032000 230.531200 2511.712000 1.000000
247.678400 2359.568000 234.430400 2121.824000 1.000000
248.988800 2378.656000 236.384000 2139.648000 1.000000
256.292800 2000.448000 237.137600 1773.376000 1.000000
250.897600 2399.792000 237.624000 2161.232000 1.000000
257.713600 1980.736000 239.083200 1753.344000 1.000000
249.763200 2769.856000 241.529600 2514.016000 1.000000
251.361600 2826.000000 243.369600 2566.672000 1.000000
259.248000 2350.160000 245.638400 2113.152000 1.000000
257.059200 2837.584000 248.916800 2579.136000 1.000000
271.000000 1979.776000 251.547200 1752.400000 1.000000
270.771200 1997.712000 252.164800 1770.864000 1.000000
285.292800 1602.880000 260.910400 1377.870400 1.000000
269.024000 2930.368000 261.772800 2665.760000 1.000000
268.352000 2938.368000 263.680000 2672.448000 1.000000
301.936000 493.276800 267.206400 224.841600 1.000000
283.435200 2347.024000 269.672000 2111.008000 1.000000
304.542400 565.593600 269.916800 300.697600 1.000000
296.001600 1606.816000 270.872000 1381.254400 1.000000
312.360000 505.932800 272.188800 242.116800 1.000000
308.329600 471.489600 272.304000 202.430400 1.000000
313.182400 556.960000 278.172800 294.427200 1.000000
324.128000 572.068800 286.961600 305.737600 1.000000
320.820800 534.366400 288.582400 269.628800 1.000000
316.392000 1365.062400 288.971200 1135.201600 1.000000
311.294400 1949.440000 291.676800 1722.576000 1.000000
336.702400 484.857600 299.536000 219.603200 1.000000
326.646400 1590.020800 301.540800 1364.084800 1.000000
340.518400 568.790400 306.819200 304.598400 1.000000
342.368000 561.900800 308.116800 296.848000 1.000000
339.896000 535.568000 308.702400 271.595200 1.000000
351.352000 398.600000 316.126400 128.317920 1.000000
358.032000 408.627200 319.262400 140.095040 1.000000
337.281600 2685.120000 325.961600 2435.472000 1.000000
337.665600 2885.040000 328.132800 2623.264000 1.000000
361.985600 533.000000 328.140800 270.577600 1.000000
343.673600 2278.640000 328.896000 2045.072000 1.000000
376.939200 384.924800 341.020800 115.645120 1.000000
352.056000 2898.256000 341.232000 2636.016000 1.000000
355.264000 2849.680000 343.726400 2591.392000 1.000000
382.899200 496.601600 348.496000 233.852800 1.000000
361.574400 2925.696000 350.371200 2663.232000 1.000000
363.436800 2884.720000 352.443200 2621.968000 1.000000
362.572800 2994.272000 352.878400 2726.672000 1.000000
366.696000 2807.504000 354.420800 2552.512000 1.000000
368.382400 2778.656000 356.454400 2525.232000 1.000000
371.640000 2914.240000 359.107200 2651.520000 1.000000
372.718400 2898.432000 361.200000 2638.224000 1.000000
404.358400 388.252800 362.075200 115.310240 1.000000
380.870400 2949.616000 369.854400 2685.328000 1.000000
386.907200 2490.608000 373.934400 2251.648000 1.000000
399.587200 1707.968000 375.848000 1484.476800 1.000000
405.272000 1378.657600 379.152000 1152.144000 1.000000
417.145600 521.984000 380.174400 261.907200 1.000000
410.222400 1713.712000 387.323200 1491.676800 1.000000
399.097600 2770.544000 387.968000 2516.640000 1.000000
398.969600 2993.648000 388.120000 2726.864000 1.000000
402.446400 2627.792000 389.857600 2380.816000 1.000000
416.918400 1480.027200 390.462400 1257.363200 1.000000
415.299200 1523.747200 391.433600 1297.323200 1.000000
409.236800 2253.168000 392.558400 2022.656000 1.000000
403.630400 3003.648000 392.611200 2736.400000 1.000000
413.521600 2116.096000 394.892800 1888.128000 1.000000
426.156800 1423.739200 398.836800 1199.739200 1.000000
423.857600 1567.171200 398.944000 1345.054400 1.000000
423.251200 1723.168000 400.273600 1500.134400 1.000000
416.483200 2546.080000 402.164800 2304.560000 1.000000
422.076800 2131.392000 402.825600 1903.360000 1.000000
434.035200 1441.348800 406.929600 1216.587200 1.000000
427.321600 2010.656000 407.470400 1788.560000 1.000000
433.684800 1486.537600 408.107200 1263.177600 1.000000
446.974400 832.673600 413.313600 576.464000 1.000000
447.376000 752.828800 415.569600 494.614400 1.000000
429.649600 2963.200000 416.987200 2700.400000 1.000000
431.488000 2545.648000 417.070400 2304.560000 1.000000
449.888000 634.729600 418.388800 370.844800 1.000000
438.515200 1982.432000 418.406400 1758.992000 1.000000
443.312000 1774.544000 420.016000 1553.323200 1.000000
456.718400 708.963200 423.784000 453.891200 1.000000
458.896000 547.462400 425.745600 287.401600 1.000000
456.806400 1481.000000 430.464000 1257.921600 1.000000
445.027200 2979.024000 431.468800 2715.456000 1.000000
453.475200 1828.448000 432.955200 1606.240000 1.000000
456.275200 1839.984000 434.577600 1617.968000 1.000000
448.828800 2958.640000 434.964800 2694.496000 1.000000
467.126400 645.473600 436.296000 385.064000 1.000000
469.348800 681.241600 438.195200 425.099200 1.000000
469.067200 777.184000 438.793600 525.931200 1.000000
452.700800 2982.384000 439.528000 2717.408000 1.000000
472.832000 659.537600 440.012800 403.046400 1.000000
460.291200 2148.160000 442.489600 1920.976000 1.000000
479.100800 826.542400 448.464000 571.872000 1.000000
472.972800 1681.824000 448.939200 1461.812800 1.000000
482.427200 361.523200 449.342400 88.202560 1.000000
472.686400 1777.648000 450.555200 1556.848000 1.000000
474.430400 1766.272000 451.001600 1546.566400 1.000000
485.433600 318.870400 452.249600 42.470880 1.000000
481.532800 1383.708800 453.894400 1161.825600 1.000000
480.713600 1488.920000 454.521600 1266.782400 1.000000
490.136000 327.606400 457.524800 51.692960 1.000000
492.081600 860.404800 458.568000 603.702400 1.000000
479.809600 2205.568000 461.945600 1978.272000 1.000000
484.387200 2145.776000 466.228800 1919.440000 1.000000
489.393600 1832.960000 468.144000 1608.768000 1.000000
495.422400 1391.894400 468.171200 1167.548800 1.000000
485.182400 2537.296000 469.476800 2297.184000 1.000000
496.840000 1432.238400 470.377600 1209.993600 1.000000
493.420800 1817.504000 471.932800 1595.792000 1.000000
490.136000 2966.688000 473.937600 2704.928000 1.000000
502.462400 1378.433600 476.100800 1154.736000 1.000000
506.723200 758.156800 476.222400 503.745600 1.000000
497.406400 2190.304000 481.382400 1962.448000 1.000000
473.240000 966.177600 487.392000 762.704000 1.000000
504.689600 2599.552000 489.108800 2355.968000 1.000000
507.046400 2542.400000 490.560000 2302.848000 1.000000
524.641600 1830.912000 502.766400 1612.464000 1.000000
518.790400 2942.336000 502.939200 2683.200000 1.000000
538.662400 1489.225600 512.700800 1270.033600 1.000000
534.323200 2211.936000 515.203200 1985.376000 1.000000
546.076800 339.716800 515.240000 66.167520 1.000000
550.401600 381.296000 518.131200 109.548480 1.000000
547.928000 1380.633600 521.628800 1156.598400 1.000000
553.017600 336.422400 523.052800 62.326080 1.000000
553.313600 1541.222400 527.667200 1322.356800 1.000000
555.348800 863.491200 530.592000 611.721600 1.000000
559.596800 789.096000 531.171200 532.179200 1.000000
563.392000 1550.264000 538.136000 1333.128000 1.000000
561.625600 1755.504000 538.152000 1536.825600 1.000000
559.588800 2080.688000 539.113600 1857.984000 1.000000
560.758400 2847.328000 542.856000 2592.496000 1.000000
569.420800 1551.480000 544.228800 1332.507200 1.000000
563.587200 2679.136000 545.532800 2433.696000 1.000000
573.897600 658.572800 545.534400 397.430400 1.000000
564.262400 2274.832000 546.715200 2047.072000 1.000000
564.425600 2466.288000 547.355200 2230.272000 1.000000
580.627200 574.664000 549.520000 315.969600 1.000000
584.144000 880.793600 555.520000 629.752000 1.000000
591.488000 625.921600 562.696000 366.112000 1.000000
596.600000 867.220800 566.555200 616.744000 1.000000
594.273600 1066.558400 567.228800 818.409600 1.000000
587.412800 2267.856000 568.867200 2040.544000 1.000000
601.937600 791.731200 572.952000 538.376000 1.000000
608.320000 804.108800 579.545600 552.200000 1.000000
609.945600 848.065600 580.766400 594.126400 1.000000
599.840000 2735.520000 580.910400 2489.136000 1.000000
608.104000 1545.801600 583.395200 1329.171200 1.000000
611.480000 966.608000 585.036800 716.379200 1.000000
614.827200 945.867200 588.472000 694.073600 1.000000
607.812800 2741.456000 589.720000 2495.232000 1.000000
619.779200 886.793600 590.502400 636.268800 1.000000
622.208000 836.777600 594.041600 587.216000 1.000000
622.310400 981.611200 594.632000 730.568000 1.000000
625.969600 767.140800 595.136000 513.952000 1.000000
616.300800 2075.536000 595.136000 1854.960000 1.000000
622.104000 1103.644800 595.164800 858.340800 1.000000
622.404800 911.414400 595.953600 660.352000 1.000000
613.209600 2452.992000 596.000000 2216.384000 1.000000
621.924800 1602.528000 597.230400 1385.505600 1.000000
626.774400 641.347200 597.561600 382.414400 1.000000
626.200000 967.268800 598.627200 715.712000 1.000000
626.233600 1504.731200 600.064000 1289.233600 1.000000
629.918400 624.550400 600.364800 366.153600 1.000000
622.209600 2741.760000 603.176000 2495.168000 1.000000
631.779200 824.286400 603.814400 574.715200 1.000000
630.648000 1610.608000 605.628800 1394.795200 1.000000
632.228800 980.969600 606.729600 731.868800 1.000000
639.643200 1463.043200 613.588800 1243.089600 1.000000
636.003200 2041.088000 614.620800 1822.752000 1.000000
645.116800 1112.164800 615.025600 867.340800 1.000000
642.462400 993.859200 615.427200 744.316800 1.000000
651.798400 906.457600 624.324800 659.616000 1.000000
651.456000 966.601600 624.880000 716.987200 1.000000
654.518400 1008.515200 627.232000 758.995200 1.000000
656.414400 1041.088000 630.505600 798.286400 1.000000
653.489600 1968.416000 631.316800 1750.224000 1.000000
657.462400 1382.316800 632.276800 1162.308800 1.000000
656.152000 2010.320000 634.347200 1792.352000 1.000000
663.896000 858.396800 635.246400 613.419200 1.000000
664.708800 897.580800 635.798400 648.608000 1.000000
663.232000 1118.449600 637.224000 879.827200 1.000000
669.630400 1074.798400 643.006400 838.070400 1.000000
670.291200 1388.272000 643.457600 1169.713600 1.000000
664.691200 1133.334400 644.534400 893.041600 1.000000
669.272000 1954.320000 647.051200 1737.312000 1.000000
673.296000 1102.158400 648.555200 861.014400 1.000000
671.390400 2333.008000 651.864000 2106.928000 1.000000
672.060800 2374.400000 653.008000 2145.168000 1.000000
678.513600 1062.243200 653.312000 821.206400 1.000000
680.208000 1030.702400 653.416000 792.526400 1.000000
674.152000 2395.392000 653.553600 2166.064000 1.000000
679.596800 1401.604800 654.150400 1182.740800 1.000000
681.528000 1382.201600 655.579200 1163.606400 1.000000
678.988800 1943.792000 656.968000 1725.632000 1.000000
684.892800 1043.851200 658.035200 807.096000 1.000000
688.860800 1110.108800 663.084800 869.787200 1.000000
690.211200 998.131200 663.652800 761.945600 1.000000
689.472000 1119.824000 663.955200 880.294400 1.000000
693.272000 1091.710400 667.974400 850.329600 1.000000
690.569600 2353.568000 669.761600 2126.752000 1.000000
696.272000 1055.708800 670.289600 814.172800 1.000000
699.716800 1099.379200 674.107200 860.192000 1.000000
705.422400 861.368000 675.262400 629.916800 1.000000
700.766400 1117.281600 675.680000 875.924800 1.000000
703.886400 1381.923200 676.916800 1162.958400 1.000000
698.998400 1954.928000 676.953600 1737.904000 1.000000
709.936000 873.641600 680.724800 644.192000 1.000000
702.256000 2735.744000 681.352000 2490.400000 1.000000
710.171200 1017.121600 681.956800 776.872000 1.000000
709.712000 1126.691200 685.206400 885.457600 1.000000
717.292800 1395.329600 690.547200 1177.068800 1.000000
721.920000 1958.144000 699.051200 1742.128000 1.000000
730.716800 1131.636800 704.398400 891.336000 1.000000
744.516800 836.920000 716.252800 606.656000 1.000000
744.788800 1581.521600 718.897600 1369.425600 1.000000
743.705600 2837.216000 723.483200 2587.488000 1.000000
751.486400 2046.688000 728.593600 1829.776000 1.000000
752.720000 2015.760000 728.713600 1798.688000 1.000000
762.139200 1382.412800 736.324800 1165.396800 1.000000
761.896000 1686.800000 738.067200 1475.539200 1.000000
763.640000 1895.536000 739.393600 1682.832000 1.000000
766.697600 1158.350400 745.401600 918.529600 1.000000
769.870400 1927.248000 746.496000 1712.768000 1.000000
772.451200 2061.792000 750.099200 1844.736000 1.000000
786.416000 1382.104000 760.731200 1166.590400 1.000000
787.603200 2858.832000 765.796800 2606.016000 1.000000
791.668800 1481.494400 766.985600 1266.100800 1.000000
796.555200 907.633600 770.012800 681.534400 1.000000
802.310400 1396.737600 776.214400 1182.859200 1.000000
806.256000 897.825600 778.942400 672.147200 1.000000
822.480000 1089.758400 781.798400 848.078400 1.000000
807.862400 1418.886400 783.564800 1208.163200 1.000000
809.094400 2065.744000 786.368000 1850.144000 1.000000
815.107200 1385.094400 788.873600 1169.436800 1.000000
817.260800 1540.632000 790.232000 1331.256000 1.000000
817.305600 1493.924800 792.636800 1280.681600 1.000000
821.696000 1417.041600 796.771200 1203.472000 1.000000
822.539200 1528.990400 797.852800 1316.444800 1.000000
822.510400 2219.008000 799.395200 1999.808000 1.000000
825.625600 1443.731200 799.900800 1229.918400 1.000000
831.500800 897.182400 804.344000 672.296000 1.000000
832.929600 1545.076800 807.000000 1336.408000 1.000000
837.961600 2877.216000 814.569600 2621.200000 1.000000
844.094400 892.460800 815.905600 667.496000 1.000000
845.752000 921.729600 817.102400 697.788800 1.000000
839.504000 2594.672000 817.379200 2358.432000 1.000000
845.598400 2941.184000 820.390400 2683.920000 1.000000
844.732800 1469.348800 821.027200 1258.049600 1.000000
852.020800 1410.033600 827.028800 1195.406400 1.000000
852.558400 1818.240000 828.454400 1606.064000 1.000000
855.110400 1386.867200 829.483200 1171.769600 1.000000
856.342400 1429.817600 832.560000 1218.580800 1.000000
859.982400 2186.672000 836.833600 1969.184000 1.000000
863.208000 1397.020800 837.720000 1185.524800 1.000000
863.446400 1495.540800 838.491200 1284.779200 1.000000
863.435200 2520.480000 839.737600 2287.936000 1.000000
866.648000 1477.288000 841.811200 1265.486400 1.000000
869.955200 2138.096000 845.998400 1920.832000 1.000000
869.809600 1216.436800 847.763200 979.488000 1.000000
878.094400 1497.486400 854.051200 1288.512000 1.000000
879.129600 1810.608000 854.612800 1600.320000 1.000000
879.328000 2577.328000 856.441600 2342.336000 1.000000
880.646400 2513.360000 856.942400 2282.656000 1.000000
881.729600 1457.404800 857.248000 1246.364800 1.000000
886.755200 2926.768000 860.380800 2671.184000 1.000000
887.544000 2945.008000 860.529600 2689.936000 1.000000
892.964800 1934.064000 866.918400 1724.544000 1.000000
892.993600 2555.088000 868.416000 2322.784000 1.000000
895.852800 2530.416000 870.544000 2299.792000 1.000000
895.633600 1975.664000 870.838400 1766.224000 1.000000
895.179200 1539.747200 871.084800 1326.320000 1.000000
896.595200 2512.016000 871.484800 2281.584000 1.000000
898.646400 1791.792000 873.883200 1581.894400 1.000000
900.432000 1496.670400 875.512000 1285.616000 1.000000
900.961600 2131.616000 875.843200 1916.224000 1.000000
901.006400 2169.936000 876.899200 1951.792000 1.000000
903.425600 2147.664000 879.291200 1931.280000 1.000000
912.763200 1498.950400 888.033600 1289.755200 1.000000
913.939200 1714.096000 890.641600 1500.081600 1.000000
915.012800 1454.481600 891.286400 1240.553600 1.000000
918.766400 2124.704000 892.992000 1910.416000 1.000000
922.438400 891.339200 896.774400 667.584000 1.000000
924.457600 905.091200 899.425600 683.192000 1.000000
928.475200 2514.032000 902.942400 2284.816000 1.000000
813.600000 3013.232000 904.190400 3005.904000 1.000000
931.942400 881.596800 907.582400 658.462400 1.000000
933.296000 2595.664000 907.816000 2361.728000 1.000000
932.654400 1386.796800 908.297600 1175.604800 1.000000
935.649600 1547.302400 911.275200 1339.052800 1.000000
941.092800 1465.675200 916.531200 1254.612800 1.000000
944.550400 1774.384000 919.784000 1566.204800 1.000000
953.548800 2609.456000 928.028800 2375.984000 1.000000
956.281600 2124.144000 933.409600 1906.576000 1.000000
957.806400 904.078400 933.571200 682.400000 1.000000
958.923200 1555.891200 934.118400 1347.964800 1.000000
958.585600 894.468800 934.308800 672.313600 1.000000
960.238400 1782.560000 934.345600 1575.750400 1.000000
962.393600 2467.680000 936.403200 2241.552000 1.000000
961.961600 1804.272000 938.100800 1597.172800 1.000000
962.060800 2157.776000 940.657600 1939.040000 1.000000
966.971200 1707.984000 942.001600 1501.313600 1.000000
966.211200 1901.136000 942.428800 1691.856000 1.000000
969.692800 2090.416000 945.825600 1876.448000 1.000000
975.017600 1712.848000 950.260800 1505.844800 1.000000
975.516800 1790.928000 950.537600 1584.038400 1.000000
976.216000 1397.294400 953.833600 1186.504000 1.000000
978.931200 1809.920000 954.297600 1602.928000 1.000000
982.500800 1721.984000 958.284800 1514.412800 1.000000
991.552000 1553.478400 966.452800 1344.768000 1.000000
999.556800 2331.968000 973.400000 2111.728000 1.000000
1004.044800 1956.000000 978.267200 1746.768000 1.000000
1011.936000 2840.480000 981.835200 2594.224000 1.000000
1009.548800 1714.032000 983.916800 1509.148800 1.000000
1019.508800 2305.792000 991.723200 2086.288000 1.000000
1021.097600 2255.056000 995.046400 2040.560000 1.000000
1024.366400 2664.800000 995.273600 2425.968000 1.000000
1021.678400 1946.352000 995.561600 1739.040000 1.000000
1021.332800 1688.928000 996.425600 1484.899200 1.000000
1029.817600 2278.944000 1002.568000 2061.648000 1.000000
1032.945600 1389.976000 1009.108800 1181.182400 1.000000
1038.892800 1611.456000 1014.425600 1406.452800 1.000000
1045.107200 1956.848000 1018.804800 1749.088000 1.000000
1039.964800 906.316800 1018.904000 686.784000 1.000000
1039.692800 920.969600 1019.147200 703.016000 1.000000
1047.236800 2323.840000 1020.393600 2105.696000 1.000000
1052.428800 2365.120000 1024.366400 2145.472000 1.000000
1053.204800 2297.328000 1025.304000 2078.832000 1.000000
1075.982400 2690.672000 1045.099200 2454.448000 1.000000
1076.299200 2738.592000 1045.505600 2497.952000 1.000000
1076.091200 2760.256000 1045.756800 2519.168000 1.000000
1076.003200 2346.800000 1047.032000 2127.568000 1.000000
1079.881600 1380.310400 1056.702400 1173.558400 1.000000
1087.819200 1942.512000 1062.790400 1735.296000 1.000000
1093.123200 2152.240000 1065.040000 1942.576000 1.000000
1097.208000 2326.704000 1067.915200 2109.840000 1.000000
1093.894400 899.643200 1071.992000 681.096000 1.000000
1109.974400 2745.328000 1079.040000 2505.136000 1.000000
1143.896000 2790.544000 1109.864000 2547.728000 1.000000
1141.299200 2393.056000 1110.537600 2173.040000 1.000000
1136.739200 1568.428800 1113.340800 1364.440000 1.000000
1140.300800 1689.888000 1115.304000 1488.219200 1.000000
1148.305600 1929.856000 1121.360000 1726.384000 1.000000
1151.104000 1544.489600 1127.596800 1341.664000 1.000000
1159.721600 1899.648000 1132.620800 1697.136000 1.000000
1156.196800 1390.272000 1133.524800 1185.472000 1.000000
1153.908800 931.281600 1133.875200 715.896000 1.000000
1159.635200 1713.088000 1133.936000 1511.694400 1.000000
1167.033600 2259.648000 1137.116800 2046.896000 1.000000
1168.179200 1392.828800 1144.587200 1187.801600 1.000000
1182.651200 2805.776000 1148.144000 2565.232000 1.000000
1177.764800 1441.640000 1154.784000 1239.358400 1.000000
1177.041600 931.908800 1157.051200 716.867200 1.000000
1181.385600 1546.396800 1157.139200 1345.059200 1.000000
1189.582400 1383.104000 1165.124800 1178.144000 1.000000
1183.201600 889.064000 1166.475200 674.294400 1.000000
1197.998400 1718.448000 1172.129600 1516.769600 1.000000
1209.108800 2456.832000 1176.452800 2235.008000 1.000000
1218.838400 2829.648000 1182.252800 2587.104000 1.000000
1216.521600 2070.784000 1186.798400 1865.280000 1.000000
1225.848000 2894.416000 1188.633600 2648.912000 1.000000
1222.900800 2603.968000 1189.204800 2375.440000 1.000000
1229.921600 2850.608000 1193.350400 2609.584000 1.000000
1226.508800 2444.416000 1194.368000 2225.216000 1.000000
1231.288000 2716.704000 1196.643200 2483.040000 1.000000
1233.808000 2567.888000 1200.160000 2342.816000 1.000000
1225.169600 1443.052800 1201.576000 1242.537600 1.000000
1225.547200 1500.929600 1202.052800 1299.870400 1.000000
1222.550400 869.958400 1205.814400 649.089600 1.000000
1242.401600 2130.096000 1212.470400 1926.224000 1.000000
1246.352000 2484.480000 1212.939200 2263.984000 1.000000
1254.963200 2868.688000 1216.379200 2624.960000 1.000000
1256.928000 1766.784000 1230.624000 1568.977600 1.000000
1251.425600 928.568000 1231.942400 715.115200 1.000000
1272.792000 2920.704000 1232.720000 2673.584000 1.000000
1266.526400 2151.632000 1236.032000 1945.136000 1.000000
1267.473600 2169.536000 1238.166400 1962.000000 1.000000
1261.584000 1385.524800 1239.192000 1183.316800 1.000000
1269.691200 1782.896000 1242.809600 1583.264000 1.000000
1269.435200 1803.936000 1243.384000 1602.912000 1.000000
1270.190400 1765.552000 1244.088000 1566.984000 1.000000
1268.227200 1395.476800 1246.006400 1194.190400 1.000000
1282.257600 2148.512000 1251.596800 1942.480000 1.000000
1291.774400 2873.456000 1251.798400 2630.176000 1.000000
1274.897600 1433.041600 1253.630400 1231.918400 1.000000
1268.520000 879.240000 1254.585600 663.088000 1.000000
1285.436800 2108.592000 1256.222400 1903.472000 1.000000
1282.888000 1447.112000 1258.908800 1247.316800 1.000000
1302.292800 2933.424000 1260.249600 2685.296000 1.000000
1290.278400 1396.649600 1267.673600 1195.206400 1.000000
1312.523200 2527.552000 1277.273600 2305.600000 1.000000
1320.684800 2191.072000 1289.011200 1984.912000 1.000000
1308.614400 1410.158400 1291.894400 1206.195200 1.000000
1312.836800 1299.593600 1295.444800 1078.073600 1.000000
1336.131200 2184.192000 1303.612800 1978.384000 1.000000
1325.875200 1204.897600 1310.945600 978.728000 1.000000
1350.838400 2409.152000 1315.531200 2194.896000 1.000000
1336.742400 1388.472000 1318.027200 1188.459200 1.000000
1333.587200 1331.742400 1318.419200 1110.096000 1.000000
1336.280000 936.078400 1323.326400 726.262400 1.000000
1377.689600 2990.656000 1332.987200 2739.504000 1.000000
1355.155200 1197.073600 1339.446400 974.252800 1.000000
1373.342400 2099.344000 1344.592000 1895.264000 1.000000
1363.742400 1250.265600 1346.648000 1029.819200 1.000000
1361.681600 939.086400 1346.958400 728.801600 1.000000
1376.409600 1912.128000 1347.150400 1713.488000 1.000000
1367.428800 1321.614400 1350.390400 1102.395200 1.000000
1400.089600 2625.664000 1359.683200 2401.968000 1.000000
1391.428800 1905.568000 1362.534400 1709.248000 1.000000
1420.948800 2719.744000 1378.636800 2490.544000 1.000000
1415.680000 2127.072000 1382.705600 1936.016000 1.000000
1398.641600 1203.905600 1383.684800 981.985600 1.000000
1403.566400 954.092800 1388.238400 745.832000 1.000000
1418.592000 1943.872000 1388.886400 1749.888000 1.000000
1427.798400 2290.976000 1392.560000 2084.640000 1.000000
1426.752000 1604.960000 1401.195200 1411.523200 1.000000
1417.750400 931.480000 1402.569600 722.848000 1.000000
1442.768000 1964.016000 1411.580800 1768.064000 1.000000
1444.289600 1984.256000 1412.696000 1788.144000 1.000000
1448.926400 2290.736000 1413.038400 2083.680000 1.000000
1461.352000 2717.040000 1417.432000 2488.512000 1.000000
1457.025600 2316.224000 1420.336000 2108.016000 1.000000
1456.555200 2287.824000 1420.494400 2082.528000 1.000000
1460.214400 2334.288000 1423.681600 2126.240000 1.000000
1466.926400 2662.288000 1424.724800 2437.936000 1.000000
1470.193600 2669.296000 1426.748800 2443.984000 1.000000
1456.944000 1926.256000 1426.844800 1731.072000 1.000000
1459.032000 1953.968000 1428.243200 1758.256000 1.000000
1463.156800 1938.864000 1433.116800 1742.912000 1.000000
1470.016000 2274.656000 1434.267200 2068.848000 1.000000
1472.840000 2301.008000 1436.734400 2094.272000 1.000000
1473.649600 1945.472000 1443.451200 1752.624000 1.000000
1478.974400 1968.912000 1447.411200 1774.704000 1.000000
1468.292800 1361.688000 1451.396800 1165.126400 1.000000
1495.220800 2496.336000 1452.747200 2288.208000 1.000000
1480.139200 1680.272000 1454.532800 1488.825600 1.000000
1503.550400 2717.152000 1457.771200 2488.368000 1.000000
1504.302400 2694.800000 1460.996800 2467.568000 1.000000
1497.040000 1905.584000 1466.168000 1712.096000 1.000000
1503.344000 1925.056000 1473.544000 1730.768000 1.000000
1525.273600 2971.472000 1477.329600 2720.208000 1.000000
1525.073600 2739.408000 1479.182400 2511.888000 1.000000
1518.376000 2331.904000 1479.710400 2125.072000 1.000000
1505.353600 1425.646400 1482.140800 1229.654400 1.000000
1507.452800 1410.172800 1486.836800 1218.201600 1.000000
1533.465600 2639.200000 1488.369600 2418.000000 1.000000
1517.550400 1891.936000 1488.585600 1699.552000 1.000000
1510.126400 1491.811200 1488.852800 1297.902400 1.000000
1532.313600 2350.864000 1492.830400 2144.752000 1.000000
1527.032000 1927.456000 1495.216000 1731.984000 1.000000
1533.195200 2249.904000 1496.792000 2047.280000 1.000000
1543.536000 2735.296000 1496.977600 2506.480000 1.000000
1519.393600 1402.356800 1498.812800 1208.088000 1.000000
1523.756800 1433.732800 1503.411200 1241.409600 1.000000
1527.684800 1456.094400 1506.380800 1264.379200 1.000000
1531.635200 1503.705600 1508.822400 1310.467200 1.000000
1538.875200 1459.152000 1516.832000 1265.691200 1.000000
1540.452800 1515.982400 1518.168000 1322.390400 1.000000
1541.436800 1408.684800 1520.611200 1214.248000 1.000000
1568.539200 2754.368000 1522.177600 2526.672000 1.000000
1541.190400 1362.081600 1524.544000 1167.971200 1.000000
1541.446400 1244.556800 1526.640000 1030.963200 1.000000
1543.502400 970.923200 1530.889600 767.166400 1.000000
1573.705600 2487.120000 1531.137600 2273.312000 1.000000
1574.537600 2469.776000 1531.225600 2260.272000 1.000000
1581.556800 2414.496000 1540.172800 2204.992000 1.000000
1563.993600 1453.297600 1542.124800 1262.056000 1.000000
1565.187200 1486.720000 1544.131200 1292.819200 1.000000
1568.318400 1503.475200 1545.472000 1312.323200 1.000000
1592.612800 2544.656000 1548.129600 2328.528000 1.000000
1606.816000 2853.712000 1554.684800 2618.448000 1.000000
1596.259200 2401.440000 1555.372800 2194.992000 1.000000
1598.563200 2496.720000 1555.497600 2282.864000 1.000000
1577.811200 1466.531200 1556.044800 1274.972800 1.000000
1557.817600 550.848000 1557.091200 302.721600 1.000000
1581.000000 1485.793600 1559.059200 1294.137600 1.000000
1596.054400 1408.672000 1575.558400 1216.400000 1.000000
1603.232000 1398.518400 1584.827200 1206.622400 1.000000
1606.176000 1438.684800 1585.883200 1247.129600 1.000000
1599.324800 884.403200 1592.075200 674.852800 1.000000
1604.160000 929.001600 1595.832000 722.560000 1.000000
1617.776000 1448.729600 1597.324800 1256.763200 1.000000
1606.688000 890.902400 1597.731200 680.857600 1.000000
1615.840000 920.798400 1606.656000 712.801600 1.000000
1619.264000 884.131200 1610.880000 674.550400 1.000000
1628.112000 953.504000 1620.128000 752.280000 1.000000
1686.384000 1579.356800 1662.064000 1391.787200 1.000000
1690.944000 1564.612800 1667.328000 1377.400000 1.000000
1677.600000 693.056000 1670.592000 465.331200 1.000000
1696.080000 1416.416000 1675.392000 1227.147200 1.000000
1703.488000 1584.588800 1677.856000 1395.552000 1.000000
1703.184000 1600.736000 1679.664000 1415.771200 1.000000
1733.328000 2544.912000 1682.928000 2333.088000 1.000000
1698.848000 1372.608000 1683.600000 1183.811200 1.000000
1734.016000 2560.976000 1685.600000 2351.712000 1.000000
1714.128000 1698.064000 1686.864000 1512.489600 1.000000
1706.272000 1410.244800 1687.712000 1222.241600 1.000000
1749.520000 2934.208000 1690.256000 2696.608000 1.000000
1722.112000 1896.960000 1691.152000 1711.216000 1.000000
1739.152000 2541.808000 1691.200000 2330.416000 1.000000
1717.872000 1608.656000 1693.488000 1423.104000 1.000000
1732.832000 2004.704000 1697.056000 1816.336000 1.000000
1744.000000 2409.552000 1698.048000 2206.128000 1.000000
1740.544000 2216.768000 1699.648000 2020.592000 1.000000
1734.928000 1883.200000 1702.144000 1693.728000 1.000000
1747.504000 1965.120000 1712.720000 1777.648000 1.000000
1707.232000 401.555200 1714.928000 159.706880 1.000000
1770.416000 2655.312000 1715.152000 2436.704000 1.000000
1732.352000 1379.849600 1716.192000 1192.633600 1.000000
1715.808000 672.947200 1716.656000 450.809600 1.000000
1759.280000 2217.184000 1718.160000 2022.464000 1.000000
1751.440000 1908.096000 1719.424000 1721.712000 1.000000
1774.288000 2576.080000 1723.376000 2363.488000 1.000000
1729.280000 729.208000 1725.728000 511.952000 1.000000
1788.752000 2974.800000 1727.664000 2733.552000 1.000000
1738.752000 675.027200 1737.632000 452.705600 1.000000
1782.816000 2256.528000 1740.176000 2059.872000 1.000000
1779.088000 1948.368000 1743.856000 1761.152000 1.000000
1782.640000 1964.320000 1748.144000 1777.264000 1.000000
1779.376000 1387.912000 1759.440000 1201.232000 1.000000
1803.968000 2282.832000 1760.672000 2085.088000 1.000000
1807.552000 2304.592000 1762.768000 2106.912000 1.000000
1806.240000 2256.720000 1763.760000 2060.208000 1.000000
1788.688000 1445.950400 1767.360000 1258.388800 1.000000
1797.200000 1607.744000 1769.760000 1425.014400 1.000000
1776.544000 890.638400 1769.920000 693.209600 1.000000
1825.456000 2665.168000 1771.616000 2448.112000 1.000000
1767.664000 573.915200 1772.432000 345.875200 1.000000
1799.152000 1590.220800 1774.704000 1405.619200 1.000000
1772.544000 652.806400 1775.728000 433.020800 1.000000
1767.072000 404.227200 1776.320000 163.929600 1.000000
1822.992000 2265.808000 1779.328000 2069.184000 1.000000
1835.728000 2675.408000 1781.264000 2458.864000 1.000000
1815.712000 1956.064000 1781.520000 1769.152000 1.000000
1803.408000 1456.824000 1781.840000 1269.259200 1.000000
1826.208000 2238.560000 1784.240000 2042.576000 1.000000
1817.072000 1668.608000 1789.840000 1484.320000 1.000000
1797.824000 948.446400 1791.072000 747.654400 1.000000
1815.472000 1577.715200 1791.104000 1395.030400 1.000000
1813.952000 1475.134400 1792.336000 1288.704000 1.000000
1827.280000 1898.368000 1794.720000 1713.104000 1.000000
1815.520000 1404.382400 1794.784000 1219.089600 1.000000
1853.104000 2590.688000 1795.808000 2380.560000 1.000000
1822.880000 1684.288000 1796.304000 1500.752000 1.000000
1831.488000 1979.856000 1796.560000 1790.576000 1.000000
1840.784000 2285.744000 1797.120000 2088.432000 1.000000
1797.024000 702.672000 1797.168000 487.656000 1.000000
1819.776000 1551.481600 1798.064000 1368.472000 1.000000
1835.648000 1994.208000 1800.400000 1808.032000 1.000000
1844.912000 1910.192000 1810.736000 1725.424000 1.000000
1858.704000 2321.808000 1813.616000 2124.528000 1.000000
1843.920000 1711.104000 1814.560000 1528.259200 1.000000
1858.832000 2198.240000 1815.840000 2007.936000 1.000000
1820.240000 915.161600 1816.288000 711.184000 1.000000
1850.016000 1880.688000 1816.944000 1697.600000 1.000000
1877.008000 2674.944000 1819.616000 2456.544000 1.000000
1820.544000 731.252800 1820.128000 519.145600 1.000000
1876.864000 2574.240000 1821.472000 2365.488000 1.000000
1876.272000 2530.544000 1823.136000 2322.112000 1.000000
1878.176000 2597.728000 1824.080000 2384.736000 1.000000
1878.944000 2477.456000 1826.832000 2274.192000 1.000000
1865.184000 1961.120000 1829.088000 1775.072000 1.000000
1876.128000 2314.848000 1830.592000 2118.368000 1.000000
1887.216000 2601.840000 1831.408000 2388.768000 1.000000
1865.040000 1854.416000 1833.184000 1671.664000 1.000000
1842.480000 921.192000 1837.424000 716.979200 1.000000
1895.520000 2668.704000 1838.736000 2453.088000 1.000000
1846.096000 961.059200 1839.152000 763.806400 1.000000
1844.304000 876.440000 1841.760000 672.523200 1.000000
1891.664000 2351.248000 1843.344000 2153.600000 1.000000
1886.720000 2173.664000 1844.480000 1982.352000 1.000000
1852.528000 941.652800 1847.312000 743.564800 1.000000
1909.664000 2713.824000 1849.488000 2495.056000 1.000000
1843.008000 329.484800 1856.688000 88.995200 1.000000
1924.592000 2533.968000 1870.560000 2328.000000 1.000000
1907.904000 1726.160000 1875.568000 1436.604800 1.000000
1929.392000 2518.656000 1875.648000 2311.632000 1.000000
1912.576000 1775.744000 1879.312000 1529.075200 1.000000
1871.952000 272.955200 1887.840000 29.781120 1.000000
1946.752000 2537.936000 1891.568000 2324.320000 1.000000
1902.032000 919.798400 1898.208000 724.153600 1.000000
1881.968000 264.694400 1898.736000 22.675200 1.000000
1899.056000 778.260800 1899.072000 596.024000 1.000000
1950.640000 2293.440000 1902.288000 2101.664000 1.000000
1891.072000 271.632000 1907.776000 32.087680 1.000000
1922.496000 1000.652800 1915.488000 803.928000 1.000000
1979.408000 2705.440000 1917.536000 2495.600000 1.000000
1975.696000 2532.256000 1919.280000 2329.424000 1.000000
1980.832000 2664.160000 1920.768000 2454.416000 1.000000
1924.144000 788.617600 1923.552000 583.076800 1.000000
1955.232000 1307.550400 1939.712000 1134.617600 1.000000
1951.360000 830.993600 1950.784000 625.734400 1.000000
2004.400000 2293.328000 1954.832000 2108.256000 1.000000
1981.392000 480.569600 1992.784000 261.588800 1.000000
1991.968000 314.784000 2009.184000 82.421920 1.000000
2008.528000 415.580800 2021.712000 203.112000 1.000000
2104.160000 1433.908800 2025.552000 1497.393600 1.000000
2125.904000 1339.419200 2052.576000 1408.873600 1.000000
2192.992000 2640.160000 2118.928000 2455.856000 1.000000
2227.664000 1444.827200 2144.768000 1526.024000 1.000000
2235.456000 1789.968000 2155.008000 1794.960000 1.000000
2240.560000 1807.440000 2158.960000 1814.176000 1.000000
2254.496000 1428.564800 2171.552000 1511.779200 1.000000
2162.240000 9.888144 2191.552000 6.273904 1.000000
2314.048000 1391.092800 2230.064000 1482.172800 1.000000
2316.128000 1314.507200 2235.024000 1410.612800 1.000000
2348.688000 1770.400000 2252.640000 1835.792000 1.000000
2362.528000 1757.408000 2266.416000 1824.720000 1.000000
2363.728000 1764.192000 2267.216000 1830.592000 1.000000
2365.232000 1748.688000 2268.768000 1817.040000 1.000000
2354.512000 1248.262400 2274.656000 1345.779200 1.000000
2360.992000 1275.284800 2276.528000 1379.107200 1.000000
2363.120000 1216.966400 2282.992000 1313.299200 1.000000
2364.464000 1193.854400 2286.544000 1290.060800 1.000000
2385.456000 1827.120000 2290.784000 1888.176000 1.000000
2390.912000 1808.784000 2292.464000 1874.000000 1.000000
2376.368000 1214.425600 2293.248000 1313.059200 1.000000
2390.208000 1705.136000 2294.736000 1778.352000 1.000000
2393.472000 1708.992000 2297.696000 1782.992000 1.000000
2401.584000 1713.600000 2305.216000 1787.232000 1.000000
2404.080000 1706.112000 2307.904000 1779.936000 1.000000
2428.608000 1264.636800 2344.816000 1374.668800 1.000000
2429.040000 1167.734400 2345.760000 1274.955200 1.000000
2450.560000 1671.392000 2353.888000 1752.320000 1.000000
2343.648000 513.206400 2356.560000 352.449600 1.000000
2454.544000 1407.904000 2362.800000 1516.924800 1.000000
2450.864000 1366.777600 2363.840000 1474.048000 1.000000
2463.328000 1658.000000 2366.496000 1741.600000 1.000000
2458.832000 1394.364800 2367.712000 1502.953600 1.000000
2448.272000 1102.862400 2370.400000 1214.052800 1.000000
2475.792000 1733.648000 2376.800000 1811.616000 1.000000
2479.680000 1703.216000 2380.176000 1785.360000 1.000000
2484.272000 1119.256000 2391.312000 1215.443200 1.000000
2478.064000 1323.803200 2391.728000 1435.224000 1.000000
2491.008000 1234.153600 2405.504000 1350.478400 1.000000
2477.232000 1740.832000 2406.112000 1798.784000 1.000000
2503.744000 1419.056000 2409.104000 1529.288000 1.000000
2502.464000 1450.347200 2409.792000 1555.651200 1.000000
2504.992000 1370.660800 2414.128000 1482.556800 1.000000
2511.408000 1600.976000 2414.400000 1695.600000 1.000000
2497.440000 1090.483200 2418.224000 1208.321600 1.000000
2503.376000 1155.249600 2421.184000 1273.636800 1.000000
2503.920000 1189.331200 2421.408000 1306.172800 1.000000
2502.160000 1117.057600 2421.664000 1235.142400 1.000000
2516.576000 1433.721600 2422.528000 1543.659200 1.000000
2507.248000 1123.969600 2425.936000 1242.784000 1.000000
2517.776000 1307.019200 2429.664000 1423.720000 1.000000
2517.808000 1138.017600 2434.464000 1257.137600 1.000000
2518.448000 1127.244800 2436.656000 1246.961600 1.000000
2524.272000 1178.265600 2439.392000 1298.708800 1.000000
2524.400000 1172.683200 2440.112000 1292.830400 1.000000
2524.016000 1110.521600 2441.728000 1232.009600 1.000000
2523.312000 1105.806400 2442.176000 1227.006400 1.000000
2531.168000 1193.841600 2446.464000 1314.124800 1.000000
2538.320000 1374.350400 2447.888000 1489.068800 1.000000
2535.552000 1252.238400 2448.384000 1371.678400 1.000000
2539.536000 1252.235200 2451.904000 1371.115200 1.000000
2536.208000 1153.990400 2453.792000 1275.443200 1.000000
2545.152000 1375.931200 2454.096000 1491.710400 1.000000
2536.240000 1077.161600 2455.984000 1201.076800 1.000000
2549.520000 1432.966400 2456.096000 1543.736000 1.000000
2546.704000 1252.080000 2459.520000 1371.625600 1.000000
2551.296000 1269.264000 2462.512000 1389.084800 1.000000
2544.592000 1072.510400 2463.952000 1198.084800 1.000000
2556.176000 1285.870400 2466.736000 1406.523200 1.000000
2551.120000 1146.040000 2467.552000 1270.545600 1.000000
2553.728000 1171.808000 2468.656000 1295.969600 1.000000
2557.728000 1239.331200 2468.784000 1362.510400 1.000000
2561.024000 1319.204800 2471.552000 1435.224000 1.000000
2558.080000 1208.220800 2471.808000 1330.952000 1.000000
2571.120000 1563.011200 2472.368000 1666.944000 1.000000
2555.600000 1076.680000 2472.880000 1204.251200 1.000000
2564.336000 1164.435200 2478.240000 1290.716800 1.000000
2564.976000 1159.025600 2480.048000 1284.961600 1.000000
2571.040000 1274.310400 2481.312000 1398.313600 1.000000
2568.448000 1141.390400 2483.232000 1269.171200 1.000000
2576.320000 1234.217600 2483.424000 1361.449600 1.000000
2561.808000 1272.496000 2486.112000 1387.830400 1.000000
2573.168000 1185.609600 2486.496000 1311.358400 1.000000
2571.104000 1119.611200 2486.656000 1248.438400 1.000000
2586.304000 1558.539200 2487.008000 1664.112000 1.000000
2576.528000 1250.897600 2487.568000 1376.302400 1.000000
2568.624000 1033.771200 2489.328000 1163.867200 1.000000
2583.824000 1257.766400 2493.648000 1385.449600 1.000000
2611.936000 1617.488000 2495.488000 1729.968000 1.000000
2576.832000 1018.678400 2496.608000 1149.278400 1.000000
2596.048000 1556.241600 2497.024000 1662.896000 1.000000
2584.032000 1198.747200 2497.184000 1331.742400 1.000000
2584.752000 1151.713600 2499.712000 1280.515200 1.000000
2602.432000 1458.404800 2505.152000 1574.865600 1.000000
2597.600000 1246.971200 2507.280000 1377.379200 1.000000
2597.872000 1194.774400 2510.512000 1323.460800 1.000000
2597.840000 1156.737600 2511.584000 1287.366400 1.000000
2608.224000 1446.208000 2511.696000 1563.427200 1.000000
2606.944000 1374.584000 2511.872000 1495.150400 1.000000
2610.832000 1410.492800 2514.912000 1530.355200 1.000000
2606.400000 1233.033600 2515.664000 1366.166400 1.000000
2603.936000 1176.566400 2516.528000 1306.529600 1.000000
2617.536000 1502.268800 2518.928000 1615.152000 1.000000
2620.368000 1235.161600 2528.736000 1368.036800 1.000000
2621.792000 1342.819200 2528.880000 1464.867200 1.000000
2616.896000 1613.632000 2529.264000 1707.920000 1.000000
2618.544000 1218.628800 2529.376000 1350.160000 1.000000
2624.592000 1347.560000 2531.040000 1470.038400 1.000000
2632.496000 1355.235200 2538.240000 1477.675200 1.000000
2636.480000 1428.444800 2539.232000 1550.190400 1.000000
2629.968000 1212.808000 2541.136000 1344.761600 1.000000
2640.096000 1480.468800 2541.824000 1596.625600 1.000000
2637.648000 1358.320000 2543.968000 1480.804800 1.000000
2647.504000 1541.740800 2544.928000 1656.304000 1.000000
2643.216000 1453.187200 2545.472000 1570.833600 1.000000
2647.168000 1489.264000 2548.000000 1606.128000 1.000000
2644.352000 1276.468800 2551.104000 1409.417600 1.000000
2648.288000 1387.467200 2552.416000 1509.020800 1.000000
2649.952000 1298.288000 2554.864000 1430.214400 1.000000
2650.416000 1317.705600 2556.816000 1446.336000 1.000000
2655.632000 1465.238400 2557.328000 1584.808000 1.000000
2658.112000 1392.504000 2562.224000 1515.755200 1.000000
2661.072000 1451.652800 2562.864000 1571.148800 1.000000
2661.728000 1455.227200 2563.664000 1575.270400 1.000000
2660.384000 1292.051200 2565.936000 1426.064000 1.000000
2665.616000 1459.134400 2566.816000 1579.662400 1.000000
2663.744000 1307.009600 2569.072000 1438.688000 1.000000
2666.784000 1371.747200 2571.376000 1496.849600 1.000000
2667.952000 1294.499200 2574.080000 1428.576000 1.000000
2674.352000 1465.340800 2575.472000 1586.451200 1.000000
2671.744000 1362.688000 2575.840000 1489.068800 1.000000
2678.464000 1424.995200 2579.632000 1549.454400 1.000000
2683.904000 1557.433600 2580.128000 1672.832000 1.000000
2688.800000 1451.582400 2589.568000 1575.099200 1.000000
2667.056000 931.440000 2591.984000 1059.262400 1.000000
2695.392000 1460.352000 2595.152000 1584.086400 1.000000
2698.864000 1360.761600 2602.176000 1490.502400 1.000000
2698.816000 1330.492800 2603.264000 1462.104000 1.000000
2705.200000 1425.542400 2605.888000 1553.574400 1.000000
2707.408000 1471.340800 2606.336000 1595.990400 1.000000
2709.360000 1488.494400 2608.096000 1612.832000 1.000000
2711.184000 1480.052800 2609.344000 1604.384000 1.000000
2711.200000 1445.310400 2610.848000 1571.833600 1.000000
2712.960000 1431.630400 2612.736000 1559.339200 1.000000
2715.072000 1449.841600 2613.456000 1577.456000 1.000000
2686.640000 866.137600 2613.888000 997.147200 1.000000
2712.592000 1396.459200 2614.608000 1524.121600 1.000000
2714.496000 1413.969600 2615.488000 1542.372800 1.000000
2717.968000 1473.380800 2615.968000 1598.862400 1.000000
2715.488000 1353.035200 2618.080000 1485.806400 1.000000
2717.344000 1328.872000 2620.448000 1462.812800 1.000000
2726.096000 1482.067200 2623.856000 1609.120000 1.000000
2720.448000 1334.750400 2624.608000 1469.524800 1.000000
2726.592000 1451.875200 2624.608000 1580.003200 1.000000
2727.008000 1430.444800 2626.320000 1560.198400 1.000000
2727.520000 1438.545600 2626.688000 1568.008000 1.000000
2728.064000 1418.060800 2627.552000 1548.652800 1.000000
2730.480000 1453.731200 2628.624000 1584.345600 1.000000
2730.800000 1418.744000 2630.128000 1550.040000 1.000000
2727.936000 1339.788800 2630.384000 1474.475200 1.000000
2727.424000 1331.803200 2630.400000 1467.704000 1.000000
2732.384000 1429.862400 2631.872000 1559.939200 1.000000
2734.832000 1411.321600 2634.704000 1543.529600 1.000000
2736.304000 1435.012800 2634.912000 1565.280000 1.000000
2738.480000 1446.625600 2636.960000 1577.788800 1.000000
2740.944000 1451.398400 2638.960000 1582.452800 1.000000
2706.464000 872.868800 2640.240000 992.400000 1.000000
2742.384000 1432.708800 2640.736000 1565.024000 1.000000
2755.024000 2817.536000 2641.920000 2685.968000 1.000000
2747.632000 1458.824000 2644.448000 1590.446400 1.000000
2748.256000 1424.329600 2646.672000 1558.000000 1.000000
2750.272000 1363.259200 2651.008000 1500.952000 1.000000
2755.488000 1459.627200 2652.080000 1592.625600 1.000000
2752.272000 1394.467200 2652.768000 1530.396800 1.000000
2753.984000 1401.212800 2653.136000 1537.121600 1.000000
2754.432000 1410.732800 2653.664000 1546.035200 1.000000
2755.856000 1360.905600 2655.888000 1497.288000 1.000000
2760.656000 1474.446400 2656.352000 1606.544000 1.000000
2763.856000 1456.764800 2660.432000 1590.886400 1.000000
2762.848000 1421.788800 2660.496000 1557.980800 1.000000
2763.280000 1432.324800 2660.512000 1567.872000 1.000000
2763.680000 1442.244800 2660.672000 1576.753600 1.000000
2763.824000 1452.171200 2660.736000 1586.435200 1.000000
2763.200000 1407.665600 2660.896000 1544.987200 1.000000
2763.296000 1412.654400 2660.912000 1549.721600 1.000000
2764.848000 1462.504000 2660.912000 1596.096000 1.000000
2766.128000 1477.139200 2661.520000 1610.144000 1.000000
2763.984000 1400.816000 2662.624000 1538.872000 1.000000
2763.808000 1384.833600 2663.008000 1523.574400 1.000000
2770.368000 1467.833600 2666.352000 1602.176000 1.000000
2771.600000 1442.739200 2668.512000 1579.062400 1.000000
2740.528000 883.568000 2670.736000 1009.432000 1.000000
2776.976000 1439.321600 2673.456000 1576.710400 1.000000
2782.880000 1454.942400 2678.080000 1591.424000 1.000000
2787.552000 1450.521600 2682.960000 1588.580800 1.000000
2787.632000 1441.878400 2683.776000 1579.860800 1.000000
2758.048000 873.065600 2686.400000 999.124800 1.000000
2791.168000 1455.688000 2686.416000 1593.568000 1.000000
2791.728000 1445.776000 2686.944000 1584.368000 1.000000
2803.648000 1455.459200 2697.136000 1598.636800 1.000000
2807.984000 1470.976000 2699.872000 1612.912000 1.000000
2807.008000 1445.155200 2701.360000 1586.564800 1.000000
2814.160000 1451.043200 2707.712000 1594.808000 1.000000
2822.368000 1472.694400 2714.560000 1618.848000 1.000000
2828.176000 1448.086400 2720.688000 1592.617600 1.000000
2708.320000 175.339200 2737.648000 45.911520 1.000000
2716.448000 218.897600 2744.272000 93.597760 1.000000
2911.312000 2922.464000 2778.032000 2798.320000 1.000000
3120.608000 1075.497600 2993.200000 1342.702400 1.000000
3106.736000 793.696000 3015.344000 1004.489600 1.000000
3143.360000 1027.590400 3018.528000 1316.971200 1.000000
3123.632000 785.721600 3032.448000 1001.473600 1.000000
3263.936000 183.817600 3210.016000 405.737600 1.000000
3042.624000 2627.840000 3414.480000 2832.448000 1.000000
3614.736000 3006.416000 3428.160000 2962.656000 1.000000
3637.056000 2979.456000 3447.344000 2940.352000 1.000000
3797.488000 289.107200 3750.896000 520.084800 1.000000
3922.032000 1152.201600 3755.552000 1006.563200 1.000000
