11.069696 1336.608000 13.795200 1827.856000 1.000000
178.288000 1522.995200 30.402720 2012.208000 1.000000
181.353600 1539.721600 34.433280 2033.184000 1.000000
190.934400 1718.944000 41.046080 2216.208000 1.000000
197.692800 2050.880000 42.460320 2570.848000 1.000000
202.376000 2343.312000 44.209440 2892.352000 1.000000
189.921600 1368.084800 46.022560 1854.176000 1.000000
211.953600 2410.560000 52.204480 2967.552000 1.000000
202.086400 1560.716800 54.408000 2051.600000 1.000000
216.387200 2391.376000 58.235040 2943.072000 1.000000
214.558400 2010.800000 60.885120 2529.888000 1.000000
216.222400 1593.438400 69.508800 2084.032000 1.000000
235.654400 2372.384000 79.437600 2924.576000 1.000000
238.048000 2412.048000 81.524320 2966.816000 1.000000
236.422400 2014.784000 84.444800 2530.016000 1.000000
234.502400 1530.937600 86.453120 2022.768000 1.000000
257.713600 1980.736000 107.698240 2492.752000 1.000000
272.288000 1601.472000 127.071680 2089.616000 1.000000
273.680000 480.432000 144.682560 979.721600 1.000000
297.950400 1375.771200 158.984800 1854.784000 1.000000
302.896000 461.265600 175.808000 963.577600 1.000000
327.982400 1654.112000 183.892800 2142.208000 1.000000
319.016000 467.654400 190.744000 966.352000 1.000000
317.468800 566.526400 191.259200 1063.747200 1.000000
320.705600 453.977600 193.752000 953.814400 1.000000
339.124800 436.836800 209.968000 935.371200 1.000000
342.368000 561.900800 214.241600 1057.584000 1.000000
341.723200 540.398400 215.195200 1034.468800 1.000000
386.212800 1534.760000 246.305600 2012.880000 1.000000
381.472000 503.172800 252.592000 1005.222400 1.000000
381.768000 521.753600 254.342400 1011.913600 1.000000
409.236800 2253.168000 265.697600 2780.368000 1.000000
405.272000 1378.657600 269.563200 1851.472000 1.000000
413.521600 2116.096000 270.750400 2628.080000 1.000000
404.358400 388.252800 273.785600 883.726400 1.000000
406.404800 426.328000 276.126400 919.960000 1.000000
419.032000 2259.072000 277.500800 2787.952000 1.000000
416.918400 1480.027200 278.156800 1955.504000 1.000000
415.462400 1428.843200 279.684800 1901.088000 1.000000
423.251200 1723.168000 282.339200 2208.784000 1.000000
427.608000 1744.128000 286.608000 2230.704000 1.000000
419.116800 660.254400 291.160000 1154.540800 1.000000
433.684800 1486.537600 296.352000 1959.616000 1.000000
437.582400 1847.808000 296.566400 2338.944000 1.000000
434.100800 1414.784000 297.020800 1886.976000 1.000000
443.312000 1774.544000 304.067200 2260.048000 1.000000
439.564800 640.800000 311.824000 1133.881600 1.000000
447.473600 877.724800 317.027200 1367.273600 1.000000
447.465600 914.281600 318.792000 1402.497600 1.000000
449.888000 634.729600 323.217600 1126.185600 1.000000
470.032000 2145.712000 331.352000 2659.824000 1.000000
472.972800 1681.824000 332.657600 2164.944000 1.000000
458.896000 547.462400 333.224000 1034.729600 1.000000
474.161600 1835.744000 335.358400 2323.552000 1.000000
469.067200 777.184000 335.427200 1254.174400 1.000000
462.308800 724.753600 337.899200 1206.153600 1.000000
472.358400 1378.771200 339.080000 1846.960000 1.000000
467.126400 645.473600 339.203200 1133.017600 1.000000
478.929600 1815.920000 341.123200 2302.528000 1.000000
470.422400 747.976000 341.561600 1228.955200 1.000000
466.227200 376.401600 341.612800 870.246400 1.000000
469.348800 681.241600 342.524800 1163.548800 1.000000
473.800000 957.038400 343.857600 1440.966400 1.000000
480.713600 1488.920000 344.977600 1959.520000 1.000000
472.683200 617.374400 345.137600 1102.580800 1.000000
470.241600 263.848000 345.382400 768.484800 1.000000
475.020800 845.283200 345.950400 1330.438400 1.000000
482.092800 1469.275200 346.292800 1941.056000 1.000000
477.160000 800.907200 346.592000 1280.649600 1.000000
481.532800 1383.708800 347.036800 1852.736000 1.000000
479.100800 826.542400 354.726400 1311.276800 1.000000
490.625600 1379.352000 355.819200 1846.976000 1.000000
482.427200 361.523200 357.798400 860.854400 1.000000
484.694400 336.056000 359.593600 835.910400 1.000000
497.756800 1776.336000 360.830400 2259.072000 1.000000
495.422400 1391.894400 361.363200 1860.272000 1.000000
496.840000 1432.238400 361.980800 1900.288000 1.000000
490.136000 327.606400 364.416000 827.700800 1.000000
506.723200 758.156800 380.115200 1237.512000 1.000000
513.987200 1004.328000 384.331200 1486.156800 1.000000
522.348800 2180.000000 392.448000 2696.112000 1.000000
532.697600 1827.152000 397.134400 2308.496000 1.000000
523.745600 265.254400 398.849600 770.675200 1.000000
543.611200 1761.184000 408.427200 2240.832000 1.000000
547.928000 1380.633600 414.633600 1844.688000 1.000000
542.822400 245.496000 418.756800 750.896000 1.000000
546.076800 339.716800 419.516800 836.208000 1.000000
547.073600 293.747200 421.846400 795.196800 1.000000
547.772800 380.483200 421.982400 872.457600 1.000000
555.348800 863.491200 425.972800 1341.691200 1.000000
559.588800 2080.688000 427.276800 2580.880000 1.000000
560.081600 1377.931200 427.712000 1841.664000 1.000000
556.177600 909.033600 429.112000 1390.155200 1.000000
560.388800 613.003200 436.520000 1098.604800 1.000000
569.420800 1551.480000 437.208000 2019.424000 1.000000
569.945600 827.179200 438.524800 1303.697600 1.000000
576.046400 1899.360000 442.297600 2384.096000 1.000000
577.195200 1379.526400 445.955200 1841.648000 1.000000
573.897600 658.572800 447.899200 1142.092800 1.000000
579.873600 765.497600 454.870400 1247.336000 1.000000
584.721600 897.846400 455.724800 1373.816000 1.000000
580.627200 574.664000 455.766400 1057.731200 1.000000
591.488000 625.921600 464.144000 1109.804800 1.000000
594.273600 1066.558400 467.830400 1544.076800 1.000000
598.259200 963.595200 471.004800 1440.940800 1.000000
596.600000 867.220800 473.129600 1344.129600 1.000000
608.104000 1545.801600 476.185600 2010.048000 1.000000
603.097600 705.166400 477.404800 1183.761600 1.000000
603.168000 366.873600 477.961600 854.400000 1.000000
606.256000 640.420800 480.192000 1121.155200 1.000000
608.377600 829.625600 480.828800 1305.838400 1.000000
609.945600 848.065600 484.560000 1324.486400 1.000000
614.827200 945.867200 488.625600 1421.816000 1.000000
621.924800 1602.528000 492.004800 2067.024000 1.000000
618.158400 2403.840000 493.755200 2930.608000 1.000000
619.779200 886.793600 494.404800 1360.216000 1.000000
621.779200 792.305600 495.504000 1268.753600 1.000000
622.404800 911.414400 495.556800 1385.731200 1.000000
622.208000 836.777600 496.392000 1310.254400 1.000000
622.713600 663.116800 497.219200 1143.798400 1.000000
626.200000 967.268800 499.566400 1442.606400 1.000000
626.774400 641.347200 499.710400 1122.720000 1.000000
625.969600 767.140800 501.952000 1244.462400 1.000000
629.918400 624.550400 503.904000 1104.036800 1.000000
631.779200 824.286400 506.464000 1298.238400 1.000000
632.228800 980.969600 507.368000 1457.246400 1.000000
635.564800 807.200000 508.390400 1280.590400 1.000000
632.884800 414.337600 508.840000 901.643200 1.000000
633.822400 1009.947200 509.052800 1485.558400 1.000000
639.643200 1463.043200 510.915200 1918.048000 1.000000
642.164800 919.075200 517.772800 1395.057600 1.000000
645.116800 1112.164800 518.339200 1583.427200 1.000000
645.084800 890.201600 519.497600 1360.792000 1.000000
653.489600 1968.416000 522.993600 2454.288000 1.000000
652.787200 882.089600 527.268800 1351.598400 1.000000
654.518400 1008.515200 529.657600 1481.572800 1.000000
661.336000 1960.592000 531.808000 2445.296000 1.000000
657.462400 1382.316800 531.824000 1838.016000 1.000000
657.465600 946.476800 532.580800 1419.302400 1.000000
664.425600 1037.396800 533.646400 1502.350400 1.000000
664.691200 1133.334400 534.516800 1600.496000 1.000000
663.232000 1118.449600 536.260800 1584.964800 1.000000
665.617600 1020.241600 538.161600 1490.262400 1.000000
667.840000 1413.187200 539.595200 1873.136000 1.000000
670.291200 1388.272000 542.764800 1844.288000 1.000000
669.630400 1074.798400 543.361600 1538.350400 1.000000
668.809600 949.742400 543.862400 1416.996800 1.000000
672.988800 1490.920000 544.640000 1953.904000 1.000000
673.296000 1102.158400 547.262400 1569.072000 1.000000
675.542400 966.179200 550.961600 1433.849600 1.000000
678.988800 1943.792000 551.585600 2428.848000 1.000000
678.513600 1062.243200 551.619200 1527.360000 1.000000
680.908800 100.681600 553.120000 599.982400 1.000000
681.528000 1382.201600 553.593600 1837.696000 1.000000
680.208000 1030.702400 555.368000 1493.404800 1.000000
683.592000 1995.840000 556.403200 2482.720000 1.000000
679.697600 932.220800 556.694400 1405.048000 1.000000
685.424000 2012.304000 557.030400 2502.272000 1.000000
684.892800 1043.851200 559.224000 1507.297600 1.000000
689.472000 1119.824000 562.817600 1587.780800 1.000000
690.668800 1029.488000 564.864000 1493.396800 1.000000
696.075200 894.908800 567.140800 1344.908800 1.000000
696.272000 1055.708800 571.046400 1522.761600 1.000000
697.537600 1142.158400 573.294400 1612.032000 1.000000
699.716800 1099.379200 574.704000 1566.897600 1.000000
699.030400 868.128000 574.721600 1319.803200 1.000000
700.766400 1117.281600 575.313600 1582.827200 1.000000
705.422400 861.368000 581.665600 1314.894400 1.000000
709.712000 1126.691200 584.321600 1594.592000 1.000000
709.936000 873.641600 586.358400 1324.163200 1.000000
716.953600 833.220800 594.516800 1282.555200 1.000000
728.788800 128.507840 600.622400 625.964800 1.000000
730.438400 878.299200 603.939200 1328.320000 1.000000
735.600000 901.516800 613.624000 1349.510400 1.000000
744.516800 836.920000 620.691200 1285.857600 1.000000
752.720000 2015.760000 628.003200 2498.416000 1.000000
754.408000 50.367680 628.214400 554.184000 1.000000
751.486400 2046.688000 628.819200 2533.072000 1.000000
767.836800 68.812960 635.921600 572.260800 1.000000
760.712000 884.748800 637.252800 1331.267200 1.000000
761.896000 1686.800000 637.800000 2146.800000 1.000000
762.139200 1382.412800 638.417600 1832.080000 1.000000
755.097600 2420.336000 639.270400 2946.384000 1.000000
763.640000 1895.536000 639.883200 2369.136000 1.000000
768.587200 91.314400 640.731200 593.409600 1.000000
766.865600 1792.448000 643.334400 2260.112000 1.000000
772.451200 2061.792000 650.841600 2546.832000 1.000000
780.704000 480.457600 655.803200 967.153600 1.000000
792.038400 57.636160 663.030400 560.912000 1.000000
791.668800 1481.494400 668.372800 1930.096000 1.000000
786.308800 2254.176000 669.790400 2757.360000 1.000000
802.310400 1396.737600 679.940800 1845.216000 1.000000
808.611200 1529.430400 688.593600 1976.608000 1.000000
817.260800 1540.632000 693.676800 1992.880000 1.000000
817.305600 1493.924800 696.113600 1941.888000 1.000000
821.696000 1417.041600 699.270400 1859.968000 1.000000
822.174400 1703.360000 700.841600 2157.168000 1.000000
822.539200 1528.990400 701.299200 1976.864000 1.000000
826.548800 1511.924800 706.177600 1958.064000 1.000000
832.209600 1878.176000 712.566400 2344.880000 1.000000
836.208000 1727.456000 715.256000 2188.048000 1.000000
843.580800 1846.480000 724.896000 2309.568000 1.000000
844.732800 1469.348800 726.296000 1914.832000 1.000000
845.956800 1490.160000 726.984000 1934.480000 1.000000
862.011200 73.031840 729.675200 572.256000 1.000000
852.020800 1410.033600 731.574400 1850.944000 1.000000
851.641600 1774.496000 732.856000 2233.664000 1.000000
855.110400 1386.867200 734.516800 1830.256000 1.000000
856.342400 1429.817600 736.449600 1872.032000 1.000000
871.878400 79.784320 741.324800 577.672000 1.000000
863.208000 1397.020800 743.035200 1841.568000 1.000000
863.446400 1495.540800 743.340800 1940.608000 1.000000
859.982400 2186.672000 745.979200 2678.784000 1.000000
867.374400 1386.379200 746.078400 1828.752000 1.000000
866.648000 1477.288000 747.782400 1921.792000 1.000000
891.206400 68.216640 758.646400 566.673600 1.000000
877.036800 1831.856000 760.939200 2290.960000 1.000000
878.094400 1497.486400 761.036800 1943.104000 1.000000
879.462400 1442.142400 761.224000 1884.176000 1.000000
893.166400 78.276960 762.438400 575.332800 1.000000
881.729600 1457.404800 762.806400 1899.712000 1.000000
901.192000 75.212960 770.308800 574.409600 1.000000
895.182400 1387.456000 777.731200 1829.040000 1.000000
895.633600 1975.664000 781.438400 2442.080000 1.000000
899.307200 1772.096000 782.313600 2226.880000 1.000000
898.646400 1791.792000 783.443200 2249.488000 1.000000
906.350400 1469.236800 788.803200 1910.736000 1.000000
912.763200 1498.950400 794.576000 1939.696000 1.000000
912.860800 1840.096000 795.305600 2297.728000 1.000000
913.939200 1714.096000 796.808000 2165.040000 1.000000
915.012800 1454.481600 798.156800 1894.208000 1.000000
918.782400 1820.512000 804.724800 2277.776000 1.000000
932.654400 1386.796800 814.846400 1826.064000 1.000000
934.908800 1429.289600 819.249600 1865.856000 1.000000
941.092800 1465.675200 825.046400 1902.272000 1.000000
944.550400 1774.384000 831.017600 2224.000000 1.000000
946.844800 1881.424000 834.864000 2339.312000 1.000000
952.041600 1559.846400 836.585600 2000.608000 1.000000
946.505600 2226.256000 838.363200 2716.272000 1.000000
959.852800 1742.368000 846.958400 2189.616000 1.000000
960.238400 1782.560000 847.385600 2231.936000 1.000000
959.724800 2071.072000 849.883200 2545.840000 1.000000
961.961600 1804.272000 849.886400 2254.640000 1.000000
957.539200 2217.680000 851.315200 2705.920000 1.000000
972.072000 1389.081600 855.700800 1824.320000 1.000000
961.756800 2190.800000 855.715200 2674.240000 1.000000
976.216000 1397.294400 859.011200 1830.784000 1.000000
980.656000 895.492800 860.897600 1330.214400 1.000000
962.393600 2467.680000 861.249600 2985.152000 1.000000
975.516800 1790.928000 863.964800 2238.864000 1.000000
978.931200 1809.920000 867.254400 2259.824000 1.000000
1004.044800 1956.000000 896.139200 2409.696000 1.000000
999.556800 2331.968000 897.916800 2829.984000 1.000000
1021.678400 1946.352000 915.019200 2404.512000 1.000000
1019.508800 2305.792000 918.849600 2797.120000 1.000000
1021.097600 2255.056000 919.531200 2742.736000 1.000000
1055.700800 110.547840 921.512000 598.793600 1.000000
1029.817600 2278.944000 929.089600 2768.464000 1.000000
1060.833600 920.003200 938.392000 1349.932800 1.000000
1053.204800 2297.328000 956.104000 2786.960000 1.000000
1071.740800 1390.737600 959.232000 1819.456000 1.000000
1093.123200 2152.240000 994.936000 2621.152000 1.000000
1108.560000 1379.792000 997.280000 1805.520000 1.000000
1124.665600 1379.896000 1014.048000 1804.704000 1.000000
1153.908800 931.281600 1034.384000 1354.772800 1.000000
1151.104000 1544.489600 1044.403200 1970.976000 1.000000
1155.972800 1390.304000 1046.155200 1814.096000 1.000000
1161.742400 1413.734400 1052.371200 1835.792000 1.000000
1141.299200 2393.056000 1053.870400 2889.824000 1.000000
1177.041600 931.908800 1057.147200 1354.366400 1.000000
1157.947200 2241.120000 1066.750400 2717.248000 1.000000
1177.764800 1441.640000 1070.379200 1865.328000 1.000000
1159.283200 2394.464000 1071.438400 2884.672000 1.000000
1181.385600 1546.396800 1075.209600 1970.192000 1.000000
1209.060800 809.350400 1089.411200 1239.750400 1.000000
1195.716800 1497.430400 1090.268800 1916.864000 1.000000
1197.998400 1718.448000 1096.896000 2148.592000 1.000000
1236.705600 136.430560 1097.897600 615.876800 1.000000
1222.550400 869.958400 1103.480000 1295.600000 1.000000
1209.108800 2456.832000 1129.672000 2951.968000 1.000000
1254.593600 914.480000 1133.806400 1332.481600 1.000000
1240.876800 1464.075200 1134.835200 1881.920000 1.000000
1268.520000 879.240000 1144.587200 1300.337600 1.000000
1252.176000 1823.488000 1156.267200 2254.192000 1.000000
1279.096000 929.945600 1162.529600 1345.619200 1.000000
1277.782400 1386.616000 1172.904000 1799.664000 1.000000
1282.888000 1447.112000 1177.404800 1862.016000 1.000000
1267.256000 2109.872000 1180.409600 2563.168000 1.000000
1267.473600 2169.536000 1182.860800 2628.864000 1.000000
1290.278400 1396.649600 1184.190400 1809.568000 1.000000
1298.716800 1386.633600 1194.326400 1798.512000 1.000000
1282.257600 2148.512000 1197.475200 2604.208000 1.000000
1284.489600 2127.968000 1198.969600 2579.792000 1.000000
1285.436800 2108.592000 1199.729600 2560.160000 1.000000
1300.972800 2115.024000 1216.648000 2566.512000 1.000000
1336.280000 936.078400 1220.265600 1349.241600 1.000000
1326.244800 1387.950400 1221.099200 1799.104000 1.000000
1308.883200 2122.064000 1225.478400 2573.792000 1.000000
1379.174400 143.560160 1235.459200 616.601600 1.000000
1343.001600 1398.502400 1237.184000 1810.976000 1.000000
1320.558400 2170.192000 1238.736000 2626.256000 1.000000
1320.684800 2191.072000 1241.086400 2648.784000 1.000000
1361.681600 939.086400 1245.043200 1350.505600 1.000000
1363.001600 1266.244800 1253.676800 1692.688000 1.000000
1336.131200 2184.192000 1254.764800 2637.536000 1.000000
1421.014400 170.246400 1275.187200 639.432000 1.000000
1373.342400 2099.344000 1294.936000 2542.432000 1.000000
1402.139200 1389.950400 1297.108800 1795.664000 1.000000
1391.428800 1905.568000 1305.179200 2332.064000 1.000000
1462.793600 195.636800 1317.123200 659.150400 1.000000
1426.752000 1604.960000 1331.331200 2011.824000 1.000000
1407.256000 2251.568000 1332.739200 2705.280000 1.000000
1415.680000 2127.072000 1339.867200 2576.400000 1.000000
1508.124800 186.286400 1361.568000 650.956800 1.000000
1444.289600 1984.256000 1362.838400 2412.992000 1.000000
1463.156800 1938.864000 1381.675200 2362.832000 1.000000
1479.308800 1596.520000 1385.153600 2002.624000 1.000000
1473.649600 1945.472000 1392.540800 2369.616000 1.000000
1492.886400 1403.876800 1394.014400 1803.808000 1.000000
1460.214400 2334.288000 1395.481600 2795.648000 1.000000
1544.128000 210.998400 1397.872000 671.076800 1.000000
1478.974400 1968.912000 1399.550400 2393.616000 1.000000
1499.784000 1450.041600 1401.670400 1851.088000 1.000000
1550.046400 193.292800 1403.683200 654.609600 1.000000
1472.840000 2301.008000 1407.313600 2756.800000 1.000000
1474.704000 2333.552000 1409.036800 2794.720000 1.000000
1510.126400 1491.811200 1410.865600 1887.920000 1.000000
1519.393600 1402.356800 1419.745600 1802.528000 1.000000
1503.344000 1925.056000 1423.993600 2343.488000 1.000000
1523.756800 1433.732800 1424.873600 1832.432000 1.000000
1521.238400 1534.971200 1427.264000 1932.288000 1.000000
1527.684800 1456.094400 1430.211200 1854.624000 1.000000
1531.635200 1503.705600 1435.022400 1901.424000 1.000000
1517.550400 1891.936000 1437.929600 2308.576000 1.000000
1541.190400 1362.081600 1438.515200 1757.360000 1.000000
1496.324800 2466.304000 1439.411200 2945.872000 1.000000
1541.436800 1408.684800 1440.892800 1804.272000 1.000000
1538.875200 1459.152000 1441.232000 1856.528000 1.000000
1540.452800 1515.982400 1445.323200 1914.208000 1.000000
1527.032000 1927.456000 1446.900800 2345.472000 1.000000
1563.993600 1453.297600 1467.094400 1849.776000 1.000000
1533.195200 2249.904000 1469.929600 2695.920000 1.000000
1565.187200 1486.720000 1469.940800 1879.312000 1.000000
1532.313600 2350.864000 1472.652800 2809.200000 1.000000
1568.318400 1503.475200 1472.803200 1900.608000 1.000000
1592.899200 963.230400 1475.960000 1361.112000 1.000000
1577.811200 1466.531200 1481.878400 1861.856000 1.000000
1602.256000 914.318400 1483.769600 1317.185600 1.000000
1581.000000 1485.793600 1486.068800 1880.448000 1.000000
1569.800000 1851.760000 1491.006400 2259.552000 1.000000
1574.899200 1826.688000 1495.604800 2234.064000 1.000000
1596.054400 1408.672000 1498.620800 1803.216000 1.000000
1577.502400 1864.480000 1500.796800 2274.960000 1.000000
1574.254400 2076.320000 1502.478400 2501.168000 1.000000
1603.232000 1398.518400 1503.985600 1790.704000 1.000000
1606.176000 1438.684800 1509.310400 1830.944000 1.000000
1617.776000 1448.729600 1521.971200 1840.112000 1.000000
1574.537600 2469.776000 1523.144000 2940.848000 1.000000
1573.705600 2487.120000 1523.968000 2958.688000 1.000000
1604.928000 1811.680000 1526.012800 2216.928000 1.000000
1689.232000 522.192000 1549.440000 951.284800 1.000000
1598.563200 2496.720000 1552.262400 2967.792000 1.000000
1671.296000 959.315200 1557.052800 1351.958400 1.000000
1710.048000 986.268800 1593.499200 1377.148800 1.000000
1686.384000 1579.356800 1597.800000 1967.536000 1.000000
1744.304000 444.752000 1598.840000 878.465600 1.000000
1696.080000 1416.416000 1599.788800 1803.872000 1.000000
1690.944000 1564.612800 1602.016000 1953.232000 1.000000
1706.272000 1410.244800 1610.336000 1796.208000 1.000000
1648.640000 955.523200 1645.936000 1304.078400 1.000000
1776.688000 979.182400 1657.808000 1366.750400 1.000000
1750.256000 1613.152000 1663.584000 1999.408000 1.000000
1751.440000 1908.096000 1680.496000 2307.520000 1.000000
1797.824000 948.446400 1682.816000 1337.636800 1.000000
1813.200000 850.436800 1686.400000 1245.550400 1.000000
1740.544000 2216.768000 1688.032000 2642.672000 1.000000
1819.232000 837.472000 1688.080000 1233.790400 1.000000
1743.312000 2196.384000 1689.664000 2620.576000 1.000000
1862.624000 77.920320 1693.376000 546.011200 1.000000
1867.872000 227.241600 1705.504000 670.499200 1.000000
1759.280000 2217.184000 1709.104000 2642.752000 1.000000
1831.152000 932.867200 1709.568000 1319.396800 1.000000
1799.152000 1590.220800 1711.344000 1973.744000 1.000000
1779.088000 1948.368000 1712.064000 2349.744000 1.000000
1873.504000 259.528000 1713.744000 701.097600 1.000000
1782.640000 1964.320000 1717.312000 2367.184000 1.000000
1837.824000 997.846400 1720.176000 1381.440000 1.000000
1844.304000 876.440000 1720.432000 1271.344000 1.000000
1813.952000 1475.134400 1724.400000 1854.544000 1.000000
1846.096000 961.059200 1725.136000 1345.152000 1.000000
1815.520000 1404.382400 1725.456000 1787.200000 1.000000
1806.992000 1676.080000 1727.616000 2059.536000 1.000000
1889.360000 282.430400 1728.704000 723.646400 1.000000
1817.520000 1551.028800 1731.776000 1930.864000 1.000000
1799.536000 1910.672000 1731.888000 2307.600000 1.000000
1797.856000 1934.464000 1732.336000 2332.240000 1.000000
1782.816000 2256.528000 1735.328000 2685.552000 1.000000
1817.072000 1668.608000 1737.312000 2052.832000 1.000000
1900.112000 159.956640 1749.824000 621.660800 1.000000
1815.712000 1956.064000 1750.960000 2357.264000 1.000000
1913.984000 259.702400 1751.712000 699.838400 1.000000
1821.920000 1844.640000 1753.008000 2234.800000 1.000000
1930.448000 34.405760 1754.720000 493.852800 1.000000
1803.968000 2282.832000 1756.240000 2712.880000 1.000000
1827.280000 1898.368000 1760.688000 2293.280000 1.000000
1882.768000 979.923200 1763.328000 1362.148800 1.000000
1831.488000 1979.856000 1770.992000 2380.480000 1.000000
1887.568000 1074.963200 1772.992000 1454.424000 1.000000
1835.648000 1994.208000 1775.984000 2395.760000 1.000000
1941.312000 240.604800 1776.864000 680.974400 1.000000
1844.912000 1910.192000 1777.872000 2306.304000 1.000000
1854.336000 1728.896000 1779.168000 2109.632000 1.000000
1898.656000 1034.608000 1781.232000 1418.942400 1.000000
1850.016000 1880.688000 1782.320000 2274.400000 1.000000
1923.024000 722.588800 1786.848000 1119.651200 1.000000
1846.992000 1982.704000 1787.776000 2382.832000 1.000000
1865.040000 1854.416000 1797.664000 2241.872000 1.000000
1840.784000 2285.744000 1798.544000 2712.240000 1.000000
1865.184000 1961.120000 1804.000000 2356.544000 1.000000
1864.816000 2036.272000 1809.744000 2436.448000 1.000000
1867.088000 2020.272000 1809.824000 2420.080000 1.000000
1862.128000 2121.088000 1811.792000 2525.056000 1.000000
1858.704000 2321.808000 1820.880000 2755.344000 1.000000
1951.360000 830.993600 1821.648000 1221.172800 1.000000
1950.544000 910.710400 1825.872000 1288.491200 1.000000
1907.904000 1726.160000 1826.912000 2051.840000 1.000000
1991.968000 314.784000 1829.504000 741.489600 1.000000
1886.160000 2150.960000 1836.528000 2547.392000 1.000000
1876.128000 2314.848000 1838.464000 2744.096000 1.000000
1886.720000 2173.664000 1839.744000 2587.760000 1.000000
1961.232000 1607.776000 1879.488000 1973.840000 1.000000
1965.680000 1560.884800 1882.576000 1931.920000 1.000000
2053.488000 247.945600 1883.776000 682.440000 1.000000
1924.592000 2533.968000 1904.416000 2984.000000 1.000000
1950.640000 2293.440000 1914.944000 2711.664000 1.000000
2005.168000 1893.936000 1947.920000 2270.544000 1.000000
1973.712000 2483.216000 1952.784000 2917.088000 1.000000
2125.952000 341.268800 1957.168000 750.947200 1.000000
1975.696000 2532.256000 1960.800000 2979.680000 1.000000
2004.400000 2293.328000 1971.168000 2699.984000 1.000000
2012.640000 2207.168000 1974.800000 2610.336000 1.000000
2055.456000 2236.784000 2021.408000 2631.392000 1.000000
2123.296000 1313.382400 2026.000000 1426.894400 1.000000
2121.296000 1330.249600 2026.672000 1442.196800 1.000000
2096.272000 2287.856000 2069.616000 2677.264000 1.000000
2163.152000 1561.872000 2085.632000 1668.096000 1.000000
2169.664000 1420.390400 2086.624000 1518.449600 1.000000
2171.104000 1700.976000 2099.936000 1866.464000 1.000000
2196.128000 1772.688000 2136.784000 1950.640000 1.000000
2208.016000 1768.560000 2145.456000 1942.272000 1.000000
2242.192000 1436.443200 2156.368000 1528.166400 1.000000
2226.224000 1778.848000 2165.680000 1950.000000 1.000000
2227.680000 1785.312000 2167.520000 1956.768000 1.000000
2254.496000 1428.564800 2170.096000 1515.526400 1.000000
2238.176000 1782.720000 2178.416000 1951.984000 1.000000
2281.408000 1385.990400 2186.864000 1472.755200 1.000000
2276.704000 1414.691200 2188.160000 1502.494400 1.000000
2259.008000 1809.760000 2201.424000 1975.552000 1.000000
2297.840000 1402.107200 2206.960000 1487.859200 1.000000
2250.320000 2400.368000 2220.096000 2610.624000 1.000000
2314.048000 1391.092800 2225.760000 1472.267200 1.000000
2290.480000 1804.496000 2232.288000 1959.424000 1.000000
2307.312000 1486.774400 2240.800000 1564.456000 1.000000
2364.464000 1193.854400 2258.384000 1274.308800 1.000000
2373.168000 1137.604800 2261.536000 1217.147200 1.000000
2348.224000 1745.280000 2288.160000 1846.464000 1.000000
2348.688000 1770.400000 2290.624000 1873.952000 1.000000
2441.168000 2445.120000 2296.384000 2610.704000 1.000000
2362.528000 1757.408000 2303.664000 1858.272000 1.000000
2428.608000 1264.636800 2326.320000 1331.547200 1.000000
2390.128000 1731.600000 2329.184000 1827.664000 1.000000
2393.472000 1708.992000 2331.456000 1802.512000 1.000000
2390.912000 1808.784000 2337.200000 1910.480000 1.000000
2404.288000 1692.384000 2340.048000 1783.776000 1.000000
2428.032000 1674.368000 2348.448000 1776.576000 1.000000
2450.864000 1366.777600 2353.056000 1436.196800 1.000000
2418.880000 1678.832000 2353.840000 1767.472000 1.000000
2421.168000 1691.328000 2356.704000 1780.368000 1.000000
2428.928000 1688.752000 2364.528000 1777.040000 1.000000
2434.608000 1677.552000 2369.216000 1764.784000 1.000000
2436.944000 1684.128000 2372.384000 1770.720000 1.000000
2443.344000 1675.200000 2378.176000 1760.352000 1.000000
2477.552000 1324.366400 2382.640000 1383.043200 1.000000
2502.160000 1117.057600 2385.760000 1179.116800 1.000000
2491.008000 1234.153600 2385.824000 1291.753600 1.000000
2484.272000 1119.256000 2389.680000 1179.665600 1.000000
2501.952000 1175.056000 2390.592000 1234.006400 1.000000
2503.376000 1155.249600 2391.040000 1214.760000 1.000000
2507.248000 1123.969600 2391.200000 1183.684800 1.000000
2503.920000 1189.331200 2393.840000 1247.472000 1.000000
2463.328000 1658.000000 2396.352000 1738.992000 1.000000
2512.576000 1114.131200 2396.768000 1175.876800 1.000000
2517.808000 1138.017600 2403.392000 1196.692800 1.000000
2471.904000 1665.792000 2405.904000 1746.512000 1.000000
2523.312000 1105.806400 2405.952000 1165.276800 1.000000
2508.752000 1351.051200 2410.944000 1409.353600 1.000000
2504.992000 1370.660800 2412.400000 1426.657600 1.000000
2524.400000 1172.683200 2413.184000 1229.016000 1.000000
2499.056000 1816.512000 2413.664000 1931.952000 1.000000
2503.744000 1419.056000 2414.256000 1478.784000 1.000000
2502.464000 1450.347200 2415.616000 1514.312000 1.000000
2477.232000 1740.832000 2418.256000 1826.896000 1.000000
2531.168000 1193.841600 2421.696000 1249.313600 1.000000
2517.776000 1307.019200 2421.856000 1356.836800 1.000000
2530.448000 1199.750400 2422.592000 1254.929600 1.000000
2536.208000 1153.990400 2422.992000 1208.859200 1.000000
2524.384000 1273.907200 2423.072000 1329.716800 1.000000
2541.312000 1102.830400 2424.352000 1158.785600 1.000000
2516.576000 1433.721600 2428.272000 1494.644800 1.000000
2548.080000 1094.403200 2429.840000 1148.006400 1.000000
2538.416000 1214.257600 2431.248000 1268.548800 1.000000
2555.216000 1052.392000 2432.192000 1105.112000 1.000000
2528.176000 1358.350400 2433.888000 1411.337600 1.000000
2519.760000 1455.915200 2434.304000 1516.401600 1.000000
2539.536000 1252.235200 2435.888000 1305.720000 1.000000
2560.720000 1045.025600 2437.408000 1098.473600 1.000000
2537.888000 1303.275200 2438.464000 1356.076800 1.000000
2546.352000 1234.745600 2440.672000 1288.324800 1.000000
2546.768000 1239.084800 2441.872000 1292.748800 1.000000
2546.704000 1252.080000 2442.400000 1304.385600 1.000000
2552.192000 1191.107200 2442.640000 1243.268800 1.000000
2538.320000 1374.350400 2445.808000 1428.944000 1.000000
2551.296000 1269.264000 2448.192000 1320.758400 1.000000
2552.368000 1273.924800 2450.112000 1325.512000 1.000000
2564.336000 1164.435200 2451.424000 1214.873600 1.000000
2557.728000 1239.331200 2451.584000 1290.908800 1.000000
2564.976000 1159.025600 2451.808000 1208.779200 1.000000
2568.448000 1141.390400 2454.272000 1190.001600 1.000000
2556.448000 1279.872000 2455.312000 1329.510400 1.000000
2575.488000 1097.201600 2457.200000 1147.043200 1.000000
2529.136000 1607.904000 2458.512000 1675.520000 1.000000
2533.344000 1598.934400 2461.040000 1665.600000 1.000000
2577.504000 1136.342400 2462.384000 1184.142400 1.000000
2573.168000 1185.609600 2462.544000 1234.070400 1.000000
2561.024000 1319.204800 2463.632000 1371.240000 1.000000
2612.960000 1040.713600 2472.016000 1087.600000 1.000000
2584.032000 1198.747200 2472.032000 1241.025600 1.000000
2582.080000 1264.593600 2477.856000 1310.048000 1.000000
2585.424000 1222.196800 2477.920000 1269.235200 1.000000
2545.008000 1674.256000 2480.560000 1745.072000 1.000000
2596.128000 1146.676800 2480.928000 1191.774400 1.000000
2557.424000 1556.368000 2481.920000 1616.240000 1.000000
2597.840000 1156.737600 2483.792000 1202.532800 1.000000
2600.448000 1142.600000 2485.824000 1187.260800 1.000000
2598.096000 1176.755200 2486.144000 1221.262400 1.000000
2600.208000 1250.592000 2495.664000 1290.972800 1.000000
2581.040000 1552.723200 2504.976000 1609.392000 1.000000
2606.800000 1332.187200 2509.232000 1378.462400 1.000000
2608.832000 1320.600000 2509.856000 1365.812800 1.000000
2606.944000 1374.584000 2512.752000 1422.915200 1.000000
2610.832000 1410.492800 2520.752000 1457.536000 1.000000
2596.048000 1556.241600 2521.888000 1611.136000 1.000000
2608.224000 1446.208000 2524.032000 1491.737600 1.000000
2627.792000 1260.630400 2524.576000 1298.657600 1.000000
2621.792000 1342.819200 2525.360000 1387.905600 1.000000
2610.528000 1523.627200 2531.936000 1574.571200 1.000000
2676.704000 893.507200 2536.640000 952.262400 1.000000
2617.536000 1502.268800 2536.896000 1551.233600 1.000000
2632.496000 1355.235200 2537.488000 1398.955200 1.000000
2615.824000 1532.686400 2537.952000 1583.257600 1.000000
2635.792000 1329.961600 2538.000000 1372.140800 1.000000
2644.352000 1276.468800 2542.016000 1313.132800 1.000000
2637.648000 1358.320000 2542.912000 1401.238400 1.000000
2639.088000 1352.224000 2543.728000 1394.483200 1.000000
2646.704000 1293.217600 2544.832000 1329.787200 1.000000
2636.480000 1428.444800 2547.840000 1475.521600 1.000000
2649.952000 1298.288000 2549.040000 1334.865600 1.000000
2633.760000 1487.892800 2551.920000 1534.131200 1.000000
2631.696000 1518.280000 2552.320000 1566.248000 1.000000
2649.920000 1340.014400 2552.768000 1380.160000 1.000000
2633.584000 1509.067200 2554.064000 1556.177600 1.000000
2650.880000 1357.352000 2555.344000 1398.580800 1.000000
2639.328000 1496.932800 2557.984000 1543.112000 1.000000
2660.384000 1292.051200 2558.096000 1326.520000 1.000000
2643.216000 1453.187200 2558.160000 1497.368000 1.000000
2643.600000 1490.425600 2561.824000 1534.979200 1.000000
2660.032000 1350.720000 2564.928000 1390.243200 1.000000
2647.168000 1489.264000 2565.184000 1532.739200 1.000000
2645.184000 1517.200000 2565.408000 1563.332800 1.000000
2646.912000 1504.379200 2566.400000 1549.668800 1.000000
2667.952000 1294.499200 2566.480000 1327.774400 1.000000
2666.704000 1391.590400 2574.768000 1431.427200 1.000000
2661.072000 1451.652800 2575.776000 1492.009600 1.000000
2723.216000 879.004800 2579.168000 944.432000 1.000000
2665.616000 1459.134400 2580.208000 1500.329600 1.000000
2662.896000 1489.798400 2580.304000 1532.393600 1.000000
2668.176000 1446.326400 2580.912000 1487.524800 1.000000
2661.600000 1503.100800 2581.760000 1545.590400 1.000000
2681.072000 1317.404800 2582.272000 1352.390400 1.000000
2684.016000 1344.723200 2586.864000 1381.353600 1.000000
2678.464000 1424.995200 2588.224000 1464.590400 1.000000
2673.632000 1470.259200 2589.408000 1510.297600 1.000000
2683.376000 1375.840000 2589.488000 1413.363200 1.000000
2674.352000 1465.340800 2589.504000 1505.176000 1.000000
2677.344000 1458.300800 2591.728000 1496.835200 1.000000
2682.016000 1443.377600 2595.376000 1481.982400 1.000000
2688.800000 1451.582400 2602.832000 1488.929600 1.000000
2717.744000 1134.078400 2602.976000 1173.958400 1.000000
2698.864000 1360.761600 2603.392000 1395.700800 1.000000
2703.952000 1366.328000 2608.896000 1400.008000 1.000000
2698.048000 1428.451200 2609.264000 1464.608000 1.000000
2695.392000 1460.352000 2610.176000 1496.822400 1.000000
2758.048000 873.065600 2611.504000 932.587200 1.000000
2691.760000 1535.259200 2614.128000 1575.742400 1.000000
2704.400000 1418.672000 2614.208000 1453.416000 1.000000
2705.200000 1425.542400 2616.208000 1460.740800 1.000000
2713.472000 1346.892800 2616.544000 1378.864000 1.000000
2714.832000 1362.033600 2618.800000 1394.147200 1.000000
2717.344000 1328.872000 2619.296000 1360.427200 1.000000
2713.856000 1377.385600 2619.344000 1410.614400 1.000000
2720.208000 1323.777600 2621.120000 1354.291200 1.000000
2711.888000 1424.838400 2623.232000 1458.507200 1.000000
2707.408000 1471.340800 2623.632000 1505.268800 1.000000
2703.008000 1522.563200 2624.096000 1559.907200 1.000000
2711.200000 1445.310400 2624.160000 1479.651200 1.000000
2712.960000 1431.630400 2624.432000 1464.995200 1.000000
2709.360000 1488.494400 2626.752000 1524.494400 1.000000
2715.072000 1449.841600 2628.816000 1482.793600 1.000000
2727.424000 1331.803200 2628.928000 1361.412800 1.000000
2719.840000 1426.478400 2631.040000 1459.180800 1.000000
2726.688000 1369.604800 2631.824000 1399.702400 1.000000
2714.064000 1497.145600 2632.480000 1531.689600 1.000000
2732.880000 1349.918400 2634.656000 1380.108800 1.000000
2722.656000 1450.316800 2636.512000 1481.270400 1.000000
2727.008000 1430.444800 2638.016000 1462.593600 1.000000
2728.064000 1418.060800 2638.176000 1448.766400 1.000000
2728.496000 1412.811200 2638.752000 1443.305600 1.000000
2732.560000 1390.158400 2639.456000 1419.056000 1.000000
2727.520000 1438.545600 2640.032000 1469.851200 1.000000
2738.736000 1362.832000 2643.104000 1390.926400 1.000000
2734.832000 1411.321600 2644.224000 1440.547200 1.000000
2730.480000 1453.731200 2644.432000 1484.548800 1.000000
2729.616000 1471.204800 2645.408000 1502.649600 1.000000
2736.304000 1435.012800 2648.560000 1464.409600 1.000000
2740.032000 1426.649600 2649.984000 1456.224000 1.000000
2745.088000 1396.377600 2653.600000 1423.950400 1.000000
2740.944000 1451.398400 2653.776000 1480.483200 1.000000
2742.384000 1432.708800 2654.128000 1460.932800 1.000000
2733.296000 1525.089600 2654.176000 1556.771200 1.000000
2750.272000 1363.259200 2654.800000 1388.777600 1.000000
2746.464000 1438.416000 2658.448000 1466.076800 1.000000
2748.256000 1424.329600 2659.184000 1451.273600 1.000000
2747.072000 1448.521600 2659.856000 1475.840000 1.000000
2747.632000 1458.824000 2661.728000 1485.776000 1.000000
2754.432000 1410.732800 2663.216000 1436.260800 1.000000
2753.872000 1415.793600 2663.216000 1441.208000 1.000000
2753.856000 1420.857600 2664.128000 1446.278400 1.000000
2754.400000 1430.187200 2665.472000 1455.988800 1.000000
2753.600000 1465.561600 2667.600000 1492.084800 1.000000
2764.544000 1378.236800 2670.720000 1401.022400 1.000000
2763.984000 1400.816000 2671.696000 1424.212800 1.000000
2762.848000 1421.788800 2672.784000 1445.563200 1.000000
2763.280000 1432.324800 2674.304000 1456.110400 1.000000
2763.680000 1442.244800 2675.872000 1466.216000 1.000000
2763.824000 1452.171200 2677.360000 1476.267200 1.000000
2764.848000 1462.504000 2679.120000 1487.147200 1.000000
2762.400000 1496.795200 2679.392000 1522.928000 1.000000
2767.984000 1438.124800 2679.440000 1461.612800 1.000000
2766.128000 1477.139200 2681.632000 1501.910400 1.000000
2770.368000 1467.833600 2684.768000 1491.564800 1.000000
2773.920000 1463.108800 2688.736000 1486.592000 1.000000
2776.976000 1439.321600 2688.912000 1460.940800 1.000000
2775.248000 1483.227200 2690.912000 1505.900800 1.000000
2776.064000 1471.321600 2691.008000 1494.262400 1.000000
2779.296000 1460.177600 2692.880000 1482.142400 1.000000
2782.016000 1443.355200 2694.640000 1464.315200 1.000000
2787.632000 1441.878400 2700.112000 1461.801600 1.000000
2787.552000 1450.521600 2700.384000 1471.048000 1.000000
2791.728000 1445.776000 2704.000000 1465.568000 1.000000
2790.640000 1468.368000 2704.560000 1487.800000 1.000000
2803.648000 1455.459200 2716.800000 1470.833600 1.000000
2807.984000 1470.976000 2722.960000 1486.600000 1.000000
2815.616000 1433.878400 2727.728000 1449.648000 1.000000
2828.176000 1448.086400 2742.352000 1459.771200 1.000000
2699.312000 2694.304000 2744.224000 3019.568000 1.000000
2979.632000 155.471680 2754.192000 252.539200 1.000000
2932.256000 1323.336000 2813.696000 1322.488000 1.000000
2863.520000 2673.168000 2912.768000 2963.600000 1.000000
2874.096000 2670.000000 2921.936000 2961.456000 1.000000
3037.312000 1223.616000 2923.616000 1175.766400 1.000000
3106.736000 793.696000 2940.720000 769.057600 1.000000
3164.336000 958.673600 3015.424000 907.872000 1.000000
3001.408000 2680.880000 3055.680000 2941.888000 1.000000
3054.272000 2730.624000 3117.600000 2992.032000 1.000000
3159.824000 2721.312000 3226.800000 2963.232000 1.000000
3778.944000 220.121600 3505.984000 198.875200 1.000000
3837.488000 642.691200 3711.024000 810.432000 1.000000
3954.832000 1747.840000 3897.216000 1555.859200 1.000000
3967.104000 1747.264000 3908.320000 1554.254400 1.000000
