11.069696 1336.608000 13.917216 2389.440000 1.000000
399.587200 1707.968000 78.742560 2791.888000 1.000000
423.251200 1723.168000 106.015520 2808.288000 1.000000
415.462400 1428.843200 118.337760 2467.776000 1.000000
446.974400 832.673600 199.376000 1865.408000 1.000000
495.422400 1391.894400 205.785600 2420.704000 1.000000
490.136000 327.606400 267.353600 1365.718400 1.000000
569.420800 1551.480000 280.403200 2589.760000 1.000000
523.745600 265.254400 305.387200 1309.033600 1.000000
573.897600 658.572800 344.064000 1676.608000 1.000000
584.721600 897.846400 344.443200 1916.192000 1.000000
639.643200 1463.043200 362.790400 2478.688000 1.000000
596.600000 867.220800 363.241600 1884.688000 1.000000
603.168000 366.873600 374.478400 1388.723200 1.000000
614.827200 945.867200 378.006400 1968.368000 1.000000
626.200000 967.268800 389.489600 1988.592000 1.000000
642.913600 437.806400 402.766400 1459.456000 1.000000
660.390400 1000.312000 409.492800 2013.936000 1.000000
656.414400 1041.088000 415.745600 2055.840000 1.000000
651.456000 966.601600 415.947200 1984.720000 1.000000
664.691200 1133.334400 416.092800 2151.104000 1.000000
663.232000 1118.449600 416.331200 2131.248000 1.000000
673.296000 1102.158400 426.513600 2114.224000 1.000000
696.272000 1055.708800 454.108800 2059.920000 1.000000
680.908800 100.681600 457.321600 1127.920000 1.000000
705.422400 861.368000 461.486400 1828.592000 1.000000
709.936000 873.641600 463.344000 1837.200000 1.000000
709.712000 1126.691200 468.323200 2140.832000 1.000000
761.896000 1686.800000 490.353600 2726.560000 1.000000
766.865600 1792.448000 492.656000 2853.248000 1.000000
730.716800 1131.636800 493.657600 2143.440000 1.000000
744.516800 836.920000 507.512000 1791.744000 1.000000
791.668800 1481.494400 530.496000 2480.240000 1.000000
754.408000 50.367680 535.760000 1086.347200 1.000000
802.310400 1396.737600 545.488000 2386.160000 1.000000
767.836800 68.812960 546.264000 1101.001600 1.000000
796.259200 886.576000 554.681600 1839.408000 1.000000
822.174400 1703.360000 559.033600 2737.760000 1.000000
817.305600 1493.924800 559.249600 2493.520000 1.000000
822.539200 1528.990400 562.832000 2535.008000 1.000000
821.696000 1417.041600 566.518400 2406.768000 1.000000
836.208000 1727.456000 571.768000 2768.368000 1.000000
792.038400 57.636160 573.697600 1089.696000 1.000000
832.929600 1545.076800 574.209600 2555.840000 1.000000
844.732800 1469.348800 591.049600 2467.424000 1.000000
856.342400 1429.817600 604.344000 2417.968000 1.000000
865.243200 1778.464000 605.552000 2821.120000 1.000000
863.446400 1495.540800 609.880000 2490.528000 1.000000
866.648000 1477.288000 615.014400 2467.840000 1.000000
877.529600 1440.286400 628.380800 2424.928000 1.000000
878.094400 1497.486400 629.035200 2492.752000 1.000000
906.350400 1469.236800 659.089600 2454.672000 1.000000
913.939200 1714.096000 663.993600 2726.624000 1.000000
941.092800 1465.675200 698.076800 2445.024000 1.000000
944.550400 1774.384000 698.291200 2802.864000 1.000000
961.961600 1804.272000 716.934400 2837.488000 1.000000
975.516800 1790.928000 732.276800 2819.120000 1.000000
978.931200 1809.920000 735.974400 2841.488000 1.000000
976.216000 1397.294400 737.836800 2366.816000 1.000000
988.676800 1882.720000 748.488000 2929.120000 1.000000
1099.428800 912.660800 877.326400 1830.608000 1.000000
1143.259200 1391.793600 915.942400 2337.824000 1.000000
1136.739200 1568.428800 918.502400 2533.088000 1.000000
1168.731200 125.341920 943.979200 1119.059200 1.000000
1161.742400 1413.734400 946.790400 2356.784000 1.000000
1181.385600 1546.396800 968.454400 2504.512000 1.000000
1197.998400 1718.448000 989.027200 2700.912000 1.000000
1254.593600 914.480000 1039.529600 1817.200000 1.000000
1268.520000 879.240000 1048.600000 1785.616000 1.000000
1336.280000 936.078400 1126.624000 1828.752000 1.000000
1325.875200 1204.897600 1139.188800 2148.304000 1.000000
1355.155200 1197.073600 1168.641600 2135.904000 1.000000
1363.732800 1580.977600 1175.521600 2516.624000 1.000000
1363.742400 1250.265600 1177.883200 2191.024000 1.000000
1363.001600 1266.244800 1177.972800 2209.360000 1.000000
1391.428800 1905.568000 1217.468800 2899.584000 1.000000
1396.912000 1785.824000 1220.108800 2771.280000 1.000000
1426.752000 1604.960000 1245.944000 2535.664000 1.000000
1442.768000 1964.016000 1279.024000 2967.792000 1.000000
1463.156800 1938.864000 1304.321600 2930.880000 1.000000
1479.308800 1596.520000 1306.057600 2517.984000 1.000000
1544.128000 210.998400 1329.136000 1162.441600 1.000000
1510.126400 1491.811200 1333.014400 2394.656000 1.000000
1521.238400 1534.971200 1348.582400 2443.632000 1.000000
1503.344000 1925.056000 1350.078400 2907.040000 1.000000
1531.635200 1503.705600 1357.779200 2407.680000 1.000000
1541.436800 1408.684800 1364.228800 2301.200000 1.000000
1565.187200 1486.720000 1395.116800 2381.888000 1.000000
1574.899200 1826.688000 1426.086400 2775.968000 1.000000
1603.232000 1398.518400 1431.547200 2280.848000 1.000000
1606.176000 1438.684800 1436.683200 2322.752000 1.000000
1715.808000 672.947200 1504.505600 1555.496000 1.000000
1743.616000 407.395200 1515.227200 1321.212800 1.000000
1657.952000 1809.344000 1518.744000 2743.296000 1.000000
1688.352000 1676.176000 1541.440000 2581.440000 1.000000
1706.272000 1410.244800 1546.564800 2281.808000 1.000000
1703.488000 1584.588800 1553.697600 2469.600000 1.000000
1701.680000 1688.912000 1560.635200 2592.512000 1.000000
1717.872000 1608.656000 1574.188800 2499.008000 1.000000
1722.112000 1896.960000 1600.160000 2840.624000 1.000000
1865.760000 50.017440 1602.368000 1010.387200 1.000000
1812.672000 896.036800 1618.208000 1748.240000 1.000000
1806.672000 1679.424000 1674.288000 2568.672000 1.000000
1815.472000 1577.715200 1677.504000 2453.088000 1.000000
1817.072000 1668.608000 1686.912000 2554.624000 1.000000
1821.920000 1844.640000 1710.848000 2764.704000 1.000000
1827.280000 1898.368000 1718.784000 2828.944000 1.000000
1831.488000 1979.856000 1734.672000 2925.072000 1.000000
1854.336000 1728.896000 1734.800000 2617.424000 1.000000
1991.968000 314.784000 1735.616000 1210.918400 1.000000
1835.648000 1994.208000 1739.904000 2944.224000 1.000000
1844.912000 1910.192000 1742.512000 2839.776000 1.000000
1850.016000 1880.688000 1745.056000 2804.752000 1.000000
1846.992000 1982.704000 1754.048000 2930.048000 1.000000
1897.296000 1516.657600 1766.288000 2418.864000 1.000000
1865.184000 1961.120000 1770.112000 2897.376000 1.000000
1864.816000 2036.272000 1777.136000 2994.752000 1.000000
1937.568000 1309.193600 1779.840000 2130.448000 1.000000
1965.680000 1560.884800 1837.328000 2411.120000 1.000000
2005.168000 1893.936000 1919.632000 2802.592000 1.000000
2208.016000 1768.560000 2006.384000 2207.552000 1.000000
2314.048000 1391.092800 2021.136000 1605.200000 1.000000
2223.168000 1790.480000 2029.088000 2229.712000 1.000000
2383.488000 1157.382400 2055.696000 1349.496000 1.000000
2428.608000 1264.636800 2113.360000 1438.726400 1.000000
2362.528000 1757.408000 2138.944000 2036.224000 1.000000
2458.160000 1318.388800 2156.064000 1490.547200 1.000000
2502.160000 1117.057600 2166.560000 1273.273600 1.000000
2394.576000 1723.120000 2167.760000 1984.800000 1.000000
2491.008000 1234.153600 2172.448000 1387.992000 1.000000
2501.952000 1175.056000 2174.288000 1328.188800 1.000000
2477.552000 1324.366400 2175.024000 1486.646400 1.000000
2503.920000 1189.331200 2179.536000 1339.889600 1.000000
2406.848000 1734.912000 2182.672000 1994.928000 1.000000
2516.416000 1161.780800 2190.080000 1311.264000 1.000000
2516.848000 1185.400000 2191.248000 1334.788800 1.000000
2407.776000 1802.080000 2197.728000 2079.280000 1.000000
2536.208000 1153.990400 2205.216000 1297.315200 1.000000
2436.944000 1684.128000 2205.488000 1926.208000 1.000000
2506.672000 1341.936000 2207.952000 1494.734400 1.000000
2545.888000 1124.360000 2211.312000 1263.056000 1.000000
2508.752000 1351.051200 2211.360000 1511.574400 1.000000
2504.992000 1370.660800 2211.440000 1525.489600 1.000000
2524.384000 1273.907200 2214.896000 1423.752000 1.000000
2450.560000 1671.392000 2216.976000 1907.184000 1.000000
2503.744000 1419.056000 2219.456000 1584.660800 1.000000
2551.120000 1146.040000 2221.424000 1282.902400 1.000000
2451.376000 1714.592000 2226.192000 1960.080000 1.000000
2539.536000 1252.235200 2226.288000 1398.792000 1.000000
2463.328000 1658.000000 2227.376000 1886.224000 1.000000
2575.488000 1097.201600 2233.296000 1224.476800 1.000000
2537.888000 1303.275200 2234.144000 1446.377600 1.000000
2551.296000 1269.264000 2240.800000 1411.124800 1.000000
2545.152000 1375.931200 2253.840000 1526.868800 1.000000
2589.216000 1132.910400 2254.160000 1256.150400 1.000000
2518.832000 1558.318400 2264.800000 1747.024000 1.000000
2570.048000 1310.307200 2266.640000 1452.120000 1.000000
2597.840000 1156.737600 2266.656000 1277.776000 1.000000
2582.080000 1264.593600 2269.216000 1391.556800 1.000000
2530.464000 1533.049600 2271.632000 1713.856000 1.000000
2533.344000 1598.934400 2275.888000 1812.912000 1.000000
2571.040000 1274.310400 2283.296000 1370.390400 1.000000
2616.672000 1268.990400 2305.424000 1384.590400 1.000000
2627.792000 1260.630400 2315.504000 1372.852800 1.000000
2606.944000 1374.584000 2316.528000 1514.864000 1.000000
2569.872000 1556.028800 2316.960000 1728.384000 1.000000
2582.272000 1513.020800 2318.688000 1675.184000 1.000000
2614.736000 1341.728000 2320.384000 1475.987200 1.000000
2514.880000 1885.552000 2334.144000 2168.752000 1.000000
2596.192000 1508.771200 2334.224000 1664.128000 1.000000
2608.224000 1446.208000 2334.432000 1589.483200 1.000000
2635.792000 1329.961600 2338.400000 1455.798400 1.000000
2617.520000 1434.716800 2340.736000 1575.608000 1.000000
2736.848000 781.340800 2343.184000 911.980800 1.000000
2645.776000 1313.336000 2344.000000 1431.508800 1.000000
2596.048000 1556.241600 2345.648000 1721.248000 1.000000
2610.528000 1523.627200 2350.704000 1678.288000 1.000000
2660.384000 1292.051200 2354.528000 1400.150400 1.000000
2653.040000 1343.740800 2358.688000 1468.228800 1.000000
2660.032000 1350.720000 2367.680000 1472.992000 1.000000
2643.216000 1453.187200 2371.120000 1590.771200 1.000000
2611.936000 1617.488000 2372.912000 1792.944000 1.000000
2663.376000 1365.369600 2373.120000 1490.083200 1.000000
2678.304000 1302.550400 2374.112000 1408.099200 1.000000
2681.072000 1317.404800 2381.264000 1428.041600 1.000000
2655.392000 1445.182400 2382.112000 1577.662400 1.000000
2645.184000 1517.200000 2385.136000 1661.600000 1.000000
2661.072000 1451.652800 2388.720000 1583.132800 1.000000
2668.176000 1446.326400 2393.936000 1576.414400 1.000000
2665.616000 1459.134400 2394.736000 1590.804800 1.000000
2698.816000 1330.492800 2401.776000 1438.924800 1.000000
2674.352000 1465.340800 2404.208000 1595.225600 1.000000
2673.632000 1470.259200 2405.072000 1600.400000 1.000000
2678.752000 1475.376000 2411.200000 1605.072000 1.000000
2696.336000 1436.446400 2420.704000 1556.251200 1.000000
2691.904000 1472.212800 2423.696000 1597.040000 1.000000
2714.832000 1362.033600 2425.120000 1468.032000 1.000000
2715.792000 1386.864000 2431.072000 1495.243200 1.000000
2712.960000 1431.630400 2434.672000 1547.921600 1.000000
2707.408000 1471.340800 2439.776000 1589.612800 1.000000
2719.840000 1426.478400 2443.296000 1538.028800 1.000000
2728.496000 1412.811200 2448.176000 1519.867200 1.000000
2722.752000 1443.068800 2449.296000 1538.680000 1.000000
2727.008000 1430.444800 2450.896000 1540.812800 1.000000
2714.064000 1497.145600 2451.344000 1617.456000 1.000000
2730.800000 1418.744000 2451.664000 1525.028800 1.000000
2732.384000 1429.862400 2456.544000 1535.419200 1.000000
2726.096000 1482.067200 2460.912000 1596.808000 1.000000
2740.032000 1426.649600 2462.416000 1528.752000 1.000000
2753.248000 1389.614400 2468.272000 1483.633600 1.000000
2737.760000 1467.086400 2468.832000 1574.769600 1.000000
2748.256000 1424.329600 2471.040000 1522.830400 1.000000
2714.816000 1587.251200 2471.760000 1724.560000 1.000000
2763.296000 1412.654400 2482.656000 1503.835200 1.000000
2753.600000 1465.561600 2483.280000 1566.625600 1.000000
2755.488000 1459.627200 2485.216000 1559.212800 1.000000
2763.280000 1432.324800 2486.688000 1525.460800 1.000000
2759.504000 1462.235200 2489.456000 1561.014400 1.000000
2766.016000 1471.740800 2498.272000 1569.340800 1.000000
2776.976000 1439.321600 2501.664000 1528.744000 1.000000
2782.752000 1430.070400 2505.552000 1515.974400 1.000000
2782.016000 1443.355200 2507.600000 1532.681600 1.000000
2775.248000 1483.227200 2507.984000 1575.454400 1.000000
2787.632000 1441.878400 2513.344000 1528.038400 1.000000
2807.984000 1470.976000 2540.528000 1542.769600 1.000000
2771.408000 1527.988800 2543.824000 1565.262400 1.000000
2822.368000 1472.694400 2555.584000 1547.254400 1.000000
3120.608000 1075.497600 2746.368000 985.504000 1.000000
3130.544000 1096.412800 2762.320000 1007.315200 1.000000
3136.336000 814.651200 2765.216000 871.587200 1.000000
4021.072000 2009.952000 3269.568000 375.236800 1.000000
3979.600000 1909.664000 3860.016000 1566.852800 1.000000
3993.776000 1916.432000 3878.176000 1569.976000 1.000000
