345.427200 584.630400 46.119840 1928.704000 1.000000
434.100800 1414.784000 50.243040 2778.928000 1.000000
495.422400 1391.894400 122.579360 2742.192000 1.000000
463.518400 905.641600 148.084480 2261.472000 1.000000
458.896000 547.462400 168.019200 1865.872000 1.000000
569.420800 1551.480000 198.724800 2919.408000 1.000000
526.006400 836.238400 209.235200 2163.600000 1.000000
591.366400 1471.713600 228.048000 2829.760000 1.000000
584.721600 897.846400 275.131200 2226.784000 1.000000
573.897600 658.572800 283.129600 1977.296000 1.000000
611.784000 992.971200 304.528000 2333.712000 1.000000
611.480000 966.608000 306.411200 2304.800000 1.000000
606.256000 640.420800 307.137600 1958.864000 1.000000
614.827200 945.867200 310.273600 2282.800000 1.000000
622.310400 981.611200 316.649600 2318.176000 1.000000
622.404800 911.414400 318.502400 2237.456000 1.000000
626.961600 955.264000 321.382400 2292.976000 1.000000
626.200000 967.268800 322.030400 2305.664000 1.000000
667.840000 1413.187200 322.608000 2740.784000 1.000000
632.228800 980.969600 327.606400 2318.416000 1.000000
660.390400 1000.312000 341.310400 2329.920000 1.000000
645.044800 982.099200 341.585600 2316.528000 1.000000
642.164800 919.075200 344.062400 2248.624000 1.000000
663.232000 1118.449600 347.120000 2445.296000 1.000000
691.889600 866.641600 383.801600 2112.592000 1.000000
700.766400 1117.281600 391.656000 2446.000000 1.000000
709.936000 873.641600 402.996800 2119.696000 1.000000
709.712000 1126.691200 403.022400 2457.600000 1.000000
680.908800 100.681600 415.470400 1402.606400 1.000000
788.273600 1546.329600 456.419200 2880.256000 1.000000
766.697600 1158.350400 466.201600 2493.856000 1.000000
802.310400 1396.737600 480.576000 2699.888000 1.000000
817.305600 1493.924800 493.529600 2812.176000 1.000000
825.625600 1443.731200 505.145600 2748.640000 1.000000
844.732800 1469.348800 530.520000 2776.160000 1.000000
792.038400 57.636160 531.459200 1369.688000 1.000000
856.342400 1429.817600 542.571200 2729.968000 1.000000
863.446400 1495.540800 547.396800 2805.056000 1.000000
863.208000 1397.020800 550.243200 2691.824000 1.000000
867.374400 1386.379200 555.619200 2677.152000 1.000000
878.094400 1497.486400 566.897600 2806.272000 1.000000
861.814400 891.472000 567.824000 2115.840000 1.000000
881.729600 1457.404800 570.064000 2756.544000 1.000000
900.432000 1496.670400 590.017600 2799.088000 1.000000
895.179200 1539.747200 590.838400 2844.480000 1.000000
906.350400 1469.236800 598.412800 2765.696000 1.000000
912.763200 1498.950400 604.609600 2799.376000 1.000000
924.457600 905.091200 638.024000 2120.592000 1.000000
941.092800 1465.675200 639.289600 2754.752000 1.000000
931.942400 881.596800 643.131200 2095.280000 1.000000
901.192000 75.212960 643.473600 1374.832000 1.000000
952.041600 1559.846400 650.377600 2865.808000 1.000000
947.393600 890.889600 663.281600 2102.480000 1.000000
975.280000 1548.051200 677.612800 2851.216000 1.000000
941.841600 82.824960 682.968000 1376.736000 1.000000
1039.692800 920.969600 768.275200 2119.232000 1.000000
1060.833600 920.003200 786.785600 2116.144000 1.000000
1125.225600 1658.992000 857.385600 2961.200000 1.000000
1140.300800 1689.888000 874.404800 2996.224000 1.000000
1153.908800 931.281600 891.073600 2113.328000 1.000000
1174.164800 1382.305600 911.401600 2618.416000 1.000000
1181.385600 1546.396800 922.670400 2811.888000 1.000000
1226.704000 809.772800 972.452800 1994.720000 1.000000
1240.876800 1464.075200 992.171200 2702.896000 1.000000
1282.665600 1524.192000 1042.408000 2766.304000 1.000000
1361.681600 939.086400 1116.275200 2091.600000 1.000000
1355.155200 1197.073600 1129.945600 2440.096000 1.000000
1363.742400 1250.265600 1141.286400 2496.208000 1.000000
1403.566400 954.092800 1162.169600 2101.504000 1.000000
1410.457600 941.308800 1169.313600 2087.600000 1.000000
1398.641600 1203.905600 1175.886400 2439.856000 1.000000
1403.812800 1222.888000 1188.849600 2458.704000 1.000000
1488.684800 1392.158400 1277.545600 2573.392000 1.000000
1480.139200 1680.272000 1283.222400 2921.504000 1.000000
1550.046400 193.292800 1295.569600 1407.854400 1.000000
1510.126400 1491.811200 1306.198400 2682.688000 1.000000
1523.756800 1433.732800 1318.840000 2613.072000 1.000000
1524.892800 1489.721600 1323.147200 2677.040000 1.000000
1527.684800 1456.094400 1325.115200 2640.384000 1.000000
1531.635200 1503.705600 1333.126400 2695.376000 1.000000
1541.190400 1362.081600 1342.820800 2527.392000 1.000000
1563.993600 1453.297600 1366.172800 2629.504000 1.000000
1565.187200 1486.720000 1371.633600 2665.424000 1.000000
1581.000000 1485.793600 1390.139200 2664.736000 1.000000
1606.176000 1438.684800 1414.008000 2604.800000 1.000000
1617.776000 1448.729600 1428.873600 2616.672000 1.000000
1715.808000 672.947200 1477.262400 1815.536000 1.000000
1743.616000 407.395200 1483.260800 1581.984000 1.000000
1686.304000 1220.344000 1496.302400 2412.848000 1.000000
1778.480000 381.867200 1515.145600 1554.531200 1.000000
1686.384000 1579.356800 1517.580800 2755.520000 1.000000
1698.848000 1372.608000 1519.515200 2515.504000 1.000000
1772.544000 652.806400 1529.536000 1790.496000 1.000000
1701.680000 1688.912000 1548.393600 2889.568000 1.000000
1732.352000 1379.849600 1557.808000 2517.504000 1.000000
1797.024000 702.672000 1560.214400 1826.272000 1.000000
1813.200000 850.436800 1586.464000 1956.768000 1.000000
1797.824000 948.446400 1593.150400 2047.808000 1.000000
1813.952000 1475.134400 1653.744000 2609.632000 1.000000
1898.656000 1034.608000 1693.696000 2116.336000 1.000000
1854.336000 1728.896000 1731.856000 2912.832000 1.000000
2163.152000 1561.872000 1892.480000 1747.232000 1.000000
2189.232000 1559.528000 1918.368000 1737.040000 1.000000
2243.040000 1343.820800 1936.272000 1471.041600 1.000000
2276.704000 1414.691200 1985.312000 1539.924800 1.000000
2297.840000 1402.107200 2002.752000 1520.920000 1.000000
2314.048000 1391.092800 2021.168000 1500.216000 1.000000
2428.608000 1264.636800 2111.184000 1322.915200 1.000000
2502.160000 1117.057600 2155.696000 1159.913600 1.000000
2491.008000 1234.153600 2166.720000 1269.825600 1.000000
2503.920000 1189.331200 2172.096000 1221.364800 1.000000
2438.528000 1688.928000 2185.424000 1891.104000 1.000000
2428.032000 1674.368000 2206.320000 1811.152000 1.000000
2506.672000 1341.936000 2206.688000 1368.209600 1.000000
2551.120000 1146.040000 2208.736000 1160.715200 1.000000
2504.992000 1370.660800 2211.872000 1398.072000 1.000000
2575.488000 1097.201600 2221.456000 1100.729600 1.000000
2502.464000 1450.347200 2227.056000 1503.408000 1.000000
2537.888000 1303.275200 2231.392000 1317.657600 1.000000
2516.576000 1433.721600 2238.560000 1475.337600 1.000000
2550.368000 1678.960000 2246.144000 1936.304000 1.000000
2556.320000 1291.070400 2246.496000 1303.222400 1.000000
2526.640000 1444.587200 2252.336000 1484.497600 1.000000
2596.128000 1146.676800 2252.864000 1139.372800 1.000000
2561.024000 1319.204800 2258.128000 1335.014400 1.000000
2569.824000 1325.004800 2266.704000 1335.352000 1.000000
2533.344000 1598.934400 2287.056000 1692.032000 1.000000
2559.568000 1483.524800 2296.032000 1514.510400 1.000000
2717.280000 810.139200 2303.536000 846.014400 1.000000
2606.944000 1374.584000 2315.248000 1383.867200 1.000000
2736.848000 781.340800 2316.128000 807.353600 1.000000
2621.792000 1342.819200 2324.832000 1342.350400 1.000000
2610.832000 1410.492800 2329.680000 1416.025600 1.000000
2602.432000 1458.404800 2333.808000 1469.929600 1.000000
2660.384000 1292.051200 2349.200000 1257.246400 1.000000
2613.264000 1498.873600 2354.704000 1513.524800 1.000000
2615.488000 1484.134400 2355.120000 1498.694400 1.000000
2660.032000 1350.720000 2365.744000 1334.856000 1.000000
2658.112000 1392.504000 2373.840000 1383.262400 1.000000
2643.216000 1453.187200 2374.176000 1451.396800 1.000000
2639.328000 1496.932800 2381.968000 1502.422400 1.000000
2655.392000 1445.182400 2385.696000 1436.795200 1.000000
2661.072000 1451.652800 2391.120000 1443.441600 1.000000
2692.272000 1339.001600 2394.704000 1307.883200 1.000000
2703.664000 1376.939200 2414.848000 1344.100800 1.000000
2720.208000 1323.777600 2417.904000 1278.979200 1.000000
2714.832000 1362.033600 2422.048000 1324.488000 1.000000
2691.904000 1472.212800 2427.712000 1453.132800 1.000000
2694.480000 1503.984000 2438.624000 1485.814400 1.000000
2707.408000 1471.340800 2443.920000 1442.256000 1.000000
2719.840000 1426.478400 2444.528000 1389.993600 1.000000
2722.752000 1443.068800 2448.224000 1397.347200 1.000000
2722.656000 1450.316800 2452.864000 1414.252800 1.000000
2714.064000 1497.145600 2456.080000 1470.358400 1.000000
2732.384000 1429.862400 2457.488000 1387.068800 1.000000
2726.096000 1482.067200 2466.000000 1448.161600 1.000000
2753.872000 1415.793600 2474.128000 1356.924800 1.000000
2763.824000 1452.171200 2493.632000 1391.240000 1.000000
2776.976000 1439.321600 2503.312000 1370.748800 1.000000
3143.360000 1027.590400 2733.728000 760.150400 1.000000
3130.544000 1096.412800 2737.088000 793.308800 1.000000
3797.488000 289.107200 3149.616000 89.089280 1.000000
