140.685120 2256.944000 929.091200 784.944000 1.000000
1306.833600 1664.624000 1548.529600 927.643200 1.000000
244.355200 3018.384000 1631.744000 817.584000 1.000000
363.611200 2188.144000 2017.664000 1565.931200 1.000000
2310.560000 118.765760 2112.592000 2829.840000 1.000000
2407.552000 118.132480 2195.760000 2798.224000 1.000000
2476.416000 83.260320 2238.112000 2744.720000 1.000000
2236.032000 1865.232000 2239.536000 1058.483200 1.000000
2551.744000 86.793600 2303.040000 2728.176000 1.000000
2565.968000 73.993280 2309.024000 2714.320000 1.000000
2610.368000 1847.200000 2546.304000 1063.513600 1.000000
2702.960000 1528.481600 2689.008000 1461.670400 1.000000
2880.128000 1467.244800 2716.336000 2113.584000 1.000000
4007.888000 538.843200 3269.328000 2670.784000 1.000000
2735.360000 473.814400 3425.760000 2431.808000 1.000000
2612.192000 1625.088000 3469.904000 144.383360 1.000000
