4.543504 1962.816000 5.591920 822.483200 1.000000
7.307712 2233.680000 7.283360 1106.801600 1.000000
120.680320 1803.312000 45.346880 700.140800 1.000000
121.483680 1892.640000 59.650240 802.206400 1.000000
92.453760 2145.744000 75.384000 1053.172800 1.000000
137.607840 1882.848000 75.966400 792.456000 1.000000
48.594080 2385.312000 76.739840 1256.633600 1.000000
100.869920 2131.536000 81.974560 1037.931200 1.000000
96.374720 2174.000000 84.669600 1079.030400 1.000000
73.856960 2321.424000 84.810560 1198.137600 1.000000
110.792800 2102.592000 87.573600 1009.494400 1.000000
112.311040 2167.936000 99.496000 1073.745600 1.000000
169.220800 2001.152000 126.060000 931.144000 1.000000
185.726400 1948.912000 137.086240 886.104000 1.000000
67.868000 2800.896000 149.504480 1701.120000 1.000000
192.100800 2040.672000 155.917920 978.934400 1.000000
208.680000 1997.312000 163.528000 930.025600 1.000000
113.478400 2684.272000 174.502400 1600.416000 1.000000
112.255680 2692.208000 175.105600 1608.160000 1.000000
208.136000 2055.504000 175.734400 992.208000 1.000000
179.870400 2311.392000 193.358400 1193.256000 1.000000
138.410720 2793.536000 213.536000 1702.128000 1.000000
134.978720 2851.984000 218.156800 1766.688000 1.000000
192.886400 2467.840000 220.195200 1389.617600 1.000000
138.788800 2869.248000 222.371200 1780.768000 1.000000
136.367200 2933.344000 228.224000 1836.304000 1.000000
286.803200 1880.864000 230.246400 809.259200 1.000000
301.392000 1862.560000 239.652800 790.470400 1.000000
160.638400 2874.752000 242.470400 1786.032000 1.000000
167.057600 2898.720000 252.600000 1808.944000 1.000000
247.244800 2457.456000 274.089600 1366.051200 1.000000
260.521600 2469.776000 284.598400 1376.236800 1.000000
251.812800 2795.616000 318.291200 1719.216000 1.000000
291.632000 2458.064000 321.350400 1374.107200 1.000000
365.388800 1970.544000 321.465600 914.430400 1.000000
364.435200 2021.216000 326.142400 966.609600 1.000000
367.976000 2006.208000 328.417600 950.867200 1.000000
368.907200 1999.840000 328.499200 944.158400 1.000000
385.688000 1921.136000 333.233600 861.408000 1.000000
395.414400 1866.944000 336.840000 804.115200 1.000000
390.467200 1915.984000 337.345600 855.400000 1.000000
325.116800 2375.360000 338.436800 1308.321600 1.000000
396.456000 1877.136000 338.483200 813.278400 1.000000
379.588800 1994.448000 338.928000 939.561600 1.000000
375.996800 2028.032000 339.443200 976.243200 1.000000
381.384000 2006.656000 342.057600 953.468800 1.000000
390.249600 1949.584000 342.928000 892.857600 1.000000
382.726400 2021.200000 345.561600 968.364800 1.000000
394.988800 1935.504000 345.806400 876.822400 1.000000
410.270400 1828.160000 345.934400 759.515200 1.000000
400.700800 1899.904000 347.150400 837.736000 1.000000
388.299200 2000.656000 348.214400 946.840000 1.000000
353.145600 2258.272000 349.724800 1196.492800 1.000000
409.580800 1861.392000 350.427200 797.320000 1.000000
400.435200 1949.136000 352.497600 892.048000 1.000000
388.438400 2040.256000 353.230400 987.944000 1.000000
396.790400 1993.488000 355.540800 939.011200 1.000000
409.665600 1907.360000 356.308800 847.280000 1.000000
331.707200 2457.136000 356.441600 1374.284800 1.000000
406.803200 1931.648000 357.048000 873.545600 1.000000
403.297600 1958.832000 357.280000 902.390400 1.000000
422.232000 1845.184000 358.172800 777.276800 1.000000
410.648000 1922.160000 358.809600 862.529600 1.000000
423.433600 1828.320000 359.918400 760.443200 1.000000
419.660800 1889.312000 364.329600 828.003200 1.000000
423.483200 1871.536000 365.504000 808.312000 1.000000
423.472000 1899.840000 369.601600 839.216000 1.000000
430.225600 1863.120000 372.665600 800.107200 1.000000
436.766400 1829.280000 374.494400 761.865600 1.000000
350.811200 2478.752000 375.796800 1397.284800 1.000000
385.163200 2232.272000 378.331200 1173.108800 1.000000
360.060800 2416.624000 378.512000 1342.568000 1.000000
380.819200 2339.088000 387.664000 1277.827200 1.000000
367.912000 2465.136000 392.865600 1383.273600 1.000000
378.694400 2418.384000 397.196800 1342.424000 1.000000
395.222400 2335.536000 401.652800 1276.180800 1.000000
399.156800 2323.520000 402.633600 1262.427200 1.000000
402.454400 2292.512000 403.593600 1229.816000 1.000000
402.564800 2324.448000 407.380800 1264.060800 1.000000
530.638400 1461.419200 413.328000 450.548800 1.000000
430.118400 2210.544000 420.457600 1148.299200 1.000000
491.614400 1891.840000 439.300800 835.790400 1.000000
500.592000 1881.008000 445.931200 822.003200 1.000000
430.942400 2415.264000 448.884800 1347.040000 1.000000
568.710400 1461.798400 451.680000 451.716800 1.000000
578.494400 1460.892800 462.297600 450.953600 1.000000
582.248000 1496.299200 470.652800 488.974400 1.000000
508.699200 2077.072000 478.294400 1056.102400 1.000000
498.260800 2221.248000 483.176000 1218.676800 1.000000
598.632000 1478.680000 483.582400 471.110400 1.000000
597.369600 1718.528000 523.593600 650.505600 1.000000
571.646400 2002.048000 532.766400 968.944000 1.000000
664.212800 1476.692800 555.913600 475.496000 1.000000
661.166400 1509.289600 556.188800 508.926400 1.000000
550.134400 2614.176000 579.643200 1583.124800 1.000000
532.323200 2789.408000 581.572800 1739.024000 1.000000
548.544000 2637.744000 581.662400 1600.128000 1.000000
654.571200 1764.864000 588.462400 709.876800 1.000000
593.558400 2588.736000 618.086400 1558.811200 1.000000
687.702400 1783.440000 624.980800 733.588800 1.000000
596.449600 2756.528000 637.120000 1711.200000 1.000000
601.392000 2708.288000 637.424000 1671.344000 1.000000
609.889600 2740.864000 645.880000 1699.456000 1.000000
620.243200 2720.768000 657.203200 1682.528000 1.000000
715.606400 1819.440000 658.129600 775.496000 1.000000
711.070400 1882.208000 659.640000 847.616000 1.000000
727.833600 1797.568000 668.643200 752.048000 1.000000
646.336000 2630.896000 669.334400 1599.784000 1.000000
727.947200 1818.272000 670.849600 775.628800 1.000000
749.220800 1806.608000 692.315200 764.470400 1.000000
762.254400 1821.024000 706.696000 780.230400 1.000000
787.689600 1806.144000 734.676800 765.569600 1.000000
788.852800 1942.080000 741.763200 918.275200 1.000000
722.470400 2649.008000 746.924800 1626.016000 1.000000
777.310400 2150.992000 751.134400 1169.945600 1.000000
808.070400 1920.800000 764.276800 899.150400 1.000000
837.088000 1691.664000 771.168000 622.601600 1.000000
784.204800 2220.320000 776.300800 1139.636800 1.000000
839.691200 1815.536000 785.550400 782.980800 1.000000
773.180800 2818.000000 806.547200 1780.640000 1.000000
850.664000 1936.464000 810.160000 919.996800 1.000000
875.214400 1807.872000 821.492800 773.865600 1.000000
823.745600 2586.944000 836.801600 1573.678400 1.000000
879.356800 2152.960000 857.347200 1165.185600 1.000000
848.950400 2807.040000 871.750400 1763.856000 1.000000
1023.814400 1052.790400 902.904000 46.419520 1.000000
1039.185600 1078.054400 924.462400 77.018720 1.000000
1019.736000 1516.449600 942.172800 540.504000 1.000000
1089.683200 1520.905600 1016.704000 551.160000 1.000000
1088.542400 1454.188800 1017.774400 472.811200 1.000000
1004.265600 2876.032000 1023.732800 1789.104000 1.000000
1100.420800 1511.281600 1026.953600 538.044800 1.000000
1019.596800 2880.608000 1042.067200 1789.872000 1.000000
1127.654400 1428.236800 1052.712000 442.656000 1.000000
1135.264000 1517.166400 1065.288000 546.449600 1.000000
1145.251200 1510.544000 1077.041600 541.147200 1.000000
1159.432000 1522.769600 1092.556800 555.752000 1.000000
1175.585600 1462.256000 1106.904000 486.256000 1.000000
1181.707200 1431.481600 1111.627200 449.720000 1.000000
1187.536000 1511.900800 1121.867200 546.513600 1.000000
1194.790400 1489.380800 1129.241600 520.396800 1.000000
1223.003200 1047.073600 1130.656000 52.006720 1.000000
1200.123200 1449.366400 1132.158400 471.588800 1.000000
1196.846400 1510.462400 1132.446400 546.656000 1.000000
1201.526400 1459.790400 1133.716800 484.910400 1.000000
1212.897600 1498.528000 1149.022400 533.152000 1.000000
1214.884800 2156.272000 1188.568000 1184.921600 1.000000
1230.438400 2004.592000 1196.857600 1030.251200 1.000000
1229.948800 2157.728000 1203.057600 1188.512000 1.000000
1244.008000 1975.136000 1212.974400 995.110400 1.000000
1242.392000 2165.616000 1216.006400 1198.259200 1.000000
1243.859200 2197.872000 1220.628800 1226.030400 1.000000
1251.254400 1988.752000 1220.704000 1014.004800 1.000000
1452.774400 2124.976000 1423.603200 1164.128000 1.000000
1458.968000 2230.192000 1430.798400 1275.321600 1.000000
1460.054400 2238.352000 1431.508800 1283.779200 1.000000
1464.052800 2154.272000 1435.035200 1196.611200 1.000000
1465.400000 2216.320000 1436.926400 1261.161600 1.000000
1469.000000 2197.008000 1439.392000 1240.852800 1.000000
1468.710400 2350.224000 1439.883200 1391.576000 1.000000
1472.334400 2146.144000 1443.552000 1190.401600 1.000000
1484.188800 2253.392000 1451.398400 1297.504000 1.000000
1480.488000 2405.280000 1452.878400 1443.772800 1.000000
1482.707200 2199.600000 1453.068800 1245.673600 1.000000
1484.145600 2156.112000 1455.083200 1203.324800 1.000000
1484.923200 2208.976000 1455.236800 1254.937600 1.000000
1492.635200 2215.552000 1462.880000 1261.982400 1.000000
1507.208000 2186.800000 1478.688000 1235.272000 1.000000
1510.800000 2372.080000 1480.276800 1418.324800 1.000000
1566.616000 1531.059200 1533.636800 592.580800 1.000000
1569.614400 1543.089600 1536.857600 606.145600 1.000000
1581.904000 1494.721600 1550.076800 550.376000 1.000000
1588.531200 2164.768000 1559.688000 1211.155200 1.000000
1592.812800 2288.192000 1559.747200 1349.067200 1.000000
1591.782400 1535.032000 1560.740800 598.830400 1.000000
1591.054400 2180.272000 1561.065600 1227.961600 1.000000
1593.646400 1507.968000 1562.612800 570.539200 1.000000
1592.587200 2271.712000 1565.107200 1334.864000 1.000000
1598.644800 2190.432000 1566.790400 1239.038400 1.000000
1694.608000 1018.451200 1679.344000 42.437760 1.000000
1712.480000 1056.825600 1697.552000 95.766720 1.000000
1725.664000 1070.436800 1714.288000 107.834080 1.000000
1745.792000 1561.451200 1728.320000 638.499200 1.000000
1749.312000 1534.438400 1730.960000 609.203200 1.000000
1750.464000 1521.236800 1732.448000 593.894400 1.000000
1755.152000 1528.508800 1737.520000 601.132800 1.000000
1754.208000 1417.020800 1741.056000 466.937600 1.000000
1759.680000 1541.977600 1742.336000 617.009600 1.000000
1756.208000 1404.419200 1743.600000 455.083200 1.000000
1770.704000 1568.404800 1752.896000 646.467200 1.000000
1773.232000 1536.404800 1754.816000 611.084800 1.000000
1783.232000 1590.302400 1765.280000 669.822400 1.000000
1785.104000 1569.843200 1766.400000 649.908800 1.000000
1780.704000 1386.038400 1772.704000 431.627200 1.000000
1792.160000 1540.155200 1778.272000 619.435200 1.000000
1811.808000 1602.224000 1796.096000 684.019200 1.000000
1819.696000 1570.488000 1804.272000 655.113600 1.000000
1807.024000 1089.513600 1804.400000 143.390880 1.000000
1824.272000 1532.675200 1810.720000 609.227200 1.000000
1828.224000 1500.534400 1819.616000 573.344000 1.000000
1836.480000 1500.344000 1827.072000 573.760000 1.000000
1835.504000 1741.056000 1828.368000 751.913600 1.000000
1840.448000 1523.203200 1828.960000 603.406400 1.000000
1826.592000 1230.123200 1830.000000 292.526400 1.000000
1842.976000 1512.283200 1832.736000 590.518400 1.000000
1848.192000 1530.460800 1837.696000 611.320000 1.000000
1849.568000 1518.067200 1839.600000 599.820800 1.000000
1843.616000 1118.187200 1846.640000 178.371200 1.000000
1852.080000 1119.908800 1855.440000 181.518400 1.000000
1857.792000 1120.323200 1861.984000 181.752000 1.000000
1860.448000 1301.400000 1862.464000 344.164800 1.000000
1874.304000 1571.163200 1864.272000 657.240000 1.000000
1864.048000 1113.601600 1868.032000 172.825600 1.000000
1873.440000 1462.828800 1868.432000 528.961600 1.000000
1881.776000 1563.204800 1872.256000 649.873600 1.000000
1887.456000 1551.228800 1879.760000 637.745600 1.000000
1872.976000 1114.784000 1879.952000 177.542400 1.000000
1886.512000 1478.340800 1882.048000 550.532800 1.000000
1878.352000 1306.014400 1884.304000 350.771200 1.000000
1904.464000 1816.992000 1884.416000 850.129600 1.000000
1887.408000 1461.086400 1886.336000 532.329600 1.000000
1895.536000 1575.284800 1886.672000 663.968000 1.000000
1880.576000 1134.665600 1887.152000 200.072000 1.000000
1897.792000 1553.432000 1889.888000 640.732800 1.000000
1891.664000 1129.955200 1901.424000 195.196800 1.000000
1891.584000 1092.788800 1903.408000 152.773280 1.000000
1909.936000 1494.862400 1907.136000 571.574400 1.000000
1907.648000 1399.934400 1911.664000 459.259200 1.000000
1905.008000 1130.481600 1915.200000 197.043200 1.000000
1913.808000 1346.592000 1919.984000 398.377600 1.000000
1936.192000 1844.160000 1923.760000 877.494400 1.000000
1925.648000 1401.694400 1930.400000 462.393600 1.000000
1933.488000 1455.785600 1935.456000 527.297600 1.000000
1948.848000 1834.384000 1936.544000 868.710400 1.000000
1934.448000 1397.265600 1941.184000 457.692800 1.000000
1938.784000 1418.273600 1944.400000 481.665600 1.000000
1936.592000 1342.723200 1945.280000 396.476800 1.000000
1945.936000 1450.891200 1948.144000 521.689600 1.000000
1941.968000 1386.387200 1950.640000 448.790400 1.000000
1941.392000 1359.889600 1952.512000 416.628800 1.000000
1958.512000 1571.584000 1953.664000 663.582400 1.000000
1944.272000 1315.321600 1957.824000 364.824000 1.000000
1937.936000 1080.339200 1958.448000 138.469440 1.000000
1942.784000 1131.252800 1958.688000 200.169600 1.000000
1954.912000 1438.696000 1960.288000 507.806400 1.000000
1959.504000 1460.628800 1965.216000 534.660800 1.000000
1969.952000 1572.700800 1966.272000 665.308800 1.000000
1961.248000 1445.460800 1966.736000 515.675200 1.000000
1960.304000 1362.225600 1972.352000 418.921600 1.000000
1968.784000 1470.894400 1973.408000 546.635200 1.000000
1951.248000 1063.635200 1975.520000 121.403680 1.000000
1984.080000 1588.169600 1980.480000 684.512000 1.000000
1975.648000 1465.545600 1981.600000 542.380800 1.000000
1963.024000 1108.132800 1983.088000 176.776000 1.000000
1988.944000 1572.017600 1983.328000 666.857600 1.000000
1957.648000 1030.492800 1985.296000 76.779680 1.000000
1969.184000 1126.881600 1986.624000 202.166400 1.000000
1994.448000 1582.585600 1991.504000 678.057600 1.000000
1963.824000 1021.052800 1992.944000 67.028000 1.000000
1996.288000 1600.112000 1993.152000 695.358400 1.000000
2007.888000 1889.568000 1994.576000 923.726400 1.000000
2001.360000 1587.545600 1999.056000 683.048000 1.000000
2002.368000 1544.208000 2003.120000 635.942400 1.000000
1991.424000 1368.574400 2005.600000 428.752000 1.000000
2001.888000 1466.715200 2010.032000 543.102400 1.000000
1990.192000 1192.619200 2011.200000 264.198400 1.000000
2012.784000 1742.048000 2012.448000 767.371200 1.000000
2013.184000 1560.606400 2013.776000 655.158400 1.000000
2007.136000 1485.147200 2014.016000 567.817600 1.000000
1995.232000 1201.640000 2014.672000 273.136000 1.000000
2019.520000 1723.040000 2020.528000 754.211200 1.000000
2005.120000 1351.864000 2023.248000 410.867200 1.000000
2004.704000 1337.980800 2024.064000 393.800000 1.000000
2009.680000 1327.049600 2029.760000 382.708800 1.000000
2039.040000 1847.824000 2030.240000 887.684800 1.000000
2038.672000 1830.272000 2031.296000 870.012800 1.000000
2036.080000 1812.304000 2031.712000 849.446400 1.000000
2013.776000 1351.264000 2033.056000 409.760000 1.000000
2032.496000 1573.352000 2033.520000 670.036800 1.000000
2035.376000 1766.528000 2033.936000 797.996800 1.000000
2034.256000 1558.772800 2036.416000 651.643200 1.000000
2010.144000 1095.292800 2039.024000 164.563200 1.000000
2022.112000 1372.552000 2040.016000 433.512000 1.000000
2012.400000 1105.400000 2040.896000 176.704000 1.000000
2023.392000 1159.897600 2051.488000 234.427200 1.000000
2027.600000 1136.544000 2054.912000 211.838400 1.000000
2024.960000 1107.217600 2054.928000 179.907200 1.000000
2024.816000 1089.267200 2056.144000 159.724000 1.000000
2035.168000 1216.017600 2060.336000 293.443200 1.000000
2066.688000 1734.736000 2065.536000 778.998400 1.000000
2036.032000 1117.481600 2069.008000 193.369600 1.000000
2056.432000 1433.985600 2072.208000 507.980800 1.000000
2089.296000 1883.456000 2073.920000 918.012800 1.000000
2083.328000 1820.224000 2077.696000 855.382400 1.000000
2041.456000 1016.624000 2083.824000 67.017120 1.000000
2066.304000 1428.918400 2084.256000 503.524800 1.000000
2058.256000 1308.990400 2084.528000 369.092800 1.000000
2054.896000 1191.105600 2085.488000 266.899200 1.000000
2059.680000 1214.072000 2089.056000 291.764800 1.000000
2072.448000 1303.897600 2101.600000 364.284800 1.000000
2090.304000 1129.780800 2131.136000 209.769600 1.000000
2094.656000 1030.374400 2144.208000 87.840160 1.000000
2105.616000 1132.192000 2145.408000 211.164800 1.000000
2108.928000 1090.817600 2153.600000 167.179200 1.000000
2117.216000 1109.060800 2160.304000 189.579200 1.000000
2125.648000 1227.388800 2162.768000 310.348800 1.000000
2122.144000 1142.118400 2164.896000 223.560000 1.000000
2131.216000 1071.318400 2182.256000 145.306880 1.000000
2127.664000 1018.219200 2183.984000 73.832160 1.000000
2140.688000 1146.022400 2185.648000 231.352000 1.000000
2143.824000 1133.627200 2188.368000 219.156800 1.000000
2151.632000 1158.937600 2195.344000 245.910400 1.000000
2147.152000 1112.776000 2196.272000 196.502400 1.000000
2149.984000 1072.163200 2203.040000 146.166560 1.000000
2153.552000 1090.094400 2205.936000 167.358400 1.000000
2162.720000 1109.091200 2214.288000 192.513600 1.000000
2163.712000 1069.385600 2219.248000 146.437280 1.000000
2167.328000 1076.948800 2224.880000 155.003200 1.000000
2164.064000 1019.275200 2225.488000 81.441600 1.000000
2169.808000 1065.731200 2227.328000 142.328640 1.000000
2178.256000 1087.987200 2234.400000 166.360000 1.000000
2176.032000 1052.400000 2236.000000 123.325280 1.000000
2179.152000 1068.966400 2237.232000 144.876000 1.000000
2172.960000 981.611200 2240.000000 30.594560 1.000000
2185.984000 1034.068800 2249.488000 98.236160 1.000000
2202.176000 1251.424000 2255.744000 292.137600 1.000000
2212.480000 1012.433600 2284.496000 70.575040 1.000000
2640.080000 1276.686400 2493.840000 1589.064000 1.000000
2645.024000 1305.766400 2494.752000 1615.424000 1.000000
2685.808000 1522.900800 2508.144000 1810.896000 1.000000
2723.024000 1382.982400 2560.784000 1708.784000 1.000000
2738.800000 1260.478400 2591.664000 1612.432000 1.000000
2779.584000 1328.280000 2624.048000 1678.800000 1.000000
2809.312000 1474.579200 2625.488000 1808.016000 1.000000
2778.720000 1299.632000 2626.480000 1656.896000 1.000000
2785.584000 1300.576000 2632.880000 1659.104000 1.000000
2806.752000 1305.246400 2653.808000 1668.048000 1.000000
2811.232000 1321.432000 2655.792000 1681.824000 1.000000
2815.072000 1299.424000 2662.192000 1665.904000 1.000000
2817.616000 1293.336000 2665.376000 1661.104000 1.000000
2824.816000 1287.808000 2673.488000 1658.848000 1.000000
3393.632000 442.643200 3534.864000 1201.846400 1.000000
