265.318400 2592.208000 52.207520 994.808000 1.000000
345.932800 1769.296000 1544.476800 1063.238400 1.000000
1826.592000 1230.123200 1687.488000 2015.248000 1.000000
577.540800 1815.888000 2246.880000 466.529600 1.000000
2767.408000 1427.035200 2662.800000 1188.601600 1.000000
2743.904000 1646.672000 2797.024000 1372.049600 1.000000
2484.896000 2220.752000 2840.528000 1419.312000 1.000000
3343.920000 363.067200 3000.480000 308.046400 1.000000
2928.864000 2973.712000 3147.024000 2684.784000 1.000000
3399.296000 1309.184000 3660.752000 1121.148800 1.000000
69.987840 2466.448000 3813.808000 1499.033600 1.000000
