21.465600 1405.571200 100.943680 2143.616000 1.000000
25.850400 1409.046400 105.608640 2145.232000 1.000000
36.621920 1353.828800 122.802400 2093.888000 1.000000
56.259040 1418.208000 132.369920 2153.824000 1.000000
144.012160 1882.144000 140.168640 2720.416000 1.000000
168.568000 1944.848000 160.137600 2770.656000 1.000000
77.256480 1330.872000 165.843200 2070.576000 1.000000
81.813760 1356.620800 166.619200 2095.040000 1.000000
89.182560 1413.302400 167.520000 2148.640000 1.000000
94.052800 1437.363200 168.316800 2170.992000 1.000000
83.906240 1353.296000 169.051200 2092.464000 1.000000
185.726400 1948.912000 174.489600 2774.544000 1.000000
105.920640 1438.736000 180.092800 2171.344000 1.000000
199.678400 2037.072000 180.638400 2868.272000 1.000000
174.587200 1819.120000 182.755200 2640.128000 1.000000
108.280480 1428.420800 183.750400 2162.256000 1.000000
212.699200 2041.040000 192.593600 2874.240000 1.000000
118.907360 1387.379200 198.462400 2124.864000 1.000000
202.204800 1834.128000 206.995200 2657.984000 1.000000
248.883200 2090.848000 223.446400 2927.456000 1.000000
219.596800 1830.544000 225.593600 2652.736000 1.000000
262.417600 2107.168000 238.638400 2947.360000 1.000000
261.484800 1897.024000 257.132800 2730.800000 1.000000
283.488000 1880.384000 283.854400 2705.744000 1.000000
301.392000 1862.560000 303.889600 2682.400000 1.000000
314.713600 1824.160000 322.339200 2640.544000 1.000000
336.092800 1876.688000 338.409600 2693.840000 1.000000
371.716800 2035.696000 358.721600 2863.968000 1.000000
348.747200 1805.488000 359.996800 2623.152000 1.000000
373.921600 1979.408000 366.990400 2803.296000 1.000000
380.232000 2037.024000 367.456000 2865.200000 1.000000
382.712000 1981.232000 375.316800 2806.896000 1.000000
388.438400 2040.256000 376.204800 2867.648000 1.000000
391.988800 2013.552000 381.448000 2839.664000 1.000000
390.249600 1949.584000 385.932800 2771.936000 1.000000
398.782400 2023.216000 387.854400 2850.544000 1.000000
396.790400 1993.488000 389.120000 2818.064000 1.000000
402.548800 2003.264000 393.883200 2828.368000 1.000000
398.705600 1925.472000 396.500800 2747.072000 1.000000
396.456000 1877.136000 399.499200 2695.344000 1.000000
403.297600 1958.832000 399.745600 2780.944000 1.000000
395.414400 1866.944000 399.958400 2685.952000 1.000000
400.700800 1899.904000 401.536000 2719.632000 1.000000
401.380800 1907.040000 402.649600 2726.656000 1.000000
402.238400 1892.048000 403.275200 2709.248000 1.000000
406.174400 1915.744000 405.588800 2735.792000 1.000000
413.356800 1994.864000 406.292800 2819.520000 1.000000
410.648000 1922.160000 409.563200 2742.464000 1.000000
409.665600 1907.360000 409.576000 2727.360000 1.000000
411.371200 1898.608000 413.347200 2717.904000 1.000000
418.593600 1917.168000 418.483200 2737.616000 1.000000
419.660800 1889.312000 421.342400 2707.968000 1.000000
420.076800 1861.664000 424.187200 2679.872000 1.000000
423.472000 1899.840000 424.987200 2719.072000 1.000000
423.483200 1871.536000 427.716800 2689.520000 1.000000
428.704000 1881.056000 431.849600 2699.200000 1.000000
430.225600 1863.120000 435.720000 2681.680000 1.000000
440.572800 1880.736000 443.715200 2698.336000 1.000000
444.304000 1891.472000 446.390400 2707.440000 1.000000
431.236800 1659.504000 452.142400 2479.280000 1.000000
430.577600 1667.856000 454.588800 2486.544000 1.000000
443.246400 1659.648000 469.539200 2477.632000 1.000000
476.707200 1871.632000 479.425600 2687.104000 1.000000
495.049600 1923.072000 494.696000 2743.200000 1.000000
500.592000 1881.008000 504.971200 2701.520000 1.000000
507.398400 1874.336000 511.238400 2694.048000 1.000000
529.630400 1994.896000 515.931200 2837.264000 1.000000
481.865600 1414.955200 547.017600 2136.816000 1.000000
489.697600 1447.812800 551.179200 2167.552000 1.000000
492.804800 1423.574400 556.872000 2147.664000 1.000000
429.614400 890.483200 560.238400 1602.672000 1.000000
507.230400 1436.721600 568.456000 2157.728000 1.000000
571.646400 2002.048000 569.144000 2811.168000 1.000000
576.657600 1982.256000 575.601600 2790.240000 1.000000
566.889600 1721.920000 584.104000 2532.704000 1.000000
530.638400 1461.419200 590.606400 2179.920000 1.000000
547.182400 1447.355200 609.062400 2166.192000 1.000000
551.668800 1464.182400 609.403200 2181.968000 1.000000
550.462400 1416.496000 612.137600 2136.592000 1.000000
610.619200 1763.152000 627.342400 2565.952000 1.000000
460.720000 393.649600 641.939200 1124.936000 1.000000
454.406400 329.417600 642.851200 1066.747200 1.000000
624.139200 1771.168000 643.096000 2573.088000 1.000000
630.857600 1764.432000 647.764800 2565.696000 1.000000
598.632000 1478.680000 653.824000 2195.632000 1.000000
466.729600 319.384000 654.067200 1056.344000 1.000000
547.891200 1046.555200 654.857600 1739.616000 1.000000
554.433600 1027.412800 662.126400 1719.792000 1.000000
548.822400 948.553600 664.398400 1648.400000 1.000000
654.571200 1764.864000 672.041600 2565.280000 1.000000
617.616000 1468.305600 674.553600 2184.752000 1.000000
653.235200 1655.280000 676.822400 2463.856000 1.000000
621.686400 1458.643200 679.139200 2174.832000 1.000000
634.947200 1458.841600 691.806400 2174.256000 1.000000
635.955200 1417.110400 695.508800 2133.520000 1.000000
638.617600 1431.696000 697.332800 2148.928000 1.000000
687.702400 1783.440000 703.732800 2584.384000 1.000000
522.003200 295.084800 707.212800 1036.849600 1.000000
603.284800 1042.014400 707.480000 1732.624000 1.000000
660.889600 1497.348800 712.950400 2214.816000 1.000000
664.411200 1499.411200 717.280000 2217.600000 1.000000
609.916800 1005.236800 717.286400 1696.464000 1.000000
618.123200 1033.716800 721.072000 1724.560000 1.000000
614.104000 987.326400 721.924800 1680.384000 1.000000
715.545600 1923.664000 723.148800 2730.048000 1.000000
710.086400 1810.192000 723.720000 2610.320000 1.000000
710.732800 1843.568000 724.022400 2639.840000 1.000000
673.553600 1511.211200 724.969600 2227.904000 1.000000
620.475200 990.643200 727.268800 1684.160000 1.000000
716.331200 1832.144000 730.110400 2629.376000 1.000000
676.838400 1491.619200 730.350400 2206.720000 1.000000
620.070400 966.590400 730.704000 1661.024000 1.000000
788.852800 1942.080000 799.134400 2744.240000 1.000000
787.689600 1806.144000 803.131200 2603.280000 1.000000
808.070400 1920.800000 803.425600 2706.656000 1.000000
829.800000 1970.528000 837.190400 2773.520000 1.000000
828.984000 1804.384000 845.628800 2600.832000 1.000000
838.779200 1979.728000 846.705600 2780.064000 1.000000
839.691200 1815.536000 857.780800 2610.928000 1.000000
850.664000 1936.464000 860.272000 2738.736000 1.000000
875.214400 1807.872000 893.286400 2601.840000 1.000000
876.795200 1796.560000 896.078400 2590.768000 1.000000
881.528000 1825.632000 899.059200 2617.984000 1.000000
888.168000 1833.392000 905.004800 2627.008000 1.000000
893.972800 1837.168000 910.704000 2631.088000 1.000000
892.307200 1798.224000 911.848000 2592.352000 1.000000
1002.084800 1526.838400 1047.294400 2230.480000 1.000000
1014.828800 1542.713600 1060.491200 2245.936000 1.000000
1051.012800 1031.305600 1126.148800 1701.712000 1.000000
1088.542400 1454.188800 1138.400000 2151.280000 1.000000
1091.283200 1536.308800 1138.595200 2235.344000 1.000000
1050.915200 416.905600 1160.600000 1119.353600 1.000000
1063.668800 444.072000 1163.638400 1138.163200 1.000000
1118.238400 1488.014400 1166.368000 2182.960000 1.000000
1123.604800 1479.776000 1171.828800 2174.496000 1.000000
1125.545600 1437.153600 1175.560000 2132.928000 1.000000
1102.419200 1028.979200 1175.729600 1696.304000 1.000000
1100.870400 1009.075200 1175.776000 1679.456000 1.000000
1128.748800 1508.068800 1176.900800 2203.136000 1.000000
1127.654400 1428.236800 1177.257600 2124.720000 1.000000
1130.313600 1455.920000 1177.913600 2150.496000 1.000000
1137.843200 1491.659200 1183.892800 2186.912000 1.000000
1114.364800 1054.048000 1185.241600 1720.848000 1.000000
1139.779200 1482.688000 1188.284800 2177.328000 1.000000
1148.587200 1497.696000 1195.793600 2191.392000 1.000000
1159.432000 1522.769600 1203.520000 2216.192000 1.000000
1106.740800 411.422400 1205.811200 1110.624000 1.000000
1115.059200 448.337600 1214.337600 1144.809600 1.000000
1117.230400 424.812800 1217.534400 1123.105600 1.000000
1176.748800 1542.038400 1222.771200 2236.496000 1.000000
1175.585600 1462.256000 1222.811200 2155.008000 1.000000
1150.449600 903.771200 1223.540800 1585.025600 1.000000
1173.921600 1438.704000 1224.428800 2133.952000 1.000000
1181.707200 1431.481600 1230.201600 2125.344000 1.000000
1186.627200 1486.952000 1234.043200 2178.416000 1.000000
1214.884800 2156.272000 1234.894400 2950.912000 1.000000
1174.376000 1016.803200 1243.483200 1683.840000 1.000000
1200.123200 1449.366400 1248.724800 2143.264000 1.000000
1206.292800 1511.107200 1252.844800 2201.680000 1.000000
1208.704000 1470.811200 1256.648000 2163.888000 1.000000
1230.438400 2004.592000 1257.044800 2785.504000 1.000000
1165.169600 368.878400 1259.400000 1077.049600 1.000000
1238.505600 2159.792000 1263.134400 2954.256000 1.000000
1197.646400 995.500800 1263.449600 1664.192000 1.000000
1169.692800 357.356800 1264.299200 1067.937600 1.000000
1174.590400 273.568000 1269.668800 1004.800000 1.000000
1243.859200 2197.872000 1271.368000 2997.584000 1.000000
1209.435200 987.940800 1276.905600 1655.760000 1.000000
1208.516800 923.281600 1277.374400 1598.913600 1.000000
1251.254400 1988.752000 1278.123200 2766.624000 1.000000
1253.046400 1999.152000 1280.579200 2777.888000 1.000000
1256.974400 2030.192000 1284.995200 2813.376000 1.000000
1218.681600 987.865600 1285.598400 1655.824000 1.000000
1220.052800 920.636800 1287.921600 1596.424000 1.000000
1259.670400 2186.800000 1288.291200 2985.136000 1.000000
1223.344000 936.028800 1289.636800 1610.208000 1.000000
1230.307200 365.875200 1315.772800 1073.273600 1.000000
1293.000000 2113.424000 1319.374400 2903.408000 1.000000
1231.868800 399.112000 1321.694400 1098.500800 1.000000
1235.020800 296.646400 1322.902400 1021.483200 1.000000
1294.459200 1999.232000 1325.932800 2778.448000 1.000000
1239.913600 294.235200 1326.512000 1018.720000 1.000000
1247.145600 424.832000 1330.420800 1118.428800 1.000000
1256.275200 301.508800 1340.366400 1025.158400 1.000000
1263.102400 396.272000 1343.937600 1095.782400 1.000000
1267.795200 408.528000 1348.284800 1105.243200 1.000000
1271.779200 362.054400 1353.025600 1070.057600 1.000000
1281.689600 352.985600 1360.688000 1063.488000 1.000000
1282.137600 340.980800 1361.825600 1055.584000 1.000000
1287.737600 348.673600 1367.264000 1061.452800 1.000000
1298.392000 406.436800 1374.483200 1102.286400 1.000000
1452.774400 2124.976000 1492.443200 2913.616000 1.000000
1464.052800 2154.272000 1505.417600 2944.048000 1.000000
1469.000000 2197.008000 1510.590400 2990.160000 1.000000
1472.334400 2146.144000 1513.444800 2933.424000 1.000000
1542.368000 1494.870400 1588.243200 2172.912000 1.000000
1569.614400 1543.089600 1614.976000 2221.152000 1.000000
1669.728000 1067.270400 1706.144000 1711.264000 1.000000
1696.512000 418.494400 1721.008000 1101.932800 1.000000
1667.824000 2139.984000 1723.680000 2926.752000 1.000000
1683.728000 1549.219200 1729.024000 2223.840000 1.000000
1694.240000 1548.390400 1738.992000 2221.824000 1.000000
1707.888000 1561.334400 1754.912000 2234.912000 1.000000
1748.368000 420.017600 1766.704000 1101.524800 1.000000
1739.088000 1055.216000 1773.328000 1693.472000 1.000000
1758.976000 460.188800 1778.144000 1131.817600 1.000000
1732.848000 1575.011200 1778.736000 2250.288000 1.000000
1751.872000 1115.440000 1785.984000 1750.656000 1.000000
1775.520000 460.600000 1790.656000 1130.652800 1.000000
1745.792000 1561.451200 1792.288000 2234.480000 1.000000
1756.208000 1404.419200 1798.032000 2076.256000 1.000000
1762.784000 1386.033600 1801.488000 2057.168000 1.000000
1759.680000 1541.977600 1805.888000 2212.448000 1.000000
1766.192000 1511.756800 1809.696000 2181.056000 1.000000
1768.688000 1715.440000 1816.512000 2480.464000 1.000000
1773.232000 1536.404800 1818.032000 2206.544000 1.000000
1774.176000 1503.312000 1819.248000 2176.304000 1.000000
1779.872000 1369.246400 1821.232000 2044.144000 1.000000
1783.296000 1528.120000 1829.792000 2198.224000 1.000000
1785.104000 1569.843200 1829.840000 2245.248000 1.000000
1800.256000 1085.230400 1830.752000 1719.840000 1.000000
1783.232000 1590.302400 1830.912000 2265.504000 1.000000
1811.936000 1077.060800 1841.888000 1711.520000 1.000000
1794.064000 1699.072000 1844.688000 2464.752000 1.000000
1814.688000 1086.019200 1845.360000 1719.904000 1.000000
1803.392000 1556.388800 1849.344000 2226.912000 1.000000
1802.656000 1667.904000 1852.688000 2417.232000 1.000000
1811.408000 1517.212800 1856.224000 2183.712000 1.000000
1819.696000 1570.488000 1866.944000 2240.528000 1.000000
1824.272000 1532.675200 1869.488000 2198.720000 1.000000
1837.776000 1200.422400 1869.936000 1837.536000 1.000000
1842.960000 1064.878400 1870.464000 1699.200000 1.000000
1828.224000 1500.534400 1872.160000 2167.040000 1.000000
1843.616000 1118.187200 1872.960000 1750.992000 1.000000
1830.192000 1591.016000 1877.312000 2263.728000 1.000000
1834.768000 1516.568000 1880.368000 2183.664000 1.000000
1867.472000 719.428800 1881.280000 1382.240000 1.000000
1852.080000 1119.908800 1881.456000 1752.944000 1.000000
1846.256000 1231.777600 1881.616000 1868.432000 1.000000
1850.608000 1203.385600 1882.192000 1841.888000 1.000000
1852.480000 1215.803200 1885.024000 1853.632000 1.000000
1837.376000 1603.200000 1886.112000 2277.552000 1.000000
1860.160000 1120.328000 1889.040000 1753.488000 1.000000
1845.952000 1499.256000 1890.000000 2167.024000 1.000000
1860.496000 1127.457600 1890.960000 1759.856000 1.000000
1870.128000 1058.556800 1896.112000 1692.480000 1.000000
1886.672000 923.598400 1907.440000 1570.476800 1.000000
1880.576000 1134.665600 1908.432000 1767.168000 1.000000
1855.328000 1705.584000 1908.944000 2460.464000 1.000000
1926.112000 109.927360 1909.424000 837.862400 1.000000
1889.488000 938.393600 1910.736000 1584.665600 1.000000
1873.440000 1462.828800 1916.176000 2130.048000 1.000000
1862.160000 1716.736000 1918.496000 2472.128000 1.000000
1883.904000 1279.118400 1918.912000 1940.576000 1.000000
1891.664000 1129.955200 1919.152000 1762.864000 1.000000
1920.544000 515.961600 1920.400000 1170.296000 1.000000
1874.304000 1571.163200 1921.104000 2237.872000 1.000000
1870.640000 1657.600000 1921.952000 2401.200000 1.000000
1877.264000 1553.928000 1924.016000 2220.832000 1.000000
1914.848000 742.817600 1924.672000 1402.651200 1.000000
1901.104000 1112.804800 1925.472000 1744.496000 1.000000
1947.184000 96.409280 1927.808000 822.888000 1.000000
1881.776000 1563.204800 1928.544000 2229.856000 1.000000
1886.512000 1478.340800 1928.720000 2143.408000 1.000000
1887.456000 1551.228800 1933.920000 2218.128000 1.000000
1896.112000 1403.982400 1934.848000 2067.056000 1.000000
1913.088000 1063.371200 1935.456000 1694.848000 1.000000
1880.112000 1727.040000 1936.048000 2486.160000 1.000000
1915.696000 1078.555200 1938.816000 1708.640000 1.000000
1911.936000 1138.446400 1938.992000 1770.064000 1.000000
1895.536000 1575.284800 1943.760000 2242.912000 1.000000
1910.384000 1277.358400 1944.832000 1935.664000 1.000000
1897.792000 1553.432000 1944.912000 2219.136000 1.000000
1890.304000 1693.872000 1945.568000 2444.528000 1.000000
1947.680000 530.222400 1946.176000 1181.128000 1.000000
1889.040000 1742.912000 1946.432000 2500.384000 1.000000
1907.648000 1399.934400 1947.920000 2064.928000 1.000000
1923.776000 1129.972800 1950.336000 1758.752000 1.000000
1913.280000 1446.153600 1953.344000 2110.896000 1.000000
1898.320000 1718.176000 1954.432000 2474.896000 1.000000
1985.840000 68.729440 1956.896000 794.440000 1.000000
1931.968000 1093.907200 1957.376000 1721.504000 1.000000
1979.248000 206.222400 1957.824000 925.742400 1.000000
1959.824000 689.579200 1962.864000 1324.737600 1.000000
1928.736000 1318.852800 1964.704000 1980.752000 1.000000
1976.288000 382.550400 1965.024000 1067.376000 1.000000
1997.984000 46.968960 1966.880000 773.883200 1.000000
1970.816000 578.681600 1967.392000 1220.092800 1.000000
1942.784000 1131.252800 1967.840000 1758.880000 1.000000
1933.808000 1272.249600 1968.192000 1929.024000 1.000000
1904.464000 1816.992000 1968.496000 2573.872000 1.000000
1936.592000 1342.723200 1971.168000 2007.536000 1.000000
1932.224000 1411.550400 1972.064000 2075.408000 1.000000
2000.528000 117.072480 1972.144000 839.590400 1.000000
1926.224000 1533.203200 1972.336000 2196.304000 1.000000
2006.512000 124.895360 1977.664000 846.617600 1.000000
2012.816000 63.265440 1979.232000 787.915200 1.000000
1985.024000 564.768000 1979.504000 1207.347200 1.000000
1992.192000 550.057600 1985.680000 1196.094400 1.000000
1945.936000 1450.891200 1986.720000 2115.456000 1.000000
2024.144000 40.163040 1987.040000 766.979200 1.000000
1947.920000 1405.712000 1988.144000 2070.528000 1.000000
2020.144000 132.101920 1988.352000 853.449600 1.000000
2011.552000 329.152000 1990.672000 1030.204800 1.000000
1999.840000 512.481600 1990.816000 1165.579200 1.000000
2023.440000 131.468160 1991.712000 852.787200 1.000000
1996.160000 645.171200 1993.152000 1274.772800 1.000000
2002.720000 548.252800 1993.664000 1194.265600 1.000000
2030.176000 49.046560 1993.984000 773.139200 1.000000
2015.840000 311.486400 1994.816000 1012.235200 1.000000
1956.912000 1381.043200 1995.680000 2044.688000 1.000000
1992.432000 777.832000 1998.208000 1432.966400 1.000000
1960.304000 1362.225600 1998.384000 2025.664000 1.000000
2038.624000 53.618080 2000.592000 777.313600 1.000000
1936.192000 1844.160000 2001.968000 2607.856000 1.000000
1984.016000 1033.467200 2003.552000 1665.984000 1.000000
1938.336000 1833.488000 2004.544000 2595.712000 1.000000
1956.288000 1586.040000 2005.600000 2252.256000 1.000000
1958.512000 1571.584000 2006.224000 2235.568000 1.000000
1984.288000 1173.875200 2009.200000 1808.016000 1.000000
1980.576000 1228.158400 2010.656000 1865.024000 1.000000
1948.960000 1853.104000 2014.496000 2615.456000 1.000000
2056.944000 38.051520 2014.528000 763.390400 1.000000
1968.080000 1587.654400 2017.360000 2252.976000 1.000000
1969.952000 1572.700800 2018.912000 2235.952000 1.000000
2036.416000 502.054400 2021.760000 1157.593600 1.000000
2056.960000 151.715840 2021.792000 869.128000 1.000000
2035.344000 537.936000 2023.056000 1184.734400 1.000000
1962.864000 1854.592000 2028.720000 2616.208000 1.000000
2010.144000 1095.292800 2029.792000 1720.304000 1.000000
2067.584000 124.217120 2030.080000 844.150400 1.000000
2006.416000 1184.691200 2031.584000 1817.520000 1.000000
1988.000000 1467.737600 2031.936000 2129.920000 1.000000
2012.400000 1105.400000 2032.944000 1730.432000 1.000000
1966.064000 1845.248000 2033.312000 2607.200000 1.000000
1984.080000 1588.169600 2034.016000 2252.672000 1.000000
2052.992000 527.393600 2036.416000 1176.192000 1.000000
1998.816000 1374.651200 2036.544000 2037.744000 1.000000
1991.984000 1524.750400 2037.312000 2185.888000 1.000000
2011.152000 1218.598400 2037.440000 1854.016000 1.000000
1988.944000 1572.017600 2037.488000 2235.168000 1.000000
1954.816000 2160.864000 2041.264000 2941.968000 1.000000
2080.336000 145.481120 2041.488000 861.486400 1.000000
2001.888000 1466.715200 2044.368000 2127.408000 1.000000
2024.960000 1107.217600 2046.272000 1731.392000 1.000000
1996.288000 1600.112000 2046.352000 2266.400000 1.000000
1979.984000 1852.720000 2046.512000 2611.360000 1.000000
2015.744000 1280.876800 2047.536000 1933.952000 1.000000
2062.000000 569.211200 2047.552000 1209.974400 1.000000
2004.000000 1532.182400 2048.176000 2193.488000 1.000000
2022.304000 1208.540800 2048.720000 1843.120000 1.000000
2013.776000 1351.264000 2050.272000 2010.256000 1.000000
2002.368000 1544.208000 2050.352000 2205.840000 1.000000
2001.360000 1587.545600 2050.416000 2252.800000 1.000000
2034.176000 1093.180800 2052.704000 1717.872000 1.000000
2074.224000 478.556800 2053.552000 1137.612800 1.000000
2050.464000 895.803200 2054.160000 1539.491200 1.000000
2049.696000 913.987200 2057.440000 1557.000000 1.000000
2018.640000 1460.481600 2061.232000 2121.184000 1.000000
2106.768000 130.116320 2061.664000 846.348800 1.000000
2058.624000 824.323200 2061.936000 1473.648000 1.000000
2018.224000 1506.011200 2063.248000 2165.168000 1.000000
2111.248000 157.991680 2065.216000 874.952000 1.000000
2057.328000 936.968000 2066.768000 1575.174400 1.000000
2058.448000 927.472000 2066.816000 1568.491200 1.000000
2020.928000 1555.580800 2069.472000 2216.784000 1.000000
2066.880000 898.836800 2072.528000 1541.902400 1.000000
2064.432000 976.550400 2073.952000 1610.544000 1.000000
2069.120000 918.342400 2075.456000 1559.896000 1.000000
2077.168000 832.022400 2077.488000 1480.718400 1.000000
2122.320000 175.123200 2078.544000 887.862400 1.000000
2093.616000 649.950400 2078.672000 1276.763200 1.000000
2103.744000 495.092800 2080.064000 1152.713600 1.000000
2007.888000 1889.568000 2080.112000 2646.032000 1.000000
2019.520000 1723.040000 2080.896000 2471.664000 1.000000
2132.096000 98.012960 2081.184000 813.558400 1.000000
2059.264000 1199.859200 2082.560000 1832.192000 1.000000
2088.448000 758.536000 2082.816000 1408.016000 1.000000
2102.080000 577.713600 2083.216000 1214.577600 1.000000
2099.952000 600.216000 2083.344000 1230.329600 1.000000
2133.968000 125.960480 2084.352000 839.849600 1.000000
2035.760000 1520.964800 2086.560000 2183.280000 1.000000
2053.440000 1356.188800 2087.120000 2015.392000 1.000000
2113.728000 465.518400 2089.056000 1128.187200 1.000000
2045.872000 1481.633600 2090.256000 2142.464000 1.000000
2089.264000 885.729600 2092.960000 1531.345600 1.000000
2092.912000 870.585600 2094.112000 1513.432000 1.000000
2087.120000 935.715200 2094.128000 1574.792000 1.000000
2072.912000 1191.934400 2095.264000 1822.720000 1.000000
2067.568000 1256.299200 2095.344000 1896.608000 1.000000
2067.072000 1282.617600 2096.352000 1932.352000 1.000000
2023.008000 1866.128000 2096.496000 2627.904000 1.000000
2145.984000 192.238400 2097.136000 901.740800 1.000000
2145.424000 164.979200 2098.480000 876.086400 1.000000
2067.664000 1299.105600 2100.832000 1951.008000 1.000000
2035.376000 1766.528000 2101.952000 2516.672000 1.000000
2097.952000 944.260800 2104.256000 1583.444800 1.000000
2082.928000 1171.315200 2104.304000 1798.976000 1.000000
2036.080000 1812.304000 2106.368000 2570.832000 1.000000
2124.768000 643.692800 2107.472000 1268.547200 1.000000
2158.272000 197.536000 2109.648000 905.286400 1.000000
2106.256000 899.180800 2109.744000 1540.931200 1.000000
2087.344000 1197.708800 2110.080000 1829.744000 1.000000
2039.040000 1847.824000 2111.456000 2607.024000 1.000000
2083.824000 1283.080000 2112.784000 1931.184000 1.000000
2074.816000 1434.488000 2115.664000 2092.688000 1.000000
2108.112000 985.571200 2116.272000 1617.968000 1.000000
2089.088000 1325.347200 2121.664000 1978.752000 1.000000
2145.280000 606.480000 2122.144000 1236.624000 1.000000
2098.400000 1233.062400 2122.624000 1864.768000 1.000000
2126.208000 833.478400 2123.392000 1476.478400 1.000000
2108.928000 1090.817600 2124.368000 1712.192000 1.000000
2174.528000 245.854400 2127.248000 948.328000 1.000000
2180.816000 148.267840 2127.264000 857.310400 1.000000
2148.832000 659.272000 2129.568000 1283.478400 1.000000
2066.688000 1734.736000 2131.296000 2471.616000 1.000000
2105.344000 1257.097600 2132.144000 1898.240000 1.000000
2117.216000 1109.060800 2133.504000 1730.624000 1.000000
2128.592000 964.806400 2133.904000 1597.097600 1.000000
2113.568000 1171.956800 2133.968000 1798.592000 1.000000
2160.496000 555.640000 2134.608000 1194.113600 1.000000
2136.112000 887.305600 2135.824000 1529.704000 1.000000
2190.064000 205.617600 2137.808000 911.292800 1.000000
2142.512000 831.204800 2138.016000 1475.332800 1.000000
2087.392000 1534.406400 2138.640000 2237.632000 1.000000
2125.072000 1120.648000 2140.320000 1740.640000 1.000000
2163.952000 635.492800 2141.584000 1259.547200 1.000000
2188.944000 299.483200 2143.296000 993.816000 1.000000
2145.696000 921.984000 2147.232000 1560.640000 1.000000
2153.552000 835.219200 2149.152000 1479.201600 1.000000
2138.064000 1066.276800 2150.304000 1688.832000 1.000000
2200.624000 251.033600 2150.432000 950.400000 1.000000
2134.624000 1161.848000 2154.512000 1786.784000 1.000000
2208.992000 241.672000 2157.040000 942.288000 1.000000
2140.688000 1146.022400 2157.472000 1767.712000 1.000000
2162.560000 872.961600 2158.688000 1510.502400 1.000000
2223.616000 115.426400 2159.520000 825.488000 1.000000
2143.824000 1133.627200 2160.368000 1754.288000 1.000000
2149.984000 1072.163200 2161.120000 1694.304000 1.000000
2223.280000 152.581600 2162.848000 857.864000 1.000000
2111.232000 1563.515200 2162.960000 2272.880000 1.000000
2230.448000 109.386560 2165.200000 818.192000 1.000000
2212.320000 386.164800 2166.512000 1064.884800 1.000000
2153.552000 1090.094400 2166.592000 1710.112000 1.000000
2182.608000 740.470400 2167.376000 1368.755200 1.000000
2232.496000 120.209280 2167.584000 829.673600 1.000000
2225.152000 240.748800 2168.160000 941.076800 1.000000
2153.104000 1140.089600 2168.480000 1761.456000 1.000000
2151.632000 1158.937600 2169.136000 1780.304000 1.000000
2151.904000 1150.568000 2169.568000 1772.048000 1.000000
2158.304000 1118.713600 2171.776000 1738.720000 1.000000
2176.672000 868.441600 2172.576000 1509.968000 1.000000
2196.720000 679.894400 2174.368000 1301.051200 1.000000
2205.056000 583.827200 2174.976000 1214.774400 1.000000
2161.264000 1145.228800 2177.664000 1765.040000 1.000000
2213.152000 577.995200 2182.016000 1209.193600 1.000000
2165.952000 1150.035200 2182.496000 1770.688000 1.000000
2233.568000 331.201600 2183.984000 1017.054400 1.000000
2174.896000 1077.867200 2185.680000 1696.432000 1.000000
2200.928000 797.779200 2189.248000 1441.057600 1.000000
2246.400000 298.288000 2195.024000 994.363200 1.000000
2245.136000 348.697600 2195.232000 1033.136000 1.000000
2230.528000 610.772800 2199.248000 1236.126400 1.000000
2244.992000 387.217600 2199.392000 1063.188800 1.000000
2213.856000 778.593600 2199.792000 1418.446400 1.000000
2255.168000 365.788800 2204.672000 1047.827200 1.000000
2229.024000 692.092800 2207.392000 1309.897600 1.000000
2252.736000 486.425600 2210.496000 1143.683200 1.000000
2290.992000 62.791520 2212.272000 777.980800 1.000000
2260.880000 424.345600 2213.952000 1095.550400 1.000000
2292.464000 81.719200 2214.160000 793.336000 1.000000
2283.984000 187.219200 2215.648000 889.312000 1.000000
2290.368000 135.168320 2216.976000 838.265600 1.000000
2246.800000 697.827200 2220.368000 1315.793600 1.000000
2254.272000 649.784000 2224.304000 1269.537600 1.000000
2253.120000 684.716800 2225.472000 1301.708800 1.000000
2275.072000 430.688000 2226.816000 1098.345600 1.000000
2287.024000 280.886400 2226.864000 973.894400 1.000000
2310.560000 118.765760 2232.880000 824.236800 1.000000
2281.280000 466.780800 2234.624000 1126.374400 1.000000
2272.496000 598.427200 2236.528000 1224.140800 1.000000
2291.696000 422.420800 2240.688000 1091.227200 1.000000
2300.496000 303.840000 2240.928000 990.192000 1.000000
2276.544000 691.796800 2246.288000 1307.489600 1.000000
2326.320000 116.127200 2246.512000 821.641600 1.000000
2317.184000 273.216000 2250.128000 965.318400 1.000000
2287.856000 619.012800 2251.744000 1240.844800 1.000000
2295.904000 525.849600 2252.896000 1171.814400 1.000000
2306.656000 512.366400 2257.744000 1162.004800 1.000000
2297.904000 629.342400 2260.752000 1250.694400 1.000000
2325.088000 302.800000 2261.728000 988.212800 1.000000
2307.024000 535.496000 2263.904000 1179.128000 1.000000
2313.664000 476.206400 2264.064000 1133.478400 1.000000
2303.824000 620.948800 2265.552000 1241.484800 1.000000
2313.264000 566.454400 2267.888000 1201.857600 1.000000
2323.072000 455.203200 2271.136000 1116.265600 1.000000
2316.432000 550.355200 2271.248000 1189.219200 1.000000
2321.952000 471.750400 2271.408000 1128.350400 1.000000
2320.656000 541.129600 2275.488000 1183.902400 1.000000
2324.672000 535.451200 2278.800000 1178.974400 1.000000
2317.840000 654.188800 2281.360000 1271.814400 1.000000
2338.624000 428.536000 2282.560000 1094.251200 1.000000
2340.400000 423.556800 2283.072000 1089.966400 1.000000
2359.696000 289.060800 2289.632000 974.409600 1.000000
2337.264000 603.484800 2295.120000 1226.692800 1.000000
2365.008000 307.929600 2296.288000 990.448000 1.000000
2391.584000 58.496800 2298.736000 769.377600 1.000000
2382.112000 200.582400 2301.168000 896.699200 1.000000
2368.496000 353.838400 2302.016000 1030.803200 1.000000
2348.640000 606.148800 2304.736000 1228.838400 1.000000
2378.656000 276.662400 2305.504000 961.982400 1.000000
2368.144000 411.780800 2307.088000 1079.043200 1.000000
2386.896000 284.593600 2312.640000 969.112000 1.000000
2391.728000 248.158400 2313.136000 937.915200 1.000000
2386.544000 310.396800 2314.000000 992.836800 1.000000
2403.776000 170.020800 2316.624000 864.400000 1.000000
2402.960000 186.158400 2317.632000 880.550400 1.000000
2416.992000 80.670080 2319.296000 789.014400 1.000000
2392.880000 293.886400 2319.632000 974.844800 1.000000
2404.320000 220.216000 2321.376000 912.374400 1.000000
2398.400000 281.516800 2321.840000 966.304000 1.000000
2394.640000 314.852800 2321.968000 993.952000 1.000000
2410.176000 177.196800 2324.480000 870.048000 1.000000
2423.984000 111.360160 2328.256000 812.969600 1.000000
2409.104000 275.275200 2330.976000 961.814400 1.000000
2419.344000 202.683200 2332.576000 895.366400 1.000000
2414.000000 313.646400 2338.336000 994.627200 1.000000
2431.904000 219.572800 2345.696000 910.892800 1.000000
2445.520000 137.380480 2347.712000 833.592000 1.000000
2443.584000 183.260800 2351.856000 875.576000 1.000000
2454.704000 133.689600 2355.568000 829.889600 1.000000
2467.424000 57.630720 2359.728000 769.256000 1.000000
2452.256000 196.531200 2360.192000 887.753600 1.000000
2460.112000 164.576000 2363.008000 857.155200 1.000000
2466.576000 125.089760 2365.344000 823.784000 1.000000
2302.800000 2300.784000 2366.208000 2339.376000 1.000000
2476.416000 83.260320 2369.728000 787.758400 1.000000
2479.472000 93.322880 2374.560000 795.139200 1.000000
2474.096000 185.510400 2376.640000 879.532800 1.000000
2477.952000 152.790240 2377.248000 846.065600 1.000000
2489.744000 79.383520 2380.992000 782.011200 1.000000
2493.856000 111.114080 2386.176000 808.827200 1.000000
2399.552000 2178.416000 2443.808000 2087.152000 1.000000
2428.576000 2174.160000 2469.872000 2067.376000 1.000000
2432.640000 2198.048000 2476.976000 2098.752000 1.000000
2589.552000 1254.070400 2504.848000 1064.312000 1.000000
2468.624000 2204.672000 2509.776000 2098.832000 1.000000
2537.712000 1962.272000 2516.176000 1850.240000 1.000000
2484.896000 2220.752000 2529.168000 2111.808000 1.000000
2508.176000 2125.680000 2536.688000 1979.232000 1.000000
2645.024000 1305.766400 2558.016000 1094.972800 1.000000
2663.120000 1220.817600 2561.840000 1017.956800 1.000000
2591.520000 1791.136000 2563.888000 1538.595200 1.000000
2643.936000 1480.324800 2574.848000 1238.158400 1.000000
2689.216000 1276.446400 2589.888000 1059.723200 1.000000
2649.952000 1607.648000 2591.760000 1351.092800 1.000000
2691.952000 1284.291200 2592.784000 1066.035200 1.000000
2638.560000 1716.096000 2596.112000 1456.342400 1.000000
2637.152000 1735.664000 2597.280000 1478.142400 1.000000
2694.640000 1311.089600 2597.904000 1087.160000 1.000000
2686.048000 1404.859200 2599.920000 1169.620800 1.000000
2699.552000 1325.467200 2604.080000 1097.078400 1.000000
2673.616000 1541.516800 2605.200000 1286.395200 1.000000
2713.168000 1243.656000 2606.096000 1026.720000 1.000000
2673.872000 1578.107200 2610.352000 1320.308800 1.000000
2717.824000 1268.998400 2612.320000 1046.747200 1.000000
2693.600000 1465.700800 2613.616000 1217.763200 1.000000
2696.160000 1465.608000 2615.584000 1218.126400 1.000000
2695.856000 1477.420800 2616.944000 1226.492800 1.000000
2682.752000 1582.731200 2618.384000 1323.704000 1.000000
2693.696000 1511.940800 2619.392000 1258.105600 1.000000
2701.648000 1487.865600 2623.232000 1235.235200 1.000000
2733.696000 1270.521600 2625.424000 1044.921600 1.000000
2707.008000 1467.846400 2625.456000 1216.480000 1.000000
2702.960000 1528.481600 2628.048000 1272.164800 1.000000
2733.664000 1290.587200 2628.256000 1060.734400 1.000000
2713.904000 1443.817600 2629.024000 1195.192000 1.000000
2670.400000 1765.216000 2630.544000 1503.996800 1.000000
2730.448000 1334.332800 2630.976000 1097.833600 1.000000
2699.232000 1585.689600 2632.960000 1323.158400 1.000000
2744.976000 1251.600000 2633.232000 1027.385600 1.000000
2716.528000 1470.868800 2634.096000 1218.019200 1.000000
2735.552000 1323.288000 2634.256000 1087.603200 1.000000
2741.952000 1291.803200 2634.992000 1060.272000 1.000000
2697.280000 1657.008000 2640.272000 1392.508800 1.000000
2730.928000 1423.152000 2641.344000 1174.952000 1.000000
2740.960000 1352.176000 2641.440000 1111.945600 1.000000
2750.288000 1286.782400 2641.568000 1054.348800 1.000000
2751.952000 1280.107200 2641.776000 1048.222400 1.000000
2728.768000 1447.211200 2641.936000 1195.472000 1.000000
2756.384000 1251.083200 2642.752000 1024.353600 1.000000
2727.088000 1473.611200 2643.120000 1219.027200 1.000000
2747.792000 1329.097600 2644.576000 1090.841600 1.000000
2723.824000 1512.915200 2645.056000 1252.851200 1.000000
2757.968000 1287.908800 2647.760000 1054.350400 1.000000
2751.280000 1353.808000 2650.032000 1112.339200 1.000000
2765.872000 1253.540800 2650.496000 1024.712000 1.000000
2747.552000 1404.312000 2653.104000 1155.992000 1.000000
2765.296000 1281.934400 2653.232000 1048.491200 1.000000
2764.384000 1296.331200 2653.952000 1059.902400 1.000000
2765.008000 1289.220800 2654.096000 1054.488000 1.000000
2771.040000 1064.984000 2660.304000 950.396800 1.000000
2768.448000 1325.992000 2661.584000 1085.651200 1.000000
2780.224000 1256.155200 2662.416000 1024.265600 1.000000
2778.096000 1270.028800 2662.608000 1035.977600 1.000000
2777.344000 1306.344000 2666.256000 1066.824000 1.000000
2777.168000 1312.947200 2666.864000 1072.956800 1.000000
2781.520000 1291.433600 2667.056000 1053.737600 1.000000
2760.448000 1432.555200 2667.056000 1178.888000 1.000000
2784.688000 1270.628800 2668.080000 1035.798400 1.000000
2720.416000 1717.888000 2669.104000 1452.300800 1.000000
2788.288000 1256.907200 2669.312000 1023.272000 1.000000
2777.728000 1336.830400 2670.304000 1093.356800 1.000000
2751.168000 1541.211200 2671.968000 1275.872000 1.000000
2784.016000 1307.740800 2671.984000 1067.048000 1.000000
2785.584000 1300.576000 2672.144000 1060.939200 1.000000
2767.408000 1427.035200 2672.288000 1173.195200 1.000000
2789.232000 1286.736000 2672.752000 1048.526400 1.000000
2790.880000 1272.475200 2673.376000 1036.526400 1.000000
2788.096000 1293.784000 2673.424000 1054.472000 1.000000
2774.288000 1387.201600 2673.424000 1137.632000 1.000000
2795.104000 1259.067200 2675.136000 1024.683200 1.000000
2790.576000 1308.724800 2677.168000 1067.388800 1.000000
2793.920000 1295.380800 2678.208000 1055.006400 1.000000
2797.408000 1281.456000 2679.600000 1042.726400 1.000000
2798.592000 1274.996800 2679.824000 1036.915200 1.000000
2797.088000 1296.833600 2680.144000 1058.953600 1.000000
2785.360000 1378.787200 2680.880000 1128.446400 1.000000
2802.672000 1260.588800 2681.712000 1024.585600 1.000000
2795.376000 1318.814400 2683.088000 1074.646400 1.000000
2807.424000 1251.395200 2684.032000 1017.209600 1.000000
2793.904000 1330.099200 2684.896000 1085.488000 1.000000
2805.888000 1276.492800 2686.416000 1036.851200 1.000000
2813.104000 1268.963200 2691.360000 1030.622400 1.000000
2817.536000 1249.736000 2693.104000 1013.593600 1.000000
2813.440000 1277.419200 2693.104000 1036.454400 1.000000
2811.232000 1321.432000 2696.576000 1074.060800 1.000000
2815.072000 1299.424000 2697.504000 1054.388800 1.000000
2814.688000 1307.092800 2697.568000 1061.571200 1.000000
2817.616000 1293.336000 2698.368000 1049.076800 1.000000
2820.848000 1279.158400 2699.376000 1036.932800 1.000000
2823.792000 1264.656000 2699.936000 1024.729600 1.000000
2815.520000 1327.220800 2700.672000 1079.246400 1.000000
