14.856432 1932.736000 8.952896 1044.673600 1.000000
39.242400 2186.384000 15.097968 1291.859200 1.000000
51.205760 2175.712000 25.678240 1282.854400 1.000000
84.786880 1956.528000 26.383200 1057.598400 1.000000
67.320800 2259.408000 48.410560 1371.515200 1.000000
63.026400 2317.136000 48.585920 1425.806400 1.000000
48.594080 2385.312000 50.766400 1484.806400 1.000000
84.208160 2167.488000 54.219840 1293.200000 1.000000
73.856960 2321.424000 59.910400 1426.721600 1.000000
97.808960 2137.008000 63.629440 1263.472000 1.000000
134.179520 1885.168000 68.093600 1021.726400 1.000000
100.116960 2167.088000 69.465120 1293.278400 1.000000
29.295680 2774.752000 70.624480 1879.680000 1.000000
88.050400 2279.696000 71.618880 1390.248000 1.000000
110.792800 2102.592000 72.915200 1230.412800 1.000000
112.311040 2167.936000 81.944160 1294.611200 1.000000
119.934400 2097.376000 82.011680 1226.443200 1.000000
123.143520 2139.040000 92.022880 1266.614400 1.000000
70.960160 2851.664000 110.751200 1957.984000 1.000000
142.046720 2174.528000 111.692000 1301.337600 1.000000
148.053600 2142.480000 113.742880 1270.587200 1.000000
85.018720 2784.624000 122.414560 1891.440000 1.000000
159.664000 2190.464000 130.645440 1317.948800 1.000000
99.490240 2803.968000 138.669440 1912.544000 1.000000
211.784000 1847.152000 139.841440 988.036800 1.000000
201.963200 1922.688000 140.540000 1068.809600 1.000000
219.596800 1830.544000 146.331840 971.617600 1.000000
102.739680 2883.616000 149.850080 1986.608000 1.000000
195.308800 2064.432000 150.560160 1210.860800 1.000000
120.771520 2715.888000 152.134080 1829.792000 1.000000
201.059200 2057.920000 154.361280 1205.116800 1.000000
213.921600 2030.912000 162.939200 1180.356800 1.000000
179.870400 2311.392000 167.793600 1420.958400 1.000000
141.752160 2770.288000 175.024000 1879.488000 1.000000
134.978720 2851.984000 175.166400 1962.032000 1.000000
138.410720 2793.536000 175.208000 1903.424000 1.000000
138.788800 2869.248000 180.179200 1976.960000 1.000000
185.817600 2377.184000 181.176000 1478.971200 1.000000
170.470400 2625.360000 186.416000 1747.552000 1.000000
227.635200 2113.808000 188.598400 1259.660800 1.000000
160.638400 2874.752000 202.267200 1984.496000 1.000000
294.238400 1684.688000 205.728000 811.572800 1.000000
248.883200 2090.848000 207.486400 1240.616000 1.000000
167.057600 2898.720000 209.179200 2003.760000 1.000000
260.971200 2032.752000 211.307200 1183.155200 1.000000
184.585600 2798.032000 212.065600 1910.944000 1.000000
191.177600 2695.632000 212.808000 1816.800000 1.000000
186.097600 2865.584000 224.198400 1971.968000 1.000000
301.392000 1862.560000 232.478400 1008.512000 1.000000
311.390400 1840.672000 240.180800 987.297600 1.000000
256.936000 2252.720000 244.636800 1379.547200 1.000000
315.870400 1854.464000 244.912000 1001.748800 1.000000
268.814400 2341.392000 256.828800 1459.656000 1.000000
220.872000 2916.320000 257.676800 2023.728000 1.000000
260.521600 2469.776000 258.537600 1590.196800 1.000000
345.932800 1769.296000 266.518400 912.988800 1.000000
336.092800 1876.688000 268.382400 1024.102400 1.000000
251.812800 2795.616000 279.088000 1915.024000 1.000000
286.912000 2419.936000 280.380800 1544.275200 1.000000
286.897600 2483.056000 288.036800 1605.904000 1.000000
277.660800 2564.016000 288.216000 1672.208000 1.000000
291.632000 2458.064000 293.025600 1585.380800 1.000000
314.636800 2402.976000 306.427200 1535.699200 1.000000
333.038400 2189.312000 308.200000 1332.257600 1.000000
360.601600 2040.816000 311.614400 1196.689600 1.000000
325.116800 2375.360000 311.932800 1514.702400 1.000000
315.809600 2457.552000 313.052800 1585.659200 1.000000
364.435200 2021.216000 313.076800 1176.864000 1.000000
370.608000 1974.224000 314.652800 1129.784000 1.000000
341.060800 2235.328000 315.481600 1379.275200 1.000000
381.232000 1898.960000 317.372800 1053.425600 1.000000
373.921600 1979.408000 318.092800 1135.024000 1.000000
376.505600 1959.696000 318.808000 1116.540800 1.000000
324.484800 2435.904000 319.504000 1564.753600 1.000000
389.035200 1854.368000 320.712000 1005.964800 1.000000
375.161600 1985.856000 320.774400 1141.886400 1.000000
335.961600 2356.848000 320.934400 1497.299200 1.000000
385.688000 1921.136000 322.897600 1075.336000 1.000000
375.996800 2028.032000 325.091200 1186.113600 1.000000
391.406400 1872.080000 325.105600 1024.472000 1.000000
383.464000 1953.264000 325.436800 1110.027200 1.000000
394.264000 1863.872000 326.172800 1015.276800 1.000000
314.329600 2654.960000 326.372800 1784.960000 1.000000
360.356800 2178.048000 326.745600 1321.782400 1.000000
331.707200 2457.136000 328.182400 1584.539200 1.000000
395.414400 1866.944000 328.348800 1019.681600 1.000000
356.624000 2233.936000 329.654400 1378.096000 1.000000
393.577600 1905.760000 329.739200 1059.286400 1.000000
396.456000 1877.136000 329.883200 1029.195200 1.000000
387.478400 1960.928000 330.060800 1117.419200 1.000000
386.500800 1975.408000 330.488000 1132.561600 1.000000
390.249600 1949.584000 331.542400 1104.915200 1.000000
382.726400 2021.200000 331.609600 1178.182400 1.000000
394.988800 1935.504000 334.792000 1089.233600 1.000000
388.299200 2000.656000 336.080000 1157.966400 1.000000
343.808000 2445.008000 336.713600 1572.833600 1.000000
410.792000 1814.144000 337.209600 963.342400 1.000000
401.380800 1907.040000 338.265600 1062.392000 1.000000
388.438400 2040.256000 339.184000 1197.337600 1.000000
396.564800 1975.840000 339.385600 1131.969600 1.000000
391.988800 2013.552000 341.070400 1171.075200 1.000000
400.435200 1949.136000 341.582400 1104.790400 1.000000
409.580800 1861.392000 341.809600 1014.910400 1.000000
396.790400 1993.488000 342.876800 1149.819200 1.000000
430.577600 1667.856000 344.532800 802.899200 1.000000
403.297600 1958.832000 346.004800 1115.248000 1.000000
406.803200 1931.648000 346.150400 1087.617600 1.000000
405.507200 1942.192000 346.230400 1097.617600 1.000000
409.665600 1907.360000 346.883200 1061.633600 1.000000
395.892800 2038.272000 347.209600 1196.164800 1.000000
410.648000 1922.160000 348.536000 1076.564800 1.000000
374.608000 2270.240000 350.619200 1416.750400 1.000000
420.076800 1861.664000 351.492800 1014.675200 1.000000
525.300800 940.032000 351.905600 95.005120 1.000000
423.433600 1828.320000 352.662400 979.088000 1.000000
422.232000 1845.184000 352.929600 996.931200 1.000000
419.660800 1889.312000 354.499200 1043.598400 1.000000
391.350400 2168.288000 354.776000 1314.486400 1.000000
423.483200 1871.536000 356.497600 1024.678400 1.000000
385.163200 2232.272000 356.872000 1382.432000 1.000000
385.905600 2210.272000 357.264000 1355.212800 1.000000
418.593600 1917.168000 357.779200 1072.827200 1.000000
423.472000 1899.840000 360.035200 1054.334400 1.000000
368.075200 2420.736000 360.926400 1556.059200 1.000000
533.244800 967.496000 362.145600 126.848000 1.000000
421.200000 1951.984000 362.716800 1107.057600 1.000000
430.225600 1863.120000 363.035200 1016.193600 1.000000
428.704000 1881.056000 363.142400 1034.896000 1.000000
380.819200 2339.088000 363.224000 1482.334400 1.000000
436.766400 1829.280000 365.681600 980.763200 1.000000
436.867200 1836.192000 366.124800 988.611200 1.000000
378.694400 2418.384000 369.742400 1550.862400 1.000000
440.572800 1880.736000 373.200000 1034.030400 1.000000
548.822400 948.553600 376.760000 106.336640 1.000000
446.128000 1846.400000 377.192000 999.668800 1.000000
399.156800 2323.520000 377.656000 1465.779200 1.000000
402.454400 2292.512000 379.955200 1438.096000 1.000000
548.718400 983.556800 380.870400 146.936160 1.000000
402.564800 2324.448000 382.734400 1470.568000 1.000000
560.193600 965.812800 390.963200 126.587680 1.000000
421.752000 2214.896000 391.481600 1363.484800 1.000000
560.924800 978.128000 393.092800 138.947040 1.000000
569.393600 951.100800 396.345600 106.616800 1.000000
573.417600 937.561600 401.784000 92.180160 1.000000
565.238400 1038.718400 404.422400 209.200000 1.000000
530.638400 1461.419200 414.147200 647.832000 1.000000
481.540800 1888.592000 423.425600 1053.627200 1.000000
597.059200 944.028800 428.131200 101.399360 1.000000
590.379200 1045.723200 431.436800 216.382400 1.000000
495.908800 1885.792000 431.752000 1043.548800 1.000000
597.358400 1038.584000 438.568000 209.246400 1.000000
502.340800 1905.344000 439.339200 1060.457600 1.000000
507.398400 1874.336000 440.849600 1020.052800 1.000000
610.091200 931.024000 443.017600 85.329120 1.000000
560.995200 1451.272000 445.148800 638.640000 1.000000
609.916800 1005.236800 448.059200 174.731200 1.000000
609.017600 1036.113600 450.374400 208.171200 1.000000
618.448000 957.644800 453.227200 119.021600 1.000000
612.675200 1047.702400 455.396800 221.598400 1.000000
620.070400 966.590400 455.977600 128.939360 1.000000
619.708800 1048.083200 462.734400 221.526400 1.000000
578.494400 1460.892800 464.305600 649.814400 1.000000
505.270400 2142.160000 465.126400 1311.785600 1.000000
549.168000 1682.928000 467.067200 826.256000 1.000000
498.260800 2221.248000 467.702400 1373.740800 1.000000
598.184000 1468.867200 484.100800 657.995200 1.000000
598.632000 1478.680000 484.963200 669.577600 1.000000
575.195200 1690.336000 492.580800 836.518400 1.000000
643.947200 1081.598400 492.769600 258.646400 1.000000
621.686400 1458.643200 508.190400 649.340800 1.000000
623.388800 1443.257600 510.507200 631.699200 1.000000
576.657600 1982.256000 521.488000 1152.830400 1.000000
638.617600 1431.696000 524.848000 619.233600 1.000000
639.646400 1443.059200 525.600000 632.299200 1.000000
610.619200 1763.152000 534.841600 923.640000 1.000000
531.870400 2780.208000 541.056000 1917.344000 1.000000
532.323200 2789.408000 544.241600 1927.184000 1.000000
624.139200 1771.168000 548.553600 934.544000 1.000000
553.329600 2699.616000 558.032000 1847.296000 1.000000
551.872000 2741.632000 561.755200 1882.864000 1.000000
654.571200 1764.864000 579.424000 927.777600 1.000000
584.896000 2684.048000 585.260800 1833.264000 1.000000
593.558400 2588.736000 587.915200 1747.088000 1.000000
586.256000 2736.272000 589.966400 1881.856000 1.000000
596.449600 2756.528000 600.022400 1898.880000 1.000000
601.392000 2708.288000 601.824000 1858.080000 1.000000
608.769600 2629.984000 604.864000 1784.256000 1.000000
611.680000 2739.376000 613.912000 1884.640000 1.000000
616.481600 2668.496000 617.168000 1822.592000 1.000000
636.680000 2610.944000 629.766400 1769.328000 1.000000
710.086400 1810.192000 640.374400 977.281600 1.000000
711.070400 1882.208000 647.000000 1057.208000 1.000000
716.331200 1832.144000 648.611200 1001.076800 1.000000
727.947200 1818.272000 659.196800 989.672000 1.000000
749.220800 1806.608000 680.606400 976.988800 1.000000
685.228800 2712.048000 684.297600 1861.264000 1.000000
711.892800 2667.344000 705.641600 1823.088000 1.000000
715.411200 2625.056000 706.694400 1785.200000 1.000000
712.262400 2691.120000 708.526400 1841.344000 1.000000
722.470400 2649.008000 714.664000 1809.312000 1.000000
752.448000 2209.680000 718.942400 1348.940800 1.000000
787.689600 1806.144000 720.937600 979.259200 1.000000
784.969600 1932.800000 723.536000 1113.747200 1.000000
777.310400 2150.992000 724.481600 1404.219200 1.000000
821.508800 1680.544000 742.048000 835.696000 1.000000
808.070400 1920.800000 748.872000 1103.899200 1.000000
791.014400 2182.880000 756.107200 1328.004800 1.000000
875.214400 1807.872000 808.046400 986.616000 1.000000
821.644800 2627.136000 809.710400 1788.704000 1.000000
891.278400 1828.208000 825.873600 1011.086400 1.000000
1008.604800 1042.128000 884.836800 230.531200 1.000000
1032.598400 1538.750400 943.784000 756.105600 1.000000
1100.870400 1009.075200 982.380800 196.772800 1.000000
1071.256000 1523.435200 982.430400 744.712000 1.000000
1004.265600 2876.032000 992.083200 1968.800000 1.000000
1080.417600 1543.392000 995.934400 764.334400 1.000000
1088.872000 1497.571200 1000.867200 715.468800 1.000000
1019.596800 2880.608000 1001.107200 2024.848000 1.000000
1091.283200 1536.308800 1004.704000 757.708800 1.000000
1088.542400 1454.188800 1005.681600 668.115200 1.000000
1043.390400 2535.120000 1011.524800 1719.072000 1.000000
1128.022400 1045.246400 1012.601600 237.659200 1.000000
1137.459200 1010.414400 1021.448000 197.132800 1.000000
1118.238400 1488.014400 1032.483200 707.937600 1.000000
1123.604800 1479.776000 1037.662400 699.004800 1.000000
1157.662400 943.838400 1046.190400 119.384960 1.000000
1135.264000 1517.166400 1053.190400 740.617600 1.000000
1141.284800 1529.513600 1059.243200 753.766400 1.000000
1173.790400 973.737600 1061.553600 156.554400 1.000000
1174.376000 1016.803200 1063.414400 209.004800 1.000000
1148.587200 1497.696000 1066.705600 719.403200 1.000000
1178.187200 990.480000 1069.174400 175.598400 1.000000
1159.432000 1522.769600 1075.100800 746.251200 1.000000
1175.585600 1462.256000 1090.769600 677.240000 1.000000
1181.707200 1431.481600 1096.924800 646.064000 1.000000
1162.033600 1705.824000 1097.241600 883.507200 1.000000
1203.497600 1029.988800 1098.520000 227.393600 1.000000
1191.504000 1447.190400 1107.809600 664.646400 1.000000
1220.052800 920.636800 1111.123200 92.911520 1.000000
1218.672000 963.427200 1111.678400 143.748000 1.000000
1201.526400 1459.790400 1117.950400 680.832000 1.000000
1198.224000 1501.451200 1118.236800 726.585600 1.000000
1223.003200 1047.073600 1120.328000 246.665600 1.000000
1220.200000 1457.880000 1138.286400 677.048000 1.000000
1220.816000 1469.440000 1139.796800 689.209600 1.000000
1254.156800 964.860800 1150.467200 147.451520 1.000000
1209.750400 2164.640000 1158.408000 1377.784000 1.000000
1262.392000 1001.963200 1159.800000 195.907200 1.000000
1214.884800 2156.272000 1164.392000 1370.291200 1.000000
1251.254400 1988.752000 1196.067200 1204.545600 1.000000
1256.974400 2030.192000 1201.497600 1243.401600 1.000000
1259.670400 2186.800000 1208.681600 1403.387200 1.000000
1294.459200 1999.232000 1241.123200 1218.579200 1.000000
1421.670400 1791.408000 1362.566400 999.320000 1.000000
1458.968000 2230.192000 1404.662400 1455.299200 1.000000
1465.400000 2216.320000 1409.553600 1442.528000 1.000000
1472.334400 2146.144000 1416.840000 1373.246400 1.000000
1477.777600 2366.272000 1423.361600 1584.593600 1.000000
1482.707200 2199.600000 1426.832000 1425.488000 1.000000
1483.220800 2171.152000 1427.721600 1397.561600 1.000000
1484.145600 2156.112000 1427.912000 1382.110400 1.000000
1484.923200 2208.976000 1429.180800 1434.780800 1.000000
1492.635200 2215.552000 1437.164800 1441.187200 1.000000
1507.208000 2186.800000 1452.502400 1414.348800 1.000000
1513.537600 2378.048000 1455.411200 1598.792000 1.000000
1542.368000 1494.870400 1475.552000 734.579200 1.000000
1566.616000 1531.059200 1504.963200 777.324800 1.000000
1568.059200 1514.411200 1505.507200 758.281600 1.000000
1566.537600 2289.664000 1508.284800 1520.256000 1.000000
1569.614400 1543.089600 1508.377600 790.913600 1.000000
1580.395200 2338.752000 1521.572800 1567.820800 1.000000
1591.054400 2180.272000 1533.180800 1408.169600 1.000000
1598.644800 2190.432000 1539.670400 1419.227200 1.000000
1614.640000 2184.720000 1555.828800 1414.832000 1.000000
1617.424000 2172.368000 1558.232000 1403.088000 1.000000
1663.184000 1042.348800 1604.592000 263.536000 1.000000
1675.680000 1041.912000 1620.432000 264.891200 1.000000
1732.848000 1575.011200 1678.864000 833.088000 1.000000
1720.720000 1794.000000 1679.584000 1016.168000 1.000000
1745.792000 1561.451200 1691.984000 819.374400 1.000000
1750.464000 1521.236800 1698.400000 777.536000 1.000000
1755.456000 1430.556800 1707.808000 671.524800 1.000000
1762.784000 1386.033600 1715.680000 626.776000 1.000000
1773.232000 1536.404800 1721.296000 794.644800 1.000000
1770.848000 1397.283200 1723.728000 637.579200 1.000000
1783.232000 1590.302400 1730.960000 850.848000 1.000000
1785.104000 1569.843200 1731.808000 830.900800 1.000000
1783.296000 1528.120000 1733.344000 785.660800 1.000000
1779.872000 1369.246400 1734.176000 608.200000 1.000000
1787.904000 1741.536000 1741.232000 960.115200 1.000000
1794.064000 1699.072000 1749.248000 918.443200 1.000000
1800.256000 1085.230400 1757.264000 323.971200 1.000000
1805.056000 1713.232000 1759.008000 933.752000 1.000000
1811.408000 1517.212800 1762.976000 774.809600 1.000000
1807.024000 1089.513600 1763.792000 329.772800 1.000000
1808.256000 1730.800000 1764.640000 947.153600 1.000000
1819.696000 1570.488000 1769.632000 833.598400 1.000000
1817.616000 1739.472000 1770.688000 958.852800 1.000000
1824.272000 1532.675200 1774.464000 793.576000 1.000000
1829.232000 1211.577600 1787.440000 459.305600 1.000000
2229.952000 2628.176000 1792.800000 2068.928000 1.000000
1837.776000 1200.422400 1795.968000 451.468800 1.000000
1844.080000 1511.475200 1796.768000 771.417600 1.000000
1848.192000 1530.460800 1800.688000 791.590400 1.000000
1842.960000 1064.878400 1802.528000 299.422400 1.000000
1843.616000 1118.187200 1803.984000 363.366400 1.000000
1852.480000 1215.803200 1810.192000 467.984000 1.000000
1855.328000 1705.584000 1812.544000 926.249600 1.000000
1852.080000 1119.908800 1812.960000 365.993600 1.000000
1856.384000 1285.990400 1817.536000 523.281600 1.000000
1862.160000 1716.736000 1819.312000 937.889600 1.000000
1857.792000 1120.323200 1820.000000 364.592000 1.000000
1860.160000 1120.328000 1821.264000 365.592000 1.000000
1860.448000 1301.400000 1821.696000 539.248000 1.000000
1874.304000 1571.163200 1826.160000 837.451200 1.000000
1869.664000 1292.929600 1831.808000 530.334400 1.000000
1881.776000 1563.204800 1834.144000 829.412800 1.000000
1880.112000 1727.040000 1836.768000 948.968000 1.000000
1878.352000 1306.014400 1842.112000 544.016000 1.000000
1886.512000 1478.340800 1842.976000 736.416000 1.000000
1880.576000 1134.665600 1844.448000 382.865600 1.000000
1883.904000 1279.118400 1847.776000 516.732800 1.000000
1891.664000 1129.955200 1856.544000 379.809600 1.000000
1904.768000 1478.432000 1862.736000 737.107200 1.000000
1909.936000 1494.862400 1867.680000 754.224000 1.000000
1907.648000 1399.934400 1868.944000 648.428800 1.000000
1905.008000 1130.481600 1870.224000 380.206400 1.000000
1906.480000 1098.865600 1874.976000 344.992000 1.000000
1910.384000 1277.358400 1875.968000 516.708800 1.000000
1918.528000 1450.408000 1878.736000 708.016000 1.000000
1927.632000 1822.400000 1878.976000 1053.016000 1.000000
1915.696000 1078.555200 1883.472000 320.955200 1.000000
1936.192000 1844.160000 1887.200000 1076.100800 1.000000
1923.776000 1129.972800 1893.200000 380.220800 1.000000
1938.784000 1418.273600 1901.632000 670.651200 1.000000
1936.592000 1342.723200 1902.240000 588.833600 1.000000
1945.936000 1450.891200 1907.040000 707.712000 1.000000
1941.392000 1359.889600 1907.136000 606.488000 1.000000
1937.936000 1080.339200 1908.928000 325.958400 1.000000
1947.920000 1405.712000 1911.760000 657.665600 1.000000
1942.784000 1131.252800 1912.208000 382.761600 1.000000
1956.288000 1586.040000 1912.400000 857.908800 1.000000
1958.512000 1571.584000 1913.664000 842.244800 1.000000
1962.864000 1854.592000 1913.680000 1087.844800 1.000000
1968.080000 1587.654400 1922.992000 859.080000 1.000000
1961.248000 1445.460800 1923.824000 702.104000 1.000000
1969.952000 1572.700800 1925.696000 842.816000 1.000000
1952.928000 1015.164800 1927.568000 245.731200 1.000000
1979.984000 1852.720000 1930.080000 1085.977600 1.000000
1968.784000 1470.894400 1930.912000 731.619200 1.000000
1969.216000 1443.068800 1933.136000 700.492800 1.000000
1957.648000 1030.492800 1933.632000 266.392000 1.000000
1963.600000 1315.428800 1934.464000 561.761600 1.000000
1963.024000 1108.132800 1935.312000 361.115200 1.000000
1975.648000 1465.545600 1938.608000 725.910400 1.000000
1984.080000 1588.169600 1939.264000 860.736000 1.000000
1988.944000 1572.017600 1943.808000 843.830400 1.000000
1978.096000 1352.660800 1948.752000 599.104000 1.000000
1994.448000 1582.585600 1950.592000 855.276800 1.000000
1991.984000 1524.750400 1950.800000 794.416000 1.000000
1988.000000 1467.737600 1952.096000 726.211200 1.000000
2066.256000 2813.264000 1952.848000 1897.200000 1.000000
1985.888000 1324.286400 1957.008000 570.705600 1.000000
2001.360000 1587.545600 1957.904000 860.740800 1.000000
2007.888000 1889.568000 1958.048000 1121.993600 1.000000
1991.424000 1368.574400 1960.160000 617.729600 1.000000
1987.904000 1212.099200 1960.784000 469.062400 1.000000
2002.368000 1544.208000 1961.408000 814.734400 1.000000
1984.016000 1033.467200 1962.736000 271.144000 1.000000
1998.816000 1374.651200 1966.192000 626.900800 1.000000
2015.456000 1590.044800 1971.376000 865.052800 1.000000
2013.184000 1560.606400 1972.240000 831.827200 1.000000
2014.848000 1530.710400 1974.864000 800.843200 1.000000
2005.120000 1351.864000 1976.144000 600.835200 1.000000
2020.928000 1555.580800 1979.904000 828.857600 1.000000
2009.680000 1327.049600 1980.976000 572.606400 1.000000
2006.416000 1184.691200 1982.944000 440.475200 1.000000
2010.144000 1095.292800 1988.016000 347.628800 1.000000
2012.400000 1105.400000 1989.888000 358.430400 1.000000
2015.744000 1280.876800 1989.888000 529.718400 1.000000
2036.080000 1812.304000 1991.728000 1047.371200 1.000000
2039.040000 1847.824000 1992.144000 1084.716800 1.000000
2035.376000 1766.528000 1992.768000 1002.465600 1.000000
2035.760000 1520.964800 1994.144000 793.296000 1.000000
2034.256000 1558.772800 1994.656000 831.563200 1.000000
2024.960000 1107.217600 2003.264000 361.040000 1.000000
2027.200000 1119.376000 2005.120000 374.883200 1.000000
2022.752000 1035.638400 2005.136000 278.160000 1.000000
2024.816000 1089.267200 2005.472000 340.820800 1.000000
2035.168000 1216.017600 2010.880000 476.569600 1.000000
2034.176000 1093.180800 2013.040000 347.187200 1.000000
2056.368000 1461.668800 2024.128000 724.614400 1.000000
2066.688000 1734.736000 2025.168000 976.060800 1.000000
2046.768000 1093.702400 2027.312000 347.918400 1.000000
2053.440000 1356.188800 2027.536000 610.041600 1.000000
2051.520000 1301.107200 2028.464000 551.856000 1.000000
2050.768000 1083.371200 2033.056000 336.185600 1.000000
2054.896000 1191.105600 2033.904000 449.528000 1.000000
2038.608000 840.604800 2034.608000 42.147520 1.000000
2066.304000 1428.918400 2037.040000 688.731200 1.000000
2089.296000 1883.456000 2037.344000 1116.028800 1.000000
2083.328000 1820.224000 2039.056000 1055.316800 1.000000
2059.680000 1214.072000 2039.152000 473.704000 1.000000
2053.280000 955.929600 2043.408000 179.409600 1.000000
2059.040000 1075.916800 2043.440000 327.192000 1.000000
2049.696000 913.987200 2044.960000 128.647520 1.000000
2057.328000 936.968000 2050.000000 157.940000 1.000000
2072.912000 1191.934400 2051.632000 452.907200 1.000000
2058.448000 927.472000 2051.856000 146.314240 1.000000
2064.496000 989.062400 2055.328000 223.019200 1.000000
2082.928000 1171.315200 2065.232000 429.609600 1.000000
2074.992000 994.809600 2066.016000 230.214400 1.000000
2086.256000 1281.969600 2066.320000 534.963200 1.000000
2086.464000 1120.872000 2070.720000 380.233600 1.000000
2089.088000 1325.347200 2071.216000 575.462400 1.000000
2088.512000 1109.444800 2072.784000 367.964800 1.000000
2090.304000 1129.780800 2074.208000 388.715200 1.000000
2095.456000 1270.052800 2075.504000 525.555200 1.000000
2076.960000 890.521600 2078.320000 104.084640 1.000000
2077.168000 832.022400 2078.736000 33.911360 1.000000
2111.232000 1563.515200 2079.504000 812.169600 1.000000
2087.120000 935.715200 2085.136000 156.027840 1.000000
2103.984000 1199.731200 2085.968000 462.491200 1.000000
2105.344000 1257.097600 2087.088000 516.288000 1.000000
2089.328000 908.380800 2088.912000 122.153920 1.000000
2108.928000 1090.817600 2097.408000 347.016000 1.000000
2098.960000 902.608000 2100.272000 117.244640 1.000000
2104.576000 971.273600 2101.456000 202.379200 1.000000
2108.112000 985.571200 2104.944000 218.521600 1.000000
2116.960000 1096.995200 2106.848000 353.329600 1.000000
2125.648000 1227.388800 2107.744000 492.339200 1.000000
2106.256000 899.180800 2108.960000 114.585760 1.000000
2122.144000 1142.118400 2110.112000 401.798400 1.000000
2117.104000 977.755200 2115.536000 211.548800 1.000000
2131.216000 1071.318400 2123.184000 327.811200 1.000000
2132.624000 1079.427200 2123.888000 334.505600 1.000000
2143.776000 1337.518400 2125.472000 582.948800 1.000000
2128.288000 944.929600 2128.112000 171.811200 1.000000
2140.688000 1146.022400 2128.816000 410.248000 1.000000
2140.240000 1085.577600 2131.616000 342.465600 1.000000
2143.824000 1133.627200 2132.816000 397.017600 1.000000
2140.384000 1034.180800 2136.576000 282.777600 1.000000
2130.400000 867.478400 2138.384000 75.860320 1.000000
2147.152000 1112.776000 2138.816000 375.676800 1.000000
2151.632000 1158.937600 2139.104000 424.585600 1.000000
2143.072000 992.563200 2140.704000 229.747200 1.000000
2149.984000 1072.163200 2143.360000 327.769600 1.000000
2145.312000 1007.577600 2144.224000 248.187200 1.000000
2161.456000 1096.102400 2154.656000 355.220800 1.000000
2162.720000 1109.091200 2155.088000 371.675200 1.000000
2142.512000 831.204800 2155.296000 35.437760 1.000000
2156.992000 974.899200 2158.304000 210.193600 1.000000
2163.712000 1069.385600 2158.688000 326.451200 1.000000
2169.808000 1065.731200 2166.992000 323.616000 1.000000
2153.552000 835.219200 2168.192000 39.567520 1.000000
2176.032000 1052.400000 2174.688000 306.518400 1.000000
2179.152000 1068.966400 2175.904000 324.681600 1.000000
2182.880000 1044.545600 2183.360000 295.160000 1.000000
2181.968000 936.705600 2190.736000 163.265600 1.000000
2183.456000 969.632000 2190.816000 204.971200 1.000000
2193.056000 1043.534400 2194.480000 295.320000 1.000000
2185.488000 864.158400 2200.608000 77.593280 1.000000
2191.888000 919.233600 2204.272000 141.078240 1.000000
2386.416000 1697.712000 2208.800000 1612.416000 1.000000
2423.120000 2189.392000 2228.352000 1945.200000 1.000000
2220.352000 996.579200 2228.416000 240.246400 1.000000
2214.496000 912.276800 2230.368000 136.233440 1.000000
2428.864000 1466.312000 2264.128000 1416.984000 1.000000
2455.472000 1545.699200 2285.328000 1482.140800 1.000000
2551.296000 1850.496000 2354.944000 1765.808000 1.000000
2560.048000 1896.176000 2356.560000 1798.688000 1.000000
2595.008000 1791.824000 2399.760000 1730.528000 1.000000
2581.120000 1274.830400 2428.368000 1265.936000 1.000000
2589.552000 1254.070400 2448.032000 1230.409600 1.000000
2611.360000 1293.052800 2457.088000 1288.932800 1.000000
2616.832000 1281.790400 2464.048000 1279.414400 1.000000
2630.656000 1774.208000 2466.016000 1662.592000 1.000000
2670.400000 1765.216000 2473.744000 1717.056000 1.000000
2667.088000 1690.208000 2475.424000 1658.320000 1.000000
2640.080000 1276.686400 2487.456000 1280.820800 1.000000
2682.752000 1582.731200 2499.968000 1570.779200 1.000000
2685.808000 1522.900800 2508.960000 1520.371200 1.000000
2695.120000 1529.036800 2513.184000 1531.403200 1.000000
2664.704000 1271.363200 2513.264000 1280.641600 1.000000
2662.576000 1228.476800 2514.320000 1241.628800 1.000000
2669.280000 1289.411200 2515.360000 1299.763200 1.000000
2696.096000 1537.684800 2517.168000 1534.246400 1.000000
2693.600000 1465.700800 2520.496000 1471.011200 1.000000
2686.048000 1404.859200 2521.024000 1410.224000 1.000000
2702.960000 1528.481600 2524.240000 1528.244800 1.000000
2720.416000 1717.888000 2526.208000 1683.120000 1.000000
2685.312000 1273.520000 2531.712000 1286.224000 1.000000
2717.584000 1591.782400 2532.928000 1583.302400 1.000000
2707.008000 1467.846400 2534.272000 1474.108800 1.000000
2694.640000 1311.089600 2537.120000 1327.424000 1.000000
2703.536000 1251.436800 2552.400000 1271.627200 1.000000
2725.008000 1444.891200 2554.192000 1454.915200 1.000000
2730.928000 1423.152000 2561.824000 1437.681600 1.000000
2718.304000 1285.968000 2562.864000 1308.516800 1.000000
2719.520000 1294.652800 2563.440000 1316.265600 1.000000
2717.824000 1268.998400 2564.432000 1292.185600 1.000000
2737.504000 1363.534400 2564.960000 1403.334400 1.000000
2730.448000 1334.332800 2567.136000 1358.308800 1.000000
2734.992000 1374.897600 2571.184000 1393.473600 1.000000
2737.232000 1384.144000 2571.952000 1401.494400 1.000000
2706.496000 1156.860800 2572.448000 1155.510400 1.000000
2729.008000 1280.011200 2574.112000 1305.595200 1.000000
2733.664000 1290.587200 2578.512000 1316.980800 1.000000
2745.904000 1356.492800 2583.296000 1378.636800 1.000000
2738.800000 1260.478400 2586.128000 1289.172800 1.000000
2741.952000 1284.241600 2586.272000 1312.417600 1.000000
2744.976000 1251.600000 2593.056000 1281.326400 1.000000
2762.672000 1322.201600 2603.760000 1349.881600 1.000000
2768.448000 1325.992000 2609.232000 1354.009600 1.000000
2759.616000 1240.105600 2609.456000 1274.051200 1.000000
2767.120000 1283.715200 2611.072000 1316.742400 1.000000
2773.200000 1349.872000 2611.088000 1377.756800 1.000000
2777.728000 1336.830400 2617.168000 1365.200000 1.000000
2772.848000 1284.297600 2618.224000 1317.300800 1.000000
2777.344000 1306.344000 2619.408000 1339.428800 1.000000
2778.096000 1270.028800 2624.048000 1304.816000 1.000000
2778.144000 1263.118400 2624.896000 1299.004800 1.000000
2784.016000 1307.740800 2626.432000 1340.316800 1.000000
2784.688000 1270.628800 2630.336000 1307.216000 1.000000
2790.880000 1315.044800 2632.544000 1348.265600 1.000000
2789.232000 1286.736000 2632.688000 1322.550400 1.000000
2793.904000 1330.099200 2633.328000 1362.059200 1.000000
2790.400000 1279.771200 2635.616000 1316.177600 1.000000
2793.536000 1301.811200 2636.016000 1336.947200 1.000000
2790.880000 1272.475200 2636.944000 1308.849600 1.000000
2793.920000 1295.380800 2637.088000 1331.134400 1.000000
2797.408000 1281.456000 2641.760000 1319.120000 1.000000
2806.752000 1305.246400 2648.688000 1342.268800 1.000000
2837.312000 1496.244800 2649.424000 1547.046400 1.000000
2805.888000 1276.492800 2651.664000 1315.184000 1.000000
2811.088000 1313.904000 2652.528000 1350.737600 1.000000
2807.424000 1251.395200 2655.696000 1292.428800 1.000000
2814.688000 1307.092800 2656.480000 1345.300800 1.000000
2801.424000 1191.352000 2656.928000 1238.145600 1.000000
2810.016000 1261.745600 2657.024000 1302.507200 1.000000
2813.936000 1255.953600 2661.504000 1297.576000 1.000000
2817.664000 1263.545600 2664.112000 1305.065600 1.000000
2820.976000 1272.656000 2666.688000 1315.753600 1.000000
2824.816000 1287.808000 2668.848000 1329.672000 1.000000
2828.848000 1273.915200 2674.192000 1317.480000 1.000000
2830.320000 1254.955200 2676.624000 1298.526400 1.000000
2847.136000 1270.240000 2694.016000 1322.795200 1.000000
2864.064000 1252.537600 2713.984000 1304.424000 1.000000
2875.648000 1263.752000 2715.344000 1319.368000 1.000000
2921.248000 1174.473600 2774.656000 1259.110400 1.000000
