2.700800 2184.576000 3.151664 2610.016000 1.000000
3.280912 1945.712000 4.747696 2367.952000 1.000000
9.707520 2149.040000 9.666560 2572.848000 1.000000
14.856432 1932.736000 16.655200 2355.904000 1.000000
23.893440 2253.632000 22.039680 2683.872000 1.000000
25.577120 2245.376000 22.617120 2672.304000 1.000000
15.391152 1995.920000 23.849120 2416.848000 1.000000
18.594560 1981.840000 27.310880 2403.120000 1.000000
19.377440 2013.696000 28.072480 2435.984000 1.000000
31.260640 2195.072000 29.996000 2619.744000 1.000000
33.324000 2185.920000 31.286560 2611.056000 1.000000
48.594080 2385.312000 31.558720 2820.944000 1.000000
24.453280 2000.096000 34.280640 2422.720000 1.000000
32.368640 1999.136000 40.855360 2420.704000 1.000000
44.217120 2180.960000 42.168960 2605.056000 1.000000
47.054080 2168.944000 46.823840 2593.264000 1.000000
51.205760 2175.712000 50.117760 2600.656000 1.000000
66.948160 2308.048000 60.947840 2735.968000 1.000000
64.908960 2256.432000 62.519840 2676.912000 1.000000
67.320800 2259.408000 64.252960 2679.904000 1.000000
67.975360 2284.976000 65.459840 2709.136000 1.000000
73.856960 2321.424000 65.703200 2749.600000 1.000000
80.828320 2421.504000 68.551360 2857.920000 1.000000
68.214880 2169.904000 70.171840 2584.240000 1.000000
74.669920 2272.272000 71.791200 2694.800000 1.000000
80.063840 2292.928000 76.444320 2718.144000 1.000000
25.937920 1349.515200 78.881600 1717.840000 1.000000
84.208160 2167.488000 86.914560 2574.848000 1.000000
100.116960 2167.088000 103.340320 2577.152000 1.000000
99.738400 2154.304000 104.216640 2563.872000 1.000000
62.919840 1432.192000 112.017280 1797.680000 1.000000
112.311040 2167.936000 118.519200 2578.736000 1.000000
131.140160 2362.960000 120.928320 2794.176000 1.000000
134.396800 2384.688000 125.183840 2818.256000 1.000000
77.256480 1330.872000 127.959680 1698.272000 1.000000
79.596640 1362.248000 131.424640 1729.184000 1.000000
81.813760 1356.620800 132.515200 1723.744000 1.000000
115.100320 1869.136000 134.539200 2265.184000 1.000000
83.906240 1353.296000 135.415680 1720.432000 1.000000
130.591040 2150.352000 135.865440 2558.272000 1.000000
85.641280 1458.158400 135.945920 1823.168000 1.000000
133.452640 2168.768000 136.067360 2577.968000 1.000000
133.096800 2130.864000 139.115040 2537.696000 1.000000
130.122400 2064.240000 139.790400 2464.384000 1.000000
94.052800 1437.363200 141.102080 1801.408000 1.000000
135.294560 2072.992000 142.329600 2477.952000 1.000000
137.229760 2155.568000 142.470400 2564.128000 1.000000
120.680320 1803.312000 142.628960 2201.488000 1.000000
141.113440 2148.672000 147.945760 2557.184000 1.000000
132.445120 1870.896000 153.496960 2266.800000 1.000000
148.053600 2142.480000 154.796000 2551.056000 1.000000
159.664000 2190.464000 163.761600 2601.696000 1.000000
154.653920 2085.168000 168.168000 2478.272000 1.000000
118.907360 1387.379200 168.844800 1753.040000 1.000000
173.545600 2190.704000 177.424000 2599.504000 1.000000
167.910400 1961.488000 182.240000 2352.640000 1.000000
168.568000 1944.848000 185.955200 2334.736000 1.000000
194.545600 2331.376000 190.163200 2756.112000 1.000000
202.337600 2314.944000 196.328000 2739.856000 1.000000
174.587200 1819.120000 197.448000 2208.896000 1.000000
185.726400 1948.912000 201.427200 2338.656000 1.000000
207.403200 2294.256000 206.246400 2716.560000 1.000000
195.308800 2064.432000 207.064000 2455.312000 1.000000
193.163200 1812.800000 213.409600 2204.384000 1.000000
201.059200 2057.920000 213.497600 2446.688000 1.000000
201.921600 1985.680000 218.048000 2374.912000 1.000000
208.136000 2055.504000 220.238400 2447.760000 1.000000
208.680000 1997.312000 222.268800 2386.320000 1.000000
202.204800 1834.128000 222.697600 2224.256000 1.000000
211.784000 1847.152000 230.875200 2239.872000 1.000000
227.635200 2113.808000 238.627200 2509.632000 1.000000
242.484800 2304.672000 242.289600 2725.920000 1.000000
246.782400 2313.920000 243.750400 2734.624000 1.000000
243.030400 2127.520000 249.280000 2528.928000 1.000000
256.936000 2252.720000 251.360000 2667.680000 1.000000
260.521600 2469.776000 253.609600 2889.168000 1.000000
268.171200 2323.744000 264.936000 2745.680000 1.000000
256.905600 2109.680000 266.894400 2503.552000 1.000000
260.971200 2032.752000 268.076800 2426.176000 1.000000
278.198400 2264.512000 271.115200 2682.208000 1.000000
262.417600 2107.168000 272.392000 2499.328000 1.000000
286.897600 2483.056000 280.624000 2902.032000 1.000000
285.368000 2272.032000 280.675200 2689.520000 1.000000
287.249600 2254.160000 283.252800 2668.576000 1.000000
267.278400 1910.000000 283.281600 2302.240000 1.000000
287.947200 2405.280000 285.366400 2819.328000 1.000000
287.692800 2391.664000 286.331200 2804.704000 1.000000
298.224000 2414.320000 295.115200 2829.984000 1.000000
292.878400 2218.736000 296.745600 2624.400000 1.000000
286.803200 1880.864000 306.016000 2271.376000 1.000000
303.112000 2220.624000 306.561600 2627.200000 1.000000
310.211200 2255.984000 309.803200 2670.208000 1.000000
324.484800 2435.904000 319.326400 2847.168000 1.000000
301.392000 1862.560000 320.068800 2251.088000 1.000000
321.096000 2220.560000 323.040000 2626.352000 1.000000
294.238400 1684.688000 324.604800 2079.136000 1.000000
307.760000 1820.192000 327.816000 2207.520000 1.000000
311.390400 1840.672000 331.052800 2229.504000 1.000000
335.961600 2356.848000 336.880000 2760.464000 1.000000
343.808000 2445.008000 340.718400 2860.080000 1.000000
320.396800 1814.304000 342.008000 2203.376000 1.000000
350.811200 2478.752000 344.419200 2896.224000 1.000000
341.060800 2235.328000 345.380800 2633.904000 1.000000
351.561600 2215.472000 350.974400 2616.768000 1.000000
356.257600 2450.496000 351.683200 2865.312000 1.000000
354.131200 2407.712000 353.038400 2816.080000 1.000000
336.092800 1876.688000 354.512000 2265.808000 1.000000
335.841600 1772.624000 358.300800 2158.784000 1.000000
356.624000 2233.936000 361.185600 2633.472000 1.000000
337.641600 1753.264000 362.406400 2143.088000 1.000000
370.758400 2462.544000 364.177600 2878.896000 1.000000
348.747200 1805.488000 367.726400 2191.024000 1.000000
360.601600 2040.816000 372.800000 2428.848000 1.000000
368.761600 2257.968000 373.243200 2656.256000 1.000000
377.267200 2252.400000 377.225600 2654.464000 1.000000
371.139200 2167.520000 377.924800 2565.680000 1.000000
364.435200 2021.216000 377.932800 2409.360000 1.000000
365.388800 1970.544000 378.750400 2358.000000 1.000000
371.716800 2035.696000 383.825600 2424.032000 1.000000
370.608000 1974.224000 385.715200 2361.024000 1.000000
373.921600 1979.408000 388.536000 2366.432000 1.000000
292.748800 223.504000 390.171200 617.958400 1.000000
377.592000 1974.416000 390.683200 2360.880000 1.000000
375.878400 1968.896000 390.948800 2355.472000 1.000000
379.588800 1994.448000 392.534400 2381.040000 1.000000
381.384000 2006.656000 394.576000 2393.648000 1.000000
395.222400 2335.536000 395.308800 2737.008000 1.000000
391.510400 2190.688000 396.540800 2592.704000 1.000000
391.350400 2168.288000 396.744000 2566.448000 1.000000
399.156800 2323.520000 398.403200 2725.056000 1.000000
386.500800 1975.408000 400.750400 2362.016000 1.000000
386.316800 1941.312000 400.972800 2326.608000 1.000000
386.940800 1927.680000 401.076800 2313.936000 1.000000
385.688000 1921.136000 401.398400 2307.296000 1.000000
390.424000 2019.888000 403.016000 2406.960000 1.000000
402.564800 2324.448000 403.196800 2726.384000 1.000000
388.299200 2000.656000 403.256000 2388.608000 1.000000
402.454400 2292.512000 404.512000 2694.208000 1.000000
391.988800 2013.552000 404.851200 2400.624000 1.000000
390.249600 1949.584000 404.987200 2336.176000 1.000000
387.817600 1866.928000 405.284800 2251.936000 1.000000
388.238400 1906.480000 405.465600 2291.968000 1.000000
388.780800 1861.888000 406.356800 2246.576000 1.000000
389.035200 1854.368000 406.979200 2239.872000 1.000000
391.406400 1872.080000 409.580800 2257.584000 1.000000
396.790400 1993.488000 410.657600 2380.336000 1.000000
398.705600 1925.472000 413.401600 2312.400000 1.000000
395.414400 1866.944000 414.081600 2252.512000 1.000000
396.456000 1877.136000 415.116800 2262.832000 1.000000
400.435200 1949.136000 415.840000 2335.232000 1.000000
401.380800 1907.040000 418.078400 2292.768000 1.000000
402.238400 1892.048000 418.286400 2276.528000 1.000000
403.297600 1958.832000 418.955200 2345.824000 1.000000
405.507200 1942.192000 421.500800 2327.952000 1.000000
410.211200 2014.448000 422.472000 2400.432000 1.000000
430.942400 2415.264000 423.449600 2845.408000 1.000000
409.665600 1907.360000 425.235200 2292.768000 1.000000
421.752000 2214.896000 425.302400 2614.656000 1.000000
407.913600 1821.488000 425.427200 2204.720000 1.000000
411.371200 1898.608000 428.643200 2284.528000 1.000000
410.792000 1814.144000 430.552000 2199.392000 1.000000
418.593600 1917.168000 434.366400 2302.656000 1.000000
419.676800 1907.952000 435.401600 2293.168000 1.000000
419.660800 1889.312000 435.500800 2274.736000 1.000000
420.076800 1861.664000 438.428800 2246.800000 1.000000
434.473600 2190.672000 438.824000 2589.648000 1.000000
423.472000 1899.840000 439.089600 2285.376000 1.000000
423.344000 1845.488000 439.931200 2230.544000 1.000000
437.736000 2176.544000 441.118400 2573.984000 1.000000
416.059200 1675.440000 441.147200 2063.808000 1.000000
423.483200 1871.536000 441.331200 2256.640000 1.000000
422.232000 1845.184000 441.358400 2230.640000 1.000000
423.433600 1828.320000 442.265600 2212.608000 1.000000
432.187200 1902.368000 447.449600 2287.280000 1.000000
430.225600 1863.120000 447.752000 2248.032000 1.000000
430.577600 1667.856000 454.078400 2057.296000 1.000000
440.572800 1880.736000 457.035200 2265.088000 1.000000
444.304000 1891.472000 461.123200 2276.496000 1.000000
446.128000 1846.400000 463.921600 2232.064000 1.000000
385.390400 313.196800 474.099200 697.644800 1.000000
421.089600 896.710400 485.187200 1256.739200 1.000000
467.760000 1848.080000 493.889600 2238.944000 1.000000
500.592000 1881.008000 515.731200 2260.944000 1.000000
506.859200 1853.968000 523.105600 2237.888000 1.000000
437.777600 314.529600 523.492800 697.099200 1.000000
443.158400 384.846400 526.728000 763.043200 1.000000
448.209600 358.227200 531.380800 738.062400 1.000000
448.368000 381.116800 531.819200 759.430400 1.000000
448.553600 376.099200 531.878400 755.217600 1.000000
454.902400 395.307200 536.425600 773.440000 1.000000
454.406400 329.417600 538.480000 711.678400 1.000000
524.328000 2083.840000 539.704000 2447.472000 1.000000
458.828800 303.806400 540.155200 687.270400 1.000000
457.443200 310.758400 541.548800 693.531200 1.000000
460.720000 393.649600 542.451200 772.222400 1.000000
466.729600 319.384000 551.022400 700.801600 1.000000
499.988800 914.307200 558.387200 1269.294400 1.000000
530.638400 1461.419200 566.542400 1812.832000 1.000000
548.854400 1946.624000 566.742400 2310.416000 1.000000
529.630400 1994.896000 572.489600 2243.648000 1.000000
544.979200 1479.707200 581.126400 1831.040000 1.000000
544.094400 1427.492800 581.590400 1780.624000 1.000000
525.300800 940.032000 583.705600 1292.452800 1.000000
571.646400 2002.048000 584.928000 2379.776000 1.000000
547.182400 1447.355200 585.484800 1799.776000 1.000000
566.889600 1721.920000 588.008000 2102.800000 1.000000
576.657600 1982.256000 590.505600 2362.832000 1.000000
593.558400 2588.736000 593.900800 2981.536000 1.000000
575.195200 1690.336000 596.062400 2071.936000 1.000000
518.964800 406.531200 596.966400 781.872000 1.000000
561.996800 1480.385600 597.196800 1831.008000 1.000000
520.680000 400.219200 599.059200 775.712000 1.000000
517.454400 301.776000 599.601600 684.558400 1.000000
522.136000 374.824000 600.172800 751.200000 1.000000
567.609600 1523.616000 600.601600 1875.168000 1.000000
548.718400 983.556800 603.400000 1334.144000 1.000000
549.720000 1016.073600 603.507200 1364.001600 1.000000
525.560000 396.844800 603.643200 772.209600 1.000000
574.371200 1528.491200 606.787200 1880.976000 1.000000
526.582400 311.188800 607.176000 693.784000 1.000000
554.433600 1027.412800 609.052800 1376.291200 1.000000
535.022400 402.636800 612.608000 777.883200 1.000000
599.670400 1769.328000 618.406400 2148.368000 1.000000
542.812800 395.328000 619.526400 769.646400 1.000000
589.064000 1464.720000 624.654400 1814.048000 1.000000
569.393600 951.100800 624.784000 1301.860800 1.000000
598.632000 1478.680000 631.236800 1827.264000 1.000000
587.262400 960.448000 642.188800 1310.305600 1.000000
626.259200 1751.408000 642.904000 2131.296000 1.000000
624.793600 1737.216000 643.049600 2117.888000 1.000000
566.779200 367.668800 643.344000 742.683200 1.000000
613.027200 1482.438400 646.432000 1831.104000 1.000000
597.358400 1038.584000 648.305600 1386.544000 1.000000
596.931200 1047.560000 649.355200 1394.604800 1.000000
630.857600 1764.432000 650.668800 2141.440000 1.000000
617.616000 1468.305600 652.416000 1817.984000 1.000000
597.059200 944.028800 655.043200 1296.313600 1.000000
621.686400 1458.643200 656.864000 1807.872000 1.000000
609.017600 1036.113600 661.161600 1382.384000 1.000000
609.916800 1005.236800 662.627200 1350.273600 1.000000
648.369600 1752.928000 664.676800 2131.456000 1.000000
612.974400 902.532800 668.284800 1256.788800 1.000000
638.617600 1431.696000 672.300800 1781.296000 1.000000
674.681600 1764.624000 693.619200 2140.960000 1.000000
640.776000 962.046400 694.416000 1309.960000 1.000000
664.411200 1499.411200 696.948800 1850.896000 1.000000
700.334400 2264.960000 697.993600 2692.672000 1.000000
693.731200 1947.696000 702.195200 2345.680000 1.000000
711.070400 1882.208000 727.041600 2256.032000 1.000000
710.732800 1843.568000 727.907200 2214.176000 1.000000
716.331200 1832.144000 734.156800 2204.736000 1.000000
736.361600 2201.856000 743.361600 2616.672000 1.000000
727.833600 1797.568000 745.819200 2171.024000 1.000000
768.355200 2242.384000 768.544000 2658.432000 1.000000
762.254400 1821.024000 779.521600 2193.008000 1.000000
777.310400 2150.992000 779.601600 2559.376000 1.000000
784.969600 1932.800000 802.745600 2305.312000 1.000000
808.070400 1920.800000 821.534400 2289.760000 1.000000
830.740800 2441.296000 838.744000 2822.464000 1.000000
837.564800 2105.056000 841.486400 2517.872000 1.000000
827.001600 1945.104000 841.817600 2316.208000 1.000000
832.684800 2465.424000 842.200000 2849.408000 1.000000
830.190400 1987.232000 842.764800 2359.408000 1.000000
829.800000 1970.528000 843.166400 2342.176000 1.000000
834.028800 1952.848000 848.724800 2322.944000 1.000000
838.779200 1979.728000 853.164800 2351.248000 1.000000
839.691200 1815.536000 857.673600 2185.680000 1.000000
850.664000 1936.464000 865.688000 2306.880000 1.000000
876.795200 1796.560000 894.464000 2166.192000 1.000000
850.420800 364.825600 907.065600 733.507200 1.000000
892.307200 1798.224000 910.472000 2166.976000 1.000000
893.972800 1837.168000 910.638400 2205.936000 1.000000
901.571200 1778.928000 919.008000 2149.200000 1.000000
908.561600 2000.032000 922.444800 2363.248000 1.000000
935.323200 2335.776000 946.412800 2722.864000 1.000000
929.387200 1829.984000 946.809600 2194.976000 1.000000
932.104000 1789.952000 949.571200 2157.600000 1.000000
1014.828800 1542.713600 1040.680000 1879.728000 1.000000
1043.390400 2535.120000 1062.038400 2867.664000 1.000000
1032.289600 1041.190400 1065.209600 1373.446400 1.000000
1040.768000 1047.676800 1072.574400 1379.766400 1.000000
1050.915200 416.905600 1094.184000 777.004800 1.000000
1071.256000 1523.435200 1094.449600 1858.784000 1.000000
1063.668800 444.072000 1099.806400 797.188800 1.000000
1080.417600 1543.392000 1104.820800 1878.224000 1.000000
1070.571200 450.678400 1109.712000 807.809600 1.000000
1091.283200 1536.308800 1114.809600 1870.768000 1.000000
1100.870400 1009.075200 1132.129600 1341.993600 1.000000
1102.419200 1028.979200 1132.865600 1358.648000 1.000000
1100.241600 441.220800 1137.718400 798.188800 1.000000
1106.740800 411.422400 1141.708800 766.739200 1.000000
1118.238400 1488.014400 1142.214400 1821.488000 1.000000
1114.364800 1054.048000 1143.633600 1383.136000 1.000000
1123.604800 1479.776000 1146.257600 1813.168000 1.000000
1125.545600 1437.153600 1148.499200 1771.824000 1.000000
1127.654400 1428.236800 1151.024000 1763.136000 1.000000
1128.748800 1508.068800 1151.662400 1840.784000 1.000000
1128.022400 1045.246400 1157.587200 1373.259200 1.000000
1137.843200 1491.659200 1160.340800 1825.936000 1.000000
1129.275200 439.267200 1166.737600 789.972800 1.000000
1148.587200 1497.696000 1172.334400 1829.184000 1.000000
1153.171200 1467.728000 1176.168000 1801.568000 1.000000
1148.428800 920.232000 1177.792000 1256.427200 1.000000
1159.432000 1522.769600 1180.505600 1853.632000 1.000000
1157.662400 943.838400 1186.964800 1279.544000 1.000000
1159.440000 915.641600 1187.987200 1252.172800 1.000000
1173.921600 1438.704000 1197.457600 1771.920000 1.000000
1175.585600 1462.256000 1197.604800 1791.552000 1.000000
1175.174400 1505.192000 1199.436800 1836.048000 1.000000
1166.289600 279.492800 1201.401600 652.696000 1.000000
1174.376000 1016.803200 1201.537600 1345.992000 1.000000
1169.692800 357.356800 1202.886400 719.998400 1.000000
1181.038400 1535.424000 1203.918400 1867.680000 1.000000
1181.707200 1431.481600 1204.472000 1764.864000 1.000000
1174.590400 273.568000 1208.024000 646.936000 1.000000
1194.790400 1489.380800 1216.572800 1820.832000 1.000000
1196.846400 1510.462400 1217.553600 1841.568000 1.000000
1198.564800 1481.668800 1219.468800 1813.344000 1.000000
1195.073600 1051.836800 1222.428800 1378.014400 1.000000
1196.540800 1041.219200 1223.062400 1368.443200 1.000000
1203.497600 1029.988800 1230.460800 1357.584000 1.000000
1208.704000 1470.811200 1230.736000 1802.944000 1.000000
1214.884800 2156.272000 1232.086400 2516.976000 1.000000
1230.758400 2196.400000 1244.401600 2561.104000 1.000000
1227.704000 2167.216000 1244.587200 2527.616000 1.000000
1220.052800 920.636800 1245.448000 1255.004800 1.000000
1229.396800 2189.392000 1246.433600 2551.664000 1.000000
1230.438400 2004.592000 1248.230400 2360.672000 1.000000
1224.003200 1054.332800 1249.798400 1380.603200 1.000000
1229.920000 922.158400 1255.174400 1255.902400 1.000000
1238.505600 2159.792000 1258.073600 2519.024000 1.000000
1230.307200 365.875200 1260.113600 724.795200 1.000000
1242.392000 2165.616000 1260.804800 2525.456000 1.000000
1237.544000 324.419200 1264.387200 690.044800 1.000000
1251.254400 1988.752000 1268.435200 2344.128000 1.000000
1253.046400 1999.152000 1271.499200 2354.352000 1.000000
1247.846400 349.740800 1274.867200 711.472000 1.000000
1256.974400 2030.192000 1275.880000 2386.672000 1.000000
1259.670400 2186.800000 1278.176000 2550.336000 1.000000
1254.156800 964.860800 1278.422400 1296.257600 1.000000
1263.102400 396.272000 1287.614400 751.713600 1.000000
1267.795200 408.528000 1293.395200 762.764800 1.000000
1282.321600 353.012800 1307.660800 713.937600 1.000000
1289.705600 405.430400 1314.136000 759.428800 1.000000
1298.392000 406.436800 1322.398400 759.652800 1.000000
1435.089600 1773.760000 1451.046400 2126.688000 1.000000
1449.288000 2419.136000 1474.742400 2788.832000 1.000000
1452.774400 2124.976000 1475.259200 2480.816000 1.000000
1458.968000 2230.192000 1481.990400 2587.488000 1.000000
1468.297600 2397.376000 1493.196800 2763.408000 1.000000
1472.334400 2146.144000 1493.873600 2499.920000 1.000000
1477.777600 2366.272000 1503.144000 2730.224000 1.000000
1482.707200 2199.600000 1505.592000 2554.896000 1.000000
1484.188800 2253.392000 1507.928000 2611.104000 1.000000
1484.923200 2208.976000 1508.502400 2565.280000 1.000000
1489.014400 2331.472000 1516.281600 2694.448000 1.000000
1492.635200 2215.552000 1516.916800 2572.016000 1.000000
1493.057600 2231.440000 1518.105600 2588.208000 1.000000
1502.084800 2255.280000 1524.344000 2610.912000 1.000000
1503.835200 2416.096000 1528.705600 2783.360000 1.000000
1506.008000 2249.440000 1529.504000 2605.392000 1.000000
1507.208000 2186.800000 1531.123200 2542.192000 1.000000
1506.678400 2369.056000 1535.204800 2731.824000 1.000000
1513.537600 2378.048000 1539.702400 2741.424000 1.000000
1542.368000 1494.870400 1560.940800 1815.808000 1.000000
1559.228800 2253.440000 1583.435200 2607.472000 1.000000
1569.614400 1543.089600 1586.512000 1862.496000 1.000000
1590.152000 373.752000 1592.944000 724.337600 1.000000
1581.904000 1494.721600 1597.457600 1813.968000 1.000000
1596.409600 1028.332800 1606.512000 1345.046400 1.000000
1674.704000 433.235200 1672.208000 775.105600 1.000000
1666.912000 1028.449600 1673.472000 1340.980800 1.000000
1611.360000 1790.144000 1683.200000 2140.576000 1.000000
1681.488000 1238.646400 1692.960000 1552.536000 1.000000
1683.728000 1549.219200 1699.360000 1865.840000 1.000000
1674.144000 2147.360000 1701.680000 2497.744000 1.000000
1707.888000 1561.334400 1723.328000 1877.696000 1.000000
1725.664000 1070.436800 1730.192000 1384.176000 1.000000
1725.136000 1542.334400 1739.344000 1858.448000 1.000000
1717.056000 2044.928000 1742.656000 2393.120000 1.000000
1732.848000 1575.011200 1748.112000 1890.784000 1.000000
1742.432000 1114.627200 1748.176000 1420.731200 1.000000
1751.632000 1133.113600 1760.480000 1443.017600 1.000000
1745.728000 1576.726400 1761.696000 1892.512000 1.000000
1750.464000 1521.236800 1764.784000 1835.056000 1.000000
1749.312000 1534.438400 1765.552000 1848.928000 1.000000
1775.520000 460.600000 1766.848000 795.584000 1.000000
1762.784000 1386.033600 1773.600000 1703.088000 1.000000
1759.680000 1541.977600 1775.296000 1855.904000 1.000000
1770.848000 1397.283200 1782.192000 1713.440000 1.000000
1771.424000 1593.937600 1786.752000 1908.624000 1.000000
1774.176000 1503.312000 1787.760000 1818.368000 1.000000
1785.104000 1569.843200 1798.480000 1886.288000 1.000000
1783.232000 1590.302400 1799.040000 1904.928000 1.000000
1781.920000 1730.080000 1799.952000 2080.000000 1.000000
1800.256000 1085.230400 1803.648000 1391.689600 1.000000
1792.160000 1540.155200 1805.056000 1851.968000 1.000000
1794.672000 1747.200000 1812.960000 2096.896000 1.000000
1811.936000 1077.060800 1814.896000 1382.352000 1.000000
1803.088000 1595.752000 1818.688000 1910.736000 1.000000
1802.016000 1746.384000 1823.632000 2089.808000 1.000000
1811.408000 1517.212800 1823.792000 1827.664000 1.000000
1811.808000 1602.224000 1827.568000 1917.776000 1.000000
1826.592000 1230.123200 1828.208000 1537.808000 1.000000
1822.992000 1261.568000 1830.992000 1577.705600 1.000000
1819.696000 1570.488000 1834.432000 1883.744000 1.000000
1829.232000 1211.577600 1834.768000 1517.904000 1.000000
1824.272000 1532.675200 1836.880000 1845.760000 1.000000
1837.776000 1200.422400 1841.952000 1503.132800 1.000000
1828.224000 1500.534400 1842.016000 1812.752000 1.000000
1842.960000 1064.878400 1845.024000 1371.830400 1.000000
1843.616000 1118.187200 1846.048000 1421.992000 1.000000
1846.256000 1231.777600 1851.040000 1539.465600 1.000000
1845.264000 1272.403200 1852.320000 1586.545600 1.000000
1853.728000 1067.169600 1853.904000 1372.689600 1.000000
1852.080000 1119.908800 1854.784000 1424.056000 1.000000
1850.608000 1203.385600 1855.888000 1510.657600 1.000000
1867.472000 719.428800 1858.320000 1044.403200 1.000000
1863.904000 953.240000 1862.352000 1265.988800 1.000000
1856.384000 1285.990400 1862.416000 1601.120000 1.000000
1860.160000 1120.328000 1862.880000 1424.753600 1.000000
1860.448000 1301.400000 1867.552000 1616.112000 1.000000
1868.448000 1105.705600 1870.096000 1409.299200 1.000000
1898.304000 421.353600 1878.464000 759.379200 1.000000
1880.576000 1134.665600 1880.784000 1440.046400 1.000000
1862.160000 1716.736000 1881.376000 2058.400000 1.000000
1880.080000 1262.803200 1882.272000 1577.683200 1.000000
1873.440000 1462.828800 1883.616000 1774.048000 1.000000
1883.904000 1279.118400 1889.440000 1593.496000 1.000000
1874.304000 1571.163200 1889.760000 1884.928000 1.000000
1877.264000 1553.928000 1891.296000 1865.984000 1.000000
1892.080000 1073.380800 1893.760000 1378.027200 1.000000
1895.376000 1034.006400 1894.096000 1345.012800 1.000000
1888.944000 1264.172800 1894.832000 1577.851200 1.000000
1881.776000 1563.204800 1895.616000 1874.416000 1.000000
1926.112000 109.927360 1896.560000 475.348800 1.000000
1886.512000 1478.340800 1897.200000 1788.848000 1.000000
1887.408000 1461.086400 1898.576000 1773.120000 1.000000
1892.432000 1291.081600 1898.928000 1604.592000 1.000000
1880.112000 1727.040000 1899.184000 2070.576000 1.000000
1930.064000 119.069920 1900.160000 483.696000 1.000000
1902.656000 1066.520000 1902.160000 1368.750400 1.000000
1914.848000 742.817600 1904.208000 1064.542400 1.000000
1895.344000 1474.665600 1906.272000 1785.184000 1.000000
1905.776000 1086.430400 1906.464000 1390.652800 1.000000
1905.008000 1130.481600 1907.360000 1431.209600 1.000000
1890.304000 1693.872000 1907.376000 2035.936000 1.000000
1897.792000 1553.432000 1911.712000 1863.632000 1.000000
1915.696000 1078.555200 1915.008000 1381.110400 1.000000
1929.824000 745.294400 1917.760000 1067.480000 1.000000
1910.864000 1434.072000 1919.776000 1746.256000 1.000000
1925.216000 1092.787200 1924.208000 1394.350400 1.000000
1904.464000 1816.992000 1926.416000 2159.680000 1.000000
1929.024000 1074.715200 1927.136000 1379.609600 1.000000
1916.496000 1456.988800 1928.528000 1769.280000 1.000000
1939.264000 730.785600 1928.768000 1052.262400 1.000000
1949.936000 507.649600 1929.968000 833.060800 1.000000
1918.528000 1450.408000 1930.064000 1762.176000 1.000000
1931.968000 1093.907200 1931.552000 1396.715200 1.000000
1936.336000 1147.824000 1935.600000 1449.566400 1.000000
1937.936000 1080.339200 1937.376000 1380.961600 1.000000
1933.808000 1272.249600 1937.792000 1582.593600 1.000000
1932.336000 1365.816000 1941.408000 1679.248000 1.000000
1942.784000 1131.252800 1942.672000 1434.324800 1.000000
1934.448000 1397.265600 1942.736000 1708.768000 1.000000
1942.080000 1258.126400 1946.384000 1567.766400 1.000000
1940.944000 1266.596800 1946.720000 1577.521600 1.000000
1938.784000 1418.273600 1947.312000 1730.528000 1.000000
1941.392000 1359.889600 1947.424000 1670.400000 1.000000
1979.248000 206.222400 1948.608000 563.236800 1.000000
1966.144000 674.334400 1950.400000 987.168000 1.000000
1927.632000 1822.400000 1952.496000 2164.976000 1.000000
1972.688000 569.582400 1953.152000 887.184000 1.000000
1945.936000 1450.891200 1955.888000 1761.744000 1.000000
1947.920000 1405.712000 1955.952000 1717.456000 1.000000
1936.192000 1844.160000 1959.840000 2186.976000 1.000000
1963.024000 1108.132800 1960.336000 1409.204800 1.000000
1938.336000 1833.488000 1960.656000 2175.040000 1.000000
1983.648000 493.233600 1961.376000 819.433600 1.000000
1978.672000 744.097600 1964.288000 1062.708800 1.000000
1956.912000 1381.043200 1964.576000 1692.688000 1.000000
2000.528000 117.072480 1965.856000 478.718400 1.000000
1960.304000 1362.225600 1967.712000 1673.984000 1.000000
1969.216000 1170.265600 1969.392000 1472.622400 1.000000
1956.288000 1586.040000 1970.544000 1895.248000 1.000000
1948.960000 1853.104000 1972.800000 2195.584000 1.000000
1983.472000 928.897600 1974.592000 1235.721600 1.000000
1991.728000 750.748800 1976.160000 1070.859200 1.000000
1992.432000 777.832000 1979.104000 1095.971200 1.000000
2015.984000 211.881600 1980.432000 567.444800 1.000000
1984.016000 1033.467200 1980.768000 1336.828800 1.000000
2001.536000 559.910400 1981.008000 877.080000 1.000000
2020.144000 132.101920 1981.952000 491.334400 1.000000
1980.576000 1228.158400 1982.960000 1530.492800 1.000000
2024.144000 40.163040 1983.248000 403.920000 1.000000
1975.648000 1465.545600 1984.096000 1773.104000 1.000000
1957.344000 2026.720000 1988.048000 2373.472000 1.000000
2020.800000 283.638400 1988.560000 633.483200 1.000000
1987.904000 1212.099200 1989.024000 1514.188800 1.000000
2029.552000 87.006240 1990.032000 448.712000 1.000000
1966.064000 1845.248000 1990.080000 2187.072000 1.000000
1954.816000 2160.864000 1990.224000 2508.704000 1.000000
1965.904000 1835.328000 1991.648000 2176.992000 1.000000
2008.064000 739.523200 1992.624000 1058.814400 1.000000
2011.936000 788.134400 1996.000000 1104.854400 1.000000
1989.824000 1357.753600 1996.096000 1669.120000 1.000000
2035.136000 136.439840 1996.112000 494.811200 1.000000
1996.240000 1157.216000 1996.672000 1457.875200 1.000000
1995.232000 1201.640000 1996.848000 1503.670400 1.000000
1992.336000 1251.771200 1997.712000 1557.225600 1.000000
1988.000000 1467.737600 1997.904000 1772.240000 1.000000
1984.080000 1588.169600 1998.880000 1898.624000 1.000000
2032.752000 322.323200 1999.824000 670.910400 1.000000
1988.944000 1572.017600 2002.832000 1879.984000 1.000000
1991.984000 1524.750400 2003.728000 1832.240000 1.000000
2026.304000 568.380800 2004.496000 884.475200 1.000000
2010.144000 1095.292800 2006.144000 1394.427200 1.000000
2005.056000 1243.147200 2006.272000 1546.363200 1.000000
2022.656000 785.499200 2007.280000 1100.483200 1.000000
2006.416000 1184.691200 2007.952000 1484.860800 1.000000
2012.400000 1105.400000 2008.336000 1404.156800 1.000000
1994.448000 1582.585600 2009.232000 1888.544000 1.000000
2007.280000 1233.678400 2009.744000 1535.945600 1.000000
2036.416000 502.054400 2010.976000 826.451200 1.000000
2026.560000 768.684800 2011.152000 1085.620800 1.000000
2035.344000 537.936000 2013.264000 857.280000 1.000000
1971.200000 2317.840000 2013.456000 2670.016000 1.000000
2037.472000 595.574400 2014.672000 909.328000 1.000000
2001.360000 1587.545600 2015.248000 1895.504000 1.000000
2038.304000 582.948800 2015.408000 897.284800 1.000000
2041.296000 573.694400 2017.312000 890.465600 1.000000
2015.744000 1280.876800 2019.440000 1589.169600 1.000000
2013.776000 1351.264000 2019.760000 1660.000000 1.000000
2019.792000 1243.852800 2020.784000 1546.507200 1.000000
2046.720000 547.704000 2022.000000 865.384000 1.000000
2027.600000 1136.544000 2024.336000 1433.808000 1.000000
2036.064000 951.843200 2026.448000 1258.796800 1.000000
2067.584000 124.217120 2026.624000 483.204800 1.000000
2014.848000 1530.710400 2027.456000 1838.112000 1.000000
2052.448000 555.036800 2028.144000 871.707200 1.000000
2022.112000 1372.552000 2028.576000 1682.144000 1.000000
2006.880000 1771.136000 2028.976000 2110.528000 1.000000
2034.176000 1093.180800 2029.936000 1391.830400 1.000000
2022.496000 1406.478400 2030.432000 1719.600000 1.000000
2015.456000 1590.044800 2030.768000 1897.248000 1.000000
2012.784000 1742.048000 2031.456000 2080.640000 1.000000
2020.928000 1555.580800 2033.488000 1862.576000 1.000000
2007.888000 1889.568000 2034.128000 2227.952000 1.000000
2035.168000 1216.017600 2035.136000 1518.427200 1.000000
2050.464000 895.803200 2036.544000 1205.854400 1.000000
2079.712000 112.519840 2037.152000 470.409600 1.000000
2049.696000 913.987200 2037.856000 1223.724800 1.000000
2053.440000 841.041600 2038.512000 1155.209600 1.000000
2039.488000 1276.465600 2041.392000 1584.000000 1.000000
2069.872000 498.924800 2042.064000 822.913600 1.000000
2040.080000 1243.820800 2043.104000 1545.337600 1.000000
2046.768000 1093.702400 2043.248000 1392.086400 1.000000
2050.768000 1083.371200 2045.168000 1382.468800 1.000000
2018.544000 1837.248000 2046.272000 2176.736000 1.000000
2057.328000 936.968000 2046.464000 1244.433600 1.000000
2089.760000 140.199040 2047.616000 499.286400 1.000000
2076.736000 519.532800 2048.640000 837.246400 1.000000
2035.760000 1520.964800 2048.992000 1830.928000 1.000000
2079.248000 496.972800 2050.144000 822.174400 1.000000
2064.496000 989.062400 2053.024000 1292.787200 1.000000
2064.432000 976.550400 2053.104000 1280.473600 1.000000
2066.880000 898.836800 2054.464000 1209.078400 1.000000
2054.896000 1191.105600 2055.056000 1489.411200 1.000000
2052.080000 1291.011200 2055.616000 1599.584000 1.000000
2029.552000 1837.792000 2055.936000 2178.496000 1.000000
2062.784000 1156.649600 2059.840000 1455.406400 1.000000
2036.080000 1812.304000 2060.304000 2152.784000 1.000000
2085.664000 616.800000 2061.824000 926.822400 1.000000
2106.768000 130.116320 2061.968000 486.932800 1.000000
2076.960000 890.521600 2063.200000 1200.825600 1.000000
2095.600000 468.676800 2064.352000 795.240000 1.000000
2074.992000 994.809600 2065.296000 1298.128000 1.000000
2080.112000 927.409600 2068.128000 1235.308800 1.000000
2093.616000 649.950400 2068.656000 958.492800 1.000000
2077.008000 1070.099200 2069.392000 1369.252800 1.000000
2082.176000 942.206400 2070.448000 1249.121600 1.000000
2072.912000 1191.934400 2070.688000 1491.532800 1.000000
2088.448000 758.536000 2071.328000 1074.059200 1.000000
2118.080000 127.094400 2071.824000 483.689600 1.000000
2087.120000 935.715200 2074.272000 1243.368000 1.000000
2066.304000 1428.918400 2074.384000 1737.552000 1.000000
2089.264000 885.729600 2075.264000 1197.739200 1.000000
2093.232000 752.065600 2075.600000 1066.436800 1.000000
2092.912000 870.585600 2078.304000 1180.747200 1.000000
2122.320000 175.123200 2078.816000 529.393600 1.000000
2074.816000 1434.488000 2083.104000 1740.912000 1.000000
2132.096000 98.012960 2083.344000 454.360000 1.000000
2124.960000 360.542400 2085.872000 699.400000 1.000000
2090.304000 1129.780800 2085.920000 1423.232000 1.000000
2098.240000 945.219200 2086.368000 1251.358400 1.000000
2066.688000 1734.736000 2087.136000 2068.496000 1.000000
2101.472000 924.195200 2089.104000 1231.520000 1.000000
2109.120000 835.664000 2091.072000 1150.145600 1.000000
2112.064000 745.984000 2093.024000 1057.496000 1.000000
2106.256000 899.180800 2093.104000 1206.788800 1.000000
2095.456000 1270.052800 2094.880000 1574.184000 1.000000
2111.248000 855.936000 2096.000000 1166.745600 1.000000
2108.112000 985.571200 2096.880000 1288.915200 1.000000
2098.400000 1233.062400 2097.072000 1533.772800 1.000000
2124.768000 643.692800 2098.768000 949.116800 1.000000
2105.616000 1132.192000 2099.456000 1425.224000 1.000000
2145.424000 164.979200 2100.416000 517.478400 1.000000
2145.984000 192.238400 2101.328000 543.936000 1.000000
2103.984000 1199.731200 2102.272000 1497.712000 1.000000
2108.928000 1090.817600 2102.496000 1387.294400 1.000000
2105.344000 1257.097600 2104.256000 1559.708800 1.000000
2111.072000 1117.289600 2104.400000 1413.718400 1.000000
2133.504000 697.003200 2105.040000 1002.457600 1.000000
2106.704000 1227.193600 2106.192000 1527.908800 1.000000
2095.776000 1514.732800 2106.912000 1834.448000 1.000000
2126.208000 833.478400 2108.656000 1143.657600 1.000000
2083.328000 1820.224000 2109.056000 2157.424000 1.000000
2117.216000 1109.060800 2110.464000 1404.963200 1.000000
2128.592000 964.806400 2113.840000 1266.571200 1.000000
2134.608000 807.366400 2114.704000 1118.374400 1.000000
2145.280000 606.480000 2115.008000 916.227200 1.000000
2128.288000 944.929600 2115.568000 1245.580800 1.000000
2163.152000 217.545600 2116.784000 568.310400 1.000000
2125.072000 1120.648000 2118.192000 1416.302400 1.000000
2089.296000 1883.456000 2118.320000 2221.824000 1.000000
2147.008000 637.228800 2119.152000 943.475200 1.000000
2148.832000 659.272000 2121.760000 965.182400 1.000000
2133.792000 1009.064000 2122.064000 1309.729600 1.000000
2155.472000 537.572800 2123.600000 852.785600 1.000000
2155.936000 546.120000 2124.688000 861.452800 1.000000
2125.648000 1227.388800 2124.752000 1525.726400 1.000000
2125.200000 1251.374400 2126.672000 1552.272000 1.000000
2160.496000 555.640000 2127.008000 871.665600 1.000000
2144.384000 869.124800 2127.344000 1178.296000 1.000000
2174.528000 245.854400 2129.120000 595.180800 1.000000
2138.064000 1066.276800 2130.160000 1363.297600 1.000000
2143.072000 992.563200 2130.672000 1293.264000 1.000000
2163.952000 635.492800 2134.864000 940.140800 1.000000
2153.552000 835.219200 2136.000000 1144.811200 1.000000
2143.824000 1133.627200 2137.280000 1429.355200 1.000000
2149.984000 1072.163200 2139.920000 1370.040000 1.000000
2167.808000 663.057600 2140.400000 967.774400 1.000000
2191.312000 139.900160 2140.480000 491.352000 1.000000
2146.512000 1183.049600 2142.480000 1480.630400 1.000000
2190.064000 205.617600 2142.688000 554.040000 1.000000
2188.944000 299.483200 2144.288000 641.776000 1.000000
2151.904000 1150.568000 2145.264000 1445.755200 1.000000
2153.552000 1090.094400 2145.488000 1385.112000 1.000000
2179.920000 550.086400 2145.936000 864.257600 1.000000
2151.632000 1158.937600 2146.256000 1453.601600 1.000000
2153.104000 1140.089600 2147.248000 1434.441600 1.000000
2153.472000 1173.886400 2148.880000 1469.497600 1.000000
2181.248000 541.264000 2149.056000 856.432000 1.000000
2177.600000 717.006400 2150.208000 1021.632000 1.000000
2158.304000 1118.713600 2151.168000 1413.833600 1.000000
2192.992000 363.012800 2152.416000 699.756800 1.000000
2162.768000 1059.777600 2153.008000 1356.086400 1.000000
2161.456000 1096.102400 2153.104000 1391.107200 1.000000
2180.576000 768.779200 2156.896000 1078.803200 1.000000
2176.672000 868.441600 2158.144000 1177.008000 1.000000
2165.952000 1150.035200 2159.872000 1445.593600 1.000000
2169.808000 1065.731200 2160.832000 1361.604800 1.000000
2216.304000 144.662080 2163.248000 495.544000 1.000000
2180.096000 947.595200 2164.208000 1251.934400 1.000000
2210.752000 317.432000 2165.360000 657.350400 1.000000
2172.816000 1106.276800 2165.520000 1399.561600 1.000000
2174.896000 1077.867200 2165.936000 1372.644800 1.000000
2176.032000 1052.400000 2166.368000 1348.424000 1.000000
2179.152000 1068.966400 2169.280000 1363.502400 1.000000
2212.320000 386.164800 2170.032000 720.264000 1.000000
2212.656000 421.083200 2173.600000 752.267200 1.000000
2230.448000 109.386560 2174.800000 459.400000 1.000000
2232.496000 120.209280 2175.632000 474.297600 1.000000
2192.224000 932.515200 2175.744000 1234.617600 1.000000
2187.136000 1053.211200 2176.464000 1349.019200 1.000000
2200.928000 797.779200 2177.456000 1107.878400 1.000000
2193.056000 1043.534400 2182.528000 1339.344000 1.000000
2216.112000 600.660800 2183.552000 909.249600 1.000000
2209.552000 790.012800 2186.176000 1099.054400 1.000000
2133.984000 2409.232000 2186.816000 2756.352000 1.000000
2241.264000 214.148800 2189.120000 561.176000 1.000000
2213.856000 778.593600 2189.328000 1087.745600 1.000000
2233.568000 331.201600 2189.536000 668.132800 1.000000
2219.760000 808.313600 2196.640000 1116.318400 1.000000
2215.120000 930.268800 2198.960000 1234.246400 1.000000
2229.024000 692.092800 2200.608000 991.585600 1.000000
2227.104000 766.156800 2201.024000 1072.523200 1.000000
2244.992000 387.217600 2201.120000 720.387200 1.000000
2241.952000 479.452800 2202.032000 802.742400 1.000000
2226.304000 792.652800 2202.448000 1101.595200 1.000000
2255.168000 365.788800 2209.088000 700.715200 1.000000
2237.776000 752.086400 2210.784000 1056.632000 1.000000
2235.280000 795.307200 2210.880000 1103.328000 1.000000
2252.736000 486.425600 2211.840000 808.400000 1.000000
2253.344000 468.912000 2212.016000 792.168000 1.000000
2251.264000 552.982400 2215.040000 867.412800 1.000000
2264.672000 325.859200 2215.744000 665.713600 1.000000
2246.800000 697.827200 2215.920000 998.737600 1.000000
2260.880000 424.345600 2216.160000 753.382400 1.000000
2243.216000 778.732800 2217.184000 1086.420800 1.000000
2276.256000 172.977600 2220.592000 520.121600 1.000000
2262.176000 476.112000 2220.944000 797.518400 1.000000
2171.200000 2311.216000 2221.168000 2650.608000 1.000000
2227.072000 1076.800000 2221.808000 1369.316800 1.000000
2253.120000 684.716800 2222.080000 985.694400 1.000000
2283.984000 187.219200 2223.392000 534.184000 1.000000
2261.376000 564.380800 2224.304000 875.001600 1.000000
2275.072000 430.688000 2230.544000 757.710400 1.000000
2290.368000 135.168320 2230.976000 481.920000 1.000000
2292.464000 81.719200 2231.248000 433.534400 1.000000
2271.024000 566.008000 2233.984000 876.502400 1.000000
2272.496000 598.427200 2236.096000 904.171200 1.000000
2265.072000 779.776000 2238.192000 1086.710400 1.000000
2272.096000 673.240000 2239.264000 973.107200 1.000000
2279.216000 548.859200 2240.768000 861.955200 1.000000
2281.392000 665.654400 2246.480000 967.232000 1.000000
2291.696000 422.420800 2247.248000 746.526400 1.000000
2282.032000 613.513600 2247.984000 920.764800 1.000000
2305.536000 214.683200 2248.208000 560.312000 1.000000
2283.280000 736.758400 2252.160000 1037.608000 1.000000
2284.592000 705.905600 2252.208000 1005.388800 1.000000
2297.344000 550.900800 2256.848000 863.409600 1.000000
2288.800000 725.174400 2257.168000 1024.236800 1.000000
2288.064000 766.665600 2259.136000 1070.291200 1.000000
2295.616000 648.227200 2259.984000 949.102400 1.000000
2317.184000 273.216000 2260.720000 613.308800 1.000000
2297.904000 629.342400 2261.056000 932.342400 1.000000
2326.320000 116.127200 2262.928000 464.660800 1.000000
2302.672000 652.236800 2265.776000 954.948800 1.000000
2307.024000 535.496000 2266.432000 850.080000 1.000000
2303.824000 620.948800 2267.344000 924.084800 1.000000
2261.280000 1796.256000 2268.752000 1736.128000 1.000000
2307.552000 639.721600 2270.896000 942.792000 1.000000
2296.368000 838.324800 2272.304000 1154.473600 1.000000
2313.264000 566.454400 2272.608000 876.331200 1.000000
2316.432000 550.355200 2274.368000 861.966400 1.000000
2317.040000 517.718400 2274.416000 833.648000 1.000000
2317.840000 654.188800 2281.040000 955.694400 1.000000
2321.280000 578.662400 2281.360000 886.072000 1.000000
2324.672000 535.451200 2282.064000 848.347200 1.000000
2329.920000 557.001600 2288.288000 867.444800 1.000000
2342.192000 416.028800 2292.272000 742.982400 1.000000
2348.752000 345.964800 2295.520000 676.403200 1.000000
2337.536000 597.563200 2297.264000 900.667200 1.000000
2348.176000 422.091200 2299.264000 749.508800 1.000000
2341.104000 620.024000 2300.656000 921.878400 1.000000
2348.304000 526.908800 2304.944000 841.238400 1.000000
2359.216000 377.606400 2307.760000 707.579200 1.000000
2365.008000 307.929600 2308.448000 642.782400 1.000000
2373.584000 199.950400 2310.784000 542.747200 1.000000
2377.216000 222.081600 2313.728000 563.158400 1.000000
2378.656000 276.662400 2318.544000 612.454400 1.000000
2382.112000 200.582400 2318.928000 542.568000 1.000000
2391.584000 58.496800 2319.680000 409.676800 1.000000
2384.352000 190.198400 2322.288000 533.392000 1.000000
2386.896000 284.593600 2327.680000 618.723200 1.000000
2385.264000 386.577600 2332.928000 713.196800 1.000000
2408.080000 52.069920 2334.496000 403.569600 1.000000
2394.640000 314.852800 2336.032000 649.385600 1.000000
2398.400000 281.516800 2337.424000 617.332800 1.000000
2316.336000 2102.848000 2339.472000 2089.760000 1.000000
2414.720000 41.994080 2340.624000 393.774400 1.000000
2415.600000 105.498560 2344.480000 451.070400 1.000000
2409.008000 230.284800 2346.208000 569.748800 1.000000
2411.808000 195.187200 2347.408000 536.020800 1.000000
2417.408000 127.626560 2348.144000 470.504000 1.000000
2362.336000 1546.462400 2350.592000 1476.238400 1.000000
2423.984000 111.360160 2352.464000 456.792000 1.000000
2417.008000 243.707200 2352.912000 582.979200 1.000000
2329.040000 2117.344000 2353.040000 2102.176000 1.000000
2422.960000 251.820800 2358.496000 589.742400 1.000000
2422.208000 294.124800 2360.880000 629.457600 1.000000
2431.904000 219.572800 2365.536000 558.596800 1.000000
2439.232000 106.921600 2366.352000 451.979200 1.000000
2349.472000 2070.736000 2369.888000 2054.960000 1.000000
2443.584000 183.260800 2375.104000 523.544000 1.000000
2349.376000 2296.144000 2376.624000 2308.432000 1.000000
2350.800000 2188.272000 2377.552000 2167.680000 1.000000
2454.032000 155.613760 2380.480000 495.931200 1.000000
2460.528000 74.227040 2381.712000 423.185600 1.000000
2452.256000 196.531200 2383.856000 535.788800 1.000000
2386.416000 1697.712000 2384.192000 1617.248000 1.000000
2391.936000 1677.600000 2388.016000 1597.747200 1.000000
2460.112000 164.576000 2388.736000 505.011200 1.000000
2362.064000 2344.816000 2388.960000 2359.920000 1.000000
2467.424000 57.630720 2389.232000 409.190400 1.000000
2466.576000 125.089760 2392.432000 467.694400 1.000000
2476.416000 83.260320 2397.984000 430.124800 1.000000
2474.096000 185.510400 2402.160000 525.585600 1.000000
2412.928000 1608.592000 2403.424000 1529.750400 1.000000
2397.136000 1854.160000 2404.432000 1792.032000 1.000000
2377.984000 2159.184000 2404.640000 2140.384000 1.000000
2496.144000 163.164800 2422.880000 502.358400 1.000000
2501.024000 133.870080 2423.776000 474.355200 1.000000
2435.776000 1596.440000 2426.096000 1515.502400 1.000000
2512.192000 32.952320 2428.832000 382.601600 1.000000
2508.048000 136.807360 2430.288000 476.664000 1.000000
2522.112000 30.285920 2437.552000 379.678400 1.000000
2414.608000 2141.088000 2439.472000 2112.816000 1.000000
2455.472000 1545.699200 2441.792000 1466.224000 1.000000
2442.160000 1819.504000 2442.448000 1737.408000 1.000000
2531.488000 124.598400 2453.904000 465.859200 1.000000
2542.912000 98.043840 2460.400000 440.281600 1.000000
2432.640000 2198.048000 2460.512000 2174.400000 1.000000
2439.440000 2126.640000 2462.224000 2091.920000 1.000000
2439.456000 2121.312000 2462.384000 2083.216000 1.000000
2435.248000 2163.600000 2462.384000 2135.920000 1.000000
2442.144000 2148.848000 2467.232000 2116.960000 1.000000
2441.456000 2175.264000 2468.000000 2147.152000 1.000000
2449.408000 2171.424000 2475.936000 2141.840000 1.000000
2454.832000 2162.544000 2480.272000 2130.592000 1.000000
2461.056000 2082.544000 2480.496000 2034.144000 1.000000
2510.480000 1449.742400 2488.192000 1369.974400 1.000000
2474.800000 2055.776000 2492.192000 2000.944000 1.000000
2483.296000 2040.608000 2499.072000 1981.632000 1.000000
2484.896000 2220.752000 2513.520000 2194.928000 1.000000
2524.048000 2049.552000 2520.160000 2037.776000 1.000000
2498.976000 2173.728000 2523.936000 2136.480000 1.000000
2517.952000 1966.064000 2526.288000 1890.048000 1.000000
2519.024000 1974.768000 2528.928000 1900.112000 1.000000
2508.176000 2125.680000 2529.120000 2079.328000 1.000000
2537.584000 1826.208000 2534.576000 1732.080000 1.000000
2571.984000 1298.316800 2534.832000 1214.211200 1.000000
2581.232000 1178.800000 2538.528000 1123.264000 1.000000
2525.296000 2119.408000 2545.168000 2068.720000 1.000000
2589.552000 1254.070400 2548.096000 1168.320000 1.000000
2545.872000 1980.032000 2555.184000 1902.352000 1.000000
2551.296000 1850.496000 2557.872000 1745.664000 1.000000
2560.048000 1896.176000 2561.312000 1808.128000 1.000000
2608.416000 1234.739200 2564.960000 1147.144000 1.000000
2579.360000 1723.264000 2568.016000 1617.472000 1.000000
2611.072000 1272.779200 2568.896000 1184.126400 1.000000
2576.576000 1861.728000 2575.776000 1765.008000 1.000000
2576.064000 1866.976000 2576.224000 1770.096000 1.000000
2622.016000 1218.364800 2576.240000 1128.864000 1.000000
2620.288000 1274.428800 2578.224000 1183.724800 1.000000
2622.944000 1245.377600 2578.944000 1155.246400 1.000000
2578.624000 1935.280000 2583.296000 1848.752000 1.000000
2588.592000 1826.368000 2583.520000 1725.216000 1.000000
2590.480000 1830.832000 2586.144000 1730.016000 1.000000
2595.008000 1791.824000 2587.488000 1689.408000 1.000000
2590.688000 1849.728000 2588.800000 1750.032000 1.000000
2586.144000 1945.824000 2591.184000 1859.440000 1.000000
2597.376000 1814.608000 2591.856000 1711.744000 1.000000
2641.632000 1233.601600 2594.288000 1141.860800 1.000000
2631.168000 1381.172800 2594.448000 1281.081600 1.000000
2642.032000 1222.849600 2595.056000 1130.976000 1.000000
2640.080000 1276.686400 2596.176000 1184.036800 1.000000
2646.400000 1216.113600 2598.464000 1124.286400 1.000000
2652.352000 1213.652800 2603.680000 1120.352000 1.000000
2647.504000 1295.024000 2604.704000 1200.043200 1.000000
2603.360000 1899.152000 2605.104000 1805.760000 1.000000
2653.600000 1272.411200 2608.848000 1178.059200 1.000000
2625.024000 1710.320000 2610.448000 1602.480000 1.000000
2657.888000 1237.982400 2610.768000 1144.169600 1.000000
2663.120000 1220.817600 2614.256000 1126.190400 1.000000
2619.136000 1869.136000 2617.584000 1770.736000 1.000000
2664.704000 1271.363200 2619.344000 1174.707200 1.000000
2672.688000 1208.273600 2621.392000 1113.892800 1.000000
2628.848000 1804.560000 2621.488000 1698.384000 1.000000
2668.640000 1251.104000 2621.712000 1155.035200 1.000000
2624.672000 1855.424000 2621.728000 1754.464000 1.000000
2670.272000 1243.740800 2623.088000 1147.553600 1.000000
2648.368000 1662.336000 2629.584000 1550.926400 1.000000
2674.320000 1301.496000 2630.576000 1200.968000 1.000000
2639.984000 1822.832000 2633.856000 1718.768000 1.000000
2683.904000 1233.388800 2634.288000 1136.083200 1.000000
2669.104000 1385.721600 2639.792000 1276.500800 1.000000
2684.304000 1308.451200 2640.192000 1206.153600 1.000000
2683.024000 1382.307200 2641.824000 1275.081600 1.000000
2689.216000 1276.446400 2642.112000 1176.540800 1.000000
2673.616000 1541.516800 2644.592000 1430.412800 1.000000
2674.928000 1515.729600 2644.912000 1405.880000 1.000000
2673.872000 1578.107200 2647.936000 1465.377600 1.000000
2694.640000 1311.089600 2648.992000 1208.515200 1.000000
2696.720000 1286.972800 2649.808000 1185.699200 1.000000
2675.888000 1603.744000 2651.744000 1490.420800 1.000000
2682.752000 1582.731200 2656.720000 1469.614400 1.000000
2670.400000 1765.216000 2658.832000 1656.240000 1.000000
2708.304000 1262.948800 2659.120000 1161.750400 1.000000
2710.336000 1253.988800 2661.040000 1154.364800 1.000000
2706.496000 1156.860800 2663.552000 1076.931200 1.000000
2692.768000 1585.281600 2666.208000 1471.624000 1.000000
2710.208000 1355.848000 2667.840000 1246.828800 1.000000
2719.200000 1257.472000 2669.264000 1155.064000 1.000000
2719.520000 1294.652800 2671.264000 1190.006400 1.000000
2707.008000 1467.846400 2671.664000 1354.993600 1.000000
2709.088000 1489.633600 2675.520000 1376.860800 1.000000
2697.280000 1657.008000 2676.176000 1542.513600 1.000000
2725.008000 1296.451200 2676.592000 1190.302400 1.000000
2729.776000 1247.678400 2677.904000 1145.024000 1.000000
2712.784000 1482.969600 2678.128000 1369.563200 1.000000
2720.720000 1422.040000 2681.264000 1310.627200 1.000000
2716.528000 1470.868800 2681.344000 1357.361600 1.000000
2730.976000 1299.089600 2682.384000 1192.273600 1.000000
2723.136000 1410.489600 2682.480000 1298.332800 1.000000
2729.552000 1306.873600 2682.880000 1199.296000 1.000000
2736.048000 1248.225600 2682.960000 1143.515200 1.000000
2733.664000 1290.587200 2684.144000 1184.115200 1.000000
2719.840000 1496.000000 2685.536000 1381.400000 1.000000
2735.552000 1323.288000 2688.704000 1215.771200 1.000000
2738.336000 1298.894400 2689.744000 1190.465600 1.000000
2738.592000 1306.176000 2689.872000 1198.158400 1.000000
2723.824000 1512.915200 2690.688000 1395.657600 1.000000
2727.088000 1473.611200 2690.736000 1359.072000 1.000000
2730.928000 1423.152000 2690.832000 1310.464000 1.000000
2741.952000 1291.803200 2692.032000 1183.755200 1.000000
2744.976000 1251.600000 2692.192000 1146.840000 1.000000
2745.712000 1271.720000 2694.320000 1165.212800 1.000000
2755.504000 1026.912000 2695.040000 977.710400 1.000000
2746.656000 1300.804800 2695.824000 1192.585600 1.000000
2726.352000 1567.057600 2696.816000 1451.168000 1.000000
2750.288000 1286.782400 2699.296000 1178.283200 1.000000
2736.688000 1474.345600 2699.664000 1358.897600 1.000000
2749.296000 1391.596800 2700.096000 1302.350400 1.000000
2740.800000 1427.635200 2700.336000 1313.736000 1.000000
2756.384000 1251.083200 2702.704000 1144.908800 1.000000
2739.456000 1501.024000 2704.304000 1384.926400 1.000000
2756.368000 1295.241600 2705.440000 1185.601600 1.000000
2757.968000 1287.908800 2706.128000 1178.444800 1.000000
2766.880000 1244.025600 2710.512000 1138.190400 1.000000
2761.744000 1302.673600 2711.152000 1192.664000 1.000000
2765.872000 1253.540800 2711.552000 1145.932800 1.000000
2747.056000 1503.576000 2711.792000 1386.971200 1.000000
2767.616000 1239.272000 2711.824000 1132.619200 1.000000
2764.384000 1296.331200 2712.992000 1186.347200 1.000000
2765.296000 1281.934400 2713.664000 1172.364800 1.000000
2767.120000 1283.715200 2715.872000 1173.030400 1.000000
2772.848000 1284.297600 2720.320000 1173.910400 1.000000
2776.096000 1277.148800 2722.048000 1167.116800 1.000000
2776.432000 1287.833600 2723.328000 1177.707200 1.000000
2778.096000 1270.028800 2723.472000 1160.969600 1.000000
2778.144000 1263.118400 2723.888000 1153.808000 1.000000
2773.200000 1349.872000 2725.120000 1236.862400 1.000000
2780.224000 1256.155200 2725.296000 1146.892800 1.000000
2767.408000 1427.035200 2725.728000 1311.291200 1.000000
2777.344000 1306.344000 2726.096000 1194.566400 1.000000
2777.168000 1312.947200 2726.688000 1201.163200 1.000000
2778.720000 1299.632000 2726.704000 1188.038400 1.000000
2781.520000 1291.433600 2728.128000 1180.576000 1.000000
2777.728000 1336.830400 2728.576000 1223.643200 1.000000
2774.288000 1387.201600 2728.752000 1273.022400 1.000000
2779.584000 1328.280000 2729.952000 1215.596800 1.000000
2788.288000 1256.907200 2732.432000 1146.678400 1.000000
2784.016000 1307.740800 2732.496000 1195.321600 1.000000
2785.584000 1300.576000 2733.408000 1188.616000 1.000000
2788.096000 1293.784000 2735.232000 1181.625600 1.000000
2790.880000 1272.475200 2736.176000 1161.556800 1.000000
2790.880000 1315.044800 2738.480000 1202.385600 1.000000
2795.104000 1259.067200 2738.976000 1148.545600 1.000000
2796.032000 1288.552000 2742.112000 1175.905600 1.000000
2793.904000 1330.099200 2742.272000 1215.620800 1.000000
2797.088000 1296.833600 2743.232000 1184.808000 1.000000
2794.144000 1341.232000 2744.320000 1226.272000 1.000000
2802.672000 1260.588800 2745.632000 1149.812800 1.000000
2807.424000 1251.395200 2749.520000 1141.505600 1.000000
2806.528000 1268.550400 2750.240000 1156.846400 1.000000
2805.888000 1276.492800 2750.416000 1163.604800 1.000000
2804.992000 1330.395200 2752.160000 1214.948800 1.000000
2806.752000 1305.246400 2753.408000 1190.660800 1.000000
2808.688000 1298.796800 2754.288000 1185.190400 1.000000
2809.744000 1292.177600 2754.960000 1178.156800 1.000000
2813.440000 1277.419200 2757.408000 1164.080000 1.000000
2817.536000 1249.736000 2758.880000 1138.145600 1.000000
2817.664000 1263.545600 2759.664000 1151.680000 1.000000
2807.264000 1421.128000 2761.360000 1302.536000 1.000000
2817.616000 1293.336000 2762.128000 1178.742400 1.000000
2803.744000 1450.080000 2762.512000 1328.838400 1.000000
2820.976000 1272.656000 2762.752000 1160.176000 1.000000
2827.632000 1233.478400 2766.736000 1118.488000 1.000000
2834.672000 1165.520000 2766.832000 1055.030400 1.000000
2824.816000 1287.808000 2768.496000 1172.891200 1.000000
2827.520000 1297.488000 2771.184000 1180.934400 1.000000
2828.848000 1273.915200 2771.232000 1159.513600 1.000000
2829.648000 1282.083200 2772.448000 1166.843200 1.000000
2830.320000 1254.955200 2772.960000 1142.929600 1.000000
2838.480000 1216.499200 2777.040000 1101.225600 1.000000
2840.176000 1260.400000 2780.096000 1144.833600 1.000000
2853.936000 1297.656000 2795.408000 1169.112000 1.000000
2862.304000 1228.001600 2795.568000 1113.500800 1.000000
2907.168000 1182.657600 2835.616000 1058.307200 1.000000
2921.248000 1174.473600 2847.536000 1046.889600 1.000000
3101.072000 1950.544000 3067.216000 1688.256000 1.000000
3632.144000 2429.552000 3559.808000 2239.568000 1.000000
3492.176000 2650.016000 3581.456000 2718.656000 1.000000
3653.568000 530.324800 3628.976000 567.721600 1.000000
3757.408000 2103.152000 3684.960000 1775.808000 1.000000
3746.128000 524.868800 3725.280000 570.560000 1.000000
3950.416000 1143.491200 3785.408000 862.174400 1.000000
3875.264000 2982.704000 4003.472000 2988.000000 1.000000
