5.164048 2395.712000 5.895216 1144.344000 1.000000
208.136000 2055.504000 139.509600 400.641600 1.000000
167.057600 2898.720000 258.894400 1272.532800 1.000000
360.601600 2040.816000 295.553600 401.025600 1.000000
379.588800 1994.448000 307.536000 349.212800 1.000000
375.996800 2028.032000 308.971200 389.334400 1.000000
400.700800 1899.904000 311.556800 235.272000 1.000000
401.380800 1907.040000 313.668800 246.638400 1.000000
400.435200 1949.136000 320.168000 295.934400 1.000000
409.665600 1907.360000 322.489600 245.032000 1.000000
406.803200 1931.648000 324.020800 275.203200 1.000000
396.790400 1993.488000 324.892800 348.244800 1.000000
391.988800 2013.552000 325.350400 373.472000 1.000000
410.648000 1922.160000 325.452800 262.860800 1.000000
419.660800 1889.312000 329.835200 224.195200 1.000000
423.483200 1871.536000 330.315200 201.387200 1.000000
398.782400 2023.216000 332.387200 384.292800 1.000000
268.200000 2725.104000 332.475200 1093.664000 1.000000
402.548800 2003.264000 333.572800 360.198400 1.000000
412.187200 1950.608000 333.868800 297.862400 1.000000
423.472000 1899.840000 336.385600 236.582400 1.000000
361.950400 2369.392000 356.622400 743.233600 1.000000
369.827200 2381.120000 365.868800 753.561600 1.000000
319.803200 2691.536000 368.758400 1085.150400 1.000000
402.454400 2292.512000 385.414400 662.448000 1.000000
484.473600 1881.600000 398.385600 220.784000 1.000000
430.118400 2210.544000 401.140800 572.721600 1.000000
481.540800 1888.592000 405.484800 241.196800 1.000000
500.592000 1881.008000 419.864000 231.161600 1.000000
422.433600 2679.024000 445.102400 1072.132800 1.000000
518.086400 2589.824000 543.736000 1037.518400 1.000000
531.870400 2780.208000 580.614400 1219.500800 1.000000
687.702400 1783.440000 601.056000 132.412800 1.000000
554.430400 2780.080000 601.745600 1220.774400 1.000000
584.896000 2684.048000 619.852800 1138.216000 1.000000
586.256000 2736.272000 626.948800 1187.536000 1.000000
596.449600 2756.528000 638.720000 1203.184000 1.000000
609.889600 2740.864000 648.521600 1192.678400 1.000000
620.243200 2720.768000 658.715200 1176.028800 1.000000
636.680000 2610.944000 659.529600 1073.265600 1.000000
646.336000 2630.896000 668.672000 1092.784000 1.000000
699.286400 2694.656000 731.979200 1159.078400 1.000000
769.411200 1934.384000 735.832000 355.704000 1.000000
818.040000 1892.720000 761.080000 306.273600 1.000000
773.180800 2818.000000 810.427200 1282.385600 1.000000
823.745600 2586.944000 836.497600 1077.608000 1.000000
821.644800 2627.136000 838.712000 1115.100800 1.000000
1076.945600 2569.664000 1021.280000 1183.523200 1.000000
1034.803200 2606.400000 1054.454400 1225.756800 1.000000
1214.884800 2156.272000 1193.542400 682.041600 1.000000
1230.438400 2004.592000 1204.328000 509.156800 1.000000
1243.859200 2197.872000 1220.102400 730.996800 1.000000
1242.392000 2165.616000 1222.848000 699.433600 1.000000
1286.422400 2062.672000 1265.648000 579.236800 1.000000
1280.918400 2138.992000 1267.244800 666.275200 1.000000
1300.478400 2072.176000 1281.043200 586.641600 1.000000
1398.902400 1525.830400 1379.720000 50.730240 1.000000
1404.134400 1525.571200 1384.884800 49.592160 1.000000
1453.388800 2216.304000 1437.268800 778.476800 1.000000
1458.968000 2230.192000 1443.382400 795.854400 1.000000
1464.052800 2154.272000 1449.856000 711.452800 1.000000
1472.334400 2146.144000 1458.432000 703.544000 1.000000
1482.707200 2199.600000 1466.558400 765.630400 1.000000
1483.220800 2171.152000 1467.760000 731.964800 1.000000
1492.635200 2215.552000 1476.060800 783.387200 1.000000
1510.800000 2372.080000 1491.011200 952.604800 1.000000
1507.208000 2186.800000 1492.713600 753.795200 1.000000
1532.512000 2350.704000 1516.868800 937.571200 1.000000
1535.299200 2260.480000 1519.470400 846.857600 1.000000
1574.992000 2362.352000 1558.412800 957.449600 1.000000
1580.395200 2338.752000 1563.100800 934.832000 1.000000
1566.616000 1531.059200 1575.187200 81.660800 1.000000
1588.531200 2164.768000 1577.243200 731.148800 1.000000
1568.059200 1514.411200 1577.656000 59.476640 1.000000
1629.056000 2009.232000 1628.992000 556.899200 1.000000
1688.480000 2170.400000 1678.128000 749.112000 1.000000
1694.240000 1548.390400 1722.880000 120.036800 1.000000
1732.848000 1575.011200 1766.000000 155.264160 1.000000
1773.232000 1536.404800 1814.944000 114.859840 1.000000
1785.104000 1569.843200 1825.792000 156.088800 1.000000
1782.672000 1548.944000 1828.704000 133.793440 1.000000
1783.296000 1528.120000 1829.472000 106.108480 1.000000
1811.408000 1517.212800 1862.624000 93.092800 1.000000
1848.192000 1530.460800 1904.288000 119.663360 1.000000
1849.568000 1518.067200 1907.376000 104.305280 1.000000
1874.304000 1571.163200 1928.976000 172.916800 1.000000
1881.776000 1563.204800 1938.032000 166.041600 1.000000
1886.848000 1577.568000 1938.672000 178.654400 1.000000
1954.928000 2197.712000 1944.544000 809.910400 1.000000
1887.456000 1551.228800 1947.232000 153.477120 1.000000
1897.808000 1495.044800 1967.024000 79.605440 1.000000
1904.992000 1536.620800 1967.408000 137.473440 1.000000
1936.192000 1844.160000 1979.456000 367.398400 1.000000
1938.336000 1833.488000 1983.152000 354.372800 1.000000
1962.864000 1854.592000 2007.872000 381.561600 1.000000
1932.000000 1467.971200 2012.608000 46.293120 1.000000
1966.064000 1845.248000 2013.664000 373.121600 1.000000
1958.512000 1571.584000 2024.960000 187.204800 1.000000
2007.888000 1889.568000 2051.808000 422.907200 1.000000
2023.008000 1866.128000 2070.224000 404.204800 1.000000
1991.984000 1524.750400 2071.840000 135.053920 1.000000
2002.368000 1544.208000 2080.128000 159.295360 1.000000
2038.672000 1830.272000 2094.992000 364.635200 1.000000
2035.376000 1766.528000 2103.632000 287.689600 1.000000
2018.640000 1460.481600 2115.392000 50.458880 1.000000
2171.200000 2311.216000 2132.912000 987.876800 1.000000
2089.296000 1883.456000 2134.816000 420.412800 1.000000
