61.492480 2722.640000 23.405760 1967.872000 1.000000
169.220800 2001.152000 77.224160 505.052800 1.000000
219.216000 1836.224000 97.437280 328.152000 1.000000
208.680000 1997.312000 116.707840 518.040000 1.000000
208.620800 1985.440000 117.428320 512.548800 1.000000
67.868000 2800.896000 130.446240 1321.336000 1.000000
212.699200 2041.040000 130.927840 575.251200 1.000000
85.018720 2784.624000 143.700640 1310.320000 1.000000
299.132800 1676.432000 157.108480 127.035200 1.000000
301.392000 1862.560000 191.016000 371.324800 1.000000
283.929600 1981.424000 195.988800 509.972800 1.000000
311.390400 1840.672000 196.678400 348.361600 1.000000
138.788800 2869.248000 206.345600 1408.262400 1.000000
136.367200 2933.344000 216.177600 1464.902400 1.000000
167.057600 2898.720000 238.276800 1437.300800 1.000000
360.601600 2040.816000 285.411200 586.441600 1.000000
286.897600 2483.056000 287.756800 1005.665600 1.000000
379.588800 1994.448000 297.249600 534.550400 1.000000
375.996800 2028.032000 299.408000 574.980800 1.000000
251.812800 2795.616000 300.862400 1349.235200 1.000000
386.500800 1975.408000 300.929600 516.539200 1.000000
381.384000 2006.656000 301.193600 549.859200 1.000000
400.700800 1899.904000 302.729600 427.024000 1.000000
380.232000 2037.024000 304.955200 584.808000 1.000000
382.726400 2021.200000 305.006400 566.694400 1.000000
415.222400 1831.808000 306.254400 347.089600 1.000000
394.755200 1967.472000 307.998400 505.854400 1.000000
400.435200 1949.136000 310.646400 485.110400 1.000000
409.665600 1907.360000 313.195200 436.835200 1.000000
422.232000 1845.184000 313.288000 360.624000 1.000000
388.438400 2040.256000 313.520000 586.979200 1.000000
396.790400 1993.488000 314.380800 535.088000 1.000000
406.803200 1931.648000 314.444800 465.803200 1.000000
391.988800 2013.552000 314.627200 558.955200 1.000000
275.724800 2764.336000 318.243200 1323.318400 1.000000
419.660800 1889.312000 321.278400 416.457600 1.000000
423.483200 1871.536000 322.201600 394.859200 1.000000
402.548800 2003.264000 323.152000 546.664000 1.000000
412.187200 1950.608000 323.996800 487.032000 1.000000
423.472000 1899.840000 326.937600 428.377600 1.000000
388.616000 2162.208000 335.456000 702.456000 1.000000
374.608000 2270.240000 339.332800 818.670400 1.000000
319.803200 2691.536000 350.611200 1249.112000 1.000000
368.075200 2420.736000 358.454400 960.864000 1.000000
402.454400 2292.512000 371.988800 841.022400 1.000000
402.564800 2324.448000 377.051200 878.720000 1.000000
430.118400 2210.544000 387.371200 756.361600 1.000000
563.009600 1458.232000 398.536000 36.325920 1.000000
495.908800 1885.792000 406.049600 427.057600 1.000000
500.592000 1881.008000 409.748800 423.225600 1.000000
579.006400 1477.065600 420.881600 59.941920 1.000000
382.672000 2812.960000 423.593600 1416.051200 1.000000
422.433600 2679.024000 430.006400 1237.355200 1.000000
534.350400 1979.056000 458.657600 490.142400 1.000000
564.971200 1988.336000 488.368000 562.795200 1.000000
481.598400 2920.768000 511.686400 1766.080000 1.000000
531.870400 2780.208000 560.872000 1376.044800 1.000000
661.104000 1876.240000 565.440000 520.264000 1.000000
563.211200 2566.448000 569.033600 1184.432000 1.000000
581.198400 2682.336000 599.710400 1291.590400 1.000000
584.896000 2684.048000 602.419200 1292.883200 1.000000
590.712000 2668.384000 606.243200 1279.966400 1.000000
596.449600 2756.528000 620.113600 1357.744000 1.000000
711.070400 1882.208000 627.232000 451.956800 1.000000
628.960000 2629.072000 637.835200 1247.748800 1.000000
620.243200 2720.768000 638.809600 1330.347200 1.000000
618.702400 2819.520000 640.292800 1420.320000 1.000000
734.649600 1909.376000 650.617600 479.248000 1.000000
749.220800 1806.608000 658.884800 359.739200 1.000000
662.764800 2568.064000 661.843200 1168.204800 1.000000
693.521600 2627.392000 701.182400 1252.190400 1.000000
787.689600 1806.144000 701.787200 361.800000 1.000000
685.228800 2712.048000 703.371200 1323.796800 1.000000
788.852800 1942.080000 714.211200 529.726400 1.000000
712.262400 2691.120000 722.529600 1313.894400 1.000000
818.040000 1892.720000 740.784000 474.414400 1.000000
839.691200 1815.536000 755.966400 380.625600 1.000000
765.512000 2891.984000 788.140800 1533.750400 1.000000
773.180800 2818.000000 791.582400 1436.004800 1.000000
830.966400 2418.192000 811.100800 1066.545600 1.000000
804.241600 2710.336000 811.203200 1340.027200 1.000000
832.684800 2465.424000 816.300800 1114.435200 1.000000
821.644800 2627.136000 821.579200 1264.862400 1.000000
807.179200 2828.624000 823.307200 1444.736000 1.000000
879.356800 2152.960000 833.416000 798.744000 1.000000
1071.256000 1523.435200 977.212800 167.283200 1.000000
1152.704000 360.884800 1024.931200 53.992320 1.000000
1127.654400 1428.236800 1037.806400 48.664640 1.000000
1154.545600 1508.737600 1070.211200 156.783680 1.000000
1159.432000 1522.769600 1075.704000 173.323200 1.000000
1181.707200 1431.481600 1099.889600 58.358880 1.000000
1196.846400 1510.462400 1120.803200 164.534400 1.000000
1200.123200 1449.366400 1122.097600 79.733760 1.000000
1200.060800 1516.444800 1124.100800 172.769600 1.000000
1208.704000 1470.811200 1132.161600 112.019200 1.000000
1214.884800 2156.272000 1174.806400 835.704000 1.000000
1244.008000 1975.136000 1199.545600 633.832000 1.000000
1238.505600 2159.792000 1200.459200 844.428800 1.000000
1242.555200 2179.024000 1202.556800 863.640000 1.000000
1256.974400 2030.192000 1210.641600 695.777600 1.000000
1409.574400 1522.299200 1362.883200 201.315200 1.000000
1452.774400 2124.976000 1416.523200 819.811200 1.000000
1458.968000 2230.192000 1421.166400 939.113600 1.000000
1464.052800 2154.272000 1427.238400 857.667200 1.000000
1465.400000 2216.320000 1428.294400 926.440000 1.000000
1468.710400 2350.224000 1430.748800 1062.873600 1.000000
1469.000000 2197.008000 1431.820800 904.793600 1.000000
1472.334400 2146.144000 1436.195200 851.841600 1.000000
1484.188800 2253.392000 1443.878400 965.513600 1.000000
1482.707200 2199.600000 1445.344000 911.097600 1.000000
1483.220800 2171.152000 1446.208000 878.995200 1.000000
1484.923200 2208.976000 1447.262400 920.275200 1.000000
1484.145600 2156.112000 1447.900800 861.161600 1.000000
1492.635200 2215.552000 1455.038400 928.440000 1.000000
1510.800000 2372.080000 1471.723200 1093.088000 1.000000
1507.208000 2186.800000 1471.920000 898.752000 1.000000
1542.368000 1494.870400 1518.752000 184.137600 1.000000
1580.395200 2338.752000 1542.491200 1071.950400 1.000000
1568.059200 1514.411200 1543.299200 212.081600 1.000000
1569.614400 1543.089600 1546.412800 245.875200 1.000000
2684.704000 3015.616000 1632.384000 2507.840000 1.000000
1694.240000 1548.390400 1686.560000 267.299200 1.000000
1707.888000 1561.334400 1701.488000 282.067200 1.000000
1732.848000 1575.011200 1728.736000 301.190400 1.000000
1745.728000 1576.726400 1742.560000 303.952000 1.000000
1745.792000 1561.451200 1744.928000 287.734400 1.000000
1759.680000 1541.977600 1761.552000 265.840000 1.000000
1773.232000 1536.404800 1775.952000 260.800000 1.000000
1774.176000 1503.312000 1780.784000 222.680000 1.000000
1783.232000 1590.302400 1784.560000 322.371200 1.000000
1782.672000 1548.944000 1786.896000 278.009600 1.000000
1785.104000 1569.843200 1787.088000 301.196800 1.000000
1770.848000 1397.283200 1787.616000 75.744960 1.000000
1783.296000 1528.120000 1789.808000 253.313600 1.000000
1787.904000 1741.536000 1790.960000 382.409600 1.000000
1780.704000 1386.038400 1799.600000 63.878560 1.000000
1794.672000 1747.200000 1800.032000 384.908800 1.000000
1827.888000 1487.492800 1845.744000 205.712000 1.000000
1874.304000 1571.163200 1887.280000 313.972800 1.000000
1881.776000 1563.204800 1896.432000 307.577600 1.000000
1887.456000 1551.228800 1906.432000 294.873600 1.000000
1897.792000 1553.432000 1915.648000 298.964800 1.000000
1954.928000 2197.712000 1919.328000 945.449600 1.000000
1971.200000 2317.840000 1921.728000 1072.153600 1.000000
1897.808000 1495.044800 1922.320000 224.040000 1.000000
1904.992000 1536.620800 1926.336000 277.614400 1.000000
1936.192000 1844.160000 1941.168000 527.868800 1.000000
1938.336000 1833.488000 1942.720000 515.438400 1.000000
1910.864000 1434.072000 1944.864000 142.671040 1.000000
1907.648000 1399.934400 1946.384000 98.235200 1.000000
1916.496000 1456.988800 1951.808000 175.102400 1.000000
1911.312000 1363.867200 1954.176000 55.736160 1.000000
1948.848000 1834.384000 1956.976000 518.411200 1.000000
2066.256000 2813.264000 1957.216000 1618.448000 1.000000
1925.648000 1401.694400 1965.728000 103.828000 1.000000
1933.488000 1455.785600 1967.792000 175.145600 1.000000
1962.864000 1854.592000 1968.256000 542.913600 1.000000
1966.064000 1845.248000 1976.000000 532.707200 1.000000
1956.288000 1586.040000 1978.944000 341.694400 1.000000
1958.512000 1571.584000 1981.584000 326.385600 1.000000
1941.392000 1359.889600 1990.704000 53.306240 1.000000
1968.080000 1587.654400 1991.008000 344.673600 1.000000
1969.952000 1572.700800 1994.416000 328.604800 1.000000
1948.320000 1365.988800 1997.968000 60.311200 1.000000
1959.504000 1460.628800 1999.024000 186.176000 1.000000
1961.248000 1445.460800 2002.720000 163.697600 1.000000
1978.464000 1571.460800 2004.080000 329.076800 1.000000
1988.944000 1572.017600 2015.136000 331.177600 1.000000
1969.040000 1388.419200 2020.720000 90.314880 1.000000
1994.448000 1582.585600 2020.720000 342.612800 1.000000
1991.984000 1524.750400 2025.504000 274.195200 1.000000
2013.248000 1836.784000 2026.432000 528.539200 1.000000
2001.360000 1587.545600 2028.672000 348.174400 1.000000
1999.104000 1565.072000 2028.912000 321.412800 1.000000
1988.000000 1467.737600 2031.136000 194.294400 1.000000
2002.368000 1544.208000 2034.912000 297.131200 1.000000
2012.784000 1742.048000 2039.152000 413.300800 1.000000
2029.552000 1837.792000 2043.472000 531.968000 1.000000
2014.384000 1574.225600 2044.832000 335.316800 1.000000
1998.816000 1374.651200 2052.208000 76.722720 1.000000
1997.072000 1342.488000 2057.696000 37.806400 1.000000
2035.376000 1766.528000 2059.088000 447.979200 1.000000
2013.776000 1351.264000 2077.536000 49.188320 1.000000
2050.352000 1720.832000 2080.576000 401.496000 1.000000
2089.296000 1883.456000 2095.536000 579.265600 1.000000
2083.328000 1820.224000 2100.736000 505.206400 1.000000
2171.200000 2311.216000 2110.928000 1109.619200 1.000000
2066.304000 1428.918400 2126.832000 155.168800 1.000000
2111.232000 1563.515200 2165.376000 258.604800 1.000000
