2188.944000 299.483200 2031.744000 2812.048000 1.000000
2290.368000 135.168320 2050.512000 2552.448000 1.000000
2310.560000 118.765760 2062.096000 2530.864000 1.000000
2326.320000 116.127200 2073.696000 2525.424000 1.000000
2290.032000 430.923200 2178.288000 2900.032000 1.000000
2479.472000 93.322880 2190.992000 2460.192000 1.000000
2466.576000 125.089760 2192.848000 2492.192000 1.000000
2489.744000 79.383520 2193.408000 2447.136000 1.000000
2460.992000 138.572160 2194.928000 2510.880000 1.000000
14.856432 1932.736000 2197.024000 26.586720 1.000000
2484.032000 104.468480 2200.160000 2469.392000 1.000000
2444.560000 251.006400 2234.560000 2661.168000 1.000000
2563.408000 67.627360 2244.960000 2414.768000 1.000000
2531.488000 124.598400 2249.280000 2481.504000 1.000000
2385.264000 386.577600 2249.760000 2835.520000 1.000000
2630.656000 1774.208000 2525.728000 1020.051200 1.000000
2756.000000 1365.840000 2602.144000 1230.612800 1.000000
2737.232000 1384.144000 2633.584000 1379.750400 1.000000
2699.232000 1585.689600 2662.368000 1406.360000 1.000000
2712.784000 1534.286400 2692.752000 1517.444800 1.000000
2700.512000 1552.979200 2703.808000 1580.123200 1.000000
544.980800 2957.584000 3160.576000 2209.712000 1.000000
