26.366080 1393.752000 518.299200 174.262400 1.000000
34.892640 1563.329600 542.088000 361.809600 1.000000
37.578560 1545.484800 543.057600 342.841600 1.000000
56.589600 1913.408000 592.232000 723.291200 1.000000
60.253600 1980.160000 600.275200 786.913600 1.000000
119.958560 1304.360000 601.555200 77.927840 1.000000
132.667360 1292.745600 612.873600 67.644800 1.000000
120.352000 1499.795200 616.089600 303.004800 1.000000
85.548640 1912.352000 617.531200 723.985600 1.000000
76.738880 2018.720000 618.966400 826.774400 1.000000
67.909920 2409.712000 639.747200 1174.662400 1.000000
71.553760 2366.288000 641.662400 1138.600000 1.000000
175.913600 1304.163200 654.715200 82.087200 1.000000
66.210880 2668.528000 654.774400 1383.580800 1.000000
89.632800 2358.464000 656.168000 1133.225600 1.000000
95.940000 2455.072000 666.054400 1215.408000 1.000000
160.691200 1671.888000 668.395200 491.147200 1.000000
63.689600 2955.056000 669.196800 1600.080000 1.000000
103.563680 2449.536000 672.854400 1210.992000 1.000000
120.333120 2259.504000 675.419200 1049.630400 1.000000
90.890240 2734.880000 677.316800 1436.947200 1.000000
86.204640 2866.208000 680.870400 1536.836800 1.000000
100.404960 2659.328000 682.217600 1379.081600 1.000000
100.589920 2697.264000 682.456000 1410.091200 1.000000
149.205440 2074.640000 688.417600 887.468800 1.000000
145.999360 2228.064000 694.712000 1026.489600 1.000000
140.117440 2448.608000 704.278400 1213.400000 1.000000
121.304160 2846.256000 709.030400 1525.396800 1.000000
163.494400 2212.256000 709.164800 1013.094400 1.000000
172.923200 2102.656000 712.289600 916.488000 1.000000
136.281440 2652.688000 713.851200 1376.060800 1.000000
174.116800 2182.704000 717.552000 988.424000 1.000000
174.441600 2170.560000 717.790400 977.107200 1.000000
136.535040 2771.312000 718.270400 1471.289600 1.000000
134.900800 2843.760000 719.864000 1524.777600 1.000000
186.163200 2118.256000 723.329600 930.747200 1.000000
163.171200 2510.560000 727.704000 1269.584000 1.000000
159.744480 2584.208000 728.216000 1326.601600 1.000000
170.260800 2517.232000 733.425600 1275.320000 1.000000
160.681600 2671.088000 734.017600 1395.667200 1.000000
160.963200 2773.392000 738.702400 1475.766400 1.000000
176.681600 2510.912000 739.137600 1270.092800 1.000000
171.867200 2737.808000 745.992000 1449.585600 1.000000
173.326400 2763.040000 747.350400 1467.740800 1.000000
221.366400 2118.544000 755.537600 935.640000 1.000000
249.955200 1768.016000 756.825600 597.140800 1.000000
276.486400 1409.998400 757.995200 214.542400 1.000000
197.222400 2945.152000 774.462400 1605.568000 1.000000
243.369600 2566.672000 799.846400 1321.086400 1.000000
325.193600 1368.259200 803.217600 168.929600 1.000000
346.849600 1314.708800 821.622400 113.811200 1.000000
368.291200 1478.918400 849.028800 301.555200 1.000000
390.462400 1257.363200 860.443200 47.473440 1.000000
317.835200 2605.296000 866.278400 1363.019200 1.000000
325.211200 2773.376000 871.963200 1494.368000 1.000000
408.107200 1263.177600 878.324800 58.932800 1.000000
345.744000 2560.416000 884.369600 1329.460800 1.000000
344.856000 2574.112000 884.492800 1342.435200 1.000000
351.745600 2584.752000 889.894400 1350.268800 1.000000
353.604800 2568.464000 891.337600 1336.504000 1.000000
354.420800 2552.512000 891.481600 1322.880000 1.000000
350.371200 2663.232000 891.572800 1412.787200 1.000000
359.107200 2651.520000 898.531200 1403.297600 1.000000
369.854400 2685.328000 908.691200 1431.441600 1.000000
375.611200 2789.344000 915.753600 1510.132800 1.000000
448.939200 1461.812800 924.550400 296.142400 1.000000
404.924800 2365.008000 927.281600 1175.360000 1.000000
455.752000 1410.176000 930.380800 236.392000 1.000000
401.555200 2712.544000 935.510400 1455.782400 1.000000
416.987200 2700.400000 947.918400 1448.112000 1.000000
471.932800 1595.792000 952.672000 442.422400 1.000000
448.392000 2345.824000 963.878400 1162.347200 1.000000
439.528000 2717.408000 966.121600 1463.723200 1.000000
501.836800 1422.502400 977.931200 260.851200 1.000000
512.700800 1270.033600 982.331200 77.277440 1.000000
473.937600 2704.928000 997.153600 1456.185600 1.000000
542.856000 2592.496000 1050.697600 1377.870400 1.000000
543.993600 2577.456000 1052.171200 1366.788800 1.000000
587.315200 2479.760000 1086.003200 1291.129600 1.000000
631.316800 1750.224000 1107.307200 624.790400 1.000000
688.334400 1299.721600 1156.052800 133.787360 1.000000
669.304000 2891.376000 1156.795200 1620.512000 1.000000
707.377600 2996.848000 1187.678400 1702.384000 1.000000
723.432000 2814.864000 1202.841600 1569.360000 1.000000
755.059200 2959.728000 1224.515200 1679.744000 1.000000
758.028800 2948.416000 1227.323200 1671.968000 1.000000
766.985600 1266.100800 1234.606400 101.192160 1.000000
765.796800 2606.016000 1235.681600 1414.032000 1.000000
774.249600 1410.768000 1241.846400 264.334400 1.000000
784.864000 1479.753600 1251.180800 351.961600 1.000000
807.000000 1336.408000 1274.310400 182.740800 1.000000
820.390400 2683.920000 1279.276800 1481.923200 1.000000
815.163200 1394.132800 1281.572800 254.736000 1.000000
817.444800 1576.764800 1282.006400 464.705600 1.000000
821.027200 1258.049600 1288.886400 98.580480 1.000000
834.696000 2478.928000 1294.467200 1320.264000 1.000000
871.278400 2746.928000 1321.809600 1536.211200 1.000000
857.248000 1246.364800 1325.670400 84.793760 1.000000
866.918400 1724.544000 1328.302400 628.080000 1.000000
871.084800 1326.320000 1342.908800 187.980800 1.000000
890.641600 1500.081600 1355.158400 390.643200 1.000000
907.816000 2361.728000 1356.888000 1229.929600 1.000000
934.244800 2784.560000 1371.084800 1570.315200 1.000000
944.123200 2783.664000 1380.480000 1567.977600 1.000000
934.345600 1575.750400 1394.852800 478.355200 1.000000
981.835200 2594.224000 1416.491200 1429.758400 1.000000
978.232000 1781.440000 1430.737600 701.084800 1.000000
978.267200 1746.768000 1432.417600 666.150400 1.000000
995.046400 2040.560000 1440.288000 956.752000 1.000000
995.561600 1739.040000 1449.731200 659.638400 1.000000
996.425600 1484.899200 1458.283200 383.835200 1.000000
1025.304000 2078.832000 1466.148800 997.409600 1.000000
1071.520000 2467.984000 1494.462400 1339.339200 1.000000
1065.040000 1942.576000 1507.947200 874.036800 1.000000
1047.089600 1398.308800 1513.131200 291.078400 1.000000
1100.761600 1457.756800 1563.806400 366.603200 1.000000
1121.360000 1726.384000 1570.502400 661.065600 1.000000
1115.304000 1488.219200 1575.888000 403.230400 1.000000
1267.081600 2683.136000 1651.408000 1532.472000 1.000000
1202.052800 1299.870400 1678.224000 190.329600 1.000000
1318.630400 2755.504000 1689.008000 1596.188800 1.000000
1253.630400 1231.918400 1736.848000 115.788160 1.000000
1357.819200 2368.032000 1746.832000 1293.091200 1.000000
1344.592000 1895.264000 1767.968000 865.798400 1.000000
1369.716800 1788.304000 1802.416000 758.385600 1.000000
1382.705600 1936.016000 1804.384000 900.900800 1.000000
1340.302400 1406.574400 1810.704000 334.835200 1.000000
1477.329600 2720.208000 1821.760000 1595.465600 1.000000
1369.451200 1577.462400 1822.128000 533.777600 1.000000
1491.916800 2880.944000 1823.248000 1710.736000 1.000000
1354.547200 1410.569600 1824.224000 341.452800 1.000000
1388.886400 1749.888000 1824.544000 726.603200 1.000000
1460.996800 2467.568000 1828.912000 1389.028800 1.000000
1452.747200 2288.208000 1837.248000 1240.404800 1.000000
1455.704000 2255.600000 1842.672000 1212.424000 1.000000
1411.580800 1768.064000 1846.576000 741.713600 1.000000
1392.185600 1444.355200 1859.200000 386.329600 1.000000
1488.369600 2418.000000 1859.328000 1351.697600 1.000000
1433.116800 1742.912000 1869.216000 717.748800 1.000000
1443.451200 1752.624000 1877.904000 729.665600 1.000000
1447.411200 1774.704000 1880.112000 753.521600 1.000000
1539.016000 2629.040000 1882.112000 1530.328000 1.000000
1544.664000 2694.624000 1883.808000 1579.051200 1.000000
1554.416000 2714.000000 1889.040000 1595.891200 1.000000
1554.684800 2618.448000 1897.312000 1525.948800 1.000000
1473.544000 1730.768000 1909.712000 712.116800 1.000000
1531.225600 2260.272000 1910.656000 1225.736000 1.000000
1555.497600 2282.864000 1930.208000 1251.643200 1.000000
1495.216000 1731.984000 1932.272000 717.660800 1.000000
1555.372800 2194.992000 1937.584000 1172.334400 1.000000
1558.854400 2212.976000 1939.504000 1189.864000 1.000000
1583.430400 2244.352000 1958.208000 1221.688000 1.000000
1603.520000 2228.480000 1978.752000 1209.974400 1.000000
1508.822400 1310.467200 1997.376000 241.020800 1.000000
1516.899200 1309.182400 2007.008000 239.099200 1.000000
1516.832000 1265.691200 2012.256000 184.822400 1.000000
1617.824000 1937.504000 2025.504000 941.198400 1.000000
1526.468800 1201.774400 2034.400000 106.500480 1.000000
1715.152000 2436.704000 2056.192000 1400.908800 1.000000
1698.048000 2206.128000 2065.648000 1205.161600 1.000000
1735.856000 2474.560000 2068.416000 1433.217600 1.000000
1578.699200 1166.654400 2081.024000 69.452480 1.000000
1803.248000 2805.184000 2088.992000 1694.432000 1.000000
1822.672000 2818.768000 2104.912000 1706.976000 1.000000
1595.691200 1214.496000 2105.472000 129.169600 1.000000
1827.360000 2674.704000 2124.688000 1599.888000 1.000000
1795.808000 2380.560000 2133.504000 1362.691200 1.000000
1697.216000 1687.984000 2136.864000 697.331200 1.000000
1701.312000 1674.816000 2140.512000 683.644800 1.000000
1760.672000 2085.088000 2143.104000 1097.428800 1.000000
1819.616000 2456.544000 2146.912000 1428.531200 1.000000
1833.488000 2494.464000 2152.832000 1461.880000 1.000000
1779.328000 2069.184000 2160.432000 1085.992000 1.000000
1679.664000 1415.771200 2162.768000 388.372800 1.000000
1823.136000 2322.112000 2165.936000 1318.241600 1.000000
1831.408000 2388.768000 2166.352000 1372.100800 1.000000
1794.720000 2106.320000 2169.120000 1119.014400 1.000000
1797.120000 2088.432000 2175.248000 1104.132800 1.000000
1826.832000 2274.192000 2178.048000 1270.019200 1.000000
1748.288000 1750.848000 2178.752000 767.728000 1.000000
1813.616000 2124.528000 2185.376000 1141.372800 1.000000
1851.936000 2305.104000 2192.784000 1300.958400 1.000000
1830.592000 2118.368000 2201.072000 1135.812800 1.000000
1860.128000 2292.400000 2205.168000 1294.097600 1.000000
1781.520000 1769.152000 2208.816000 788.294400 1.000000
1843.344000 2153.600000 2209.888000 1168.849600 1.000000
1826.848000 2038.048000 2210.960000 1059.990400 1.000000
1822.688000 1994.256000 2214.384000 1017.630400 1.000000
1875.648000 2311.632000 2217.312000 1310.948800 1.000000
1794.720000 1713.104000 2233.744000 730.763200 1.000000
1810.736000 1725.424000 2245.696000 744.460800 1.000000
1829.040000 1832.224000 2246.960000 858.128000 1.000000
1816.944000 1697.600000 2256.208000 715.699200 1.000000
1814.560000 1528.259200 2285.008000 528.883200 1.000000
1816.544000 1468.155200 2297.760000 463.635200 1.000000
1897.664000 1338.801600 2407.248000 332.654400 1.000000
