280.955200 139.443840 71.502880 2259.952000 1.000000
327.736000 327.542400 112.192320 2392.752000 1.000000
395.998400 124.781920 150.453440 2136.192000 1.000000
421.972800 127.625120 195.408000 2133.344000 1.000000
542.198400 653.763200 235.811200 2694.672000 1.000000
545.534400 397.430400 278.577600 2419.712000 1.000000
599.046400 704.168000 303.512000 2759.904000 1.000000
590.502400 636.268800 304.323200 2662.512000 1.000000
617.441600 643.025600 337.710400 2670.832000 1.000000
758.137600 219.241600 525.273600 2255.056000 1.000000
815.905600 667.496000 547.854400 2544.752000 1.000000
882.241600 677.043200 622.180800 2541.184000 1.000000
899.425600 683.192000 640.606400 2544.976000 1.000000
907.582400 658.462400 647.307200 2518.048000 1.000000
934.308800 672.313600 679.003200 2526.992000 1.000000
989.937600 688.534400 739.912000 2531.632000 1.000000
993.116800 682.995200 781.547200 2524.432000 1.000000
1133.875200 715.896000 898.857600 2533.504000 1.000000
1254.585600 663.088000 1018.243200 2469.344000 1.000000
1327.240000 759.768000 1113.382400 2540.480000 1.000000
1355.582400 682.680000 1253.478400 2459.152000 1.000000
1714.928000 159.706880 1471.179200 1976.352000 1.000000
1716.656000 450.809600 1503.281600 2216.464000 1.000000
1696.144000 774.108800 1513.296000 2484.880000 1.000000
1711.952000 777.668800 1530.310400 2485.104000 1.000000
1788.128000 140.530400 1540.249600 1946.240000 1.000000
1775.728000 433.020800 1557.491200 2187.120000 1.000000
1858.704000 67.156320 1593.608000 1860.032000 1.000000
1875.296000 785.332800 1705.328000 2463.184000 1.000000
1885.008000 772.441600 1713.216000 2447.568000 1.000000
2252.768000 442.620800 1908.752000 2232.976000 1.000000
2184.576000 821.592000 1967.072000 2602.272000 1.000000
2107.680000 1546.824000 1978.352000 1701.056000 1.000000
2414.400000 1695.600000 2276.480000 1889.184000 1.000000
2414.128000 1482.556800 2276.624000 1449.603200 1.000000
2409.104000 1529.288000 2287.488000 1507.406400 1.000000
2422.528000 1543.659200 2305.040000 1525.166400 1.000000
2447.888000 1489.068800 2311.904000 1442.684800 1.000000
2645.536000 942.156800 2338.896000 940.408000 1.000000
2668.816000 917.176000 2352.368000 903.099200 1.000000
2494.672000 1493.963200 2361.936000 1424.744000 1.000000
2487.232000 1547.435200 2372.288000 1485.948800 1.000000
2361.968000 1760.720000 2387.280000 1718.112000 1.000000
2514.912000 1530.355200 2394.864000 1457.428800 1.000000
2539.232000 1550.190400 2424.816000 1465.688000 1.000000
2545.472000 1570.833600 2440.064000 1486.974400 1.000000
2563.664000 1575.270400 2458.816000 1480.444800 1.000000
2579.632000 1549.454400 2466.000000 1443.283200 1.000000
2591.280000 1595.355200 2493.696000 1483.422400 1.000000
2925.632000 1430.995200 2701.488000 1021.769600 1.000000
2884.560000 1495.659200 2731.376000 970.604800 1.000000
