1213.113600 587.995200 982.204800 2894.176000 1.000000
1941.216000 401.854400 1156.185600 2854.912000 1.000000
1510.612800 747.352000 1333.379200 2967.472000 1.000000
1716.656000 450.809600 1525.889600 2672.048000 1.000000
1788.128000 140.530400 1558.686400 2382.304000 1.000000
1775.728000 433.020800 1583.659200 2640.576000 1.000000
1797.168000 487.656000 1615.424000 2692.048000 1.000000
1834.592000 787.164800 1708.128000 2934.976000 1.000000
1875.296000 785.332800 1752.864000 2921.200000 1.000000
1885.008000 772.441600 1760.960000 2905.680000 1.000000
2148.352000 1508.584000 2101.008000 1525.297600 1.000000
2144.768000 1526.024000 2102.768000 1546.894400 1.000000
2362.016000 1736.928000 2351.104000 1849.680000 1.000000
2409.104000 1529.288000 2371.584000 1368.379200 1.000000
2645.536000 942.156800 2378.832000 881.025600 1.000000
2328.448000 1771.984000 2391.648000 1777.488000 1.000000
2494.672000 1493.963200 2439.440000 1284.718400 1.000000
2487.232000 1547.435200 2454.240000 1339.065600 1.000000
2547.168000 1489.884800 2489.888000 1258.640000 1.000000
2539.232000 1550.190400 2505.760000 1316.561600 1.000000
2494.112000 1369.800000 2623.168000 1351.192000 1.000000
2884.560000 1495.659200 2679.504000 1097.924800 1.000000
3014.352000 495.681600 2951.248000 483.521600 1.000000
