12.421632 1100.766400 13.795200 1827.856000 1.000000
174.441600 2170.560000 24.348960 2967.824000 1.000000
179.198400 2112.528000 32.211520 2900.336000 1.000000
190.617600 2106.048000 44.209440 2892.352000 1.000000
175.913600 1304.163200 54.047200 2021.312000 1.000000
203.123200 2149.952000 58.235040 2943.072000 1.000000
174.803200 1137.750400 58.323520 1856.592000 1.000000
198.824000 1837.632000 61.498880 2587.584000 1.000000
221.366400 2118.544000 77.328960 2903.120000 1.000000
221.328000 2157.536000 78.036320 2949.008000 1.000000
224.748800 2172.864000 81.524320 2966.816000 1.000000
216.014400 1388.232000 94.087360 2104.320000 1.000000
239.083200 1753.344000 107.698240 2492.752000 1.000000
229.017600 1374.598400 107.772160 2090.688000 1.000000
248.955200 1410.801600 128.607360 2125.424000 1.000000
260.910400 1377.870400 139.734240 2092.256000 1.000000
266.324800 1400.385600 144.957760 2114.928000 1.000000
257.259200 187.420800 163.728000 1048.054400 1.000000
269.916800 300.697600 182.307200 1068.195200 1.000000
296.508800 1147.019200 184.129600 1855.008000 1.000000
325.193600 1368.259200 206.905600 2076.608000 1.000000
306.470400 168.545600 209.968000 935.371200 1.000000
332.307200 1468.700800 211.262400 2177.856000 1.000000
308.116800 296.848000 214.241600 1057.584000 1.000000
346.849600 1314.708800 231.464000 2017.504000 1.000000
359.990400 1148.859200 249.156800 1850.512000 1.000000
374.256000 1308.820800 260.278400 2009.984000 1.000000
379.152000 1152.144000 269.563200 1851.472000 1.000000
362.075200 115.310240 273.785600 883.726400 1.000000
390.462400 1257.363200 278.156800 1955.504000 1.000000
392.617600 1140.748800 280.524800 1839.136000 1.000000
400.273600 1500.134400 282.339200 2208.784000 1.000000
396.299200 1315.342400 282.966400 2015.616000 1.000000
382.692800 400.716800 291.160000 1154.540800 1.000000
408.107200 1263.177600 296.352000 1959.616000 1.000000
418.406400 1758.992000 297.273600 2482.656000 1.000000
428.108800 1560.139200 310.414400 2268.816000 1.000000
416.524800 632.968000 317.716800 1381.561600 1.000000
430.464000 1257.921600 319.342400 1954.928000 1.000000
441.574400 1496.910400 325.681600 2197.856000 1.000000
434.014400 1152.312000 325.764800 1847.120000 1.000000
451.784000 1919.568000 331.352000 2659.824000 1.000000
448.939200 1461.812800 332.657600 2164.944000 1.000000
425.745600 287.401600 333.224000 1034.729600 1.000000
438.753600 618.795200 338.049600 1370.180800 1.000000
445.648000 1152.556800 339.080000 1846.960000 1.000000
453.504000 1381.811200 339.907200 2077.152000 1.000000
455.752000 1410.176000 342.056000 2108.320000 1.000000
438.195200 425.099200 342.524800 1163.548800 1.000000
454.521600 1266.782400 344.977600 1959.520000 1.000000
448.464000 571.872000 354.726400 1311.276800 1.000000
465.419200 1265.201600 356.430400 1956.176000 1.000000
450.576000 63.668960 359.593600 835.910400 1.000000
475.916800 1555.540800 360.830400 2259.072000 1.000000
468.171200 1167.548800 361.363200 1860.272000 1.000000
470.377600 1209.993600 361.980800 1900.288000 1.000000
471.099200 1229.132800 362.976000 1920.576000 1.000000
462.656000 708.987200 363.155200 1448.875200 1.000000
458.081600 28.888160 369.932800 765.984000 1.000000
476.222400 503.745600 380.115200 1237.512000 1.000000
501.836800 1422.502400 390.726400 2113.952000 1.000000
498.737600 1206.955200 391.736000 1895.104000 1.000000
503.611200 1156.142400 398.580800 1844.400000 1.000000
512.700800 1270.033600 403.892800 1958.528000 1.000000
515.417600 564.803200 409.011200 1297.705600 1.000000
517.833600 1191.758400 413.452800 1875.328000 1.000000
521.628800 1156.598400 414.633600 1844.688000 1.000000
512.603200 64.413440 419.516800 836.208000 1.000000
530.592000 611.721600 425.972800 1341.691200 1.000000
544.228800 1332.507200 437.208000 2019.424000 1.000000
556.387200 1444.728000 444.809600 2130.416000 1.000000
545.534400 397.430400 447.899200 1142.092800 1.000000
549.520000 315.969600 455.766400 1057.731200 1.000000
562.696000 366.112000 464.144000 1109.804800 1.000000
575.692800 1672.624000 464.774400 2374.672000 1.000000
567.228800 818.409600 467.830400 1544.076800 1.000000
566.555200 616.744000 473.129600 1344.129600 1.000000
590.502400 636.268800 494.404800 1360.216000 1.000000
595.953600 660.352000 495.556800 1385.731200 1.000000
592.635200 402.782400 497.219200 1143.798400 1.000000
598.627200 715.712000 499.566400 1442.606400 1.000000
597.561600 382.414400 499.710400 1122.720000 1.000000
603.595200 744.577600 502.344000 1466.366400 1.000000
600.364800 366.153600 503.904000 1104.036800 1.000000
606.729600 731.868800 507.368000 1457.246400 1.000000
613.588800 1243.089600 510.915200 1918.048000 1.000000
615.025600 867.340800 518.339200 1583.427200 1.000000
631.316800 1750.224000 522.993600 2454.288000 1.000000
644.534400 893.041600 534.516800 1600.496000 1.000000
643.457600 1169.713600 542.764800 1844.288000 1.000000
648.555200 861.014400 547.262400 1569.072000 1.000000
656.968000 1725.632000 551.585600 2428.848000 1.000000
653.312000 821.206400 551.619200 1527.360000 1.000000
655.579200 1163.606400 553.593600 1837.696000 1.000000
665.537600 2166.992000 562.073600 2922.000000 1.000000
677.470400 1398.024000 574.534400 2073.840000 1.000000
674.107200 860.192000 574.704000 1566.897600 1.000000
675.680000 875.924800 575.313600 1582.827200 1.000000
685.206400 885.457600 584.321600 1594.592000 1.000000
698.680000 632.161600 601.841600 1310.987200 1.000000
704.398400 891.336000 605.966400 1598.696000 1.000000
716.252800 606.656000 620.691200 1285.857600 1.000000
722.782400 1818.016000 620.779200 2520.400000 1.000000
728.713600 1798.688000 628.003200 2498.416000 1.000000
728.593600 1829.776000 628.819200 2533.072000 1.000000
733.860800 2191.168000 639.270400 2946.384000 1.000000
746.496000 1712.768000 646.864000 2400.640000 1.000000
750.099200 1844.736000 650.841600 2546.832000 1.000000
756.249600 1687.856000 656.776000 2374.000000 1.000000
754.177600 1232.009600 657.310400 1895.472000 1.000000
758.137600 219.241600 657.366400 983.323200 1.000000
766.985600 1266.100800 668.372800 1930.096000 1.000000
765.939200 2031.040000 669.790400 2757.360000 1.000000
766.758400 659.752000 671.073600 1331.694400 1.000000
776.214400 1182.859200 679.940800 1845.216000 1.000000
784.864000 1479.753600 684.196800 2142.160000 1.000000
786.368000 1850.144000 689.929600 2549.584000 1.000000
790.232000 1331.256000 693.676800 1992.880000 1.000000
792.636800 1280.681600 696.113600 1941.888000 1.000000
797.852800 1316.444800 701.299200 1976.864000 1.000000
806.051200 1225.556800 709.675200 1881.408000 1.000000
815.905600 667.496000 719.446400 1333.905600 1.000000
817.444800 1576.764800 721.832000 2247.568000 1.000000
818.436800 1223.227200 722.353600 1879.872000 1.000000
819.720000 1446.552000 724.472000 2109.728000 1.000000
821.027200 1258.049600 726.296000 1914.832000 1.000000
831.944000 985.555200 726.428800 1680.640000 1.000000
827.028800 1195.406400 731.574400 1850.944000 1.000000
825.318400 1911.376000 731.752000 2614.352000 1.000000
829.483200 1171.769600 734.516800 1830.256000 1.000000
832.560000 1218.580800 736.449600 1872.032000 1.000000
836.833600 1969.184000 745.979200 2678.784000 1.000000
838.812800 1909.984000 746.196800 2610.912000 1.000000
840.732800 1569.649600 747.350400 2235.648000 1.000000
841.811200 1265.486400 747.782400 1921.792000 1.000000
854.051200 1288.512000 761.036800 1943.104000 1.000000
855.867200 1231.467200 761.224000 1884.176000 1.000000
857.248000 1246.364800 762.806400 1899.712000 1.000000
857.342400 1560.184000 765.104000 2224.528000 1.000000
869.619200 1227.691200 775.870400 1878.832000 1.000000
870.838400 1766.224000 781.438400 2442.080000 1.000000
875.040000 1562.921600 782.313600 2226.880000 1.000000
880.988800 1259.140800 788.803200 1910.736000 1.000000
884.588800 1237.273600 792.708800 1888.672000 1.000000
888.033600 1289.755200 794.576000 1939.696000 1.000000
890.641600 1500.081600 796.808000 2165.040000 1.000000
897.030400 1214.300800 803.443200 1865.296000 1.000000
898.633600 1316.296000 805.784000 1966.096000 1.000000
908.297600 1175.604800 814.846400 1826.064000 1.000000
916.531200 1254.612800 825.046400 1902.272000 1.000000
922.289600 1671.888000 834.864000 2339.312000 1.000000
925.516800 1696.144000 838.150400 2364.096000 1.000000
934.308800 672.313600 838.312000 1328.742400 1.000000
933.571200 682.400000 838.324800 1339.675200 1.000000
919.457600 2008.528000 838.363200 2716.272000 1.000000
934.345600 1575.750400 847.385600 2231.936000 1.000000
938.100800 1597.172800 849.886400 2254.640000 1.000000
953.833600 1186.504000 859.011200 1830.784000 1.000000
950.537600 1584.038400 863.964800 2238.864000 1.000000
940.657600 1939.040000 865.963200 2644.592000 1.000000
954.297600 1602.928000 867.254400 2259.824000 1.000000
962.681600 1178.299200 870.425600 1822.640000 1.000000
966.452800 1344.768000 876.523200 1986.928000 1.000000
963.670400 1743.632000 880.491200 2414.128000 1.000000
982.712000 1374.905600 895.003200 2018.432000 1.000000
978.267200 1746.768000 896.139200 2409.696000 1.000000
995.561600 1739.040000 915.019200 2404.512000 1.000000
991.723200 2086.288000 918.849600 2797.120000 1.000000
995.046400 2040.560000 919.531200 2742.736000 1.000000
1002.568000 2061.648000 929.089600 2768.464000 1.000000
1025.304000 2078.832000 956.104000 2786.960000 1.000000
1050.097600 1424.620800 966.190400 2062.352000 1.000000
1047.076800 1774.688000 971.059200 2436.736000 1.000000
1066.057600 1756.096000 989.560000 2415.152000 1.000000
1079.371200 1183.182400 991.147200 1816.192000 1.000000
1065.040000 1942.576000 994.936000 2621.152000 1.000000
1094.454400 1183.416000 1005.868800 1814.736000 1.000000
1102.593600 1174.398400 1014.048000 1804.704000 1.000000
1100.761600 1457.756800 1018.289600 2090.576000 1.000000
1120.460800 1185.360000 1033.753600 1815.056000 1.000000
1127.596800 1341.664000 1044.403200 1970.976000 1.000000
1133.524800 1185.472000 1046.155200 1814.096000 1.000000
1135.033600 1433.833600 1055.688000 2070.672000 1.000000
1157.139200 1345.059200 1075.209600 1970.192000 1.000000
1171.430400 1431.134400 1092.758400 2057.584000 1.000000
1172.129600 1516.769600 1096.896000 2148.592000 1.000000
1205.814400 649.089600 1103.480000 1295.600000 1.000000
1204.014400 1393.374400 1125.747200 2016.048000 1.000000
1203.827200 1438.764800 1126.968000 2060.736000 1.000000
1176.452800 2235.008000 1129.672000 2951.968000 1.000000
1236.260800 606.864000 1132.449600 1252.936000 1.000000
1254.585600 663.088000 1144.587200 1300.337600 1.000000
1212.470400 1926.224000 1153.971200 2587.328000 1.000000
1230.624000 1568.977600 1159.144000 2193.440000 1.000000
1258.908800 1247.316800 1177.404800 1862.016000 1.000000
1251.596800 1942.480000 1197.475200 2604.208000 1.000000
1256.222400 1903.472000 1199.729600 2560.160000 1.000000
1331.940800 1055.398400 1237.686400 1703.504000 1.000000
1289.011200 1984.912000 1241.086400 2648.784000 1.000000
1302.889600 1899.376000 1251.147200 2548.288000 1.000000
1303.612800 1978.384000 1254.764800 2637.536000 1.000000
1356.537600 1483.284800 1287.265600 2093.584000 1.000000
1394.630400 733.403200 1291.947200 1350.955200 1.000000
1344.592000 1895.264000 1294.936000 2542.432000 1.000000
1362.534400 1709.248000 1305.179200 2332.064000 1.000000
1397.040000 1054.027200 1315.913600 1696.640000 1.000000
1369.716800 1788.304000 1316.712000 2417.952000 1.000000
1388.886400 1749.888000 1335.043200 2377.856000 1.000000
1382.705600 1936.016000 1339.867200 2576.400000 1.000000
1411.580800 1768.064000 1359.121600 2393.312000 1.000000
1412.696000 1788.144000 1362.838400 2412.992000 1.000000
1433.116800 1742.912000 1381.675200 2362.832000 1.000000
1420.336000 2108.016000 1389.832000 2776.320000 1.000000
1434.260800 701.651200 1393.337600 1322.208000 1.000000
1498.812800 1208.088000 1419.745600 1802.528000 1.000000
1473.544000 1730.768000 1423.993600 2343.488000 1.000000
1503.411200 1241.409600 1424.873600 1832.432000 1.000000
1506.380800 1264.379200 1430.211200 1854.624000 1.000000
1508.822400 1310.467200 1435.022400 1901.424000 1.000000
1488.585600 1699.552000 1437.929600 2308.576000 1.000000
1524.544000 1167.971200 1438.515200 1757.360000 1.000000
1484.676800 1808.528000 1440.619200 2427.632000 1.000000
1520.611200 1214.248000 1440.892800 1804.272000 1.000000
1516.832000 1265.691200 1441.232000 1856.528000 1.000000
1495.216000 1731.984000 1446.900800 2345.472000 1.000000
1478.913600 2045.376000 1449.355200 2696.576000 1.000000
1484.771200 2063.056000 1460.028800 2713.504000 1.000000
1542.124800 1262.056000 1467.094400 1849.776000 1.000000
1496.792000 2047.280000 1469.929600 2695.920000 1.000000
1545.472000 1312.323200 1472.803200 1900.608000 1.000000
1556.044800 1274.972800 1481.878400 1861.856000 1.000000
1597.731200 680.857600 1485.774400 1293.801600 1.000000
1578.699200 1166.654400 1494.534400 1745.936000 1.000000
1575.558400 1216.400000 1498.620800 1803.216000 1.000000
1584.827200 1206.622400 1503.985600 1790.704000 1.000000
1585.883200 1247.129600 1509.310400 1830.944000 1.000000
1597.324800 1256.763200 1521.971200 1840.112000 1.000000
1531.225600 2260.272000 1523.144000 2940.848000 1.000000
1611.184000 1260.115200 1536.004800 1842.368000 1.000000
1574.009600 1901.552000 1542.112000 2521.872000 1.000000
1555.372800 2194.992000 1544.976000 2864.304000 1.000000
1555.497600 2282.864000 1552.262400 2967.792000 1.000000
1727.792000 204.187200 1578.832000 878.496000 1.000000
1716.656000 450.809600 1584.681600 1088.412800 1.000000
1665.328000 1216.238400 1587.254400 1793.360000 1.000000
1617.824000 1937.504000 1591.460800 2558.192000 1.000000
1746.656000 160.664000 1595.089600 842.395200 1.000000
1662.064000 1391.787200 1597.800000 1967.536000 1.000000
1675.392000 1227.147200 1599.788800 1803.872000 1.000000
1600.880000 2290.432000 1603.664000 2968.144000 1.000000
1797.168000 487.656000 1663.520000 1118.161600 1.000000
1719.424000 1721.712000 1680.496000 2307.520000 1.000000
1791.072000 747.654400 1682.816000 1337.636800 1.000000
1759.440000 1201.232000 1685.088000 1772.192000 1.000000
1809.840000 643.894400 1686.400000 1245.550400 1.000000
1699.648000 2020.592000 1688.032000 2642.672000 1.000000
1767.360000 1258.388800 1694.800000 1825.952000 1.000000
1823.392000 746.891200 1708.832000 1332.902400 1.000000
1718.160000 2022.464000 1709.104000 2642.752000 1.000000
1769.760000 1425.014400 1710.368000 1993.152000 1.000000
1748.144000 1777.264000 1717.312000 2367.184000 1.000000
1841.760000 672.523200 1720.432000 1271.344000 1.000000
1792.336000 1288.704000 1724.400000 1854.544000 1.000000
1839.152000 763.806400 1725.136000 1345.152000 1.000000
1794.784000 1219.089600 1725.456000 1787.200000 1.000000
1739.056000 2043.920000 1731.856000 2664.816000 1.000000
1763.696000 1747.488000 1732.336000 2332.240000 1.000000
1789.840000 1484.320000 1737.312000 2052.832000 1.000000
1801.232000 1459.830400 1745.376000 2024.480000 1.000000
1760.672000 2085.088000 1756.240000 2712.880000 1.000000
1794.720000 1713.104000 1760.688000 2293.280000 1.000000
1816.544000 1468.155200 1761.936000 2034.704000 1.000000
1875.296000 785.332800 1763.328000 1362.148800 1.000000
1904.048000 510.131200 1766.096000 1115.667200 1.000000
1796.560000 1790.576000 1770.992000 2380.480000 1.000000
1801.472000 1777.344000 1773.920000 2361.648000 1.000000
1800.400000 1808.032000 1775.984000 2395.760000 1.000000
1810.736000 1725.424000 1777.872000 2306.304000 1.000000
1941.216000 401.854400 1777.904000 831.705600 1.000000
1888.768000 851.088000 1781.232000 1418.942400 1.000000
1890.688000 833.345600 1781.408000 1400.089600 1.000000
1816.944000 1697.600000 1782.320000 2274.400000 1.000000
1833.184000 1671.664000 1797.664000 2241.872000 1.000000
1870.816000 1289.382400 1798.912000 1847.856000 1.000000
1829.088000 1775.072000 1804.000000 2356.544000 1.000000
1822.688000 1994.256000 1814.912000 2606.992000 1.000000
1813.616000 2124.528000 1820.880000 2755.344000 1.000000
1992.784000 261.588800 1827.904000 882.611200 1.000000
1913.616000 1110.140800 1828.624000 1658.096000 1.000000
1830.592000 2118.368000 1838.464000 2744.096000 1.000000
1844.480000 1982.352000 1839.744000 2587.760000 1.000000
1843.344000 2153.600000 1856.144000 2783.312000 1.000000
1935.168000 1433.633600 1879.488000 1973.840000 1.000000
1861.008000 2314.160000 1891.696000 2970.768000 1.000000
1902.288000 2101.664000 1914.944000 2711.664000 1.000000
2144.640000 225.937600 1967.152000 815.636800 1.000000
2148.352000 1508.584000 2144.880000 1517.561600 1.000000
2148.128000 1791.584000 2166.960000 1958.544000 1.000000
2266.416000 1824.720000 2303.664000 1858.272000 1.000000
2350.144000 1409.368000 2337.488000 1368.555200 1.000000
2310.496000 1808.848000 2347.920000 1828.752000 1.000000
2320.288000 1754.864000 2353.104000 1764.672000 1.000000
2418.224000 1208.321600 2379.920000 1153.873600 1.000000
2350.000000 1759.760000 2382.160000 1764.896000 1.000000
2391.936000 1437.084800 2382.640000 1383.043200 1.000000
2421.664000 1235.142400 2385.760000 1179.116800 1.000000
2405.504000 1350.478400 2385.824000 1291.753600 1.000000
2350.336000 1772.704000 2385.872000 1779.664000 1.000000
2362.016000 1736.928000 2391.008000 1735.600000 1.000000
2421.184000 1273.636800 2391.040000 1214.760000 1.000000
2425.936000 1242.784000 2391.200000 1183.684800 1.000000
2421.408000 1306.172800 2393.840000 1247.472000 1.000000
2366.496000 1741.600000 2396.352000 1738.992000 1.000000
2434.688000 1280.524800 2405.344000 1219.603200 1.000000
2376.800000 1740.624000 2407.488000 1735.056000 1.000000
2414.128000 1482.556800 2412.400000 1426.657600 1.000000
2409.104000 1529.288000 2414.256000 1478.784000 1.000000
2409.792000 1555.651200 2415.616000 1514.312000 1.000000
2446.464000 1314.124800 2421.696000 1249.313600 1.000000
2438.128000 1392.689600 2423.072000 1329.716800 1.000000
2433.072000 1433.864000 2425.104000 1369.681600 1.000000
2422.528000 1543.659200 2428.272000 1494.644800 1.000000
2460.208000 1288.892800 2432.096000 1219.152000 1.000000
2456.208000 1342.635200 2434.048000 1277.054400 1.000000
2451.904000 1371.115200 2435.888000 1305.720000 1.000000
2448.768000 1421.462400 2438.464000 1356.076800 1.000000
2467.168000 1314.224000 2442.640000 1243.268800 1.000000
2447.888000 1489.068800 2445.808000 1428.944000 1.000000
2462.512000 1389.084800 2448.192000 1320.758400 1.000000
2478.240000 1290.716800 2451.424000 1214.873600 1.000000
2480.048000 1284.961600 2451.808000 1208.779200 1.000000
2458.960000 1690.384000 2461.376000 1682.080000 1.000000
2480.672000 1393.491200 2467.776000 1316.025600 1.000000
2511.584000 1287.366400 2483.792000 1202.532800 1.000000
2471.008000 1643.520000 2491.312000 1596.196800 1.000000
2516.528000 1306.529600 2492.208000 1220.756800 1.000000
2507.280000 1377.379200 2492.368000 1288.006400 1.000000
2494.672000 1493.963200 2494.544000 1423.748800 1.000000
2512.496000 1412.972800 2501.328000 1328.830400 1.000000
2511.872000 1495.150400 2512.752000 1422.915200 1.000000
2528.736000 1368.036800 2514.240000 1274.286400 1.000000
2514.912000 1530.355200 2520.752000 1457.536000 1.000000
2518.928000 1615.152000 2536.896000 1551.233600 1.000000
2543.968000 1480.804800 2542.912000 1401.238400 1.000000
2527.296000 1610.464000 2543.456000 1543.900800 1.000000
2539.232000 1550.190400 2547.840000 1475.521600 1.000000
2547.168000 1489.884800 2549.792000 1408.272000 1.000000
2633.728000 986.225600 2552.896000 933.720000 1.000000
2565.936000 1426.064000 2558.096000 1326.520000 1.000000
2566.272000 1475.404800 2564.928000 1390.243200 1.000000
2640.192000 952.582400 2567.104000 865.748800 1.000000
2558.176000 1560.595200 2570.208000 1480.894400 1.000000
2562.864000 1571.148800 2575.776000 1492.009600 1.000000
2579.712000 1480.171200 2578.976000 1391.948800 1.000000
2585.008000 1435.764800 2579.088000 1334.504000 1.000000
2566.816000 1579.662400 2580.208000 1500.329600 1.000000
2666.752000 933.328000 2583.744000 856.043200 1.000000
2668.816000 917.176000 2583.776000 836.491200 1.000000
2579.632000 1549.454400 2588.224000 1464.590400 1.000000
2575.472000 1586.451200 2589.504000 1505.176000 1.000000
2595.408000 1456.225600 2590.784000 1359.056000 1.000000
2583.136000 1566.315200 2595.376000 1481.982400 1.000000
2589.568000 1575.099200 2602.832000 1488.929600 1.000000
2596.560000 1606.944000 2614.688000 1520.099200 1.000000
3207.248000 164.059200 2615.520000 308.470400 1.000000
2620.448000 1462.812800 2619.296000 1360.427200 1.000000
2615.584000 1507.929600 2619.344000 1410.614400 1.000000
2621.680000 1475.577600 2620.672000 1372.206400 1.000000
2612.784000 1552.793600 2623.232000 1458.507200 1.000000
2606.336000 1595.990400 2623.632000 1505.268800 1.000000
2610.848000 1571.833600 2624.160000 1479.651200 1.000000
2612.736000 1559.339200 2624.432000 1464.995200 1.000000
2630.400000 1467.704000 2628.928000 1361.412800 1.000000
2630.384000 1474.475200 2630.112000 1369.265600 1.000000
2626.320000 1560.198400 2638.016000 1462.593600 1.000000
2627.552000 1548.652800 2638.176000 1448.766400 1.000000
2634.704000 1543.529600 2644.224000 1440.547200 1.000000
2627.264000 1598.832000 2645.408000 1502.649600 1.000000
2633.984000 1595.638400 2651.232000 1497.352000 1.000000
2640.992000 1552.204800 2651.616000 1447.073600 1.000000
2638.960000 1582.452800 2653.776000 1480.483200 1.000000
2640.736000 1565.024000 2654.128000 1460.932800 1.000000
2645.536000 1537.560000 2654.240000 1429.739200 1.000000
2651.008000 1500.952000 2654.800000 1388.777600 1.000000
2647.056000 1603.888000 2667.200000 1500.148800 1.000000
2652.080000 1592.625600 2669.840000 1485.884800 1.000000
2656.352000 1606.544000 2676.480000 1500.198400 1.000000
2660.736000 1586.435200 2677.360000 1476.267200 1.000000
2660.432000 1590.886400 2677.808000 1481.283200 1.000000
2660.912000 1596.096000 2679.120000 1487.147200 1.000000
2668.512000 1579.062400 2684.096000 1464.904000 1.000000
2669.440000 1570.609600 2684.256000 1455.550400 1.000000
2673.456000 1576.710400 2688.912000 1460.940800 1.000000
2678.288000 1580.763200 2694.640000 1464.315200 1.000000
2683.776000 1579.860800 2700.112000 1461.801600 1.000000
2682.960000 1588.580800 2700.384000 1471.048000 1.000000
2686.944000 1584.368000 2704.000000 1465.568000 1.000000
2852.000000 1504.155200 2793.120000 1370.118400 1.000000
2884.560000 1495.659200 2916.992000 1227.401600 1.000000
2925.632000 1430.995200 2934.144000 1154.240000 1.000000
3788.496000 1011.523200 3643.360000 616.144000 1.000000
