12.028592 1120.916800 6.774400 336.811200 1.000000
12.421632 1100.766400 13.594192 315.227200 1.000000
22.490240 1243.936000 494.140800 500.382400 1.000000
34.242720 1196.540800 498.934400 452.976000 1.000000
44.592000 1244.337600 513.075200 503.097600 1.000000
50.455840 1232.568000 517.788800 488.921600 1.000000
46.927040 1376.177600 530.201600 642.515200 1.000000
34.892640 1563.329600 537.249600 829.064000 1.000000
74.433760 1211.976000 538.380800 468.310400 1.000000
37.578560 1545.484800 538.676800 809.302400 1.000000
59.932160 1548.028800 557.480000 812.932800 1.000000
101.087200 1193.688000 560.790400 451.289600 1.000000
107.194720 1222.870400 569.081600 481.598400 1.000000
116.158560 1230.035200 577.844800 491.908800 1.000000
121.296640 1190.441600 579.712000 447.172800 1.000000
119.958560 1304.360000 590.184000 567.059200 1.000000
56.589600 1913.408000 590.268800 1163.070400 1.000000
136.935680 1298.777600 605.392000 561.052800 1.000000
118.681120 1511.900800 609.065600 779.475200 1.000000
145.201280 1294.868800 611.907200 556.392000 1.000000
162.369600 1134.534400 613.457600 385.171200 1.000000
124.663680 1663.840000 628.688000 930.278400 1.000000
67.796320 2355.248000 633.828800 1554.873600 1.000000
150.300960 1484.587200 634.577600 753.664000 1.000000
72.354720 2426.048000 644.281600 1613.840000 1.000000
87.343680 2333.440000 651.000000 1536.022400 1.000000
103.659520 2375.120000 667.676800 1576.102400 1.000000
63.689600 2955.056000 671.366400 2037.024000 1.000000
134.345280 2215.248000 680.892800 1440.556800 1.000000
100.589920 2697.264000 684.329600 1838.608000 1.000000
145.999360 2228.064000 693.332800 1448.467200 1.000000
152.075840 2239.920000 700.328000 1459.216000 1.000000
118.897120 2831.296000 708.072000 1944.128000 1.000000
121.304160 2846.256000 711.259200 1955.520000 1.000000
119.974240 2857.488000 711.452800 1965.152000 1.000000
136.281440 2652.688000 715.950400 1799.632000 1.000000
136.535040 2771.312000 720.012800 1897.296000 1.000000
155.992480 2511.216000 721.392000 1691.312000 1.000000
181.924800 2172.464000 721.428800 1401.528000 1.000000
252.544000 1424.486400 722.963200 694.748800 1.000000
190.617600 2106.048000 723.774400 1343.404800 1.000000
260.910400 1377.870400 726.505600 647.848000 1.000000
266.324800 1400.385600 733.150400 672.233600 1.000000
170.260800 2517.232000 733.219200 1695.552000 1.000000
160.681600 2671.088000 736.185600 1816.480000 1.000000
270.872000 1381.254400 736.278400 650.540800 1.000000
203.123200 2149.952000 737.468800 1383.009600 1.000000
162.611200 2750.256000 739.377600 1882.768000 1.000000
276.486400 1409.998400 744.587200 681.486400 1.000000
221.366400 2118.544000 753.105600 1356.056000 1.000000
180.316800 2921.344000 764.371200 2016.928000 1.000000
225.673600 2557.168000 783.276800 1728.384000 1.000000
331.705600 1449.372800 797.406400 723.710400 1.000000
243.369600 2566.672000 799.409600 1738.512000 1.000000
346.849600 1314.708800 800.496000 584.561600 1.000000
379.152000 1152.144000 819.292800 409.747200 1.000000
368.291200 1478.918400 832.502400 754.502400 1.000000
390.462400 1257.363200 836.352000 525.537600 1.000000
408.107200 1263.177600 854.054400 532.473600 1.000000
418.094400 1152.478400 855.337600 411.726400 1.000000
400.273600 1500.134400 864.449600 778.096000 1.000000
325.211200 2773.376000 874.128000 1910.912000 1.000000
322.617600 2846.928000 877.758400 1966.848000 1.000000
442.875200 1196.344000 881.707200 460.014400 1.000000
343.726400 2591.392000 884.403200 1764.848000 1.000000
341.232000 2636.016000 885.030400 1799.840000 1.000000
348.996800 2515.088000 886.176000 1701.344000 1.000000
350.371200 2663.232000 893.665600 1823.264000 1.000000
340.580800 2861.664000 894.848000 1976.960000 1.000000
392.558400 2022.656000 895.009600 1276.464000 1.000000
418.406400 1758.992000 899.192000 1033.830400 1.000000
441.574400 1496.910400 901.020800 775.608000 1.000000
359.107200 2651.520000 901.723200 1813.104000 1.000000
436.878400 1564.180800 902.313600 844.083200 1.000000
453.504000 1381.811200 902.507200 654.640000 1.000000
405.009600 1992.736000 903.174400 1252.200000 1.000000
450.555200 1556.848000 913.777600 836.929600 1.000000
469.132800 1445.684800 921.328000 724.080000 1.000000
453.744000 1613.936000 921.516800 893.204800 1.000000
485.537600 1206.921600 922.209600 475.102400 1.000000
396.137600 2702.896000 934.230400 1855.632000 1.000000
471.932800 1595.792000 935.600000 877.433600 1.000000
501.836800 1422.502400 953.664000 708.900800 1.000000
450.019200 2765.920000 982.552000 1908.816000 1.000000
544.228800 1332.507200 985.819200 610.870400 1.000000
554.640000 1320.712000 994.931200 598.100800 1.000000
515.203200 1985.376000 999.712000 1249.846400 1.000000
561.603200 1317.188800 1000.670400 596.960000 1.000000
564.774400 1334.126400 1004.702400 613.750400 1.000000
488.929600 2679.984000 1010.587200 1841.056000 1.000000
539.113600 1857.984000 1011.179200 1134.212800 1.000000
618.785600 2884.048000 1125.974400 2011.568000 1.000000
676.953600 1737.904000 1129.900800 1023.936000 1.000000
745.401600 918.529600 1144.979200 99.196000 1.000000
755.148800 934.467200 1153.027200 114.368480 1.000000
736.324800 1165.396800 1157.577600 435.734400 1.000000
754.177600 1232.009600 1177.804800 509.401600 1.000000
760.731200 1166.590400 1181.628800 438.110400 1.000000
766.985600 1266.100800 1191.681600 549.828800 1.000000
775.372800 1167.643200 1195.678400 438.908800 1.000000
750.099200 1844.736000 1198.872000 1130.684800 1.000000
752.041600 1833.664000 1201.780800 1122.792000 1.000000
707.377600 2996.848000 1202.000000 2103.072000 1.000000
803.476800 961.043200 1202.358400 146.487360 1.000000
774.249600 1410.768000 1203.019200 709.542400 1.000000
787.660800 1186.382400 1207.435200 459.204800 1.000000
784.864000 1479.753600 1214.553600 771.056000 1.000000
723.979200 3005.744000 1215.648000 2111.136000 1.000000
792.636800 1280.681600 1216.476800 567.280000 1.000000
765.939200 2031.040000 1221.057600 1304.217600 1.000000
797.852800 1316.444800 1222.459200 600.891200 1.000000
795.776000 1514.539200 1229.235200 811.281600 1.000000
807.000000 1336.408000 1232.504000 620.886400 1.000000
821.027200 1258.049600 1241.849600 544.582400 1.000000
832.560000 1218.580800 1252.814400 501.025600 1.000000
788.742400 2641.840000 1261.177600 1827.296000 1.000000
834.076800 1559.488000 1264.252800 856.480000 1.000000
840.732800 1569.649600 1271.140800 864.948800 1.000000
855.867200 1231.467200 1274.995200 513.937600 1.000000
857.248000 1246.364800 1276.441600 528.844800 1.000000
814.569600 2621.200000 1282.392000 1814.272000 1.000000
857.342400 1560.184000 1287.048000 857.305600 1.000000
820.390400 2683.920000 1287.862400 1864.176000 1.000000
871.084800 1326.320000 1294.625600 615.712000 1.000000
875.512000 1285.616000 1295.132800 573.638400 1.000000
880.988800 1259.140800 1300.672000 544.267200 1.000000
870.838400 1766.224000 1306.508800 1060.203200 1.000000
854.110400 2327.264000 1307.788800 1569.819200 1.000000
873.558400 1830.560000 1310.272000 1123.297600 1.000000
856.942400 2282.656000 1310.312000 1530.976000 1.000000
890.641600 1500.081600 1315.188800 805.406400 1.000000
868.416000 2322.784000 1319.473600 1567.176000 1.000000
900.808000 1283.364800 1319.680000 573.476800 1.000000
892.992000 1910.416000 1329.244800 1200.220800 1.000000
876.934400 2675.568000 1337.036800 1859.680000 1.000000
919.784000 1566.204800 1345.152000 866.537600 1.000000
933.656000 1175.977600 1348.784000 453.152000 1.000000
907.816000 2361.728000 1355.115200 1603.088000 1.000000
910.620800 2332.640000 1355.801600 1577.257600 1.000000
934.784000 1535.747200 1357.924800 836.929600 1.000000
950.537600 1584.038400 1374.380800 886.972800 1.000000
954.297600 1602.928000 1377.916800 908.296000 1.000000
954.041600 1765.632000 1380.961600 1072.414400 1.000000
944.123200 2783.664000 1394.433600 1948.464000 1.000000
978.232000 1781.440000 1403.696000 1081.068800 1.000000
989.316800 1457.968000 1407.385600 760.257600 1.000000
996.425600 1484.899200 1414.915200 786.520000 1.000000
981.835200 2594.224000 1423.190400 1800.448000 1.000000
995.046400 2040.560000 1423.816000 1325.753600 1.000000
986.604800 2877.872000 1430.668800 2025.024000 1.000000
992.393600 2860.528000 1435.440000 2013.840000 1.000000
998.086400 2866.672000 1439.748800 2019.088000 1.000000
1003.041600 2845.184000 1443.545600 2000.400000 1.000000
1020.393600 2105.696000 1448.220800 1386.284800 1.000000
1025.304000 2078.832000 1451.163200 1362.784000 1.000000
1032.044800 1946.816000 1457.222400 1241.323200 1.000000
1048.577600 1183.456000 1461.080000 463.107200 1.000000
1066.057600 1756.096000 1484.288000 1060.780800 1.000000
1065.040000 1942.576000 1486.505600 1242.163200 1.000000
1067.915200 2109.840000 1489.304000 1392.558400 1.000000
1091.284800 1381.478400 1503.507200 685.710400 1.000000
1115.304000 1488.219200 1527.894400 797.624000 1.000000
1136.595200 1442.843200 1548.795200 755.304000 1.000000
1142.372800 2581.488000 1559.361600 1802.128000 1.000000
1157.139200 1345.059200 1567.387200 646.536000 1.000000
1168.318400 1542.824000 1578.843200 856.892800 1.000000
1171.430400 1431.134400 1581.944000 740.604800 1.000000
1172.129600 1516.769600 1582.123200 827.136000 1.000000
1183.374400 1545.372800 1591.564800 857.649600 1.000000
1202.052800 1299.870400 1611.552000 599.494400 1.000000
1258.537600 2256.304000 1659.808000 1533.832000 1.000000
1267.027200 2697.728000 1665.328000 1903.296000 1.000000
1271.936000 1952.416000 1672.736000 1261.632000 1.000000
1267.673600 1195.206400 1676.960000 485.312000 1.000000
1306.297600 2251.792000 1702.848000 1531.857600 1.000000
1303.612800 1978.384000 1702.912000 1287.414400 1.000000
1320.739200 1199.326400 1730.848000 489.904000 1.000000
1344.592000 1895.264000 1739.584000 1214.003200 1.000000
1346.729600 1134.299200 1749.296000 354.806400 1.000000
1353.488000 1825.680000 1750.208000 1143.712000 1.000000
1369.100800 2772.528000 1751.040000 1968.448000 1.000000
1350.390400 1102.395200 1754.320000 320.827200 1.000000
1343.956800 985.566400 1754.976000 185.907200 1.000000
1354.547200 1410.569600 1759.712000 725.054400 1.000000
1389.243200 2821.616000 1768.160000 2008.832000 1.000000
1375.075200 1733.040000 1772.784000 1055.096000 1.000000
1386.435200 2150.624000 1774.256000 1450.526400 1.000000
1382.705600 1936.016000 1776.560000 1246.862400 1.000000
1415.257600 2838.960000 1789.440000 2023.792000 1.000000
1383.684800 981.985600 1792.864000 181.713600 1.000000
1431.521600 2797.840000 1805.008000 1991.904000 1.000000
1401.195200 1411.523200 1805.232000 728.084800 1.000000
1398.700800 1253.656000 1806.720000 556.420800 1.000000
1436.257600 2818.528000 1807.328000 2009.824000 1.000000
1420.494400 2082.528000 1808.656000 1389.904000 1.000000
1423.681600 2126.240000 1809.568000 1428.771200 1.000000
1434.267200 2068.848000 1820.608000 1377.475200 1.000000
1436.955200 2126.304000 1821.104000 1429.296000 1.000000
1456.587200 2838.128000 1824.784000 2025.904000 1.000000
1433.116800 1742.912000 1826.976000 1067.025600 1.000000
1452.747200 2288.208000 1832.400000 1574.731200 1.000000
1455.704000 2255.600000 1836.064000 1542.928000 1.000000
1460.996800 2467.568000 1836.368000 1727.344000 1.000000
1447.411200 1774.704000 1840.320000 1099.396800 1.000000
1479.182400 2511.888000 1850.736000 1764.960000 1.000000
1479.710400 2125.072000 1859.616000 1431.900800 1.000000
1473.544000 1730.768000 1866.128000 1058.144000 1.000000
1512.017600 2919.200000 1868.736000 2094.464000 1.000000
1492.830400 2144.752000 1872.016000 1449.112000 1.000000
1496.792000 2047.280000 1878.064000 1361.824000 1.000000
1488.036800 1671.280000 1880.784000 1000.977600 1.000000
1488.585600 1699.552000 1881.712000 1026.888000 1.000000
1478.681600 1260.283200 1886.864000 566.054400 1.000000
1495.216000 1731.984000 1887.792000 1060.928000 1.000000
1538.998400 2938.480000 1891.536000 2112.400000 1.000000
1488.852800 1297.902400 1895.072000 607.539200 1.000000
1486.836800 1218.201600 1897.232000 518.422400 1.000000
1491.052800 1244.113600 1900.368000 547.369600 1.000000
1492.582400 1199.035200 1901.536000 496.184000 1.000000
1531.225600 2260.272000 1904.976000 1554.516800 1.000000
1540.172800 2204.992000 1914.192000 1509.617600 1.000000
1508.822400 1310.467200 1914.896000 620.628800 1.000000
1538.464000 1877.808000 1922.640000 1206.102400 1.000000
1516.832000 1265.691200 1925.184000 571.624000 1.000000
1555.497600 2282.864000 1925.344000 1578.398400 1.000000
1524.544000 1167.971200 1926.848000 459.827200 1.000000
1532.411200 1546.446400 1928.656000 872.153600 1.000000
1548.172800 1864.896000 1932.160000 1193.401600 1.000000
1534.116800 1263.433600 1943.056000 568.534400 1.000000
1583.454400 2307.920000 1947.024000 1600.624000 1.000000
1544.131200 1292.819200 1950.992000 604.060800 1.000000
1545.427200 982.332800 1960.464000 186.112000 1.000000
1547.766400 1011.692800 1963.120000 211.835200 1.000000
1556.044800 1274.972800 1964.160000 583.520000 1.000000
1592.408000 1566.616000 1985.472000 898.505600 1.000000
1617.824000 1937.504000 1995.584000 1267.641600 1.000000
1585.883200 1247.129600 1996.496000 551.798400 1.000000
1659.232000 2655.648000 2005.088000 1897.376000 1.000000
1698.048000 2206.128000 2056.992000 1524.009600 1.000000
1699.648000 2020.592000 2068.432000 1347.001600 1.000000
1704.864000 2001.808000 2073.056000 1332.121600 1.000000
1718.928000 2048.192000 2085.920000 1376.052800 1.000000
1702.144000 1693.728000 2085.984000 1031.940800 1.000000
1764.832000 2800.288000 2091.440000 2017.008000 1.000000
1673.616000 1009.808000 2097.776000 216.787200 1.000000
1702.032000 1462.454400 2100.720000 791.904000 1.000000
1719.424000 1721.712000 2103.120000 1061.012800 1.000000
1761.664000 2396.832000 2108.064000 1688.672000 1.000000
1771.616000 2448.112000 2112.672000 1732.848000 1.000000
1760.672000 2085.088000 2122.192000 1411.440000 1.000000
1803.248000 2805.184000 2123.600000 2024.848000 1.000000
1701.904000 1025.420800 2125.040000 243.452800 1.000000
1743.856000 1761.152000 2125.504000 1099.592000 1.000000
1748.144000 1777.264000 2127.136000 1116.342400 1.000000
1732.912000 1429.742400 2134.784000 757.254400 1.000000
1795.808000 2380.560000 2138.768000 1675.872000 1.000000
1779.328000 2069.184000 2140.208000 1396.952000 1.000000
1797.120000 2088.432000 2153.856000 1414.979200 1.000000
1842.432000 2812.368000 2156.912000 2030.896000 1.000000
1824.080000 2384.736000 2162.064000 1682.592000 1.000000
1851.776000 2850.560000 2162.624000 2062.528000 1.000000
1833.488000 2494.464000 2166.464000 1777.104000 1.000000
1796.560000 1790.576000 2172.448000 1131.889600 1.000000
1838.736000 2453.088000 2172.544000 1739.936000 1.000000
1800.400000 1808.032000 2175.856000 1147.356800 1.000000
1790.336000 1664.016000 2176.816000 1004.323200 1.000000
1794.720000 1713.104000 2177.200000 1055.353600 1.000000
1830.592000 2118.368000 2184.464000 1443.832000 1.000000
1826.848000 2038.048000 2187.616000 1368.094400 1.000000
1789.840000 1484.320000 2187.904000 817.776000 1.000000
1810.736000 1725.424000 2191.648000 1067.070400 1.000000
1843.344000 2153.600000 2196.304000 1476.710400 1.000000
1816.944000 1697.600000 2198.752000 1038.721600 1.000000
1801.232000 1459.830400 2201.328000 792.569600 1.000000
1829.040000 1832.224000 2202.224000 1173.428800 1.000000
1829.088000 1775.072000 2207.488000 1116.736000 1.000000
1816.544000 1468.155200 2215.120000 803.528000 1.000000
1902.288000 2101.664000 2255.856000 1439.731200 1.000000
1897.664000 1338.801600 2309.008000 676.113600 1.000000
1873.696000 808.017600 2331.664000 53.240480 1.000000
1869.840000 828.649600 2331.856000 72.855040 1.000000
1888.768000 851.088000 2345.856000 114.127840 1.000000
1913.616000 1110.140800 2348.288000 423.416000 1.000000
2493.696000 1732.160000 2811.712000 1810.192000 1.000000
2405.504000 1350.478400 2833.136000 1507.057600 1.000000
2418.432000 1262.220800 2855.072000 1432.100800 1.000000
2459.520000 1371.625600 2878.992000 1533.392000 1.000000
2456.208000 1342.635200 2879.776000 1508.123200 1.000000
2461.984000 1379.436800 2881.232000 1541.022400 1.000000
2539.232000 1550.190400 2931.488000 1688.352000 1.000000
2511.584000 1287.366400 2939.936000 1485.137600 1.000000
2534.848000 1393.318400 2944.832000 1578.857600 1.000000
2594.208000 1662.000000 2955.008000 1787.072000 1.000000
2596.560000 1606.944000 2981.632000 1744.352000 1.000000
2651.008000 1500.952000 3043.024000 1687.712000 1.000000
