629.756800 2844.960000 903.955200 69.288800 1.000000
824.148800 2834.400000 1088.416000 103.867360 1.000000
1230.064000 2826.752000 1462.793600 195.636800 1.000000
2147.296000 2791.696000 1469.686400 968.641600 1.000000
1319.444800 2804.448000 1550.046400 193.292800 1.000000
1710.720000 2781.392000 1913.984000 259.702400 1.000000
1737.952000 2749.920000 1941.312000 240.604800 1.000000
2189.728000 1435.556800 2314.048000 1391.092800 1.000000
2444.160000 1707.152000 2420.240000 1698.368000 1.000000
2400.192000 1335.406400 2516.576000 1433.721600 1.000000
2416.160000 1355.384000 2519.760000 1455.915200 1.000000
2462.848000 1428.795200 2530.464000 1533.049600 1.000000
2514.912000 1445.963200 2533.344000 1598.934400 1.000000
2491.424000 1837.792000 2550.368000 1678.960000 1.000000
2535.568000 1374.281600 2603.936000 1540.894400 1.000000
2476.784000 1257.473600 2610.832000 1410.492800 1.000000
2522.304000 1328.078400 2613.264000 1498.873600 1.000000
2528.128000 1269.630400 2643.216000 1453.187200 1.000000
2469.120000 1151.984000 2650.416000 1317.705600 1.000000
2535.552000 1358.619200 2657.920000 1485.483200 1.000000
2654.512000 984.945600 2885.632000 1386.563200 1.000000
2718.560000 686.408000 3038.560000 1256.388800 1.000000
