525.305600 749.238400 717.220800 2474.096000 1.000000
543.801600 763.582400 735.099200 2481.744000 1.000000
552.134400 830.972800 738.641600 2549.424000 1.000000
565.628800 885.713600 746.827200 2602.272000 1.000000
581.742400 1095.155200 752.372800 2824.800000 1.000000
555.056000 472.756800 765.435200 2204.928000 1.000000
558.857600 313.259200 775.243200 2071.040000 1.000000
566.168000 332.635200 783.412800 2084.864000 1.000000
584.225600 386.396800 797.072000 2120.912000 1.000000
629.406400 1119.016000 797.344000 2833.936000 1.000000
630.723200 988.896000 805.804800 2691.712000 1.000000
585.524800 68.838400 811.601600 1873.552000 1.000000
615.432000 582.627200 815.908800 2288.032000 1.000000
636.955200 899.785600 817.435200 2592.368000 1.000000
609.352000 366.531200 820.451200 2099.760000 1.000000
601.121600 165.694400 820.606400 1944.672000 1.000000
609.948800 414.041600 822.232000 2135.552000 1.000000
612.092800 390.380800 822.817600 2117.264000 1.000000
626.422400 369.817600 834.824000 2098.608000 1.000000
650.956800 734.331200 839.732800 2420.400000 1.000000
672.697600 1160.656000 840.102400 2867.360000 1.000000
641.534400 464.737600 844.857600 2174.304000 1.000000
677.094400 989.644800 850.920000 2679.200000 1.000000
686.104000 1109.113600 854.350400 2808.064000 1.000000
693.449600 1158.468800 860.334400 2859.648000 1.000000
681.483200 885.192000 861.409600 2563.584000 1.000000
701.225600 961.747200 877.403200 2644.640000 1.000000
678.449600 378.737600 881.172800 2093.920000 1.000000
694.305600 760.542400 882.182400 2433.648000 1.000000
681.844800 454.355200 882.256000 2154.336000 1.000000
688.076800 240.544000 891.884800 1980.480000 1.000000
727.480000 1133.456000 893.976000 2825.600000 1.000000
685.481600 82.985440 894.753600 1860.992000 1.000000
717.716800 842.670400 895.387200 2518.336000 1.000000
729.985600 1189.352000 897.521600 2885.424000 1.000000
729.632000 1010.320000 900.136000 2691.296000 1.000000
714.854400 690.305600 903.339200 2361.824000 1.000000
725.486400 890.974400 905.136000 2558.480000 1.000000
711.140800 467.532800 909.521600 2159.504000 1.000000
718.094400 491.782400 914.281600 2182.640000 1.000000
708.664000 23.583840 917.318400 1808.176000 1.000000
716.592000 67.030240 923.068800 1841.312000 1.000000
727.532800 426.905600 924.209600 2121.200000 1.000000
743.531200 647.668800 929.299200 2316.512000 1.000000
724.747200 91.388640 929.830400 1859.552000 1.000000
737.499200 157.457600 941.331200 1902.976000 1.000000
753.536000 348.208000 947.779200 2052.848000 1.000000
759.619200 525.441600 948.294400 2206.624000 1.000000
757.656000 384.387200 950.724800 2081.312000 1.000000
781.640000 1181.396800 952.155200 2861.472000 1.000000
769.355200 620.512000 953.601600 2287.136000 1.000000
756.472000 68.191360 956.854400 1831.424000 1.000000
768.350400 359.992000 962.668800 2057.952000 1.000000
774.065600 468.177600 964.363200 2147.360000 1.000000
783.286400 614.819200 968.099200 2274.208000 1.000000
775.166400 262.198400 970.400000 1980.384000 1.000000
803.473600 1142.403200 972.496000 2816.576000 1.000000
782.286400 357.844800 974.256000 2054.928000 1.000000
781.830400 61.902880 976.358400 1823.488000 1.000000
781.041600 98.091680 977.737600 1849.216000 1.000000
785.240000 188.857600 980.156800 1920.048000 1.000000
795.340800 546.907200 981.264000 2212.752000 1.000000
813.041600 1267.843200 981.516800 2956.656000 1.000000
793.958400 368.950400 984.041600 2061.536000 1.000000
797.664000 289.958400 989.212800 1997.472000 1.000000
805.656000 578.414400 990.076800 2239.072000 1.000000
806.441600 405.441600 992.990400 2087.728000 1.000000
802.715200 96.954080 993.822400 1847.168000 1.000000
818.646400 818.204800 994.232000 2456.944000 1.000000
826.859200 1204.540800 994.513600 2880.080000 1.000000
808.310400 323.652800 994.587200 2021.744000 1.000000
827.161600 979.070400 999.678400 2633.360000 1.000000
828.648000 999.216000 1000.299200 2654.480000 1.000000
817.809600 350.492800 1004.542400 2041.280000 1.000000
823.500800 541.636800 1006.316800 2202.816000 1.000000
834.097600 894.924800 1006.542400 2537.168000 1.000000
837.862400 1165.387200 1007.171200 2832.576000 1.000000
826.470400 500.166400 1009.072000 2169.440000 1.000000
825.219200 387.353600 1009.616000 2071.008000 1.000000
838.596800 796.755200 1015.985600 2435.440000 1.000000
835.107200 496.035200 1016.833600 2162.816000 1.000000
831.531200 346.340800 1017.012800 2024.112000 1.000000
846.321600 1062.897600 1019.182400 2717.040000 1.000000
850.660800 1217.832000 1020.660800 2888.288000 1.000000
835.193600 135.616480 1021.272000 1869.872000 1.000000
847.304000 778.308800 1022.689600 2416.224000 1.000000
840.371200 36.602720 1026.486400 1791.744000 1.000000
857.225600 1006.966400 1027.731200 2655.920000 1.000000
848.820800 574.512000 1028.312000 2224.544000 1.000000
846.884800 425.411200 1029.411200 2095.824000 1.000000
848.420800 362.390400 1030.536000 2046.064000 1.000000
851.249600 349.307200 1031.169600 2034.896000 1.000000
857.424000 949.288000 1031.363200 2592.848000 1.000000
850.492800 449.132800 1032.796800 2112.832000 1.000000
863.569600 757.753600 1039.000000 2391.872000 1.000000
869.614400 785.995200 1043.390400 2418.272000 1.000000
862.912000 294.977600 1044.001600 1988.592000 1.000000
868.660800 599.814400 1045.715200 2245.696000 1.000000
865.656000 132.938400 1046.507200 1863.520000 1.000000
867.792000 577.534400 1046.984000 2224.912000 1.000000
865.067200 452.995200 1047.496000 2115.216000 1.000000
872.075200 768.939200 1048.105600 2400.048000 1.000000
873.340800 38.481440 1053.252800 1788.208000 1.000000
878.572800 573.190400 1056.246400 2219.184000 1.000000
879.969600 529.763200 1056.414400 2181.104000 1.000000
886.550400 1195.664000 1056.571200 2856.096000 1.000000
892.316800 1020.585600 1063.196800 2664.112000 1.000000
885.513600 130.658080 1064.193600 1856.464000 1.000000
889.760000 561.561600 1065.580800 2206.480000 1.000000
904.353600 750.857600 1077.264000 2376.880000 1.000000
903.780800 350.043200 1079.227200 2026.560000 1.000000
909.822400 1034.780800 1079.867200 2674.320000 1.000000
907.632000 506.865600 1080.040000 2157.568000 1.000000
907.446400 799.550400 1080.451200 2424.592000 1.000000
909.681600 655.398400 1081.688000 2286.240000 1.000000
908.523200 715.616000 1081.779200 2340.880000 1.000000
918.158400 761.774400 1089.595200 2385.232000 1.000000
917.678400 632.716800 1089.798400 2265.200000 1.000000
924.286400 720.003200 1096.649600 2343.200000 1.000000
927.128000 552.432000 1097.603200 2191.168000 1.000000
937.881600 63.359520 1105.454400 1796.560000 1.000000
935.377600 1231.329600 1105.876800 2891.936000 1.000000
935.846400 1205.928000 1106.016000 2857.888000 1.000000
935.937600 677.611200 1106.499200 2299.520000 1.000000
936.043200 273.492800 1107.232000 1958.592000 1.000000
942.700800 332.456000 1111.950400 2004.496000 1.000000
942.572800 470.654400 1112.404800 2117.808000 1.000000
949.390400 36.072160 1114.984000 1773.536000 1.000000
947.620800 1230.091200 1118.462400 2886.624000 1.000000
953.489600 486.467200 1121.547200 2129.936000 1.000000
955.326400 608.544000 1122.646400 2238.432000 1.000000
960.209600 99.060640 1124.470400 1818.000000 1.000000
958.521600 666.014400 1127.331200 2284.800000 1.000000
962.280000 234.779200 1127.368000 1924.560000 1.000000
963.001600 288.051200 1127.774400 1966.128000 1.000000
963.833600 458.808000 1130.532800 2103.888000 1.000000
963.459200 1094.304000 1133.179200 2725.152000 1.000000
969.417600 459.124800 1135.382400 2101.600000 1.000000
969.241600 499.620800 1135.700800 2137.328000 1.000000
970.537600 539.377600 1136.404800 2172.176000 1.000000
969.603200 523.945600 1136.584000 2157.600000 1.000000
966.032000 1184.000000 1137.059200 2828.720000 1.000000
975.131200 235.112000 1137.075200 1924.960000 1.000000
967.342400 1117.420800 1137.283200 2750.272000 1.000000
973.347200 724.598400 1140.539200 2336.448000 1.000000
981.513600 179.961600 1143.012800 1878.080000 1.000000
977.012800 746.179200 1144.379200 2357.616000 1.000000
980.464000 500.696000 1145.219200 2136.048000 1.000000
979.446400 1127.908800 1148.385600 2762.096000 1.000000
985.528000 337.361600 1148.964800 1996.288000 1.000000
994.056000 137.787680 1154.380800 1844.176000 1.000000
999.204800 150.184000 1156.753600 1852.160000 1.000000
987.499200 1179.416000 1158.820800 2822.096000 1.000000
992.507200 1143.152000 1160.881600 2777.552000 1.000000
997.923200 1218.494400 1165.228800 2873.632000 1.000000
990.561600 1319.652800 1165.360000 2987.632000 1.000000
1003.369600 451.454400 1165.972800 2085.360000 1.000000
1008.686400 200.704000 1166.070400 1889.120000 1.000000
1007.792000 256.569600 1166.224000 1931.296000 1.000000
1006.731200 610.670400 1167.028800 2231.824000 1.000000
1010.305600 179.326400 1167.083200 1873.392000 1.000000
1009.792000 364.640000 1170.249600 2012.848000 1.000000
1020.016000 73.410400 1172.484800 1790.656000 1.000000
1009.457600 731.350400 1174.003200 2339.952000 1.000000
1011.641600 769.545600 1174.870400 2376.896000 1.000000
1021.616000 488.916800 1180.448000 2119.376000 1.000000
1022.742400 327.192000 1180.494400 1979.984000 1.000000
1022.694400 236.425600 1181.019200 1913.904000 1.000000
1010.908800 1132.315200 1181.312000 2762.640000 1.000000
1010.126400 1112.070400 1181.782400 2738.224000 1.000000
1025.625600 648.035200 1186.190400 2258.128000 1.000000
1022.334400 776.563200 1186.371200 2381.264000 1.000000
1017.382400 1263.251200 1187.099200 2922.176000 1.000000
1039.222400 110.641440 1187.212800 1815.344000 1.000000
1030.232000 630.758400 1191.827200 2241.424000 1.000000
1033.894400 926.628800 1197.971200 2532.576000 1.000000
1035.985600 760.484800 1198.097600 2362.576000 1.000000
1048.667200 153.603680 1198.644800 1848.112000 1.000000
1041.476800 634.195200 1200.108800 2243.120000 1.000000
1033.129600 1154.856000 1201.336000 2786.608000 1.000000
1044.214400 675.220800 1202.924800 2277.680000 1.000000
1053.243200 259.972800 1204.913600 1923.792000 1.000000
1050.465600 373.084800 1205.321600 2012.576000 1.000000
1057.579200 235.689600 1206.980800 1905.936000 1.000000
1062.081600 82.912960 1207.129600 1791.840000 1.000000
1051.595200 486.144000 1207.704000 2113.104000 1.000000
1054.344000 441.872000 1208.468800 2071.648000 1.000000
1068.531200 36.355200 1210.579200 1756.768000 1.000000
1057.462400 531.548800 1212.660800 2151.616000 1.000000
1059.436800 468.361600 1214.785600 2093.936000 1.000000
1065.550400 267.313600 1215.008000 1927.072000 1.000000
1064.814400 309.284800 1215.822400 1959.632000 1.000000
1075.521600 95.440160 1218.401600 1799.568000 1.000000
1062.790400 682.094400 1219.140800 2286.464000 1.000000
1078.425600 124.649120 1219.600000 1822.192000 1.000000
1057.276800 981.756800 1220.297600 2593.408000 1.000000
1062.316800 669.601600 1220.617600 2273.616000 1.000000
1075.081600 353.064000 1224.603200 1993.712000 1.000000
1079.510400 600.860800 1233.676800 2208.240000 1.000000
1087.182400 432.752000 1237.449600 2058.448000 1.000000
1088.976000 399.097600 1237.512000 2029.776000 1.000000
1087.774400 650.177600 1241.492800 2252.896000 1.000000
1096.508800 263.257600 1241.553600 1918.112000 1.000000
1083.875200 818.086400 1242.955200 2414.464000 1.000000
1108.148800 116.179840 1244.816000 1810.928000 1.000000
1095.628800 437.736000 1245.126400 2061.328000 1.000000
1076.076800 1151.033600 1245.899200 2776.432000 1.000000
1103.083200 414.832000 1249.460800 2041.360000 1.000000
1084.094400 1026.913600 1250.896000 2634.224000 1.000000
1109.748800 244.216000 1251.145600 1902.448000 1.000000
1084.019200 1093.982400 1251.740800 2708.800000 1.000000
1105.284800 488.272000 1253.262400 2107.392000 1.000000
1111.156800 405.507200 1255.225600 2034.160000 1.000000
1096.028800 891.961600 1257.353600 2488.928000 1.000000
1122.897600 305.531200 1262.792000 1949.904000 1.000000
1130.404800 175.158400 1265.896000 1848.032000 1.000000
1118.614400 503.779200 1266.030400 2119.056000 1.000000
1103.766400 981.556800 1267.233600 2583.008000 1.000000
1125.208000 374.400000 1268.745600 2003.744000 1.000000
1128.395200 459.905600 1270.329600 2079.760000 1.000000
1136.480000 260.086400 1272.156800 1912.832000 1.000000
1116.625600 882.563200 1275.699200 2475.200000 1.000000
1141.542400 245.180800 1276.038400 1900.560000 1.000000
1097.838400 1319.228800 1276.521600 2968.864000 1.000000
1134.724800 369.233600 1276.571200 1997.280000 1.000000
1147.228800 181.977600 1278.371200 1852.688000 1.000000
1150.440000 99.514400 1278.908800 1789.696000 1.000000
1146.756800 208.620800 1279.265600 1873.776000 1.000000
1118.028800 985.400000 1280.857600 2584.912000 1.000000
1124.601600 829.502400 1280.876800 2421.808000 1.000000
1148.286400 228.081600 1281.150400 1886.480000 1.000000
1144.779200 387.348800 1284.436800 2013.328000 1.000000
1146.092800 351.744000 1284.460800 1984.592000 1.000000
1120.281600 1048.564800 1285.254400 2654.704000 1.000000
1159.556800 131.627200 1285.342400 1816.896000 1.000000
1160.230400 110.281280 1287.331200 1796.512000 1.000000
1142.776000 582.604800 1288.776000 2184.064000 1.000000
1158.041600 269.027200 1290.334400 1917.312000 1.000000
1141.782400 664.489600 1290.515200 2261.376000 1.000000
1142.777600 730.428800 1294.590400 2321.808000 1.000000
1129.321600 1074.092800 1295.827200 2684.352000 1.000000
1142.440000 849.480000 1297.800000 2439.264000 1.000000
1146.403200 910.902400 1302.512000 2503.872000 1.000000
1169.100800 336.326400 1302.940800 1970.560000 1.000000
1182.283200 80.820640 1303.345600 1772.576000 1.000000
1141.284800 1056.288000 1305.166400 2665.152000 1.000000
1147.267200 968.091200 1307.404800 2564.016000 1.000000
1136.803200 1133.004800 1307.779200 2748.864000 1.000000
1190.614400 86.392000 1309.958400 1777.136000 1.000000
1149.742400 1014.008000 1313.803200 2615.568000 1.000000
1162.812800 793.419200 1314.577600 2380.944000 1.000000
1160.636800 843.913600 1315.332800 2431.088000 1.000000
1168.920000 712.268800 1316.377600 2304.096000 1.000000
1198.329600 123.879040 1316.803200 1808.048000 1.000000
1199.649600 104.329600 1317.019200 1793.360000 1.000000
1184.123200 469.638400 1320.332800 2081.872000 1.000000
1205.916800 93.315040 1321.904000 1785.648000 1.000000
1190.036800 431.264000 1323.438400 2049.760000 1.000000
1169.587200 867.753600 1323.577600 2457.136000 1.000000
1184.809600 563.347200 1325.192000 2167.760000 1.000000
1200.004800 313.793600 1327.228800 1950.976000 1.000000
1202.291200 365.128000 1329.990400 1992.288000 1.000000
1194.827200 557.747200 1332.768000 2161.488000 1.000000
1181.691200 820.612800 1334.356800 2411.232000 1.000000
1198.606400 572.441600 1335.912000 2175.280000 1.000000
1212.323200 295.315200 1336.057600 1935.888000 1.000000
1198.644800 602.510400 1337.862400 2202.880000 1.000000
1212.870400 368.918400 1340.406400 1997.680000 1.000000
1245.097600 229.345600 1358.320000 1901.552000 1.000000
1259.513600 72.712000 1361.068800 1784.768000 1.000000
1427.200000 1271.420800 1614.240000 2850.944000 1.000000
2140.896000 1844.736000 2345.280000 1452.328000 1.000000
2241.824000 1779.984000 2394.016000 1295.416000 1.000000
2363.456000 1862.032000 2508.400000 1298.603200 1.000000
2491.424000 1837.792000 2634.960000 1393.531200 1.000000
2083.488000 2668.848000 2711.472000 159.122080 1.000000
