19.552960 1412.030400 209.240000 2555.872000 1.000000
26.520800 1307.648000 223.638400 2459.216000 1.000000
47.767520 1479.060800 229.560000 2620.448000 1.000000
54.356000 1568.963200 232.118400 2712.336000 1.000000
46.617440 1284.040000 245.494400 2431.440000 1.000000
65.615840 1482.049600 246.763200 2622.592000 1.000000
76.051040 1494.065600 255.825600 2632.912000 1.000000
82.397120 1559.236800 258.545600 2700.944000 1.000000
75.552160 1470.552000 258.673600 2607.936000 1.000000
64.577600 1335.427200 261.768000 2483.744000 1.000000
101.290400 1573.947200 275.739200 2716.592000 1.000000
98.176960 1440.158400 284.128000 2578.000000 1.000000
102.255520 1353.556800 292.590400 2498.752000 1.000000
107.628960 1339.880000 300.302400 2482.608000 1.000000
127.710560 1453.712000 312.576000 2586.544000 1.000000
125.770400 1355.382400 313.536000 2498.912000 1.000000
140.560160 1476.340800 321.764800 2611.648000 1.000000
133.936160 1403.254400 322.828800 2537.520000 1.000000
142.143200 1456.096000 325.923200 2590.624000 1.000000
138.616960 1344.054400 332.820800 2484.752000 1.000000
167.827200 1575.323200 343.595200 2708.064000 1.000000
107.195520 524.257600 361.184000 1668.608000 1.000000
188.364800 1443.220800 367.710400 2578.784000 1.000000
118.915200 550.600000 371.963200 1693.696000 1.000000
120.408640 525.040000 373.521600 1669.232000 1.000000
133.848800 555.284800 384.169600 1693.984000 1.000000
155.031360 621.190400 402.321600 1757.840000 1.000000
235.424000 1551.780800 411.913600 2685.072000 1.000000
222.283200 1348.891200 412.332800 2481.328000 1.000000
234.600000 1506.833600 414.937600 2636.656000 1.000000
253.427200 1504.331200 432.494400 2632.432000 1.000000
250.316800 1473.318400 432.561600 2601.296000 1.000000
246.164800 1379.100800 437.038400 2505.216000 1.000000
260.057600 1519.153600 437.836800 2646.544000 1.000000
267.404800 1586.952000 441.364800 2714.272000 1.000000
253.091200 1392.691200 442.760000 2515.856000 1.000000
267.872000 1572.473600 443.003200 2701.504000 1.000000
266.115200 1606.352000 444.441600 2730.768000 1.000000
260.547200 1342.464000 448.572800 2472.592000 1.000000
263.956800 1365.193600 453.585600 2492.336000 1.000000
277.828800 1380.153600 464.864000 2508.224000 1.000000
290.254400 1431.532800 472.588800 2553.728000 1.000000
299.779200 1446.548800 480.020800 2570.816000 1.000000
308.011200 1545.988800 484.019200 2667.280000 1.000000
321.435200 1593.097600 493.041600 2717.600000 1.000000
257.468800 640.504000 494.843200 1780.160000 1.000000
310.972800 1367.201600 499.145600 2489.344000 1.000000
317.769600 1437.140800 501.388800 2556.128000 1.000000
329.131200 1378.550400 513.608000 2501.904000 1.000000
340.644800 1527.334400 517.040000 2648.160000 1.000000
287.619200 645.310400 522.017600 1780.784000 1.000000
280.139200 472.518400 522.867200 1608.880000 1.000000
342.390400 1408.603200 528.030400 2526.976000 1.000000
361.883200 1578.723200 536.712000 2697.552000 1.000000
310.524800 666.572800 542.809600 1799.088000 1.000000
323.865600 644.033600 554.278400 1776.656000 1.000000
371.670400 1360.441600 557.552000 2480.432000 1.000000
327.564800 667.305600 559.993600 1796.240000 1.000000
340.777600 652.830400 573.062400 1782.624000 1.000000
354.478400 693.758400 584.884800 1817.024000 1.000000
373.870400 681.104000 601.956800 1805.184000 1.000000
436.907200 1129.716800 654.246400 1980.096000 1.000000
460.387200 1381.470400 657.667200 2236.656000 1.000000
452.481600 1140.696000 664.552000 1991.056000 1.000000
461.172800 1160.617600 670.560000 2006.160000 1.000000
483.217600 1457.315200 675.966400 2312.832000 1.000000
464.592000 1134.878400 676.483200 1979.840000 1.000000
472.412800 1195.644800 679.604800 2037.280000 1.000000
463.824000 1065.129600 680.096000 1911.088000 1.000000
471.048000 1183.907200 680.193600 2028.064000 1.000000
489.000000 1431.171200 681.300800 2280.096000 1.000000
464.465600 1051.022400 681.465600 1897.760000 1.000000
475.454400 887.489600 699.411200 1738.656000 1.000000
491.664000 1133.600000 702.139200 1972.896000 1.000000
493.795200 1254.404800 702.451200 2092.336000 1.000000
491.283200 986.465600 710.017600 1827.392000 1.000000
514.976000 1311.419200 714.528000 2150.448000 1.000000
502.843200 1094.267200 716.000000 1930.992000 1.000000
524.320000 1412.945600 718.788800 2256.752000 1.000000
468.075200 177.804800 720.374400 1113.582400 1.000000
504.995200 1051.681600 722.526400 1887.376000 1.000000
503.702400 980.281600 722.873600 1818.176000 1.000000
515.840000 1138.515200 724.385600 1973.296000 1.000000
513.779200 1105.065600 724.512000 1938.384000 1.000000
479.088000 317.342400 725.344000 1227.262400 1.000000
507.691200 954.467200 727.401600 1791.440000 1.000000
493.268800 663.360000 727.876800 1523.062400 1.000000
503.350400 885.566400 728.260800 1729.744000 1.000000
534.520000 1413.230400 728.638400 2255.568000 1.000000
526.873600 1273.787200 729.195200 2108.240000 1.000000
532.606400 1328.652800 731.454400 2165.504000 1.000000
525.720000 1193.526400 732.048000 2027.808000 1.000000
501.537600 740.769600 732.096000 1591.216000 1.000000
482.865600 283.115200 732.668800 1195.164800 1.000000
491.720000 380.488000 736.464000 1277.801600 1.000000
488.425600 172.624000 738.745600 1105.017600 1.000000
533.572800 1212.788800 739.361600 2043.456000 1.000000
505.100800 513.691200 742.913600 1386.899200 1.000000
542.700800 1269.249600 745.531200 2099.248000 1.000000
520.020800 775.659200 746.611200 1619.632000 1.000000
558.065600 1514.612800 747.262400 2360.944000 1.000000
539.374400 1152.403200 747.982400 1982.640000 1.000000
505.932800 222.644800 749.904000 1142.969600 1.000000
546.356800 1213.256000 751.860800 2039.392000 1.000000
566.673600 1567.763200 752.025600 2419.776000 1.000000
502.403200 153.574080 752.236800 1083.436800 1.000000
501.692800 14.585664 753.513600 969.083200 1.000000
534.352000 910.854400 753.881600 1748.752000 1.000000
541.899200 1050.963200 754.521600 1879.760000 1.000000
558.774400 1360.899200 754.971200 2194.816000 1.000000
540.523200 1078.427200 755.369600 1908.208000 1.000000
567.886400 1518.587200 756.057600 2363.856000 1.000000
564.065600 1426.548800 756.104000 2264.368000 1.000000
513.868800 382.593600 756.502400 1274.454400 1.000000
519.736000 521.860800 757.214400 1391.305600 1.000000
520.262400 538.825600 757.756800 1405.996800 1.000000
520.062400 497.806400 757.971200 1370.808000 1.000000
532.760000 782.590400 759.344000 1623.200000 1.000000
512.284800 77.154400 762.059200 1019.040000 1.000000
531.160000 674.776000 762.115200 1526.032000 1.000000
572.427200 1509.843200 762.516800 2354.768000 1.000000
556.075200 1145.611200 763.436800 1972.928000 1.000000
570.113600 1415.286400 763.731200 2250.672000 1.000000
529.940800 563.598400 764.020800 1426.620800 1.000000
557.532800 1175.710400 764.331200 2002.224000 1.000000
526.632000 414.312000 766.612800 1299.614400 1.000000
547.971200 897.446400 768.633600 1731.632000 1.000000
573.012800 1353.452800 768.900800 2184.320000 1.000000
572.995200 1381.595200 769.060800 2213.376000 1.000000
546.752000 845.836800 769.219200 1681.872000 1.000000
575.952000 1402.640000 769.614400 2237.888000 1.000000
537.220800 538.572800 772.976000 1403.609600 1.000000
552.134400 830.972800 774.321600 1667.664000 1.000000
584.804800 1494.816000 775.222400 2336.144000 1.000000
553.952000 856.974400 775.539200 1691.408000 1.000000
563.172800 1027.688000 775.846400 1856.240000 1.000000
546.612800 640.672000 776.438400 1493.340800 1.000000
565.099200 1032.641600 777.876800 1860.032000 1.000000
573.288000 1157.699200 778.603200 1981.552000 1.000000
591.014400 1517.571200 778.739200 2362.544000 1.000000
546.739200 546.457600 781.520000 1410.988800 1.000000
581.051200 1271.819200 781.579200 2097.072000 1.000000
532.969600 77.864960 781.867200 1014.259200 1.000000
591.582400 1469.364800 783.003200 2306.928000 1.000000
536.364800 149.037600 783.188800 1075.273600 1.000000
577.129600 1188.819200 783.860800 2013.568000 1.000000
555.414400 639.227200 784.632000 1489.369600 1.000000
547.451200 393.993600 787.552000 1276.699200 1.000000
580.428800 1127.012800 787.721600 1949.200000 1.000000
545.401600 190.209600 788.696000 1108.580800 1.000000
565.462400 774.640000 789.395200 1611.888000 1.000000
581.150400 1052.348800 791.601600 1875.776000 1.000000
595.435200 1343.555200 791.896000 2170.608000 1.000000
576.366400 933.323200 792.782400 1761.040000 1.000000
581.742400 1095.155200 793.236800 1918.384000 1.000000
561.926400 549.286400 794.609600 1408.545600 1.000000
572.076800 758.889600 796.528000 1596.910400 1.000000
558.857600 313.259200 796.625600 1205.219200 1.000000
579.702400 927.291200 797.003200 1752.096000 1.000000
553.430400 176.356800 797.080000 1094.166400 1.000000
570.980800 657.406400 798.715200 1502.972800 1.000000
612.452800 1557.592000 799.556800 2403.280000 1.000000
566.401600 499.670400 800.190400 1366.230400 1.000000
557.492800 107.729760 801.324800 1034.676800 1.000000
575.758400 713.558400 801.948800 1553.115200 1.000000
566.168000 332.635200 803.307200 1221.392000 1.000000
565.891200 320.822400 803.372800 1211.472000 1.000000
576.609600 666.123200 803.627200 1511.232000 1.000000
576.193600 624.520000 804.580800 1473.694400 1.000000
608.937600 1316.574400 806.457600 2140.080000 1.000000
604.185600 1199.008000 809.211200 2017.424000 1.000000
582.003200 620.337600 809.750400 1468.305600 1.000000
583.040000 630.172800 811.147200 1476.790400 1.000000
572.051200 235.132800 813.017600 1137.718400 1.000000
595.892800 862.334400 813.337600 1687.152000 1.000000
582.824000 528.832000 814.276800 1390.422400 1.000000
601.920000 978.713600 814.931200 1800.160000 1.000000
572.521600 108.869920 814.952000 1034.987200 1.000000
609.656000 1102.273600 816.921600 1919.568000 1.000000
612.596800 1150.225600 817.249600 1968.576000 1.000000
592.644800 704.542400 817.688000 1543.016000 1.000000
615.872000 1212.561600 817.704000 2031.280000 1.000000
580.934400 273.329600 818.008000 1169.462400 1.000000
607.488000 1022.268800 818.548800 1842.976000 1.000000
578.502400 205.624000 819.875200 1113.161600 1.000000
578.056000 163.728000 820.216000 1080.545600 1.000000
606.609600 996.475200 820.398400 1818.384000 1.000000
580.774400 58.824320 822.011200 992.078400 1.000000
597.566400 658.329600 822.560000 1500.600000 1.000000
602.092800 781.140800 822.969600 1612.688000 1.000000
590.665600 444.220800 824.060800 1312.790400 1.000000
598.947200 667.508800 824.545600 1509.073600 1.000000
598.195200 627.032000 824.948800 1471.958400 1.000000
611.944000 989.340800 825.067200 1810.400000 1.000000
602.660800 739.379200 825.430400 1574.382400 1.000000
592.627200 405.668800 826.192000 1278.648000 1.000000
591.353600 226.265600 828.212800 1128.678400 1.000000
619.305600 1031.739200 828.788800 1852.512000 1.000000
594.684800 344.620800 830.219200 1228.500800 1.000000
616.947200 905.401600 832.427200 1727.840000 1.000000
593.784000 120.353600 832.856000 1041.692800 1.000000
615.280000 828.611200 833.884800 1654.416000 1.000000
610.740800 663.907200 834.705600 1503.998400 1.000000
600.564800 301.830400 834.982400 1192.440000 1.000000
629.406400 1119.016000 835.283200 1933.392000 1.000000
647.032000 1447.470400 836.948800 2277.664000 1.000000
621.211200 847.803200 838.393600 1672.656000 1.000000
601.121600 165.694400 838.545600 1078.984000 1.000000
633.419200 1087.275200 839.532800 1901.968000 1.000000
602.952000 99.739200 841.030400 1023.934400 1.000000
633.313600 1045.446400 841.104000 1862.784000 1.000000
655.104000 1574.980800 841.145600 2416.048000 1.000000
610.080000 448.859200 841.592000 1314.936000 1.000000
630.723200 988.896000 842.084800 1807.232000 1.000000
609.352000 366.531200 842.899200 1245.552000 1.000000
612.092800 390.380800 843.478400 1264.532800 1.000000
643.846400 1262.288000 843.577600 2077.056000 1.000000
609.825600 153.268320 846.284800 1068.388800 1.000000
620.476800 607.102400 846.443200 1452.107200 1.000000
628.044800 514.398400 850.969600 1366.155200 1.000000
636.955200 899.785600 851.145600 1720.064000 1.000000
648.889600 1172.203200 851.233600 1984.304000 1.000000
615.340800 147.040000 852.820800 1058.324800 1.000000
619.048000 206.628800 853.707200 1110.795200 1.000000
662.068800 1329.880000 855.753600 2149.984000 1.000000
629.870400 532.792000 856.900800 1386.937600 1.000000
653.587200 1125.713600 857.592000 1938.432000 1.000000
651.913600 1070.566400 857.964800 1884.256000 1.000000
632.756800 558.584000 858.707200 1408.836800 1.000000
626.139200 160.944000 859.960000 1071.147200 1.000000
633.457600 478.867200 860.348800 1337.590400 1.000000
672.355200 1466.582400 862.916800 2294.240000 1.000000
660.424000 1154.672000 863.264000 1965.760000 1.000000
670.107200 1360.654400 863.889600 2178.352000 1.000000
628.833600 90.540640 864.208000 1014.515200 1.000000
653.702400 925.849600 865.955200 1741.616000 1.000000
654.814400 875.670400 868.208000 1694.272000 1.000000
655.284800 903.710400 868.243200 1720.000000 1.000000
646.785600 674.908800 868.328000 1508.827200 1.000000
651.006400 766.875200 869.456000 1593.577600 1.000000
669.318400 1196.995200 869.492800 2005.600000 1.000000
675.144000 1311.006400 872.568000 2125.216000 1.000000
653.232000 687.217600 873.193600 1519.108800 1.000000
645.096000 385.854400 874.105600 1256.512000 1.000000
650.417600 558.692800 874.643200 1406.974400 1.000000
653.003200 656.230400 875.030400 1491.232000 1.000000
672.697600 1160.656000 875.390400 1968.768000 1.000000
665.718400 970.075200 876.574400 1783.984000 1.000000
667.702400 1000.937600 876.630400 1814.528000 1.000000
655.649600 507.465600 880.956800 1360.249600 1.000000
686.251200 1370.038400 881.692800 2186.176000 1.000000
674.328000 1018.520000 882.155200 1831.440000 1.000000
650.841600 117.873920 884.124800 1032.896000 1.000000
656.702400 334.256000 884.752000 1212.243200 1.000000
683.611200 1173.616000 885.728000 1980.000000 1.000000
682.540800 1126.931200 886.180800 1936.032000 1.000000
657.212800 316.584000 886.376000 1196.723200 1.000000
677.094400 989.644800 886.806400 1801.328000 1.000000
701.593600 1572.003200 887.713600 2409.040000 1.000000
657.955200 302.148800 887.859200 1185.308800 1.000000
686.104000 1109.113600 888.702400 1916.848000 1.000000
662.608000 289.550400 891.689600 1174.257600 1.000000
672.232000 610.776000 892.081600 1449.739200 1.000000
681.483200 885.192000 892.449600 1699.824000 1.000000
673.844800 681.688000 893.569600 1510.688000 1.000000
666.854400 334.416000 894.281600 1211.492800 1.000000
693.980800 1185.942400 895.560000 1992.096000 1.000000
667.353600 262.699200 895.758400 1152.070400 1.000000
693.449600 1158.468800 896.052800 1964.064000 1.000000
700.372800 1277.528000 896.694400 2086.400000 1.000000
697.638400 1197.472000 897.422400 2003.408000 1.000000
678.870400 668.926400 897.524800 1501.491200 1.000000
681.116800 724.084800 898.411200 1548.904000 1.000000
717.915200 1706.112000 898.854400 2563.760000 1.000000
693.812800 1013.947200 899.830400 1824.240000 1.000000
701.604800 1210.460800 900.558400 2016.304000 1.000000
682.304000 705.059200 900.768000 1531.108800 1.000000
682.121600 594.948800 902.395200 1433.139200 1.000000
687.475200 726.592000 903.660800 1549.675200 1.000000
716.542400 1535.491200 904.480000 2365.216000 1.000000
675.768000 98.852640 904.588800 1015.150400 1.000000
703.846400 1100.715200 906.633600 1906.240000 1.000000
691.300800 736.396800 906.750400 1559.044800 1.000000
679.424000 92.900000 908.752000 1009.097600 1.000000
688.408000 495.523200 908.971200 1349.400000 1.000000
711.062400 1219.057600 909.427200 2022.592000 1.000000
682.790400 165.305600 910.259200 1066.241600 1.000000
688.076800 240.544000 912.846400 1129.766400 1.000000
691.988800 443.166400 914.188800 1299.328000 1.000000
713.411200 1164.564800 914.276800 1967.088000 1.000000
699.062400 754.720000 914.344000 1576.497600 1.000000
693.088000 376.881600 916.417600 1243.185600 1.000000
736.864000 1693.600000 917.420800 2547.056000 1.000000
718.884800 1172.171200 918.716800 1975.872000 1.000000
726.379200 1302.155200 919.545600 2106.960000 1.000000
695.449600 337.608000 919.878400 1211.553600 1.000000
712.579200 969.436800 920.225600 1778.144000 1.000000
739.532800 1558.075200 920.601600 2387.952000 1.000000
727.123200 1325.131200 922.249600 2132.416000 1.000000
727.838400 1258.324800 924.403200 2062.368000 1.000000
731.092800 1363.224000 924.539200 2173.632000 1.000000
714.894400 780.212800 926.756800 1597.862400 1.000000
700.840000 81.228960 927.297600 997.476800 1.000000
727.480000 1133.456000 927.427200 1936.496000 1.000000
728.160000 1146.651200 928.921600 1948.192000 1.000000
729.985600 1189.352000 930.032000 1990.624000 1.000000
736.827200 1286.008000 932.096000 2091.312000 1.000000
711.140800 467.532800 932.294400 1318.872000 1.000000
748.585600 1695.376000 932.326400 2546.448000 1.000000
729.632000 1010.320000 932.510400 1818.384000 1.000000
744.190400 1560.091200 932.731200 2392.496000 1.000000
707.888000 62.825120 933.096000 981.504000 1.000000
734.046400 1196.835200 933.142400 1998.144000 1.000000
719.126400 680.843200 933.796800 1506.020800 1.000000
718.464000 651.825600 934.096000 1481.112000 1.000000
717.057600 528.806400 936.195200 1373.828800 1.000000
738.896000 1219.603200 936.990400 2019.856000 1.000000
713.148800 104.293760 938.248000 1014.755200 1.000000
729.588800 857.097600 938.464000 1667.856000 1.000000
718.094400 491.782400 938.630400 1340.836800 1.000000
746.094400 1336.772800 938.729600 2143.600000 1.000000
752.840000 1585.561600 938.928000 2417.312000 1.000000
733.448000 928.603200 940.617600 1736.768000 1.000000
726.972800 676.814400 941.016000 1501.371200 1.000000
734.528000 938.955200 943.057600 1745.680000 1.000000
745.180800 1188.814400 943.577600 1988.704000 1.000000
741.564800 1065.683200 943.771200 1866.512000 1.000000
723.713600 554.844800 945.203200 1392.404800 1.000000
736.217600 801.558400 946.744000 1616.048000 1.000000
726.828800 389.481600 946.788800 1250.360000 1.000000
728.606400 365.340800 947.931200 1229.824000 1.000000
727.532800 426.905600 947.939200 1280.929600 1.000000
762.067200 1531.404800 948.374400 2358.800000 1.000000
726.956800 110.841440 949.644800 1019.200000 1.000000
756.664000 1341.820800 950.393600 2147.424000 1.000000
760.646400 1430.704000 951.091200 2246.112000 1.000000
737.942400 626.766400 951.270400 1456.512000 1.000000
768.560000 1679.280000 952.113600 2525.392000 1.000000
735.854400 518.152000 952.684800 1362.785600 1.000000
751.678400 1070.203200 954.155200 1869.904000 1.000000
740.254400 463.432000 958.147200 1313.204800 1.000000
771.585600 1495.824000 958.520000 2314.400000 1.000000
763.593600 1206.339200 960.776000 2004.528000 1.000000
762.718400 1144.470400 962.478400 1944.800000 1.000000
762.497600 1035.500800 964.070400 1835.840000 1.000000
759.630400 928.520000 964.723200 1733.616000 1.000000
755.568000 707.736000 967.945600 1525.697600 1.000000
779.352000 1452.510400 968.377600 2266.416000 1.000000
785.739200 1714.944000 970.041600 2566.336000 1.000000
776.019200 1330.827200 970.590400 2131.552000 1.000000
760.784000 668.790400 970.920000 1491.494400 1.000000
761.180800 694.307200 971.384000 1513.432000 1.000000
755.544000 465.723200 971.532800 1313.387200 1.000000
778.392000 1340.286400 973.339200 2146.608000 1.000000
759.619200 525.441600 974.075200 1366.996800 1.000000
755.889600 193.931200 975.092800 1083.072000 1.000000
756.548800 147.437440 975.912000 1045.617600 1.000000
756.472000 68.191360 975.974400 980.588800 1.000000
790.128000 1573.659200 977.304000 2399.552000 1.000000
760.212800 380.625600 977.531200 1239.073600 1.000000
777.182400 1063.846400 977.769600 1862.208000 1.000000
760.257600 289.600000 978.360000 1166.601600 1.000000
769.355200 620.512000 979.732800 1450.115200 1.000000
762.016000 153.570400 980.030400 1050.310400 1.000000
786.822400 1274.745600 981.030400 2071.952000 1.000000
762.718400 207.339200 981.092800 1094.195200 1.000000
765.019200 179.216000 982.878400 1070.934400 1.000000
777.961600 866.172800 983.702400 1670.144000 1.000000
766.697600 197.600000 983.854400 1085.412800 1.000000
781.344000 947.054400 984.016000 1751.328000 1.000000
768.350400 359.992000 985.118400 1221.488000 1.000000
796.196800 1310.689600 985.371200 2111.632000 1.000000
786.902400 1021.432000 988.196800 1819.552000 1.000000
774.065600 468.177600 988.707200 1313.764800 1.000000
781.635200 779.452800 988.713600 1588.451200 1.000000
797.155200 1330.822400 989.800000 2129.968000 1.000000
787.612800 998.867200 990.969600 1797.952000 1.000000
776.052800 400.358400 991.435200 1254.686400 1.000000
790.579200 934.102400 991.960000 1737.840000 1.000000
775.166400 262.198400 992.832000 1140.249600 1.000000
780.056000 494.875200 992.873600 1337.208000 1.000000
784.568000 691.128000 993.086400 1509.033600 1.000000
797.841600 1226.534400 993.091200 2021.568000 1.000000
777.177600 431.515200 993.387200 1280.454400 1.000000
804.510400 1413.979200 993.696000 2223.856000 1.000000
783.286400 614.819200 994.464000 1440.889600 1.000000
792.105600 921.009600 995.244800 1722.304000 1.000000
812.312000 1698.752000 995.382400 2542.624000 1.000000
795.667200 1038.521600 995.627200 1834.400000 1.000000
779.646400 121.620320 995.896000 1022.211200 1.000000
781.259200 50.324640 996.212800 963.768000 1.000000
781.830400 61.902880 997.619200 973.115200 1.000000
782.286400 357.844800 997.756800 1217.793600 1.000000
782.424000 83.563520 998.203200 990.380800 1.000000
781.041600 98.091680 998.272000 1002.228800 1.000000
799.481600 1067.416000 998.956800 1862.080000 1.000000
785.868800 376.190400 999.864000 1233.248000 1.000000
785.240000 188.857600 999.966400 1073.108800 1.000000
809.323200 1381.953600 1001.520000 2188.048000 1.000000
787.323200 146.404640 1003.532800 1041.708800 1.000000
796.094400 527.052800 1007.131200 1363.723200 1.000000
813.041600 1267.843200 1007.136000 2061.792000 1.000000
820.155200 1539.932800 1008.084800 2359.120000 1.000000
795.206400 128.001760 1009.691200 1025.406400 1.000000
814.332800 1186.126400 1009.971200 1978.352000 1.000000
810.364800 954.734400 1010.841600 1754.528000 1.000000
816.491200 1251.110400 1011.625600 2044.528000 1.000000
807.174400 787.643200 1011.852800 1593.281600 1.000000
798.081600 214.905600 1012.051200 1097.748800 1.000000
814.563200 1027.680000 1013.105600 1822.896000 1.000000
805.656000 578.414400 1013.384000 1406.457600 1.000000
824.388800 1234.998400 1016.868800 2026.224000 1.000000
808.310400 323.652800 1019.977600 1186.942400 1.000000
826.859200 1204.540800 1021.048000 1996.752000 1.000000
821.116800 948.841600 1021.364800 1747.552000 1.000000
813.177600 490.267200 1023.361600 1329.332800 1.000000
832.516800 1335.347200 1024.284800 2132.144000 1.000000
828.648000 999.216000 1026.190400 1795.088000 1.000000
839.601600 1486.025600 1027.110400 2297.696000 1.000000
827.838400 917.739200 1028.235200 1714.112000 1.000000
819.524800 183.212800 1029.499200 1069.321600 1.000000
832.240000 1053.908800 1030.398400 1846.688000 1.000000
823.401600 579.464000 1031.275200 1404.118400 1.000000
832.009600 944.673600 1031.681600 1741.680000 1.000000
830.539200 871.204800 1032.124800 1669.600000 1.000000
837.862400 1165.387200 1032.537600 1955.200000 1.000000
822.820800 303.918400 1032.584000 1167.707200 1.000000
823.500800 541.636800 1032.646400 1373.212800 1.000000
825.219200 387.353600 1033.568000 1239.731200 1.000000
828.841600 614.235200 1033.835200 1436.048000 1.000000
832.702400 878.961600 1034.657600 1677.712000 1.000000
825.904000 334.804800 1035.883200 1195.412800 1.000000
842.908800 1276.768000 1036.249600 2068.688000 1.000000
843.132800 1251.788800 1036.505600 2041.248000 1.000000
845.766400 1288.996800 1037.035200 2083.328000 1.000000
832.448000 595.897600 1038.348800 1419.217600 1.000000
828.238400 185.028800 1038.392000 1070.313600 1.000000
829.587200 293.403200 1038.424000 1158.995200 1.000000
831.636800 541.152000 1038.428800 1370.355200 1.000000
835.436800 725.852800 1038.857600 1534.968000 1.000000
842.472000 1081.520000 1040.246400 1872.560000 1.000000
831.531200 346.340800 1040.425600 1198.913600 1.000000
852.860800 1428.992000 1041.665600 2231.776000 1.000000
845.153600 1072.513600 1041.972800 1862.784000 1.000000
854.137600 1396.638400 1043.516800 2197.904000 1.000000
846.321600 1062.897600 1044.547200 1854.592000 1.000000
835.193600 135.616480 1044.598400 1028.504000 1.000000
840.131200 652.150400 1045.348800 1468.230400 1.000000
851.916800 1172.190400 1045.761600 1959.360000 1.000000
842.369600 589.057600 1046.948800 1412.070400 1.000000
861.288000 1455.377600 1048.934400 2264.448000 1.000000
841.656000 225.299200 1049.896000 1101.728000 1.000000
848.006400 619.494400 1051.430400 1439.761600 1.000000
856.672000 1149.624000 1051.619200 1939.232000 1.000000
847.705600 546.299200 1052.472000 1375.371200 1.000000
848.512000 642.480000 1052.593600 1458.497600 1.000000
861.393600 1291.132800 1052.795200 2086.432000 1.000000
857.225600 1006.966400 1053.550400 1800.032000 1.000000
855.275200 904.076800 1054.460800 1700.064000 1.000000
848.137600 76.059680 1055.800000 978.257600 1.000000
854.209600 642.899200 1056.243200 1458.484800 1.000000
853.902400 668.643200 1056.259200 1482.156800 1.000000
850.492800 449.132800 1056.504000 1288.136000 1.000000
857.424000 949.288000 1056.920000 1743.392000 1.000000
851.428800 241.832000 1058.596800 1115.704000 1.000000
852.830400 197.864000 1060.280000 1078.161600 1.000000
868.932800 1209.654400 1061.102400 1997.664000 1.000000
870.774400 1359.844800 1061.913600 2155.152000 1.000000
864.944000 1080.760000 1062.790400 1867.984000 1.000000
863.569600 757.753600 1064.116800 1560.750400 1.000000
881.035200 1822.032000 1064.537600 2662.480000 1.000000
861.216000 500.880000 1065.768000 1334.388800 1.000000
860.720000 40.107840 1067.203200 949.123200 1.000000
878.654400 1512.475200 1068.129600 2320.912000 1.000000
866.612800 718.816000 1068.886400 1525.904000 1.000000
868.660800 599.814400 1071.116800 1419.673600 1.000000
866.214400 248.291200 1071.156800 1116.739200 1.000000
868.790400 514.240000 1071.956800 1343.868800 1.000000
867.902400 54.654080 1072.308800 958.409600 1.000000
872.075200 768.939200 1073.662400 1569.785600 1.000000
886.148800 1471.161600 1074.004800 2276.112000 1.000000
876.137600 750.894400 1075.984000 1554.206400 1.000000
884.318400 1399.275200 1076.107200 2196.880000 1.000000
872.036800 504.740800 1076.112000 1336.960000 1.000000
873.340800 38.481440 1076.761600 945.380800 1.000000
884.942400 1132.764800 1078.134400 1919.328000 1.000000
876.643200 31.556960 1078.936000 938.158400 1.000000
876.987200 496.676800 1079.001600 1328.668800 1.000000
886.550400 1195.664000 1079.259200 1979.344000 1.000000
893.489600 1716.864000 1080.336000 2556.640000 1.000000
893.267200 1495.990400 1080.476800 2302.464000 1.000000
877.321600 420.291200 1080.587200 1261.060800 1.000000
894.025600 1572.398400 1081.019200 2387.840000 1.000000
879.969600 529.763200 1082.465600 1356.849600 1.000000
886.907200 763.537600 1086.171200 1564.432000 1.000000
883.696000 260.150400 1086.691200 1125.969600 1.000000
882.379200 444.958400 1086.779200 1282.163200 1.000000
899.969600 1438.126400 1088.558400 2238.288000 1.000000
885.513600 130.658080 1088.596800 1019.830400 1.000000
892.488000 730.646400 1089.302400 1534.384000 1.000000
894.840000 994.283200 1089.880000 1784.592000 1.000000
894.806400 967.456000 1090.656000 1756.816000 1.000000
895.019200 915.176000 1091.078400 1704.800000 1.000000
901.977600 1330.670400 1092.150400 2120.512000 1.000000
899.248000 1149.726400 1092.222400 1933.248000 1.000000
892.094400 58.369440 1093.052800 958.120000 1.000000
905.952000 1406.220800 1095.272000 2204.352000 1.000000
894.662400 434.974400 1095.665600 1271.950400 1.000000
904.387200 1172.302400 1096.358400 1955.728000 1.000000
901.376000 946.011200 1096.867200 1735.440000 1.000000
898.313600 164.516800 1100.292800 1046.043200 1.000000
904.353600 750.857600 1101.483200 1550.480000 1.000000
911.875200 1344.172800 1102.401600 2134.848000 1.000000
909.822400 1034.780800 1102.721600 1821.728000 1.000000
914.712000 1418.542400 1102.790400 2216.880000 1.000000
913.172800 1339.214400 1103.494400 2127.184000 1.000000
903.555200 171.011200 1104.422400 1052.296000 1.000000
908.523200 715.616000 1105.980800 1517.331200 1.000000
911.854400 933.940800 1106.507200 1722.128000 1.000000
911.761600 622.113600 1108.057600 1434.657600 1.000000
911.670400 641.065600 1108.321600 1450.793600 1.000000
907.763200 575.465600 1109.808000 1390.718400 1.000000
918.531200 1042.843200 1109.960000 1829.328000 1.000000
914.555200 742.985600 1110.384000 1541.748800 1.000000
917.640000 988.780800 1111.704000 1775.824000 1.000000
913.699200 313.292800 1112.961600 1168.582400 1.000000
912.371200 384.076800 1112.980800 1227.385600 1.000000
915.473600 42.976000 1113.212800 945.648000 1.000000
916.224000 254.104000 1113.260800 1122.320000 1.000000
918.158400 761.774400 1113.630400 1559.528000 1.000000
914.576000 164.390400 1114.051200 1045.585600 1.000000
915.676800 370.441600 1115.859200 1215.510400 1.000000
920.156800 662.417600 1117.496000 1468.819200 1.000000
918.977600 414.028800 1117.676800 1250.508800 1.000000
919.030400 399.660800 1117.913600 1239.604800 1.000000
922.934400 650.411200 1119.014400 1458.059200 1.000000
931.244800 1369.686400 1119.073600 2160.256000 1.000000
931.739200 1350.448000 1121.345600 2138.720000 1.000000
923.384000 447.476800 1121.470400 1280.270400 1.000000
929.443200 960.656000 1123.387200 1747.952000 1.000000
929.318400 115.458720 1125.532800 1003.977600 1.000000
935.377600 1231.329600 1126.060800 2013.584000 1.000000
935.846400 1205.928000 1126.176000 1986.304000 1.000000
932.857600 976.006400 1126.201600 1762.032000 1.000000
934.492800 936.622400 1127.182400 1721.696000 1.000000
930.380800 379.401600 1127.228800 1221.123200 1.000000
935.086400 988.942400 1128.430400 1774.240000 1.000000
939.763200 1338.640000 1128.739200 2125.968000 1.000000
943.156800 1431.124800 1130.104000 2227.648000 1.000000
937.881600 63.359520 1132.636800 960.152000 1.000000
942.667200 1153.960000 1133.012800 1933.968000 1.000000
937.843200 25.715520 1133.072000 929.416000 1.000000
940.955200 919.382400 1135.006400 1706.368000 1.000000
940.633600 152.848480 1135.019200 1036.747200 1.000000
943.366400 1098.464000 1135.320000 1880.016000 1.000000
939.792000 496.180800 1135.614400 1322.000000 1.000000
945.292800 1261.824000 1135.684800 2043.792000 1.000000
940.137600 177.422400 1136.289600 1052.236800 1.000000
940.926400 131.977440 1136.748800 1016.390400 1.000000
946.894400 1312.659200 1136.795200 2097.984000 1.000000
942.700800 332.456000 1137.377600 1182.755200 1.000000
947.620800 1230.091200 1138.033600 2011.552000 1.000000
943.369600 451.844800 1139.020800 1284.022400 1.000000
944.417600 323.336000 1139.190400 1175.001600 1.000000
950.488000 1540.073600 1139.745600 2345.520000 1.000000
946.243200 371.449600 1140.532800 1211.508800 1.000000
946.382400 645.776000 1141.054400 1451.745600 1.000000
954.449600 1483.710400 1141.944000 2283.344000 1.000000
947.516800 658.184000 1143.011200 1461.633600 1.000000
954.734400 1449.401600 1143.929600 2246.144000 1.000000
951.960000 945.286400 1144.105600 1729.936000 1.000000
951.140800 47.119360 1144.432000 945.411200 1.000000
947.398400 245.062400 1144.523200 1108.697600 1.000000
962.459200 1743.104000 1146.497600 2579.952000 1.000000
954.961600 826.833600 1148.168000 1616.768000 1.000000
953.564800 585.937600 1148.534400 1399.211200 1.000000
953.216000 553.452800 1148.720000 1369.329600 1.000000
954.180800 306.460800 1148.953600 1159.220800 1.000000
955.326400 608.544000 1149.516800 1419.276800 1.000000
955.780800 430.547200 1149.976000 1261.560000 1.000000
955.728000 388.377600 1151.057600 1226.332800 1.000000
960.209600 99.060640 1153.377600 987.088000 1.000000
966.032000 1184.000000 1154.958400 1962.880000 1.000000
963.001600 288.051200 1156.812800 1142.923200 1.000000
967.342400 1117.420800 1157.158400 1894.832000 1.000000
963.886400 484.057600 1157.672000 1308.432000 1.000000
967.747200 1154.484800 1157.976000 1932.304000 1.000000
963.833600 458.808000 1158.027200 1286.350400 1.000000
967.784000 24.368960 1159.353600 925.777600 1.000000
968.120000 149.313760 1161.059200 1026.929600 1.000000
973.835200 1250.249600 1162.155200 2030.784000 1.000000
969.417600 459.124800 1162.244800 1286.020800 1.000000
969.241600 499.620800 1162.486400 1321.414400 1.000000
969.603200 523.945600 1163.131200 1341.489600 1.000000
974.008000 60.739200 1164.550400 954.360000 1.000000
973.216000 183.704000 1164.616000 1056.646400 1.000000
972.961600 68.798880 1164.857600 961.969600 1.000000
974.121600 123.020800 1165.051200 1006.369600 1.000000
973.347200 724.598400 1165.078400 1520.646400 1.000000
980.945600 1727.568000 1165.849600 2557.296000 1.000000
975.161600 963.020800 1166.035200 1745.168000 1.000000
975.131200 235.112000 1166.747200 1100.027200 1.000000
979.040000 1389.945600 1166.838400 2175.952000 1.000000
977.950400 1357.339200 1167.563200 2141.104000 1.000000
979.446400 1127.908800 1168.534400 1905.600000 1.000000
976.662400 624.160000 1169.048000 1429.785600 1.000000
977.041600 549.072000 1169.385600 1363.950400 1.000000
980.937600 1463.278400 1169.403200 2257.856000 1.000000
980.048000 489.566400 1171.715200 1312.352000 1.000000
981.067200 425.331200 1171.873600 1254.030400 1.000000
980.464000 500.696000 1172.742400 1320.756800 1.000000
984.736000 1107.145600 1173.414400 1883.248000 1.000000
983.916800 926.548800 1173.544000 1708.032000 1.000000
984.953600 210.974400 1173.747200 1077.425600 1.000000
987.499200 1179.416000 1176.667200 1957.104000 1.000000
985.528000 337.361600 1176.808000 1180.017600 1.000000
988.742400 1066.584000 1176.996800 1843.728000 1.000000
986.825600 283.772800 1177.080000 1137.302400 1.000000
990.561600 1319.652800 1179.872000 2100.064000 1.000000
992.193600 1572.961600 1180.257600 2376.992000 1.000000
991.684800 122.071200 1181.384000 1002.412800 1.000000
990.075200 714.043200 1181.427200 1507.174400 1.000000
990.299200 409.180800 1181.699200 1239.550400 1.000000
994.056000 137.787680 1184.848000 1017.873600 1.000000
997.414400 1426.640000 1185.505600 2217.776000 1.000000
1001.139200 1741.680000 1186.256000 2572.064000 1.000000
998.977600 987.988800 1186.275200 1768.384000 1.000000
996.148800 668.772800 1186.539200 1466.729600 1.000000
997.923200 1218.494400 1186.884800 1997.296000 1.000000
996.774400 732.420800 1188.467200 1524.492800 1.000000
1000.920000 1303.390400 1189.721600 2082.192000 1.000000
1001.982400 1488.723200 1189.755200 2284.000000 1.000000
1000.616000 517.160000 1189.854400 1333.868800 1.000000
1001.553600 1704.560000 1190.545600 2525.920000 1.000000
1001.104000 455.908800 1190.756800 1279.708800 1.000000
1002.811200 414.753600 1191.838400 1243.870400 1.000000
1001.744000 915.840000 1192.072000 1697.792000 1.000000
1008.651200 60.833600 1193.632000 951.433600 1.000000
1003.369600 451.454400 1193.832000 1274.569600 1.000000
1005.099200 1084.243200 1194.380800 1859.968000 1.000000
1006.731200 610.670400 1194.560000 1414.851200 1.000000
1006.084800 1174.000000 1194.734400 1949.616000 1.000000
1008.521600 811.390400 1196.476800 1597.900800 1.000000
1008.686400 200.704000 1196.713600 1065.328000 1.000000
1008.880000 435.702400 1197.305600 1260.595200 1.000000
1009.792000 364.640000 1197.958400 1199.921600 1.000000
1009.457600 731.350400 1198.811200 1523.990400 1.000000
1011.641600 769.545600 1198.860800 1558.488000 1.000000
1010.126400 1112.070400 1200.036800 1886.048000 1.000000
1012.040000 493.092800 1200.212800 1311.715200 1.000000
1010.908800 1132.315200 1200.806400 1907.040000 1.000000
1013.886400 487.561600 1201.668800 1307.441600 1.000000
1014.171200 258.772800 1202.291200 1113.113600 1.000000
1013.774400 1186.384000 1202.572800 1961.872000 1.000000
1014.505600 425.171200 1202.732800 1251.752000 1.000000
1015.222400 410.083200 1203.377600 1238.289600 1.000000
1016.686400 990.449600 1204.336000 1768.816000 1.000000
1017.382400 1263.251200 1204.468800 2042.768000 1.000000
1017.636800 630.265600 1204.876800 1432.032000 1.000000
1016.880000 827.396800 1206.123200 1612.640000 1.000000
1020.104000 619.419200 1208.308800 1422.558400 1.000000
1025.294400 145.867360 1209.608000 1021.459200 1.000000
1023.539200 425.636800 1210.025600 1251.422400 1.000000
1023.686400 680.614400 1211.035200 1475.337600 1.000000
1022.694400 236.425600 1211.075200 1095.259200 1.000000
1024.596800 899.529600 1211.595200 1679.840000 1.000000
1024.716800 705.163200 1212.000000 1498.718400 1.000000
1025.625600 648.035200 1212.198400 1446.795200 1.000000
1025.974400 1427.980800 1212.684800 2216.288000 1.000000
1027.897600 249.713600 1213.990400 1104.478400 1.000000
1028.132800 541.673600 1214.942400 1352.736000 1.000000
1027.164800 1664.640000 1215.620800 2479.456000 1.000000
1031.468800 1009.560000 1218.563200 1786.320000 1.000000
1031.080000 309.793600 1218.729600 1152.603200 1.000000
1033.929600 617.942400 1219.569600 1420.086400 1.000000
1031.062400 1548.107200 1219.654400 2345.024000 1.000000
1033.614400 745.052800 1220.120000 1534.790400 1.000000
1033.129600 1154.856000 1220.225600 1928.992000 1.000000
1033.894400 926.628800 1220.310400 1703.104000 1.000000
1035.985600 760.484800 1223.086400 1548.571200 1.000000
1036.912000 1409.568000 1225.400000 2196.464000 1.000000
1043.611200 157.162720 1225.987200 1027.673600 1.000000
1039.800000 1055.392000 1226.955200 1829.024000 1.000000
1041.476800 634.195200 1227.131200 1433.702400 1.000000
1049.484800 80.266720 1227.160000 964.539200 1.000000
1042.228800 802.400000 1228.944000 1586.307200 1.000000
1046.401600 222.742400 1228.988800 1080.456000 1.000000
1043.899200 904.406400 1229.449600 1681.040000 1.000000
1043.160000 1440.713600 1230.366400 2228.976000 1.000000
1048.667200 153.603680 1231.502400 1025.024000 1.000000
1047.385600 444.409600 1231.619200 1266.225600 1.000000
1045.708800 952.572800 1232.240000 1729.888000 1.000000
1041.748800 1585.136000 1232.619200 2385.184000 1.000000
1051.708800 290.172800 1234.166400 1135.153600 1.000000
1051.595200 486.144000 1235.972800 1303.465600 1.000000
1051.324800 771.588800 1237.052800 1557.024000 1.000000
1052.297600 1196.883200 1237.166400 1972.128000 1.000000
1054.344000 441.872000 1238.025600 1263.032000 1.000000
1051.008000 1485.081600 1238.857600 2276.656000 1.000000
1055.800000 299.312000 1239.251200 1142.048000 1.000000
1057.579200 235.689600 1239.438400 1089.449600 1.000000
1060.372800 247.868800 1240.899200 1099.857600 1.000000
1055.003200 993.542400 1240.926400 1770.160000 1.000000
1057.462400 531.548800 1241.420800 1341.131200 1.000000
1056.526400 1331.139200 1242.588800 2106.832000 1.000000
1056.600000 965.920000 1242.937600 1742.912000 1.000000
1055.712000 1070.467200 1243.435200 1839.104000 1.000000
1057.464000 805.635200 1243.560000 1587.705600 1.000000
1059.436800 468.361600 1244.390400 1285.798400 1.000000
1064.067200 225.916800 1244.779200 1081.163200 1.000000
1059.236800 1282.091200 1245.040000 2057.408000 1.000000
1062.316800 669.601600 1247.436800 1462.835200 1.000000
1064.814400 309.284800 1248.080000 1148.771200 1.000000
1061.710400 1426.968000 1249.395200 2213.296000 1.000000
1068.696000 299.268800 1249.816000 1140.734400 1.000000
1071.899200 240.446400 1251.568000 1091.428800 1.000000
1065.913600 1352.744000 1251.953600 2129.728000 1.000000
1075.124800 80.700000 1252.308800 963.051200 1.000000
1069.886400 600.195200 1253.587200 1401.788800 1.000000
1071.612800 399.568000 1253.684800 1225.716800 1.000000
1065.904000 1729.712000 1253.884800 2548.048000 1.000000
1067.371200 1183.619200 1254.112000 1957.040000 1.000000
1069.630400 719.608000 1254.252800 1508.264000 1.000000
1075.619200 447.329600 1256.446400 1267.124800 1.000000
1069.822400 1317.952000 1257.113600 2091.568000 1.000000
1070.908800 1326.556800 1257.979200 2100.992000 1.000000
1069.484800 45.936320 1259.969600 398.214400 1.000000
1079.510400 600.860800 1260.742400 1401.203200 1.000000
1074.830400 1573.680000 1260.793600 2368.192000 1.000000
1076.076800 1151.033600 1261.299200 1922.912000 1.000000
1087.774400 650.177600 1268.713600 1444.708800 1.000000
1084.257600 1052.753600 1268.867200 1822.416000 1.000000
1084.019200 1093.982400 1269.099200 1863.120000 1.000000
1084.094400 1026.913600 1269.654400 1797.200000 1.000000
1094.622400 160.608000 1270.417600 1025.115200 1.000000
1092.339200 238.768000 1270.870400 1088.129600 1.000000
1087.432000 964.404800 1271.041600 1737.232000 1.000000
1088.921600 678.348800 1271.406400 1470.123200 1.000000
1096.795200 226.995200 1273.678400 1076.952000 1.000000
1087.768000 776.067200 1273.737600 1556.777600 1.000000
1085.779200 1345.024000 1274.603200 2120.288000 1.000000
1097.075200 421.489600 1275.360000 1242.579200 1.000000
1090.355200 1142.940800 1275.411200 1913.328000 1.000000
1088.964800 1322.944000 1276.321600 2096.096000 1.000000
1087.366400 1449.084800 1276.516800 2231.168000 1.000000
1103.998400 127.502720 1277.835200 998.713600 1.000000
1089.769600 1514.081600 1278.320000 2303.088000 1.000000
1091.321600 56.125280 1278.678400 406.171200 1.000000
1096.505600 914.283200 1280.264000 1688.560000 1.000000
1106.488000 190.428800 1280.491200 1048.174400 1.000000
1103.083200 414.832000 1281.385600 1235.822400 1.000000
1102.318400 732.760000 1283.406400 1517.132800 1.000000
1099.017600 1168.803200 1283.656000 1938.544000 1.000000
1105.148800 489.872000 1283.692800 1303.579200 1.000000
1109.748800 244.216000 1284.707200 1091.830400 1.000000
1098.724800 1493.080000 1286.396800 2280.352000 1.000000
1103.766400 981.556800 1287.939200 1751.872000 1.000000
1106.739200 775.860800 1288.246400 1557.572800 1.000000
1096.990400 1744.544000 1288.926400 2562.416000 1.000000
1103.529600 1550.598400 1292.297600 2341.104000 1.000000
1114.006400 725.619200 1293.848000 1511.852800 1.000000
1118.614400 503.779200 1296.526400 1313.046400 1.000000
1111.884800 1179.089600 1296.542400 1950.384000 1.000000
1108.836800 1567.374400 1297.081600 2359.920000 1.000000
1126.588800 143.309280 1297.091200 1008.182400 1.000000
1122.897600 305.531200 1297.824000 1142.788800 1.000000
1111.449600 1266.840000 1300.171200 2030.928000 1.000000
1121.376000 711.740800 1300.555200 1497.811200 1.000000
1112.419200 1660.016000 1300.665600 2465.056000 1.000000
1130.404800 175.158400 1300.947200 1034.276800 1.000000
1118.416000 51.560000 1302.219200 402.838400 1.000000
1111.377600 1682.800000 1302.681600 2489.392000 1.000000
1120.281600 1048.564800 1303.083200 1818.864000 1.000000
1128.395200 459.905600 1303.254400 1276.560000 1.000000
1113.070400 1579.081600 1304.340800 2372.800000 1.000000
1117.260800 1484.739200 1305.576000 2269.248000 1.000000
1119.246400 1416.564800 1306.244800 2194.912000 1.000000
1131.894400 506.769600 1306.412800 1314.966400 1.000000
1122.649600 1165.729600 1306.636800 1936.048000 1.000000
1136.480000 260.086400 1306.988800 1103.814400 1.000000
1122.536000 1202.896000 1307.179200 1970.944000 1.000000
1117.700800 1676.032000 1308.516800 2481.904000 1.000000
1135.176000 522.620800 1312.390400 1329.032000 1.000000
1125.910400 1332.707200 1312.409600 2105.376000 1.000000
1126.752000 1511.241600 1315.849600 2297.104000 1.000000
1138.216000 691.371200 1316.374400 1478.659200 1.000000
1131.707200 1179.321600 1316.571200 1947.760000 1.000000
1146.092800 351.744000 1316.588800 1180.198400 1.000000
1146.756800 208.620800 1317.611200 1060.980800 1.000000
1144.003200 410.779200 1317.844800 1230.348800 1.000000
1136.700800 1030.134400 1319.068800 1798.640000 1.000000
1142.776000 582.604800 1319.156800 1377.908800 1.000000
1148.609600 373.729600 1320.094400 1198.819200 1.000000
1142.316800 992.516800 1321.652800 1762.672000 1.000000
1148.652800 421.484800 1321.864000 1239.552000 1.000000
1145.812800 681.148800 1322.206400 1468.870400 1.000000
1142.777600 730.428800 1322.689600 1512.270400 1.000000
1159.556800 131.627200 1322.761600 1000.625600 1.000000
1149.300800 519.353600 1322.827200 1323.340800 1.000000
1141.284800 1056.288000 1323.166400 1824.320000 1.000000
1137.288000 1462.580800 1324.246400 2242.640000 1.000000
1132.627200 1678.144000 1324.328000 2485.760000 1.000000
1153.569600 394.038400 1324.833600 1213.248000 1.000000
1152.686400 402.688000 1325.144000 1223.200000 1.000000
1147.267200 968.091200 1327.225600 1737.456000 1.000000
1136.358400 1721.552000 1327.416000 2534.416000 1.000000
1154.003200 511.510400 1327.601600 1318.793600 1.000000
1135.881600 1607.648000 1328.235200 2403.472000 1.000000
1143.505600 1389.328000 1328.795200 2162.096000 1.000000
1137.414400 1703.872000 1328.931200 2513.904000 1.000000
1146.892800 1145.158400 1329.584000 1914.176000 1.000000
1149.742400 1014.008000 1331.428800 1782.496000 1.000000
1161.662400 456.372800 1332.960000 1268.518400 1.000000
1167.096000 152.294080 1333.014400 1014.846400 1.000000
1164.638400 385.100800 1334.171200 1206.702400 1.000000
1162.518400 543.833600 1336.537600 1342.664000 1.000000
1156.528000 1034.523200 1337.630400 1799.904000 1.000000
1160.636800 843.913600 1338.454400 1617.104000 1.000000
1169.100800 336.326400 1338.624000 1165.644800 1.000000
1158.782400 1048.627200 1339.358400 1817.488000 1.000000
1160.172800 989.705600 1339.504000 1759.264000 1.000000
1174.728000 491.640000 1345.504000 1299.590400 1.000000
1179.307200 273.761600 1345.510400 1113.281600 1.000000
1155.003200 1760.112000 1345.524800 2582.544000 1.000000
1166.086400 998.099200 1345.582400 1765.696000 1.000000
1171.288000 1957.984000 1347.331200 2810.064000 1.000000
1189.262400 67.879520 1348.598400 946.497600 1.000000
1177.313600 685.656000 1351.073600 1472.243200 1.000000
1183.419200 459.275200 1352.428800 1270.936000 1.000000
1178.108800 716.344000 1352.761600 1499.025600 1.000000
1184.123200 469.638400 1353.393600 1280.390400 1.000000
1177.539200 981.110400 1355.507200 1753.072000 1.000000
1184.809600 563.347200 1356.036800 1362.513600 1.000000
1180.500800 698.846400 1356.579200 1482.260800 1.000000
1190.036800 431.264000 1358.387200 1246.600000 1.000000
1183.596800 672.444800 1358.465600 1462.499200 1.000000
1199.726400 23.833120 1358.579200 908.731200 1.000000
1199.649600 104.329600 1359.024000 974.120000 1.000000
1199.060800 163.035200 1361.947200 1022.187200 1.000000
1171.131200 1813.392000 1364.513600 2632.528000 1.000000
1200.004800 313.793600 1364.800000 1145.830400 1.000000
1193.508800 681.990400 1366.062400 1470.000000 1.000000
1194.089600 660.408000 1366.161600 1450.184000 1.000000
1195.553600 544.753600 1366.404800 1345.360000 1.000000
1198.606400 572.441600 1367.976000 1369.908800 1.000000
1198.644800 602.510400 1369.236800 1396.425600 1.000000
1215.726400 254.699200 1378.300800 1098.649600 1.000000
1225.918400 1953.904000 1400.476800 2804.192000 1.000000
1249.670400 163.500800 1403.873600 1028.360000 1.000000
1254.540800 191.598400 1409.576000 1050.654400 1.000000
1264.438400 129.664800 1415.755200 1001.185600 1.000000
1427.200000 1271.420800 1605.936000 2014.576000 1.000000
1591.619200 1803.040000 1827.968000 2594.064000 1.000000
2001.024000 1877.312000 2196.320000 1795.472000 1.000000
2007.168000 1880.512000 2202.736000 1798.432000 1.000000
2020.912000 1948.224000 2225.680000 1870.064000 1.000000
1981.072000 1528.475200 2244.256000 1338.358400 1.000000
2030.528000 2222.464000 2280.080000 2254.592000 1.000000
2087.936000 2262.432000 2346.128000 2277.792000 1.000000
2221.424000 1761.680000 2393.632000 1561.241600 1.000000
2345.904000 883.849600 2407.296000 958.401600 1.000000
2404.400000 677.160000 2420.160000 802.531200 1.000000
2154.656000 2323.328000 2422.272000 2301.520000 1.000000
2333.440000 1169.000000 2426.064000 1103.625600 1.000000
2262.976000 1786.336000 2436.496000 1571.531200 1.000000
2327.696000 1350.382400 2439.808000 1220.433600 1.000000
2385.680000 1147.876800 2470.336000 1061.033600 1.000000
2369.840000 1317.849600 2478.352000 1187.505600 1.000000
2402.400000 1111.038400 2480.384000 1025.352000 1.000000
2411.216000 1179.259200 2499.152000 1082.094400 1.000000
2236.304000 2302.368000 2504.048000 2246.144000 1.000000
2440.064000 1173.166400 2524.496000 1069.804800 1.000000
2445.648000 1149.846400 2525.952000 1049.180800 1.000000
2382.272000 1262.403200 2545.408000 1126.201600 1.000000
2363.456000 1862.032000 2547.472000 1624.448000 1.000000
2298.832000 2284.144000 2564.656000 2199.984000 1.000000
2506.640000 1136.377600 2581.200000 1026.249600 1.000000
2510.048000 1205.892800 2593.504000 1075.520000 1.000000
2348.992000 2171.120000 2595.760000 2033.632000 1.000000
2508.304000 1258.939200 2600.352000 1114.004800 1.000000
2420.512000 1835.488000 2600.400000 1590.691200 1.000000
2374.928000 2071.648000 2607.712000 2147.360000 1.000000
2439.968000 1786.064000 2611.936000 1545.289600 1.000000
2322.496000 2396.304000 2613.584000 2329.984000 1.000000
2615.024000 545.040000 2614.608000 554.798400 1.000000
2512.608000 1345.988800 2616.416000 1171.041600 1.000000
2522.304000 1328.078400 2620.704000 1158.827200 1.000000
2377.792000 2172.352000 2626.960000 2022.272000 1.000000
2514.912000 1445.963200 2628.544000 1318.097600 1.000000
2444.784000 1847.088000 2629.360000 1587.422400 1.000000
2341.776000 2382.304000 2630.848000 2302.832000 1.000000
2354.704000 2323.040000 2631.536000 2227.216000 1.000000
2357.936000 2305.808000 2632.720000 2201.840000 1.000000
2341.200000 2416.992000 2638.400000 2345.088000 1.000000
2346.240000 2432.768000 2645.040000 2362.144000 1.000000
2375.888000 2301.088000 2648.832000 2183.808000 1.000000
2358.544000 2389.568000 2649.440000 2302.816000 1.000000
2370.256000 2396.352000 2663.344000 2305.376000 1.000000
2487.840000 1844.592000 2670.256000 1578.635200 1.000000
2424.480000 2171.616000 2670.768000 2001.792000 1.000000
2376.992000 2405.888000 2670.896000 2314.032000 1.000000
2617.232000 1229.260800 2697.184000 1055.131200 1.000000
2627.056000 1184.600000 2698.112000 1015.052800 1.000000
2598.112000 1381.643200 2703.136000 1176.923200 1.000000
2633.792000 1192.358400 2705.776000 1019.995200 1.000000
2642.592000 1143.878400 2706.512000 978.291200 1.000000
2691.568000 1371.214400 2788.288000 1118.259200 1.000000
