3.422656 369.604800 2.872752 2597.664000 1.000000
4.694000 393.025600 4.223488 2621.680000 1.000000
4.117264 581.363200 4.807392 2812.336000 1.000000
92.697920 614.838400 26.441600 2821.888000 1.000000
80.938240 489.345600 121.231040 2698.480000 1.000000
120.408640 525.040000 156.573760 2727.104000 1.000000
127.998720 612.452800 158.005120 2822.832000 1.000000
126.301920 543.054400 159.510560 2745.072000 1.000000
189.361600 527.464000 218.313600 2727.968000 1.000000
440.195200 900.134400 565.670400 2560.912000 1.000000
503.702400 980.281600 630.593600 2596.128000 1.000000
542.700800 1269.249600 650.832000 2898.512000 1.000000
546.356800 1213.256000 657.009600 2831.664000 1.000000
511.806400 513.729600 674.267200 2138.992000 1.000000
529.940800 563.598400 687.083200 2178.336000 1.000000
552.134400 830.972800 689.603200 2426.592000 1.000000
553.952000 856.974400 690.332800 2451.232000 1.000000
581.150400 1052.348800 700.192000 2650.928000 1.000000
598.752000 1271.284800 704.568000 2891.568000 1.000000
602.051200 1294.080000 707.489600 2916.336000 1.000000
569.555200 843.291200 707.526400 2432.416000 1.000000
566.401600 499.670400 726.148800 2112.560000 1.000000
558.857600 313.259200 727.336000 1955.456000 1.000000
601.920000 978.713600 728.699200 2563.376000 1.000000
566.736000 349.432000 734.668800 1982.144000 1.000000
618.092800 1055.848000 738.123200 2644.672000 1.000000
611.944000 989.340800 738.412800 2573.680000 1.000000
629.406400 1119.016000 747.206400 2705.744000 1.000000
615.280000 828.611200 749.889600 2406.368000 1.000000
572.521600 108.869920 751.280000 1792.256000 1.000000
590.665600 444.220800 752.921600 2055.376000 1.000000
592.627200 405.668800 755.860800 2020.656000 1.000000
630.723200 988.896000 756.078400 2567.728000 1.000000
593.267200 268.262400 762.060800 1913.552000 1.000000
615.432000 582.627200 767.233600 2173.024000 1.000000
610.080000 448.859200 772.347200 2054.816000 1.000000
609.352000 366.531200 772.462400 1986.432000 1.000000
637.216000 806.768000 774.232000 2379.552000 1.000000
655.284800 903.710400 785.740800 2469.584000 1.000000
626.422400 369.817600 786.356800 1985.616000 1.000000
672.697600 1160.656000 789.035200 2739.136000 1.000000
640.846400 626.328000 789.126400 2204.384000 1.000000
619.048000 206.628800 789.694400 1856.784000 1.000000
667.702400 1000.937600 791.201600 2572.288000 1.000000
641.534400 464.737600 797.732800 2061.584000 1.000000
686.104000 1109.113600 803.955200 2682.384000 1.000000
677.094400 989.644800 805.988800 2554.432000 1.000000
655.649600 507.465600 806.798400 2099.504000 1.000000
693.449600 1158.468800 809.292800 2732.128000 1.000000
681.483200 885.192000 811.387200 2445.712000 1.000000
697.638400 1197.472000 812.636800 2773.184000 1.000000
703.846400 1100.715200 821.732800 2666.880000 1.000000
667.353600 262.699200 827.475200 1893.600000 1.000000
726.379200 1302.155200 835.676800 2890.480000 1.000000
727.838400 1258.324800 839.576000 2838.240000 1.000000
675.768000 98.852640 839.801600 1762.592000 1.000000
675.433600 48.806880 841.166400 1724.368000 1.000000
727.480000 1133.456000 842.366400 2700.240000 1.000000
682.790400 165.305600 843.841600 1808.064000 1.000000
688.076800 240.544000 843.843200 1869.616000 1.000000
717.716800 842.670400 844.060800 2402.288000 1.000000
706.052800 607.675200 848.828800 2174.768000 1.000000
729.632000 1010.320000 851.222400 2568.304000 1.000000
693.844800 87.036160 857.753600 1748.544000 1.000000
718.464000 651.825600 859.291200 2211.968000 1.000000
726.494400 802.390400 859.878400 2354.448000 1.000000
741.564800 1065.683200 861.432000 2620.752000 1.000000
749.697600 1267.160000 862.035200 2844.160000 1.000000
713.148800 104.293760 872.699200 1759.232000 1.000000
752.656000 891.462400 879.164800 2434.592000 1.000000
747.092800 658.868800 885.356800 2213.248000 1.000000
753.640000 735.360000 887.620800 2281.392000 1.000000
755.568000 707.736000 890.422400 2255.440000 1.000000
770.248000 969.252800 892.915200 2516.880000 1.000000
759.619200 525.441600 900.569600 2095.680000 1.000000
749.796800 91.281440 903.808000 1742.496000 1.000000
769.355200 620.512000 904.982400 2176.320000 1.000000
770.481600 678.323200 905.640000 2225.744000 1.000000
777.961600 866.172800 905.945600 2403.088000 1.000000
756.472000 68.191360 910.297600 1723.376000 1.000000
774.956800 540.209600 914.862400 2101.824000 1.000000
769.924800 490.182400 915.185600 2059.728000 1.000000
793.929600 947.953600 917.118400 2491.072000 1.000000
799.481600 1067.416000 919.390400 2608.960000 1.000000
783.286400 614.819200 919.956800 2165.504000 1.000000
771.113600 81.996000 922.404800 1730.864000 1.000000
784.868800 542.244800 923.108800 2101.920000 1.000000
775.166400 262.198400 923.217600 1872.176000 1.000000
779.646400 121.620320 929.161600 1758.544000 1.000000
781.041600 98.091680 931.326400 1740.896000 1.000000
795.340800 546.907200 933.088000 2103.792000 1.000000
785.240000 188.857600 933.153600 1811.392000 1.000000
820.963200 1029.553600 940.092800 2566.624000 1.000000
797.664000 289.958400 940.736000 1889.520000 1.000000
798.081600 214.905600 941.971200 1828.624000 1.000000
795.206400 128.001760 942.536000 1761.808000 1.000000
805.656000 578.414400 943.822400 2130.016000 1.000000
818.646400 818.204800 945.350400 2345.664000 1.000000
807.768000 444.009600 947.329600 2010.416000 1.000000
807.846400 159.843520 951.944000 1784.848000 1.000000
817.203200 548.339200 952.707200 2100.512000 1.000000
819.267200 418.256000 956.572800 1988.512000 1.000000
823.500800 541.636800 957.913600 2093.904000 1.000000
823.968000 490.132800 959.364800 2051.376000 1.000000
821.132800 430.132800 959.628800 1997.456000 1.000000
828.841600 614.235200 960.105600 2157.264000 1.000000
822.820800 303.918400 963.313600 1895.456000 1.000000
820.665600 88.840800 964.062400 1727.632000 1.000000
846.321600 1062.897600 965.982400 2596.896000 1.000000
850.660800 1217.832000 966.977600 2763.552000 1.000000
825.947200 109.244480 969.070400 1742.144000 1.000000
831.177600 339.731200 970.523200 1921.648000 1.000000
842.369600 589.057600 973.704000 2131.536000 1.000000
857.225600 1006.966400 975.347200 2534.912000 1.000000
842.787200 458.572800 976.612800 2017.232000 1.000000
846.884800 425.411200 981.436800 1989.056000 1.000000
858.182400 340.516800 990.326400 1920.240000 1.000000
855.897600 458.931200 992.584000 2013.808000 1.000000
862.912000 294.977600 997.073600 1883.056000 1.000000
865.067200 452.995200 998.536000 2009.088000 1.000000
868.660800 599.814400 999.187200 2137.440000 1.000000
864.777600 329.324800 999.364800 1909.504000 1.000000
865.656000 132.938400 1001.848000 1756.208000 1.000000
886.550400 1195.664000 1002.531200 2728.960000 1.000000
874.635200 482.289600 1003.249600 2035.024000 1.000000
887.440000 1193.651200 1004.484800 2730.160000 1.000000
873.340800 38.481440 1008.321600 1681.248000 1.000000
877.011200 365.940800 1009.777600 1936.704000 1.000000
878.572800 573.190400 1010.110400 2111.840000 1.000000
879.859200 330.646400 1012.328000 1908.688000 1.000000
892.488000 730.646400 1012.371200 2253.936000 1.000000
899.248000 1149.726400 1015.643200 2679.456000 1.000000
885.513600 130.658080 1018.612800 1750.064000 1.000000
893.939200 363.084800 1024.851200 1931.904000 1.000000
909.822400 1034.780800 1025.985600 2557.200000 1.000000
898.400000 297.345600 1028.419200 1878.608000 1.000000
911.854400 933.940800 1030.612800 2449.760000 1.000000
903.131200 145.415680 1031.804800 1759.088000 1.000000
915.180800 1009.153600 1031.912000 2532.160000 1.000000
908.523200 715.616000 1032.305600 2232.096000 1.000000
903.555200 171.011200 1032.604800 1778.944000 1.000000
907.787200 282.569600 1035.124800 1865.632000 1.000000
917.640000 988.780800 1035.686400 2510.288000 1.000000
910.323200 364.097600 1037.640000 1929.120000 1.000000
918.158400 761.774400 1039.265600 2275.792000 1.000000
913.699200 313.292800 1039.272000 1888.800000 1.000000
907.763200 575.465600 1039.811200 2102.624000 1.000000
917.248000 58.044160 1040.020800 1690.688000 1.000000
912.371200 384.076800 1040.177600 1944.848000 1.000000
912.673600 70.854880 1040.531200 1699.840000 1.000000
914.576000 164.390400 1041.916800 1772.416000 1.000000
922.934400 650.411200 1045.001600 2171.824000 1.000000
929.443200 960.656000 1046.952000 2475.232000 1.000000
931.504000 1215.643200 1047.483200 2747.968000 1.000000
927.769600 658.833600 1049.041600 2177.952000 1.000000
927.128000 552.432000 1049.760000 2084.976000 1.000000
935.846400 1205.928000 1051.073600 2733.520000 1.000000
936.043200 273.492800 1059.881600 1854.176000 1.000000
937.881600 63.359520 1060.561600 1691.280000 1.000000
943.366400 1098.464000 1060.958400 2619.456000 1.000000
937.708800 390.132800 1062.204800 1943.520000 1.000000
947.620800 1230.091200 1063.177600 2762.800000 1.000000
943.369600 451.844800 1065.926400 1995.536000 1.000000
942.572800 470.654400 1066.342400 2012.272000 1.000000
947.548800 288.457600 1067.940800 1865.184000 1.000000
948.684800 622.577600 1068.196800 2144.064000 1.000000
947.516800 658.184000 1068.451200 2172.736000 1.000000
949.974400 16.492960 1070.283200 1654.384000 1.000000
953.051200 161.529600 1074.507200 1764.240000 1.000000
954.180800 306.460800 1074.860800 1876.800000 1.000000
954.401600 105.100640 1075.273600 1718.272000 1.000000
953.216000 553.452800 1076.056000 2079.968000 1.000000
959.684800 980.080000 1076.076800 2489.904000 1.000000
959.000000 540.070400 1076.465600 2069.440000 1.000000
955.728000 388.377600 1077.561600 1939.520000 1.000000
959.985600 220.452800 1078.806400 1809.024000 1.000000
960.209600 99.060640 1079.872000 1712.848000 1.000000
965.435200 1130.673600 1080.776000 2647.280000 1.000000
966.032000 1184.000000 1081.321600 2707.808000 1.000000
964.523200 109.590080 1083.099200 1722.416000 1.000000
967.747200 1154.484800 1083.270400 2673.632000 1.000000
963.708800 417.369600 1084.270400 1960.656000 1.000000
963.833600 458.808000 1084.660800 1997.408000 1.000000
965.846400 239.552000 1085.118400 1823.248000 1.000000
970.579200 10.054864 1087.150400 1647.376000 1.000000
969.241600 499.620800 1088.129600 2032.048000 1.000000
972.046400 53.019200 1089.196800 1677.664000 1.000000
973.393600 208.473600 1090.004800 1797.312000 1.000000
972.176000 410.556800 1090.955200 1954.032000 1.000000
975.131200 235.112000 1091.142400 1824.208000 1.000000
973.123200 300.336000 1091.187200 1868.608000 1.000000
974.121600 123.020800 1091.876800 1731.792000 1.000000
976.662400 624.160000 1093.716800 2140.640000 1.000000
979.446400 1127.908800 1093.734400 2643.136000 1.000000
977.699200 1215.758400 1095.875200 2740.784000 1.000000
978.465600 468.529600 1096.067200 2003.792000 1.000000
985.528000 337.361600 1102.675200 1892.528000 1.000000
987.499200 1179.416000 1103.081600 2698.800000 1.000000
997.923200 1218.494400 1112.571200 2746.000000 1.000000
1000.616000 517.160000 1114.267200 2043.008000 1.000000
996.457600 396.446400 1114.630400 1936.304000 1.000000
1008.651200 60.833600 1118.832000 1678.912000 1.000000
1006.731200 610.670400 1118.899200 2123.984000 1.000000
1008.515200 155.687040 1120.072000 1750.640000 1.000000
1008.686400 200.704000 1120.080000 1784.848000 1.000000
1006.084800 1174.000000 1122.630400 2690.960000 1.000000
1009.792000 364.640000 1122.768000 1909.552000 1.000000
1014.598400 63.920960 1122.990400 1680.064000 1.000000
1009.457600 731.350400 1123.676800 2232.336000 1.000000
1010.126400 1112.070400 1125.953600 2619.920000 1.000000
1014.171200 258.772800 1126.102400 1829.376000 1.000000
1010.908800 1132.315200 1126.422400 2643.360000 1.000000
1016.880000 827.396800 1129.977600 2323.520000 1.000000
1022.283200 26.133120 1130.115200 1654.928000 1.000000
1022.998400 1023.660800 1132.561600 2526.848000 1.000000
1025.294400 145.867360 1133.268800 1742.400000 1.000000
1017.382400 1263.251200 1134.960000 2792.704000 1.000000
1023.686400 680.614400 1136.016000 2181.616000 1.000000
1025.625600 648.035200 1136.915200 2153.072000 1.000000
1031.433600 229.819200 1139.316800 1803.712000 1.000000
1028.132800 541.673600 1140.248000 2059.424000 1.000000
1031.080000 309.793600 1141.496000 1864.464000 1.000000
1039.222400 110.641440 1142.883200 1710.800000 1.000000
1032.996800 520.201600 1143.744000 2039.264000 1.000000
1035.033600 367.531200 1145.278400 1907.888000 1.000000
1037.566400 261.489600 1145.921600 1826.960000 1.000000
1033.129600 1154.856000 1147.115200 2666.176000 1.000000
1038.820800 594.012800 1149.043200 2105.312000 1.000000
1041.476800 634.195200 1152.032000 2137.456000 1.000000
1039.800000 1055.392000 1153.238400 2554.816000 1.000000
1044.214400 675.220800 1153.673600 2172.336000 1.000000
1036.267200 1262.265600 1153.692800 2788.352000 1.000000
1042.830400 868.180800 1154.256000 2362.144000 1.000000
1045.708800 952.572800 1159.113600 2451.952000 1.000000
1052.520000 309.918400 1159.502400 1860.640000 1.000000
1052.163200 325.873600 1159.560000 1872.800000 1.000000
1051.595200 486.144000 1160.352000 2009.728000 1.000000
1054.344000 441.872000 1162.036800 1968.656000 1.000000
1052.297600 1196.883200 1167.267200 2712.624000 1.000000
1064.067200 225.916800 1167.739200 1794.656000 1.000000
1059.436800 468.361600 1167.947200 1989.424000 1.000000
1065.148800 323.192000 1171.049600 1869.024000 1.000000
1062.316800 669.601600 1171.214400 2168.448000 1.000000
1067.832000 392.604800 1173.403200 1924.576000 1.000000
1056.526400 1331.139200 1174.003200 2864.096000 1.000000
1075.081600 353.064000 1177.768000 1891.888000 1.000000
1069.886400 600.195200 1178.660800 2104.304000 1.000000
1068.225600 1128.459200 1180.305600 2630.736000 1.000000
1079.510400 600.860800 1185.318400 2103.632000 1.000000
1076.076800 1151.033600 1190.145600 2656.672000 1.000000
1087.774400 650.177600 1192.025600 2148.064000 1.000000
1073.131200 1380.387200 1192.254400 2925.520000 1.000000
1088.921600 678.348800 1194.392000 2174.704000 1.000000
1082.787200 1042.419200 1195.432000 2534.816000 1.000000
1084.094400 1026.913600 1195.561600 2519.472000 1.000000
1084.019200 1093.982400 1196.596800 2592.112000 1.000000
1085.644800 970.524800 1196.867200 2461.552000 1.000000
1095.628800 437.736000 1197.729600 1958.560000 1.000000
1108.148800 116.179840 1201.737600 1709.856000 1.000000
1104.560000 423.443200 1203.016000 1947.520000 1.000000
1103.083200 414.832000 1203.550400 1939.632000 1.000000
1112.100800 292.404800 1205.577600 1839.824000 1.000000
1096.028800 891.961600 1205.718400 2377.680000 1.000000
1093.721600 1050.523200 1206.435200 2542.080000 1.000000
1085.779200 1345.024000 1206.475200 2875.280000 1.000000
1110.950400 222.211200 1206.716800 1783.712000 1.000000
1102.318400 732.760000 1206.899200 2221.424000 1.000000
1109.748800 244.216000 1207.388800 1800.480000 1.000000
1111.156800 405.507200 1209.388800 1930.976000 1.000000
1107.790400 588.510400 1209.944000 2087.696000 1.000000
1124.139200 40.050560 1210.043200 1651.232000 1.000000
1121.456000 85.641600 1211.259200 1683.536000 1.000000
1109.652800 541.768000 1213.267200 2050.624000 1.000000
1103.766400 981.556800 1213.944000 2469.232000 1.000000
1100.156800 1214.712000 1215.729600 2724.064000 1.000000
1121.803200 283.211200 1216.969600 1829.952000 1.000000
1122.897600 305.531200 1217.368000 1848.720000 1.000000
1118.614400 503.779200 1217.403200 2015.936000 1.000000
1108.121600 961.536000 1217.416000 2449.184000 1.000000
1114.872000 694.294400 1218.011200 2184.784000 1.000000
1130.404800 175.158400 1222.499200 1745.872000 1.000000
1128.395200 459.905600 1223.083200 1977.520000 1.000000
1116.625600 882.563200 1223.265600 2365.200000 1.000000
1126.619200 542.388800 1225.580800 2047.088000 1.000000
1136.480000 260.086400 1227.083200 1812.432000 1.000000
1110.652800 1303.160000 1229.027200 2825.200000 1.000000
1111.449600 1266.840000 1229.198400 2779.280000 1.000000
1120.281600 1048.564800 1230.553600 2540.112000 1.000000
1132.940800 574.048000 1232.073600 2073.280000 1.000000
1137.304000 496.244800 1233.532800 2008.848000 1.000000
1146.756800 208.620800 1234.636800 1772.896000 1.000000
1114.425600 1390.728000 1237.595200 2930.272000 1.000000
1122.536000 1202.896000 1237.616000 2708.112000 1.000000
1142.849600 468.670400 1238.726400 1983.024000 1.000000
1138.216000 691.371200 1238.860800 2180.640000 1.000000
1135.235200 835.278400 1239.768000 2317.008000 1.000000
1142.776000 582.604800 1241.120000 2079.360000 1.000000
1155.296000 159.451360 1241.172800 1733.360000 1.000000
1140.499200 705.680000 1242.262400 2194.992000 1.000000
1159.556800 131.627200 1242.712000 1714.064000 1.000000
1145.537600 653.227200 1244.166400 2146.800000 1.000000
1142.777600 730.428800 1245.577600 2215.056000 1.000000
1136.700800 1030.134400 1246.246400 2517.136000 1.000000
1165.851200 93.840960 1246.952000 1682.672000 1.000000
1154.003200 511.510400 1248.033600 2017.248000 1.000000
1167.096000 152.294080 1249.681600 1727.776000 1.000000
1146.403200 910.902400 1250.211200 2392.864000 1.000000
1142.316800 992.516800 1250.384000 2476.768000 1.000000
1136.803200 1133.004800 1250.483200 2630.064000 1.000000
1141.284800 1056.288000 1251.696000 2547.904000 1.000000
1147.267200 968.091200 1253.555200 2451.136000 1.000000
1146.030400 1081.387200 1256.043200 2575.376000 1.000000
1156.707200 744.395200 1256.144000 2227.024000 1.000000
1169.100800 336.326400 1257.228800 1868.656000 1.000000
1149.742400 1014.008000 1259.339200 2500.512000 1.000000
1170.083200 445.152000 1259.880000 1959.648000 1.000000
1170.006400 416.736000 1260.371200 1934.992000 1.000000
1182.283200 80.820640 1260.400000 1670.672000 1.000000
1166.929600 626.790400 1262.062400 2123.168000 1.000000
1160.636800 843.913600 1262.990400 2323.360000 1.000000
1162.812800 793.419200 1263.241600 2273.248000 1.000000
1158.782400 1048.627200 1267.657600 2538.800000 1.000000
1182.334400 436.547200 1270.608000 1950.336000 1.000000
1169.587200 867.753600 1270.988800 2346.800000 1.000000
1183.419200 459.275200 1271.116800 1972.032000 1.000000
1199.649600 104.329600 1273.926400 1690.576000 1.000000
1184.809600 563.347200 1277.043200 2063.328000 1.000000
1192.347200 360.654400 1277.168000 1886.784000 1.000000
1180.500800 698.846400 1277.318400 2183.440000 1.000000
1199.060800 163.035200 1277.676800 1732.928000 1.000000
1183.596800 672.444800 1278.801600 2159.840000 1.000000
1200.649600 291.584000 1281.468800 1832.336000 1.000000
1184.968000 778.649600 1283.523200 2258.384000 1.000000
1206.428800 207.588800 1283.571200 1765.728000 1.000000
1194.827200 557.747200 1284.262400 2057.296000 1.000000
1202.291200 365.128000 1285.384000 1892.544000 1.000000
1199.550400 446.720000 1287.299200 1955.120000 1.000000
1198.606400 572.441600 1287.809600 2070.608000 1.000000
1209.238400 304.824000 1288.692800 1843.152000 1.000000
1212.323200 295.315200 1292.316800 1834.208000 1.000000
1212.870400 368.918400 1294.187200 1893.904000 1.000000
1229.390400 111.016960 1297.928000 1695.568000 1.000000
1260.448000 70.386400 1320.355200 1676.560000 1.000000
1427.200000 1271.420800 1549.596800 2732.016000 1.000000
2195.088000 1775.392000 2321.648000 1526.550400 1.000000
2241.824000 1779.984000 2354.512000 1508.748800 1.000000
2167.232000 2024.976000 2361.360000 1782.304000 1.000000
2465.136000 1695.552000 2506.480000 1514.379200 1.000000
2452.496000 1878.384000 2542.848000 1501.724800 1.000000
2861.408000 2480.576000 2929.344000 913.331200 1.000000
