383.177600 2878.224000 415.470400 1402.606400 1.000000
562.465600 1460.838400 448.140800 81.637440 1.000000
562.249600 1486.676800 449.704000 108.385760 1.000000
569.883200 1436.470400 455.059200 54.090080 1.000000
566.673600 1567.763200 463.806400 197.147200 1.000000
574.001600 1585.196800 471.260800 215.436800 1.000000
586.304000 1454.284800 473.628800 77.487040 1.000000
459.284800 2885.408000 488.467200 1391.244800 1.000000
591.872000 1573.148800 491.550400 207.880000 1.000000
466.406400 2858.944000 495.534400 1366.600000 1.000000
610.764800 1493.276800 503.816000 124.806720 1.000000
622.118400 1467.512000 512.136000 97.467360 1.000000
655.104000 1574.980800 559.099200 221.899200 1.000000
673.769600 1438.184000 567.905600 72.496160 1.000000
679.348800 1518.692800 580.115200 161.424000 1.000000
687.576000 1445.904000 581.817600 83.957600 1.000000
699.888000 1562.260800 604.384000 213.049600 1.000000
703.496000 1581.836800 612.115200 234.913600 1.000000
726.849600 1436.620800 625.780800 75.334720 1.000000
738.891200 1412.334400 637.099200 52.584640 1.000000
760.646400 1430.704000 663.547200 74.799520 1.000000
752.840000 1585.561600 665.550400 246.729600 1.000000
771.875200 1377.200000 671.062400 19.486240 1.000000
762.067200 1531.404800 671.902400 188.195200 1.000000
773.952000 1385.977600 676.537600 27.992640 1.000000
771.585600 1495.824000 678.972800 151.740160 1.000000
781.035200 1468.852800 688.182400 122.940320 1.000000
780.297600 1554.641600 691.451200 217.755200 1.000000
788.595200 1504.334400 698.593600 162.084800 1.000000
796.256000 1383.432000 699.212800 28.416480 1.000000
790.128000 1573.659200 705.576000 239.368000 1.000000
799.244800 1511.124800 707.534400 170.430400 1.000000
832.988800 1697.600000 759.214400 378.446400 1.000000
854.137600 1396.638400 764.424000 48.150720 1.000000
856.348800 1499.252800 771.604800 168.691200 1.000000
861.288000 1455.377600 774.326400 115.441120 1.000000
856.016000 1607.312000 778.304000 286.286400 1.000000
875.288000 1485.587200 791.779200 155.226720 1.000000
875.427200 1616.272000 800.328000 298.715200 1.000000
886.148800 1471.161600 802.928000 138.354080 1.000000
883.892800 1587.155200 805.611200 267.878400 1.000000
895.406400 1446.486400 811.928000 111.953440 1.000000
892.123200 1545.560000 812.150400 227.251200 1.000000
893.489600 1716.864000 825.068800 405.510400 1.000000
909.356800 1518.891200 830.731200 197.417600 1.000000
914.712000 1418.542400 832.172800 82.522240 1.000000
914.761600 1498.193600 835.484800 172.728000 1.000000
920.966400 1514.526400 843.790400 194.142400 1.000000
931.244800 1369.686400 847.982400 30.134720 1.000000
942.832000 1395.185600 861.628800 58.958720 1.000000
943.156800 1431.124800 863.484800 99.159520 1.000000
951.320000 1621.520000 881.171200 316.076800 1.000000
950.488000 1540.073600 884.200000 229.552000 1.000000
954.862400 1590.852800 884.598400 285.697600 1.000000
955.624000 1710.288000 890.598400 413.153600 1.000000
954.449600 1483.710400 892.276800 170.758400 1.000000
962.459200 1743.104000 900.004800 446.067200 1.000000
977.950400 1357.339200 900.804800 22.082080 1.000000
971.844800 1620.752000 901.747200 317.168000 1.000000
992.193600 1572.961600 925.014400 269.622400 1.000000
997.414400 1426.640000 927.827200 102.136000 1.000000
1001.982400 1488.723200 928.059200 172.897600 1.000000
1022.312000 1406.472000 951.089600 82.265440 1.000000
1017.974400 1722.208000 956.830400 436.297600 1.000000
1029.555200 1381.574400 958.684800 56.243040 1.000000
1050.960000 1509.014400 987.619200 206.000000 1.000000
1048.588800 1756.384000 992.468800 475.004800 1.000000
1061.710400 1426.968000 996.275200 111.768160 1.000000
1069.296000 1373.934400 1003.966400 53.278560 1.000000
1065.904000 1729.712000 1010.428800 446.953600 1.000000
1078.499200 1578.979200 1017.892800 287.465600 1.000000
1087.366400 1449.084800 1025.304000 138.978080 1.000000
1090.681600 1396.014400 1027.182400 77.084480 1.000000
1089.769600 1514.081600 1030.032000 216.678400 1.000000
1094.321600 1529.569600 1035.660800 233.774400 1.000000
1096.990400 1744.544000 1044.267200 469.880000 1.000000
1103.529600 1550.598400 1045.204800 260.384000 1.000000
1104.388800 1615.008000 1048.401600 332.156800 1.000000
1101.470400 1777.280000 1049.289600 505.851200 1.000000
1119.246400 1416.564800 1057.756800 106.701280 1.000000
1111.377600 1682.800000 1059.214400 405.158400 1.000000
1112.419200 1660.016000 1060.195200 381.251200 1.000000
1123.297600 1382.528000 1065.990400 69.062080 1.000000
1122.926400 1615.264000 1067.244800 333.292800 1.000000
1124.848000 1395.942400 1067.540800 84.633440 1.000000
1126.091200 1365.598400 1069.696000 46.437120 1.000000
1126.752000 1511.241600 1072.131200 216.547200 1.000000
1137.288000 1462.580800 1080.542400 157.336960 1.000000
1132.627200 1678.144000 1081.036800 403.724800 1.000000
1132.185600 1693.680000 1082.556800 420.753600 1.000000
1155.003200 1760.112000 1113.572800 486.569600 1.000000
1171.288000 1957.984000 1173.452800 701.569600 1.000000
1181.027200 2005.728000 1180.732800 773.785600 1.000000
1238.113600 2793.472000 1219.652800 1388.417600 1.000000
1225.918400 1953.904000 1235.476800 706.073600 1.000000
1319.444800 2804.448000 1295.569600 1407.854400 1.000000
1461.000000 2804.016000 1407.995200 1423.776000 1.000000
1843.504000 1801.136000 1817.488000 601.707200 1.000000
1874.208000 2146.736000 1828.416000 967.388800 1.000000
1850.368000 1936.416000 1829.568000 761.273600 1.000000
1856.576000 1950.336000 1835.104000 772.785600 1.000000
1859.072000 1964.896000 1840.752000 787.254400 1.000000
1863.072000 1935.168000 1843.024000 761.249600 1.000000
1868.288000 1867.008000 1852.288000 702.419200 1.000000
1900.352000 1864.528000 1887.296000 704.801600 1.000000
1895.280000 1827.728000 1888.432000 654.136000 1.000000
2144.224000 1499.902400 1966.992000 1557.788800 1.000000
2142.624000 1474.569600 1969.712000 1531.433600 1.000000
2182.304000 1475.307200 2007.424000 1539.872000 1.000000
2189.728000 1435.556800 2021.168000 1500.216000 1.000000
2460.416000 1956.544000 2088.944000 2187.552000 1.000000
2392.288000 1811.312000 2138.048000 1929.088000 1.000000
2404.192000 1814.528000 2147.904000 1935.312000 1.000000
2403.168000 1771.920000 2154.400000 1896.800000 1.000000
2410.144000 1790.256000 2157.504000 1916.528000 1.000000
2428.896000 1861.216000 2158.720000 1989.904000 1.000000
2440.080000 1757.088000 2190.912000 1890.000000 1.000000
2474.704000 1862.048000 2200.560000 1997.904000 1.000000
2440.720000 1661.888000 2211.072000 1799.792000 1.000000
2447.792000 1703.536000 2220.064000 1820.672000 1.000000
2378.304000 1328.180800 2220.768000 1458.964800 1.000000
2464.480000 1709.808000 2223.792000 1853.296000 1.000000
2400.192000 1335.406400 2238.560000 1475.337600 1.000000
2491.424000 1837.792000 2246.144000 1936.304000 1.000000
2509.296000 1664.720000 2271.312000 1828.096000 1.000000
2485.328000 1536.104000 2275.248000 1701.920000 1.000000
2488.704000 1522.632000 2282.320000 1687.952000 1.000000
2411.216000 1179.259200 2285.264000 1302.444800 1.000000
2514.912000 1445.963200 2287.056000 1692.032000 1.000000
2455.872000 1303.795200 2299.696000 1461.076800 1.000000
2456.592000 1233.595200 2315.248000 1383.867200 1.000000
2504.288000 1417.739200 2318.272000 1596.713600 1.000000
2478.000000 1300.377600 2318.720000 1469.035200 1.000000
2457.584000 1203.273600 2324.832000 1342.350400 1.000000
2501.584000 1359.360000 2326.800000 1540.219200 1.000000
2476.784000 1257.473600 2329.680000 1416.025600 1.000000
2448.688000 1134.756800 2330.240000 1275.216000 1.000000
2463.440000 1179.097600 2335.920000 1320.128000 1.000000
2512.608000 1345.988800 2340.400000 1529.750400 1.000000
2461.632000 1146.736000 2340.624000 1292.355200 1.000000
2474.704000 1179.459200 2347.344000 1323.289600 1.000000
2526.432000 1370.694400 2349.376000 1558.163200 1.000000
2539.712000 1397.814400 2354.512000 1590.348800 1.000000
2522.304000 1328.078400 2354.704000 1513.524800 1.000000
2474.560000 1127.742400 2356.688000 1277.088000 1.000000
2508.304000 1258.939200 2360.096000 1426.236800 1.000000
2528.128000 1269.630400 2374.176000 1451.396800 1.000000
2548.400000 1298.787200 2387.552000 1489.147200 1.000000
2506.640000 1136.377600 2387.856000 1292.153600 1.000000
2517.824000 1136.200000 2398.560000 1295.952000 1.000000
2559.520000 1272.379200 2403.088000 1469.790400 1.000000
2576.832000 1278.046400 2418.624000 1479.065600 1.000000
2614.752000 1291.948800 2445.808000 1518.636800 1.000000
2625.376000 1335.800000 2449.776000 1558.963200 1.000000
2648.656000 1202.139200 2501.472000 1442.699200 1.000000
2643.152000 1168.852800 2503.760000 1405.440000 1.000000
2605.824000 1075.147200 2620.592000 568.516800 1.000000
