3.422656 369.604800 4.673072 1127.833600 1.000000
1841.744000 1544.721600 384.072000 299.302400 1.000000
280.139200 472.518400 1547.176000 1142.366400 1.000000
1785.040000 3003.200000 1626.832000 777.340800 1.000000
2671.520000 1194.809600 1878.608000 2910.880000 1.000000
1532.776000 2077.632000 1921.264000 1127.984000 1.000000
2438.960000 1727.536000 2299.024000 1795.840000 1.000000
2384.432000 1302.142400 2426.736000 1513.926400 1.000000
2476.784000 1257.473600 2514.912000 1530.355200 1.000000
2528.128000 1269.630400 2545.472000 1570.833600 1.000000
2345.904000 883.849600 2668.816000 917.176000 1.000000
308.875200 457.198400 2847.072000 888.049600 1.000000
3380.896000 839.937600 2878.624000 354.611200 1.000000
2696.080000 522.504000 3019.184000 1041.307200 1.000000
