383.177600 2878.224000 553.120000 599.982400 1.000000
569.872000 2850.464000 718.088000 562.777600 1.000000
611.379200 2846.688000 758.646400 566.673600 1.000000
1194.662400 2828.384000 1286.851200 655.620800 1.000000
1238.113600 2793.472000 1333.083200 626.211200 1.000000
1275.196800 2808.064000 1361.568000 650.956800 1.000000
1319.444800 2804.448000 1403.683200 654.609600 1.000000
1420.689600 2801.104000 1496.366400 666.324800 1.000000
2083.488000 2668.848000 1505.129600 288.006400 1.000000
1441.532800 2582.608000 1526.796800 301.675200 1.000000
1710.720000 2781.392000 1751.712000 699.838400 1.000000
2117.456000 1515.049600 2144.880000 1517.561600 1.000000
2142.624000 1474.569600 2174.592000 1491.537600 1.000000
2189.728000 1435.556800 2225.760000 1472.267200 1.000000
2444.160000 1707.152000 2344.192000 1803.216000 1.000000
2435.008000 1714.752000 2347.904000 1789.568000 1.000000
2509.296000 1664.720000 2418.944000 1785.648000 1.000000
2384.432000 1302.142400 2425.968000 1460.780800 1.000000
2400.192000 1335.406400 2428.272000 1494.644800 1.000000
2416.160000 1355.384000 2434.304000 1516.401600 1.000000
2495.184000 1517.201600 2450.560000 1676.192000 1.000000
2411.216000 1179.259200 2494.608000 1348.545600 1.000000
2476.784000 1257.473600 2520.752000 1457.536000 1.000000
2457.584000 1203.273600 2525.360000 1387.905600 1.000000
2508.304000 1258.939200 2547.840000 1475.521600 1.000000
2528.128000 1269.630400 2558.160000 1497.368000 1.000000
2345.904000 883.849600 2583.776000 836.491200 1.000000
2690.112000 953.907200 2864.880000 1329.022400 1.000000
2718.560000 686.408000 2928.784000 1209.843200 1.000000
2686.032000 832.680000 2934.144000 1154.240000 1.000000
