8.923984 2342.832000 9.477168 1898.336000 1.000000
18.849440 2309.168000 18.966720 1874.736000 1.000000
61.586720 2371.584000 50.909760 1923.120000 1.000000
83.012960 2148.816000 72.479360 1722.720000 1.000000
88.004960 2266.752000 83.241920 1838.304000 1.000000
105.621120 2166.992000 96.599840 1739.968000 1.000000
100.117280 2299.792000 97.166400 1866.576000 1.000000
132.065280 2140.480000 122.418560 1715.008000 1.000000
113.721120 2704.176000 133.861280 2238.976000 1.000000
141.055040 2420.336000 144.955520 1977.888000 1.000000
154.108480 2177.952000 145.446560 1751.616000 1.000000
142.090560 2541.008000 153.333280 2094.496000 1.000000
159.113760 2338.016000 158.581920 1902.512000 1.000000
140.135840 2757.424000 165.296000 2291.744000 1.000000
158.206880 2481.872000 165.332800 2041.072000 1.000000
162.852800 2438.640000 169.568000 1997.952000 1.000000
176.784000 2626.944000 192.825600 2173.472000 1.000000
192.624000 2636.048000 208.774400 2181.888000 1.000000
202.049600 2514.432000 209.046400 2071.120000 1.000000
201.179200 2586.912000 217.977600 2137.552000 1.000000
207.486400 2688.896000 225.043200 2226.672000 1.000000
248.904000 2001.360000 230.254400 1574.737600 1.000000
233.227200 2606.048000 252.457600 2153.344000 1.000000
273.657600 2054.432000 258.321600 1669.760000 1.000000
243.454400 2681.472000 263.729600 2223.376000 1.000000
274.182400 2338.800000 272.323200 1906.496000 1.000000
255.110400 2747.968000 273.088000 2282.752000 1.000000
261.417600 2687.904000 275.131200 2226.784000 1.000000
278.577600 2419.712000 283.129600 1977.296000 1.000000
275.884800 2540.816000 284.910400 2092.160000 1.000000
276.726400 2567.920000 288.844800 2118.080000 1.000000
281.963200 2646.848000 295.496000 2191.872000 1.000000
278.822400 2768.704000 296.182400 2301.296000 1.000000
294.782400 2596.640000 304.000000 2147.456000 1.000000
288.449600 2772.432000 306.411200 2304.800000 1.000000
292.075200 2748.832000 310.273600 2282.800000 1.000000
313.377600 2358.800000 314.353600 1922.304000 1.000000
317.409600 2386.320000 317.902400 1948.192000 1.000000
323.273600 2414.224000 323.529600 1973.664000 1.000000
305.497600 2809.328000 326.097600 2339.792000 1.000000
330.332800 2372.656000 328.468800 1937.472000 1.000000
314.756800 2728.752000 330.532800 2265.120000 1.000000
354.588800 2146.096000 334.841600 1725.296000 1.000000
321.616000 2780.816000 341.585600 2316.528000 1.000000
322.652800 2883.552000 343.318400 2418.416000 1.000000
327.448000 2919.712000 347.120000 2445.296000 1.000000
443.777600 503.105600 348.614400 47.966080 1.000000
364.592000 2152.192000 350.169600 1731.568000 1.000000
333.990400 2769.856000 351.979200 2303.136000 1.000000
452.604800 567.364800 359.846400 115.430560 1.000000
460.628800 534.188800 367.558400 82.521760 1.000000
465.774400 495.756800 370.571200 40.143840 1.000000
356.379200 2927.008000 377.392000 2453.696000 1.000000
362.886400 2933.856000 385.096000 2458.144000 1.000000
369.619200 2848.896000 388.644800 2377.888000 1.000000
479.145600 604.152000 389.369600 157.288160 1.000000
480.364800 587.859200 389.702400 141.338880 1.000000
482.027200 516.060800 391.014400 64.102560 1.000000
482.678400 566.176000 392.076800 114.895200 1.000000
377.624000 2908.608000 398.057600 2436.544000 1.000000
488.307200 579.302400 398.240000 131.226720 1.000000
399.974400 2545.856000 402.996800 2119.696000 1.000000
401.148800 2538.080000 403.704000 2111.376000 1.000000
492.150400 644.892800 404.302400 202.278400 1.000000
495.468800 576.502400 405.448000 129.031200 1.000000
413.057600 2498.432000 412.920000 2072.816000 1.000000
445.344000 1812.128000 415.470400 1402.606400 1.000000
508.868800 497.752000 416.313600 44.588960 1.000000
504.264000 620.548800 418.148800 179.720000 1.000000
519.619200 469.500800 425.929600 18.634240 1.000000
512.750400 656.876800 428.584000 216.220800 1.000000
435.689600 2505.808000 433.785600 2082.608000 1.000000
411.176000 2970.432000 434.584000 2489.600000 1.000000
529.496000 599.334400 441.497600 156.081760 1.000000
526.531200 661.950400 441.945600 223.284800 1.000000
536.361600 497.510400 446.996800 46.322720 1.000000
530.422400 655.574400 447.312000 217.036800 1.000000
539.292800 528.940800 448.140800 81.637440 1.000000
539.636800 554.195200 449.704000 108.385760 1.000000
534.550400 687.515200 451.065600 249.166400 1.000000
536.891200 678.528000 452.651200 239.318400 1.000000
544.673600 478.459200 452.704000 27.800800 1.000000
550.448000 526.566400 461.388800 78.330400 1.000000
551.366400 502.736000 462.297600 54.582080 1.000000
549.288000 638.312000 463.806400 197.147200 1.000000
547.260800 692.241600 464.881600 255.323200 1.000000
496.073600 1808.000000 467.654400 1394.243200 1.000000
551.321600 733.729600 469.350400 298.416000 1.000000
548.744000 742.252800 469.657600 308.939200 1.000000
556.499200 656.318400 471.260800 215.436800 1.000000
555.441600 676.678400 471.660800 239.089600 1.000000
497.624000 1910.624000 473.464000 1499.032000 1.000000
562.036800 524.347200 473.628800 77.487040 1.000000
560.830400 579.441600 473.835200 134.290400 1.000000
557.748800 693.918400 474.862400 257.212800 1.000000
557.072000 701.596800 475.627200 264.556800 1.000000
566.414400 490.912000 475.664000 39.482720 1.000000
559.497600 721.620800 477.875200 286.582400 1.000000
557.334400 738.022400 478.529600 304.873600 1.000000
566.484800 595.124800 480.411200 151.618400 1.000000
510.009600 1856.720000 482.228800 1445.480000 1.000000
566.139200 652.491200 482.270400 213.168000 1.000000
572.193600 503.334400 483.937600 53.943520 1.000000
571.361600 590.520000 484.875200 147.410080 1.000000
571.299200 692.787200 488.126400 257.241600 1.000000
515.668800 1827.344000 488.691200 1411.574400 1.000000
487.268800 2555.200000 491.104000 2128.736000 1.000000
574.745600 646.520000 491.550400 207.880000 1.000000
498.694400 2384.272000 494.817600 1973.184000 1.000000
576.668800 713.686400 495.033600 278.656000 1.000000
582.784000 558.518400 495.102400 113.503680 1.000000
496.120000 2545.536000 497.907200 2119.328000 1.000000
589.505600 569.256000 503.816000 124.806720 1.000000
588.412800 620.168000 504.977600 179.945600 1.000000
585.832000 755.739200 507.067200 322.768000 1.000000
596.030400 492.670400 507.164800 42.796960 1.000000
505.401600 2555.888000 508.300800 2129.488000 1.000000
591.486400 702.369600 509.739200 267.398400 1.000000
603.480000 534.569600 516.798400 88.273120 1.000000
518.011200 2532.880000 516.907200 2108.800000 1.000000
612.841600 581.782400 527.420800 139.104640 1.000000
608.838400 656.158400 527.835200 217.801600 1.000000
617.542400 474.824000 528.291200 24.164640 1.000000
563.425600 1782.288000 531.459200 1369.688000 1.000000
616.934400 673.792000 534.590400 238.891200 1.000000
614.035200 749.363200 535.118400 316.840000 1.000000
615.966400 706.017600 535.310400 270.976000 1.000000
535.521600 2550.080000 535.788800 2124.384000 1.000000
615.913600 732.456000 537.825600 298.713600 1.000000
625.150400 526.928000 539.376000 79.690240 1.000000
623.099200 744.878400 544.032000 312.592000 1.000000
624.222400 696.481600 544.209600 260.644800 1.000000
622.086400 780.235200 553.014400 359.617600 1.000000
636.774400 624.672000 555.001600 186.054400 1.000000
587.112000 1780.560000 555.019200 1368.259200 1.000000
641.800000 512.067200 555.958400 64.442880 1.000000
639.598400 658.121600 559.099200 221.899200 1.000000
646.923200 684.734400 566.894400 248.896000 1.000000
653.846400 522.339200 567.905600 72.496160 1.000000
652.598400 548.022400 568.936000 103.355840 1.000000
645.830400 758.376000 569.048000 327.145600 1.000000
655.104000 712.064000 576.049600 277.696000 1.000000
657.686400 693.241600 579.052800 257.401600 1.000000
662.104000 601.676800 580.115200 161.424000 1.000000
661.353600 647.529600 580.739200 209.852800 1.000000
664.243200 666.998400 584.592000 230.676800 1.000000
668.988800 539.131200 586.163200 94.444640 1.000000
664.195200 686.276800 586.376000 250.550400 1.000000
676.955200 543.812800 593.318400 99.528480 1.000000
673.427200 608.161600 593.500800 166.820800 1.000000
673.848000 701.264000 595.326400 267.691200 1.000000
684.585600 650.043200 604.384000 213.049600 1.000000
687.812800 660.427200 606.691200 224.726400 1.000000
687.059200 704.068800 610.556800 271.062400 1.000000
691.857600 620.638400 611.582400 182.027200 1.000000
695.324800 604.616000 615.363200 166.571200 1.000000
698.819200 571.656000 617.121600 129.208960 1.000000
691.995200 747.524800 618.105600 317.452800 1.000000
708.728000 549.856000 625.270400 104.801280 1.000000
707.688000 578.424000 627.070400 137.261760 1.000000
712.563200 511.427200 630.056000 63.537760 1.000000
710.176000 794.312000 635.718400 365.728000 1.000000
640.606400 2544.976000 638.024000 2120.592000 1.000000
716.280000 737.099200 640.232000 306.537600 1.000000
717.465600 705.852800 641.793600 274.752000 1.000000
725.686400 553.395200 645.003200 109.672160 1.000000
724.878400 619.931200 646.936000 182.921600 1.000000
724.785600 637.374400 648.083200 200.321600 1.000000
732.299200 627.990400 655.566400 191.134400 1.000000
733.412800 655.249600 655.819200 219.680000 1.000000
736.520000 546.795200 656.550400 102.816320 1.000000
689.913600 1799.008000 661.521600 1389.835200 1.000000
741.227200 602.785600 662.747200 163.851200 1.000000
736.756800 760.652800 663.062400 332.211200 1.000000
743.390400 520.222400 663.547200 74.799520 1.000000
741.600000 665.044800 665.508800 230.334400 1.000000
741.883200 680.720000 665.550400 246.729600 1.000000
743.412800 775.904000 671.028800 347.784000 1.000000
745.750400 701.376000 671.379200 271.291200 1.000000
748.652800 644.937600 672.081600 209.481600 1.000000
754.225600 476.552000 676.537600 27.992640 1.000000
755.828800 556.051200 676.870400 113.368320 1.000000
756.734400 590.456000 678.972800 151.740160 1.000000
753.508800 656.094400 679.393600 221.515200 1.000000
683.126400 2517.312000 680.084800 2094.992000 1.000000
763.396800 484.526400 681.940800 37.060160 1.000000
759.088000 726.459200 684.625600 296.880000 1.000000
765.118400 563.955200 688.182400 122.940320 1.000000
767.388800 653.409600 691.451200 217.755200 1.000000
764.891200 691.075200 691.481600 259.041600 1.000000
768.827200 637.976000 693.176000 202.352000 1.000000
770.537600 622.329600 694.376000 185.668800 1.000000
777.022400 538.636800 698.718400 96.253440 1.000000
773.012800 730.233600 699.441600 300.180800 1.000000
777.881600 738.484800 706.552000 310.750400 1.000000
783.868800 608.073600 707.534400 170.430400 1.000000
778.428800 783.049600 708.768000 357.699200 1.000000
787.440000 535.131200 709.531200 91.613120 1.000000
793.700800 485.374400 714.507200 38.779520 1.000000
790.148800 727.486400 717.924800 295.286400 1.000000
793.569600 764.408000 722.632000 338.329600 1.000000
805.427200 511.872000 728.446400 66.230880 1.000000
802.233600 643.369600 730.238400 211.468800 1.000000
804.020800 809.595200 735.417600 384.654400 1.000000
805.320000 799.776000 736.107200 374.934400 1.000000
818.574400 775.686400 749.376000 349.105600 1.000000
832.020800 546.689600 757.622400 104.769920 1.000000
828.011200 801.964800 759.214400 378.446400 1.000000
826.062400 828.692800 760.376000 406.644800 1.000000
833.736000 717.592000 761.508800 288.659200 1.000000
839.190400 529.404800 764.257600 87.206880 1.000000
835.521600 653.668800 765.211200 220.529600 1.000000
845.852800 516.067200 770.532800 71.727200 1.000000
844.867200 605.384000 771.604800 168.691200 1.000000
848.720000 555.929600 774.326400 115.441120 1.000000
845.590400 681.617600 775.417600 250.481600 1.000000
847.729600 741.283200 777.347200 313.795200 1.000000
847.483200 695.643200 778.217600 265.865600 1.000000
847.646400 753.171200 779.152000 326.089600 1.000000
851.148800 665.673600 779.508800 233.008000 1.000000
856.072000 611.984000 783.179200 176.864000 1.000000
857.083200 625.892800 785.820800 190.699200 1.000000
861.750400 521.281600 786.300800 79.479680 1.000000
863.345600 541.456000 789.585600 99.688320 1.000000
864.232000 592.948800 791.779200 155.226720 1.000000
863.507200 634.604800 793.048000 199.908800 1.000000
868.352000 480.289600 794.966400 34.284800 1.000000
868.049600 620.510400 795.964800 185.718400 1.000000
875.628800 578.342400 802.928000 138.354080 1.000000
874.928000 696.976000 805.611200 267.878400 1.000000
875.993600 765.748800 808.225600 337.969600 1.000000
876.419200 799.043200 811.032000 376.585600 1.000000
888.089600 493.708800 813.731200 48.277760 1.000000
883.942400 606.016000 813.924800 170.420800 1.000000
885.854400 687.201600 814.899200 253.988800 1.000000
877.406400 945.120000 815.054400 536.052800 1.000000
880.289600 811.539200 815.595200 388.585600 1.000000
894.392000 461.968000 819.152000 15.488832 1.000000
886.369600 738.758400 819.160000 312.822400 1.000000
892.092800 523.542400 819.460800 79.450240 1.000000
893.996800 510.731200 822.409600 67.471200 1.000000
889.987200 826.622400 825.068800 405.510400 1.000000
852.878400 1790.752000 825.507200 1384.915200 1.000000
890.803200 774.899200 825.620800 348.134400 1.000000
898.080000 580.105600 827.862400 142.246400 1.000000
896.678400 751.492800 828.792000 324.936000 1.000000
894.516800 794.657600 829.564800 370.667200 1.000000
903.817600 564.483200 831.966400 125.041280 1.000000
903.774400 524.884800 832.172800 82.522240 1.000000
905.241600 611.643200 835.484800 172.728000 1.000000
909.510400 491.790400 838.051200 46.593600 1.000000
904.688000 768.528000 839.115200 344.454400 1.000000
911.219200 553.988800 840.080000 114.603520 1.000000
910.732800 715.424000 843.307200 287.142400 1.000000
912.254400 628.091200 843.790400 194.142400 1.000000
917.976000 512.283200 844.712000 68.087040 1.000000
916.804800 531.472000 846.553600 88.545280 1.000000
904.884800 955.732800 847.478400 551.168000 1.000000
920.905600 477.009600 847.982400 30.134720 1.000000
923.390400 722.184000 857.996800 295.785600 1.000000
924.198400 781.718400 858.216000 357.550400 1.000000
927.848000 614.500800 859.436800 180.340800 1.000000
928.425600 698.956800 861.371200 270.326400 1.000000
929.294400 743.961600 861.742400 319.468800 1.000000
929.584000 647.321600 862.718400 215.883200 1.000000
933.158400 479.582400 862.782400 33.980000 1.000000
933.608000 540.486400 863.484800 99.159520 1.000000
928.600000 841.836800 863.569600 422.518400 1.000000
927.598400 817.753600 863.985600 398.542400 1.000000
928.848000 773.075200 864.772800 349.412800 1.000000
939.182400 621.849600 871.486400 188.035200 1.000000
900.201600 1806.128000 871.670400 1402.435200 1.000000
935.328000 761.729600 872.275200 337.699200 1.000000
947.665600 479.910400 877.424000 33.793920 1.000000
946.617600 759.297600 880.760000 335.972800 1.000000
946.420800 741.508800 881.171200 316.076800 1.000000
909.793600 1791.904000 882.400000 1387.612800 1.000000
948.774400 713.601600 884.598400 285.697600 1.000000
949.667200 772.270400 887.145600 349.147200 1.000000
897.036800 2517.104000 888.606400 2097.760000 1.000000
952.430400 830.542400 890.598400 413.153600 1.000000
898.857600 2533.504000 891.073600 2113.328000 1.000000
959.200000 686.713600 895.622400 256.668800 1.000000
969.702400 469.142400 900.804800 22.082080 1.000000
964.001600 740.310400 901.747200 317.168000 1.000000
966.014400 813.368000 903.921600 393.702400 1.000000
974.041600 639.968000 907.596800 208.060800 1.000000
971.729600 724.046400 907.982400 298.222400 1.000000
918.523200 2513.776000 908.339200 2096.208000 1.000000
975.345600 573.398400 908.865600 134.322080 1.000000
979.270400 735.542400 916.312000 310.305600 1.000000
980.472000 780.214400 919.318400 359.080000 1.000000
980.867200 850.372800 921.870400 434.340800 1.000000
985.448000 763.219200 922.505600 339.702400 1.000000
991.763200 510.326400 924.953600 67.226880 1.000000
986.505600 772.800000 925.430400 353.430400 1.000000
995.617600 515.760000 927.100800 75.226400 1.000000
994.299200 543.273600 927.827200 102.136000 1.000000
998.502400 608.824000 928.059200 172.897600 1.000000
998.371200 586.038400 930.156800 150.145760 1.000000
995.598400 864.257600 934.473600 449.131200 1.000000
1004.369600 500.928000 939.014400 56.963680 1.000000
1009.468800 539.177600 945.208000 98.162400 1.000000
1008.784000 760.006400 946.964800 338.355200 1.000000
1011.836800 658.123200 947.995200 232.099200 1.000000
1017.089600 523.651200 951.089600 82.265440 1.000000
1017.150400 690.934400 952.732800 264.286400 1.000000
1021.108800 547.316800 953.833600 108.037120 1.000000
1018.515200 598.302400 955.830400 166.134400 1.000000
1023.113600 499.081600 958.241600 56.123360 1.000000
1016.752000 909.190400 959.222400 496.089600 1.000000
1027.331200 517.720000 961.664000 75.845760 1.000000
1020.561600 835.854400 962.304000 419.561600 1.000000
1023.825600 893.844800 965.987200 480.296000 1.000000
1029.188800 729.547200 970.681600 306.003200 1.000000
1032.689600 779.961600 971.094400 359.977600 1.000000
1038.398400 507.681600 972.864000 66.285120 1.000000
1034.316800 754.102400 974.612800 331.652800 1.000000
1032.936000 832.198400 974.964800 416.195200 1.000000
1041.200000 547.841600 976.828800 107.579840 1.000000
1039.945600 562.510400 977.038400 124.403200 1.000000
1041.894400 477.316800 977.163200 32.627520 1.000000
1036.872000 884.873600 980.019200 472.784000 1.000000
1043.401600 772.001600 984.555200 351.278400 1.000000
1045.504000 723.771200 986.760000 299.116800 1.000000
1049.539200 636.768000 987.619200 206.000000 1.000000
1051.996800 567.716800 988.953600 129.678720 1.000000
1052.305600 801.502400 992.204800 383.636800 1.000000
1059.745600 550.979200 996.275200 111.768160 1.000000
1056.129600 896.131200 998.363200 484.414400 1.000000
1062.576000 473.636800 998.456000 30.416320 1.000000
1057.820800 828.230400 1001.900800 412.361600 1.000000
1073.044800 488.700800 1007.278400 43.028320 1.000000
1065.680000 861.243200 1010.428800 446.953600 1.000000
1070.574400 760.790400 1011.742400 341.222400 1.000000
1070.910400 817.326400 1013.416000 399.646400 1.000000
1074.849600 636.296000 1014.726400 203.467200 1.000000
1083.830400 553.926400 1020.585600 115.680480 1.000000
1084.852800 582.102400 1023.465600 146.226240 1.000000
1086.147200 575.249600 1025.304000 138.978080 1.000000
1089.275200 518.654400 1027.182400 77.084480 1.000000
1086.676800 771.811200 1029.256000 352.105600 1.000000
1088.944000 645.003200 1030.032000 216.678400 1.000000
1094.320000 759.505600 1037.043200 339.252800 1.000000
1055.353600 2524.688000 1040.926400 2108.720000 1.000000
1100.678400 673.248000 1042.536000 245.440000 1.000000
1098.337600 838.897600 1043.468800 426.672000 1.000000
1098.320000 881.712000 1044.267200 469.880000 1.000000
1100.907200 794.492800 1046.016000 376.436800 1.000000
1108.456000 533.819200 1047.460800 94.903680 1.000000
1102.640000 751.755200 1048.401600 332.156800 1.000000
1063.371200 2509.488000 1048.668800 2095.056000 1.000000
1101.870400 914.329600 1049.289600 505.851200 1.000000
1110.841600 635.380800 1051.584000 206.864000 1.000000
1109.353600 703.153600 1052.150400 279.512000 1.000000
1118.939200 543.996800 1057.756800 106.701280 1.000000
1115.555200 727.300800 1058.649600 304.728000 1.000000
1114.419200 798.115200 1060.195200 381.251200 1.000000
1118.643200 616.883200 1061.451200 186.416000 1.000000
1121.667200 479.414400 1062.043200 35.550240 1.000000
1121.651200 742.264000 1064.793600 321.131200 1.000000
1123.652800 606.793600 1065.412800 175.459200 1.000000
1116.369600 911.486400 1066.105600 503.505600 1.000000
1122.308800 754.232000 1067.244800 333.292800 1.000000
1120.992000 886.460800 1068.556800 477.574400 1.000000
1127.697600 490.516800 1069.696000 46.437120 1.000000
1129.076800 471.355200 1069.721600 28.041440 1.000000
1126.936000 644.529600 1072.131200 216.547200 1.000000
1089.923200 2493.392000 1074.164800 2079.264000 1.000000
1133.776000 556.609600 1076.123200 119.626720 1.000000
1134.235200 628.712000 1077.576000 197.091200 1.000000
1137.582400 594.089600 1080.542400 157.336960 1.000000
1133.331200 817.609600 1081.036800 403.724800 1.000000
1135.926400 704.088000 1081.388800 279.468800 1.000000
1136.304000 834.942400 1082.556800 420.753600 1.000000
1144.187200 629.265600 1087.651200 196.208000 1.000000
1145.041600 791.297600 1091.329600 375.448000 1.000000
1146.832000 856.246400 1095.129600 443.958400 1.000000
1124.931200 1806.256000 1096.065600 1408.102400 1.000000
1161.691200 896.142400 1113.572800 486.569600 1.000000
1163.998400 1050.798400 1119.315200 654.131200 1.000000
1137.196800 2909.792000 1129.945600 2440.096000 1.000000
1191.476800 921.131200 1136.292800 514.993600 1.000000
1185.564800 2501.296000 1169.313600 2087.600000 1.000000
1203.425600 1097.912000 1173.452800 701.569600 1.000000
1203.302400 2924.800000 1188.849600 2458.704000 1.000000
1232.342400 929.043200 1190.723200 524.092800 1.000000
1242.091200 1784.912000 1219.652800 1388.417600 1.000000
1261.057600 1096.299200 1235.476800 706.073600 1.000000
1273.072000 1816.320000 1246.958400 1421.662400 1.000000
1277.654400 1786.192000 1254.740800 1392.283200 1.000000
1356.792000 2310.640000 1334.929600 1907.984000 1.000000
1386.620800 2447.120000 1364.808000 2036.640000 1.000000
1405.212800 2418.144000 1382.155200 2011.920000 1.000000
1405.364800 1804.336000 1383.305600 1414.640000 1.000000
1412.876800 2462.528000 1389.123200 2053.760000 1.000000
1434.555200 1815.360000 1407.995200 1423.776000 1.000000
1335.160000 2445.264000 1437.460800 2013.984000 1.000000
1462.968000 2240.896000 1438.990400 1843.440000 1.000000
1469.068800 2442.848000 1439.619200 2035.120000 1.000000
1474.505600 1798.768000 1455.249600 1406.312000 1.000000
1503.281600 2216.464000 1477.262400 1815.536000 1.000000
1516.020800 1823.552000 1487.056000 1434.744000 1.000000
1523.700800 2870.944000 1496.302400 2412.848000 1.000000
1532.558400 2256.096000 1505.233600 1856.960000 1.000000
1540.249600 1946.240000 1515.145600 1554.531200 1.000000
1557.491200 2187.120000 1529.536000 1790.496000 1.000000
1595.206400 1810.688000 1569.667200 1423.830400 1.000000
1713.216000 2447.568000 1676.288000 2044.528000 1.000000
1731.104000 2517.088000 1693.696000 2116.336000 1.000000
1740.304000 2346.704000 1705.680000 1955.312000 1.000000
1748.048000 2376.480000 1712.160000 1987.200000 1.000000
1766.336000 2387.008000 1730.576000 1993.792000 1.000000
1801.968000 1431.008000 1778.480000 1057.574400 1.000000
1794.560000 1169.696000 1778.784000 791.062400 1.000000
1801.984000 991.612800 1784.640000 601.662400 1.000000
1847.632000 2833.952000 1796.544000 2408.304000 1.000000
1816.240000 1153.878400 1799.088000 780.043200 1.000000
1825.440000 1421.176000 1804.176000 1051.121600 1.000000
1828.976000 1172.800000 1809.104000 799.688000 1.000000
1833.072000 1150.934400 1815.344000 772.843200 1.000000
1837.120000 1025.763200 1815.968000 639.916800 1.000000
1837.360000 994.715200 1817.488000 601.707200 1.000000
1840.000000 1130.275200 1820.784000 752.052800 1.000000
1849.104000 1334.780800 1828.416000 967.388800 1.000000
1851.760000 1151.872000 1835.104000 772.785600 1.000000
1853.136000 1126.579200 1835.392000 749.206400 1.000000
1856.640000 1164.531200 1840.752000 787.254400 1.000000
1869.296000 1080.222400 1852.288000 702.419200 1.000000
1875.664000 1105.116800 1854.864000 732.092800 1.000000
1870.720000 764.452800 1865.200000 348.080000 1.000000
1903.520000 1135.771200 1882.912000 768.060800 1.000000
1905.184000 1036.396800 1888.432000 654.136000 1.000000
1907.952000 1011.467200 1892.688000 625.363200 1.000000
1911.200000 1117.505600 1894.208000 744.635200 1.000000
1911.824000 1152.104000 1895.680000 777.582400 1.000000
1916.480000 1160.104000 1895.792000 788.248000 1.000000
1908.640000 1061.200000 1895.856000 681.321600 1.000000
1978.160000 1839.520000 1901.856000 1771.264000 1.000000
1980.368000 2226.368000 1904.480000 2075.104000 1.000000
1923.520000 1084.529600 1908.992000 706.321600 1.000000
1989.152000 2051.056000 1910.512000 1952.288000 1.000000
2040.080000 1325.299200 1927.728000 1294.518400 1.000000
1956.720000 1005.315200 1946.272000 619.259200 1.000000
1961.536000 1022.016000 1949.504000 638.998400 1.000000
2032.144000 1888.192000 1952.608000 1826.592000 1.000000
2039.008000 2201.584000 1960.896000 2067.760000 1.000000
2043.584000 1925.856000 1962.704000 1856.832000 1.000000
1979.872000 1110.443200 1967.328000 736.006400 1.000000
1986.288000 1028.099200 1974.304000 645.440000 1.000000
1989.712000 975.376000 1978.928000 586.078400 1.000000
2075.328000 2370.864000 1980.384000 2196.352000 1.000000
2080.976000 2090.640000 1996.960000 1983.168000 1.000000
2084.464000 1841.888000 2002.896000 1784.208000 1.000000
2075.344000 1481.624000 2010.032000 1418.585600 1.000000
2100.560000 2358.336000 2019.632000 2206.736000 1.000000
2089.776000 1563.467200 2021.168000 1500.216000 1.000000
2107.088000 2323.632000 2025.536000 2175.968000 1.000000
2110.208000 2296.208000 2027.456000 2151.856000 1.000000
2119.856000 2372.016000 2035.872000 2220.240000 1.000000
2039.664000 887.681600 2037.776000 489.830400 1.000000
2121.360000 2260.192000 2038.016000 2123.504000 1.000000
2130.736000 2376.064000 2047.088000 2225.232000 1.000000
2134.464000 2370.000000 2049.328000 2221.216000 1.000000
2113.488000 1302.795200 2053.152000 1224.897600 1.000000
2125.744000 1420.230400 2059.456000 1361.700800 1.000000
2143.168000 2302.896000 2061.344000 2162.272000 1.000000
2065.152000 770.998400 2065.600000 383.576000 1.000000
2149.904000 2198.464000 2066.240000 2080.192000 1.000000
2153.552000 2368.720000 2067.968000 2221.632000 1.000000
2155.600000 2360.848000 2069.264000 2215.520000 1.000000
2073.136000 828.606400 2069.824000 445.078400 1.000000
2159.328000 2318.752000 2072.384000 2182.848000 1.000000
2074.848000 794.358400 2073.488000 410.707200 1.000000
2161.056000 2394.544000 2074.016000 2247.408000 1.000000
2086.704000 823.032000 2084.608000 443.190400 1.000000
2175.200000 2362.544000 2086.864000 2222.560000 1.000000
2174.192000 2377.248000 2087.104000 2233.232000 1.000000
2152.048000 1303.710400 2091.952000 1229.390400 1.000000
2176.560000 2206.656000 2092.080000 2091.872000 1.000000
2155.504000 1304.198400 2095.216000 1232.894400 1.000000
2196.048000 2047.072000 2109.904000 1979.744000 1.000000
2201.440000 2048.960000 2115.152000 1982.272000 1.000000
2181.696000 1308.451200 2122.160000 1240.571200 1.000000
2209.072000 2007.520000 2125.200000 1944.144000 1.000000
2202.288000 2348.704000 2125.872000 2202.928000 1.000000
2212.784000 2012.336000 2126.736000 1950.208000 1.000000
2214.384000 2049.424000 2127.408000 1984.000000 1.000000
2216.656000 2016.784000 2131.088000 1954.080000 1.000000
2219.696000 2032.832000 2133.984000 1967.696000 1.000000
2222.864000 2016.576000 2136.896000 1953.904000 1.000000
2222.752000 1990.544000 2138.048000 1929.088000 1.000000
2226.128000 2056.000000 2139.232000 1990.832000 1.000000
2224.768000 2006.656000 2139.408000 1945.408000 1.000000
2208.624000 1501.024000 2143.616000 1444.025600 1.000000
2230.336000 2202.688000 2143.616000 2098.320000 1.000000
2233.104000 1996.880000 2147.904000 1935.312000 1.000000
2235.520000 1999.072000 2149.744000 1938.432000 1.000000
2243.952000 2066.608000 2155.600000 2002.512000 1.000000
2242.272000 2001.408000 2156.672000 1940.848000 1.000000
2242.080000 1975.808000 2157.504000 1916.528000 1.000000
2245.728000 1944.256000 2162.000000 1885.536000 1.000000
2251.552000 2006.688000 2165.264000 1947.168000 1.000000
2226.960000 1328.222400 2166.720000 1269.825600 1.000000
2251.296000 1968.080000 2167.312000 1908.768000 1.000000
2237.184000 1486.889600 2168.896000 1443.697600 1.000000
2229.488000 1283.436800 2172.096000 1221.364800 1.000000
2238.624000 1455.084800 2172.448000 1407.560000 1.000000
2259.488000 1997.712000 2174.848000 1936.736000 1.000000
2261.696000 2041.632000 2175.200000 1979.872000 1.000000
2230.272000 1208.488000 2176.752000 1140.148800 1.000000
2238.592000 1246.798400 2182.304000 1181.388800 1.000000
2268.192000 1944.672000 2183.776000 1887.040000 1.000000
2270.352000 1958.432000 2185.904000 1900.624000 1.000000
2275.168000 2060.912000 2186.112000 1999.072000 1.000000
2268.688000 1899.200000 2186.336000 1843.200000 1.000000
2251.312000 1437.323200 2186.464000 1387.272000 1.000000
2265.968000 2285.520000 2186.752000 2164.800000 1.000000
2246.032000 1268.614400 2187.776000 1207.616000 1.000000
2270.752000 1919.920000 2188.176000 1863.024000 1.000000
2245.232000 1247.088000 2189.200000 1182.056000 1.000000
2279.184000 2064.944000 2189.552000 2004.560000 1.000000
2279.328000 2078.624000 2190.112000 2016.528000 1.000000
2251.872000 1261.600000 2195.472000 1199.867200 1.000000
2276.384000 1871.488000 2195.840000 1819.360000 1.000000
2283.424000 1949.792000 2198.864000 1894.272000 1.000000
2289.712000 2058.000000 2200.560000 1997.904000 1.000000
2451.712000 2486.512000 2200.912000 2383.648000 1.000000
2288.240000 1910.160000 2205.504000 1854.800000 1.000000
2262.464000 1244.910400 2206.224000 1183.947200 1.000000
2259.856000 1174.104000 2206.880000 1107.492800 1.000000
2263.856000 1223.612800 2208.736000 1160.715200 1.000000
2258.848000 1107.468800 2209.600000 1037.656000 1.000000
2269.712000 1296.326400 2211.808000 1237.209600 1.000000
2276.624000 1449.603200 2211.872000 1398.072000 1.000000
2295.424000 1930.928000 2211.968000 1874.928000 1.000000
2271.760000 1245.624000 2215.968000 1184.696000 1.000000
2297.840000 1842.208000 2216.688000 1789.056000 1.000000
2275.088000 1261.065600 2218.304000 1201.899200 1.000000
2308.080000 2052.896000 2218.560000 1995.568000 1.000000
2301.712000 1874.352000 2220.064000 1820.672000 1.000000
2278.144000 1264.737600 2221.408000 1206.176000 1.000000
2302.512000 1830.784000 2222.496000 1778.752000 1.000000
2306.320000 1905.968000 2223.792000 1853.296000 1.000000
2283.056000 1312.564800 2224.416000 1255.664000 1.000000
2305.072000 1846.992000 2224.704000 1792.976000 1.000000
2278.976000 1206.091200 2225.168000 1144.772800 1.000000
2283.408000 1266.046400 2226.304000 1208.560000 1.000000
2295.600000 1554.336000 2227.056000 1503.408000 1.000000
2291.792000 1370.308800 2231.392000 1317.657600 1.000000
2312.368000 1850.048000 2231.408000 1798.464000 1.000000
2319.488000 2015.232000 2232.016000 1958.448000 1.000000
2289.728000 1283.819200 2232.704000 1227.041600 1.000000
2313.344000 1837.184000 2233.248000 1785.888000 1.000000
2292.608000 1309.121600 2234.432000 1253.411200 1.000000
2296.992000 1337.368000 2236.096000 1284.889600 1.000000
2305.040000 1525.166400 2238.560000 1475.337600 1.000000
2293.376000 1221.292800 2238.736000 1162.248000 1.000000
2321.664000 1841.648000 2241.104000 1790.656000 1.000000
2297.088000 1244.387200 2241.488000 1187.504000 1.000000
2325.344000 1904.816000 2242.400000 1852.432000 1.000000
2329.952000 1972.912000 2243.584000 1918.304000 1.000000
2328.416000 1850.048000 2245.792000 1800.928000 1.000000
2311.904000 1442.684800 2247.664000 1394.940800 1.000000
2304.160000 1260.086400 2247.744000 1204.660800 1.000000
2305.392000 1267.496000 2248.864000 1211.904000 1.000000
2336.576000 1957.376000 2251.840000 1904.400000 1.000000
2332.240000 1818.512000 2252.144000 1769.264000 1.000000
2307.632000 1227.328000 2253.024000 1170.489600 1.000000
2313.488000 1318.956800 2253.824000 1269.942400 1.000000
2334.672000 1762.016000 2256.672000 1714.896000 1.000000
2326.800000 1577.073600 2257.648000 1532.548800 1.000000
2318.816000 1384.033600 2258.128000 1335.014400 1.000000
2315.504000 1255.876800 2259.856000 1201.283200 1.000000
2338.000000 1751.120000 2260.704000 1704.512000 1.000000
2347.568000 1943.104000 2262.272000 1891.024000 1.000000
2342.672000 1795.488000 2263.440000 1747.840000 1.000000
2369.456000 2225.968000 2263.792000 2134.400000 1.000000
2323.744000 1188.912000 2266.640000 1118.403200 1.000000
2325.984000 1300.432000 2267.504000 1252.249600 1.000000
2353.760000 1877.504000 2271.312000 1828.096000 1.000000
2350.144000 1759.424000 2272.624000 1713.600000 1.000000
2346.544000 1557.556800 2276.560000 1517.745600 1.000000
2355.472000 1716.400000 2279.376000 1672.048000 1.000000
2358.464000 1790.672000 2279.632000 1745.040000 1.000000
2343.424000 1338.827200 2282.800000 1292.638400 1.000000
2344.576000 1363.433600 2283.728000 1316.185600 1.000000
2355.552000 1787.232000 2288.832000 1719.936000 1.000000
2378.496000 2096.288000 2289.168000 2019.520000 1.000000
2348.432000 1274.731200 2291.184000 1230.500800 1.000000
2376.976000 1914.112000 2292.208000 1865.776000 1.000000
2338.448000 1044.616000 2295.744000 953.395200 1.000000
2371.520000 1706.112000 2295.824000 1662.816000 1.000000
2339.104000 1079.947200 2296.080000 985.672000 1.000000
2361.936000 1424.744000 2296.848000 1384.441600 1.000000
2368.240000 1554.128000 2298.304000 1515.027200 1.000000
2366.544000 1502.252800 2299.696000 1461.076800 1.000000
2380.880000 1744.816000 2302.096000 1704.448000 1.000000
2363.312000 1319.161600 2304.544000 1273.945600 1.000000
2372.560000 1507.361600 2305.232000 1467.038400 1.000000
2372.288000 1485.948800 2306.432000 1446.478400 1.000000
2364.784000 1259.723200 2309.456000 1213.740800 1.000000
2387.280000 1718.112000 2310.384000 1675.952000 1.000000
2368.576000 1276.584000 2311.616000 1233.691200 1.000000
2373.424000 1396.616000 2312.400000 1350.744000 1.000000
2374.528000 1351.305600 2314.144000 1307.289600 1.000000
2373.408000 1296.044800 2315.104000 1252.950400 1.000000
2352.368000 903.099200 2316.128000 807.353600 1.000000
2392.784000 1655.792000 2318.640000 1616.800000 1.000000
2385.776000 1508.545600 2318.720000 1469.035200 1.000000
2402.320000 1610.960000 2329.488000 1573.016000 1.000000
2387.424000 1286.958400 2329.552000 1245.142400 1.000000
2394.864000 1457.428800 2329.680000 1416.025600 1.000000
2405.456000 1695.216000 2330.112000 1656.384000 1.000000
2397.552000 1482.996800 2331.200000 1444.852800 1.000000
2412.080000 1796.288000 2331.952000 1753.968000 1.000000
2393.776000 1306.811200 2335.456000 1264.740800 1.000000
2410.400000 1659.984000 2335.888000 1622.112000 1.000000
2396.160000 1363.694400 2335.920000 1320.128000 1.000000
2374.848000 1023.489600 2336.320000 925.926400 1.000000
2402.976000 1483.278400 2337.232000 1445.585600 1.000000
2404.048000 1493.206400 2337.952000 1454.392000 1.000000
2401.888000 1395.264000 2339.536000 1352.534400 1.000000
2410.320000 1567.190400 2340.400000 1529.750400 1.000000
2399.728000 1309.041600 2341.536000 1266.784000 1.000000
2408.624000 1507.182400 2341.552000 1470.064000 1.000000
2410.464000 1478.195200 2343.728000 1440.648000 1.000000
2406.976000 1395.968000 2345.232000 1353.681600 1.000000
2414.112000 1502.716800 2346.976000 1465.798400 1.000000
2418.000000 1576.740800 2347.568000 1539.998400 1.000000
2407.248000 1297.696000 2349.200000 1257.246400 1.000000
2421.088000 1594.292800 2349.376000 1558.163200 1.000000
2423.536000 1565.521600 2353.408000 1529.950400 1.000000
2421.872000 1530.584000 2355.120000 1498.694400 1.000000
2434.064000 1758.704000 2355.328000 1719.584000 1.000000
2420.816000 1459.979200 2356.352000 1421.939200 1.000000
2417.312000 1372.728000 2356.688000 1330.825600 1.000000
2417.776000 1303.755200 2359.440000 1263.030400 1.000000
2424.816000 1465.688000 2360.096000 1426.236800 1.000000
2429.728000 1553.480000 2360.096000 1518.304000 1.000000
2425.856000 1375.478400 2365.744000 1334.856000 1.000000
2427.424000 1348.227200 2367.792000 1307.372800 1.000000
2439.696000 1558.270400 2370.544000 1523.841600 1.000000
2428.752000 1300.896000 2371.456000 1262.348800 1.000000
2435.280000 1409.622400 2372.464000 1370.790400 1.000000
2442.336000 1548.550400 2373.184000 1514.500800 1.000000
2441.728000 1530.841600 2373.456000 1495.705600 1.000000
2440.064000 1486.974400 2374.176000 1451.396800 1.000000
2444.736000 1548.556800 2375.264000 1514.644800 1.000000
2437.520000 1381.246400 2376.176000 1342.134400 1.000000
2436.080000 1325.929600 2377.968000 1286.020800 1.000000
2449.248000 1564.547200 2379.152000 1530.940800 1.000000
2440.000000 1396.009600 2379.344000 1356.900800 1.000000
2450.512000 1535.971200 2381.968000 1502.422400 1.000000
2452.432000 1507.064000 2385.472000 1472.328000 1.000000
2450.848000 1472.083200 2385.696000 1436.795200 1.000000
2446.736000 1374.350400 2386.512000 1336.366400 1.000000
2455.088000 1522.915200 2387.552000 1489.147200 1.000000
2450.784000 1418.489600 2387.776000 1381.321600 1.000000
2446.384000 1332.272000 2387.856000 1292.153600 1.000000
2456.848000 1494.273600 2389.408000 1459.483200 1.000000
2457.312000 1478.262400 2391.120000 1443.441600 1.000000
2460.176000 1541.318400 2391.248000 1508.360000 1.000000
2428.336000 1023.310400 2391.632000 929.812800 1.000000
2461.456000 1557.084800 2392.016000 1523.905600 1.000000
2464.640000 1482.710400 2398.432000 1449.259200 1.000000
2456.896000 1334.419200 2398.560000 1295.952000 1.000000
2464.544000 1413.808000 2401.648000 1378.451200 1.000000
2466.000000 1443.283200 2401.648000 1410.137600 1.000000
2467.008000 1367.262400 2406.560000 1330.792000 1.000000
2474.096000 1485.828800 2408.064000 1452.880000 1.000000
2466.384000 1318.912000 2408.624000 1282.654400 1.000000
2476.368000 1459.620800 2411.200000 1426.438400 1.000000
2474.736000 1430.356800 2411.600000 1395.088000 1.000000
2475.984000 1306.960000 2413.088000 1267.433600 1.000000
2479.872000 1477.473600 2414.144000 1445.401600 1.000000
2478.064000 1444.899200 2414.336000 1412.499200 1.000000
2474.240000 1367.387200 2414.560000 1331.798400 1.000000
2477.104000 1408.156800 2415.200000 1373.672000 1.000000
2475.104000 1315.232000 2417.904000 1278.979200 1.000000
2485.936000 1510.267200 2418.624000 1479.065600 1.000000
2485.008000 1463.550400 2419.936000 1431.251200 1.000000
2484.896000 1403.942400 2422.768000 1369.774400 1.000000
2486.224000 1383.481600 2426.048000 1349.417600 1.000000
2490.896000 1450.577600 2426.272000 1420.356800 1.000000
2493.696000 1483.422400 2427.712000 1453.132800 1.000000
2487.328000 1322.392000 2429.680000 1288.187200 1.000000
2492.864000 1427.838400 2429.680000 1396.619200 1.000000
2495.488000 1439.062400 2431.264000 1408.632000 1.000000
2495.248000 1351.980800 2435.808000 1318.699200 1.000000
2498.928000 1411.513600 2436.272000 1380.000000 1.000000
2507.488000 1511.497600 2438.624000 1485.814400 1.000000
2513.952000 1455.902400 2442.576000 1429.803200 1.000000
2509.776000 1470.444800 2443.920000 1442.256000 1.000000
2502.512000 1328.134400 2444.368000 1295.809600 1.000000
2507.472000 1395.758400 2445.376000 1365.795200 1.000000
2507.024000 1387.785600 2445.616000 1356.990400 1.000000
2515.536000 1544.982400 2445.808000 1518.636800 1.000000
2509.792000 1425.142400 2448.224000 1397.347200 1.000000
2516.624000 1404.550400 2453.904000 1375.064000 1.000000
2522.432000 1515.048000 2453.904000 1489.537600 1.000000
2515.360000 1392.728000 2454.256000 1364.307200 1.000000
2523.008000 1497.011200 2456.080000 1470.358400 1.000000
2519.584000 1427.017600 2456.112000 1398.947200 1.000000
2516.064000 1334.284800 2457.360000 1303.636800 1.000000
2523.760000 1455.435200 2458.720000 1429.033600 1.000000
2521.376000 1395.192000 2459.536000 1367.555200 1.000000
2526.000000 1415.876800 2463.520000 1389.054400 1.000000
2527.024000 1423.291200 2464.176000 1396.144000 1.000000
2530.368000 1460.092800 2465.552000 1433.404800 1.000000
2533.744000 1505.950400 2465.568000 1479.496000 1.000000
2528.784000 1391.249600 2467.040000 1364.304000 1.000000
2526.656000 1347.963200 2467.360000 1320.473600 1.000000
2526.672000 1339.529600 2467.456000 1311.544000 1.000000
2531.568000 1427.096000 2468.080000 1400.352000 1.000000
2533.216000 1401.518400 2470.864000 1375.961600 1.000000
2539.904000 1538.283200 2471.008000 1513.782400 1.000000
2535.488000 1437.020800 2471.504000 1411.478400 1.000000
2534.400000 1394.792000 2471.712000 1369.304000 1.000000
2534.560000 1378.401600 2473.328000 1351.952000 1.000000
2536.912000 1430.289600 2473.504000 1404.616000 1.000000
2539.984000 1379.220800 2478.368000 1354.441600 1.000000
2541.136000 1397.494400 2478.912000 1372.755200 1.000000
2539.984000 1336.347200 2481.040000 1309.579200 1.000000
2540.672000 1348.681600 2481.360000 1322.457600 1.000000
2545.696000 1425.270400 2481.792000 1401.281600 1.000000
2549.488000 1511.956800 2481.872000 1488.892800 1.000000
2547.152000 1400.281600 2484.128000 1376.294400 1.000000
2546.080000 1382.891200 2484.768000 1358.616000 1.000000
2549.840000 1436.392000 2485.408000 1412.579200 1.000000
2548.912000 1375.811200 2487.136000 1351.568000 1.000000
2551.696000 1386.462400 2490.016000 1362.200000 1.000000
2553.472000 1403.384000 2491.072000 1380.739200 1.000000
2556.448000 1439.206400 2492.208000 1415.963200 1.000000
2555.776000 1421.369600 2492.432000 1398.632000 1.000000
2555.728000 1378.462400 2494.320000 1355.643200 1.000000
2561.056000 1425.105600 2497.568000 1402.676800 1.000000
2561.584000 1405.340800 2499.232000 1383.564800 1.000000
2567.504000 1426.856000 2503.760000 1405.440000 1.000000
2569.104000 1320.219200 2510.064000 1302.833600 1.000000
2578.096000 1396.734400 2515.904000 1376.609600 1.000000
2583.616000 1412.825600 2521.712000 1392.366400 1.000000
2590.592000 1380.676800 2528.832000 1364.326400 1.000000
2592.192000 1671.264000 2546.608000 1690.672000 1.000000
2621.696000 1392.955200 2558.416000 1378.150400 1.000000
2650.064000 1246.513600 2580.800000 1263.873600 1.000000
2645.872000 1275.579200 2593.760000 1264.564800 1.000000
2611.808000 207.604800 2623.456000 73.340800 1.000000
2686.272000 1204.748800 2649.168000 1178.328000 1.000000
3043.424000 168.384000 3089.440000 34.941600 1.000000
