141.055040 2420.336000 311.824000 1133.881600 1.000000
188.625600 2095.376000 319.217600 842.488000 1.000000
218.475200 2048.736000 348.782400 792.067200 1.000000
228.452800 2086.608000 364.416000 827.700800 1.000000
235.833600 2046.096000 366.657600 787.124800 1.000000
274.489600 2025.952000 398.849600 770.675200 1.000000
273.657600 2054.432000 404.081600 840.024000 1.000000
280.849600 2110.752000 419.017600 815.601600 1.000000
293.313600 2049.728000 421.846400 795.196800 1.000000
235.811200 2694.672000 443.232000 1387.438400 1.000000
261.417600 2687.904000 455.724800 1373.816000 1.000000
337.777600 2096.208000 477.961600 854.400000 1.000000
305.507200 2398.400000 480.192000 1121.155200 1.000000
292.075200 2748.832000 488.625600 1421.816000 1.000000
322.212800 2398.432000 499.710400 1122.720000 1.000000
303.512000 2759.904000 499.859200 1431.913600 1.000000
331.243200 2711.504000 517.772800 1395.057600 1.000000
337.710400 2670.832000 519.497600 1360.792000 1.000000
327.448000 2919.712000 536.260800 1584.964800 1.000000
352.694400 2718.576000 537.649600 1401.030400 1.000000
445.344000 1812.128000 553.120000 599.982400 1.000000
373.920000 2509.600000 558.196800 1291.382400 1.000000
488.097600 1842.944000 593.824000 623.702400 1.000000
548.452800 2573.280000 722.462400 1364.113600 1.000000
711.598400 1785.712000 808.569600 578.352000 1.000000
751.152000 2521.984000 901.056000 1331.980800 1.000000
619.256000 1781.088000 912.953600 588.948800 1.000000
769.422400 2522.304000 921.092800 1334.024000 1.000000
781.547200 2524.432000 929.864000 1338.486400 1.000000
871.235200 2537.152000 1011.436800 1354.803200 1.000000
1010.305600 2422.736000 1132.449600 1252.936000 1.000000
1018.243200 2469.344000 1144.587200 1300.337600 1.000000
1040.000000 2510.032000 1162.529600 1345.619200 1.000000
1081.846400 3005.680000 1196.398400 1695.552000 1.000000
1242.091200 1784.912000 1333.083200 626.211200 1.000000
1335.160000 2445.264000 1340.867200 1307.529600 1.000000
1301.166400 1817.184000 1397.872000 671.076800 1.000000
1405.364800 1804.336000 1496.366400 666.324800 1.000000
1432.819200 1565.193600 1526.796800 301.675200 1.000000
1434.555200 1815.360000 1529.822400 681.108800 1.000000
1447.032000 2023.824000 1537.208000 888.044800 1.000000
1462.968000 2240.896000 1544.208000 1109.086400 1.000000
1503.281600 2216.464000 1584.681600 1088.412800 1.000000
1519.281600 2200.864000 1601.856000 1077.233600 1.000000
1615.200000 2427.856000 1610.736000 1315.841600 1.000000
1620.896000 2439.312000 1645.936000 1304.078400 1.000000
1595.206400 1810.688000 1699.504000 689.156800 1.000000
1705.328000 2463.184000 1763.328000 1362.148800 1.000000
1814.000000 2804.048000 1837.728000 1673.920000 1.000000
1801.968000 1431.008000 1941.696000 345.024000 1.000000
2149.024000 3017.312000 1962.176000 1632.416000 1.000000
1816.240000 1153.878400 1992.256000 40.875360 1.000000
1837.824000 1315.017600 1993.744000 226.990400 1.000000
1833.072000 1150.934400 2010.208000 39.761280 1.000000
1851.760000 1151.872000 2032.864000 42.464320 1.000000
1856.640000 1164.531200 2036.624000 57.855040 1.000000
1897.136000 1185.875200 2079.376000 84.336800 1.000000
1903.520000 1135.771200 2090.848000 35.940000 1.000000
1978.352000 1701.056000 2106.688000 1569.732800 1.000000
2089.776000 1563.467200 2225.760000 1472.267200 1.000000
2108.896000 1679.024000 2256.512000 1551.550400 1.000000
2212.784000 2012.336000 2275.552000 1863.216000 1.000000
2242.080000 1975.808000 2307.120000 1838.880000 1.000000
2245.728000 1944.256000 2313.760000 1814.752000 1.000000
2174.112000 1383.841600 2326.320000 1331.547200 1.000000
2259.632000 1895.248000 2332.208000 1777.536000 1.000000
2276.384000 1871.488000 2353.104000 1764.672000 1.000000
2287.328000 1865.616000 2362.128000 1760.384000 1.000000
2285.520000 1891.168000 2369.216000 1764.784000 1.000000
2291.600000 1806.496000 2373.152000 1715.712000 1.000000
2305.072000 1846.992000 2379.824000 1749.648000 1.000000
2226.960000 1328.222400 2385.824000 1291.753600 1.000000
2325.344000 1904.816000 2389.824000 1801.008000 1.000000
2334.416000 1832.960000 2405.904000 1746.512000 1.000000
2276.624000 1449.603200 2412.400000 1426.657600 1.000000
2287.488000 1507.406400 2414.256000 1478.784000 1.000000
2295.600000 1554.336000 2415.616000 1514.312000 1.000000
2353.760000 1877.504000 2418.944000 1785.648000 1.000000
2259.488000 1303.808000 2419.376000 1272.512000 1.000000
2268.560000 1353.481600 2423.072000 1329.716800 1.000000
2273.728000 1303.848000 2434.048000 1277.054400 1.000000
2318.176000 1544.172800 2434.304000 1516.401600 1.000000
2291.792000 1370.308800 2438.464000 1356.076800 1.000000
2311.904000 1442.684800 2445.808000 1428.944000 1.000000
2299.008000 1339.403200 2450.112000 1325.512000 1.000000
2318.816000 1384.033600 2463.632000 1371.240000 1.000000
2357.680000 1544.923200 2471.968000 1527.420800 1.000000
2368.240000 1554.128000 2479.712000 1538.305600 1.000000
2366.544000 1502.252800 2487.152000 1492.843200 1.000000
2372.560000 1507.361600 2492.352000 1498.206400 1.000000
2361.936000 1424.744000 2494.544000 1423.748800 1.000000
2385.776000 1508.545600 2504.560000 1504.308800 1.000000
2398.464000 1518.742400 2511.536000 1519.528000 1.000000
2372.496000 1382.374400 2512.208000 1380.774400 1.000000
2420.576000 1606.256000 2519.776000 1594.171200 1.000000
2394.864000 1457.428800 2520.752000 1457.536000 1.000000
2394.336000 1418.796800 2527.072000 1418.867200 1.000000
2423.728000 1549.387200 2532.064000 1547.273600 1.000000
2403.200000 1380.428800 2542.112000 1389.033600 1.000000
2439.696000 1558.270400 2545.312000 1558.512000 1.000000
2424.816000 1465.688000 2547.840000 1475.521600 1.000000
2415.408000 1317.649600 2551.040000 1356.880000 1.000000
2407.248000 1297.696000 2558.096000 1326.520000 1.000000
2446.912000 1469.420800 2570.208000 1480.894400 1.000000
2463.136000 1467.046400 2580.912000 1487.524800 1.000000
2352.368000 903.099200 2583.776000 836.491200 1.000000
2466.000000 1443.283200 2588.224000 1464.590400 1.000000
2459.888000 1407.504000 2589.520000 1428.521600 1.000000
2474.736000 1430.356800 2599.248000 1455.206400 1.000000
2493.696000 1483.422400 2607.152000 1510.185600 1.000000
2483.008000 1413.545600 2609.024000 1443.540800 1.000000
2488.896000 1422.033600 2614.208000 1453.416000 1.000000
2515.536000 1544.982400 2615.952000 1571.302400 1.000000
2491.568000 1398.796800 2620.144000 1432.040000 1.000000
2475.104000 1315.232000 2621.120000 1354.291200 1.000000
2509.776000 1470.444800 2623.632000 1505.268800 1.000000
2522.432000 1515.048000 2627.184000 1547.515200 1.000000
2523.008000 1497.011200 2632.480000 1531.689600 1.000000
2502.512000 1328.134400 2643.040000 1377.196800 1.000000
2521.376000 1395.192000 2647.904000 1444.968000 1.000000
2521.184000 1371.238400 2653.600000 1423.950400 1.000000
2539.984000 1379.220800 2666.768000 1440.204800 1.000000
2549.840000 1436.392000 2667.600000 1492.084800 1.000000
2556.448000 1439.206400 2672.352000 1496.700800 1.000000
2555.776000 1421.369600 2675.520000 1482.155200 1.000000
2566.528000 1463.817600 2679.392000 1522.928000 1.000000
2571.584000 1393.710400 2694.640000 1464.315200 1.000000
2502.432000 1315.732800 2851.408000 701.030400 1.000000
2704.144000 1109.104000 2864.880000 1329.022400 1.000000
