288.449600 2772.432000 661.062400 358.449600 1.000000
505.401600 2555.888000 852.777600 348.705600 1.000000
642.726400 2530.672000 977.016000 350.041600 1.000000
898.857600 2533.504000 1213.641600 408.043200 1.000000
1008.035200 2512.960000 1315.440000 411.448000 1.000000
1020.713600 2524.864000 1326.446400 426.009600 1.000000
1106.204800 2925.008000 1391.923200 667.206400 1.000000
1122.784000 2918.432000 1406.476800 667.652800 1.000000
1113.382400 2540.480000 1407.116800 460.905600 1.000000
1165.185600 2491.216000 1464.363200 421.961600 1.000000
1185.564800 2501.296000 1480.257600 436.433600 1.000000
1414.531200 2424.848000 1705.696000 374.020800 1.000000
1431.836800 2425.456000 1721.952000 381.867200 1.000000
1523.700800 2870.944000 1760.032000 712.862400 1.000000
1513.296000 2484.880000 1788.992000 491.176000 1.000000
1540.889600 2480.592000 1813.488000 492.891200 1.000000
1503.281600 2216.464000 1827.056000 132.155680 1.000000
1705.328000 2463.184000 1972.800000 508.470400 1.000000
2214.384000 2049.424000 2305.760000 1824.544000 1.000000
2353.472000 1876.992000 2342.176000 1851.536000 1.000000
2222.432000 2096.320000 2414.480000 1429.203200 1.000000
2291.792000 1370.308800 2427.568000 1536.208000 1.000000
2355.552000 1787.232000 2503.280000 1742.416000 1.000000
2446.912000 1469.420800 2521.232000 1679.360000 1.000000
2626.080000 1195.633600 2760.176000 1707.632000 1.000000
2601.648000 1465.230400 3007.520000 1445.308800 1.000000
