3.563904 242.222400 3.452624 2468.048000 1.000000
84.641760 39.596160 300.302400 2482.608000 1.000000
96.386880 56.221440 313.536000 2498.912000 1.000000
132.859520 207.350400 340.465600 2600.512000 1.000000
152.808160 340.062400 343.595200 2708.064000 1.000000
219.792000 261.788800 414.937600 2636.656000 1.000000
259.297600 344.513600 443.003200 2701.504000 1.000000
254.908800 107.995040 464.864000 2508.224000 1.000000
256.731200 64.545440 467.316800 2472.928000 1.000000
324.113600 49.715040 535.644800 2441.568000 1.000000
497.736000 473.241600 718.788800 2256.752000 1.000000
516.153600 480.809600 736.700800 2259.536000 1.000000
518.673600 220.683200 764.331200 2002.224000 1.000000
602.353600 192.417600 840.835200 1954.256000 1.000000
664.222400 222.515200 896.052800 1964.064000 1.000000
688.536000 241.366400 918.716800 1975.872000 1.000000
712.505600 487.475200 924.318400 2216.240000 1.000000
699.219200 196.851200 927.427200 1936.496000 1.000000
725.686400 553.395200 931.472000 2285.472000 1.000000
733.412800 655.249600 932.731200 2392.496000 1.000000
736.520000 546.795200 943.284800 2273.232000 1.000000
725.464000 349.441600 946.038400 2069.248000 1.000000
734.907200 429.844800 950.393600 2147.424000 1.000000
743.390400 520.222400 951.091200 2246.112000 1.000000
721.172800 129.361120 954.155200 1869.904000 1.000000
734.940800 348.192000 954.184000 2065.744000 1.000000
758.332800 468.020800 967.406400 2184.480000 1.000000
768.995200 605.790400 972.313600 2328.048000 1.000000
770.537600 622.329600 972.369600 2346.576000 1.000000
766.030400 462.494400 975.699200 2176.576000 1.000000
750.862400 226.654400 976.195200 1949.168000 1.000000
752.832000 195.577600 977.763200 1924.544000 1.000000
764.548800 361.755200 981.030400 2071.952000 1.000000
781.700800 633.961600 982.270400 2356.720000 1.000000
772.470400 367.745600 988.438400 2076.320000 1.000000
790.657600 633.537600 990.305600 2353.808000 1.000000
790.664000 506.480000 993.696000 2223.856000 1.000000
778.758400 363.307200 994.755200 2069.984000 1.000000
768.134400 96.603840 995.627200 1834.400000 1.000000
772.036800 132.177280 998.956800 1862.080000 1.000000
776.267200 166.721600 999.766400 1894.528000 1.000000
790.548800 422.728000 1001.390400 2127.664000 1.000000
786.121600 364.001600 1001.995200 2069.232000 1.000000
802.233600 643.369600 1008.084800 2359.120000 1.000000
811.800000 635.534400 1010.179200 2349.968000 1.000000
789.118400 83.900480 1013.105600 1822.896000 1.000000
795.257600 146.303040 1017.227200 1872.112000 1.000000
798.936000 164.064000 1019.556800 1888.144000 1.000000
813.102400 397.772800 1025.368000 2096.832000 1.000000
804.161600 41.648480 1027.368000 1785.360000 1.000000
818.608000 461.366400 1028.590400 2163.584000 1.000000
832.020800 546.689600 1034.552000 2252.976000 1.000000
826.112000 382.806400 1037.035200 2083.328000 1.000000
845.852800 516.067200 1049.252800 2219.056000 1.000000
845.275200 386.718400 1052.795200 2086.432000 1.000000
856.072000 611.984000 1054.768000 2314.976000 1.000000
845.044800 177.366400 1059.948800 1893.024000 1.000000
855.084800 460.680000 1061.913600 2155.152000 1.000000
841.555200 153.954080 1062.790400 1867.984000 1.000000
844.883200 20.217760 1064.128000 1762.128000 1.000000
861.750400 521.281600 1064.390400 2219.872000 1.000000
871.436800 508.854400 1072.726400 2207.040000 1.000000
856.793600 38.102400 1073.243200 1776.496000 1.000000
875.628800 578.342400 1074.004800 2276.112000 1.000000
871.824000 501.753600 1076.107200 2196.880000 1.000000
861.513600 192.262400 1076.859200 1903.408000 1.000000
869.644800 313.902400 1078.022400 2006.880000 1.000000
869.364800 284.481600 1079.259200 1979.344000 1.000000
873.843200 424.225600 1079.281600 2114.544000 1.000000
866.419200 147.348160 1080.368000 1862.016000 1.000000
879.566400 437.734400 1084.694400 2126.272000 1.000000
873.683200 177.689600 1088.123200 1887.712000 1.000000
872.977600 82.500800 1089.094400 1809.376000 1.000000
880.822400 308.993600 1089.729600 2001.216000 1.000000
875.411200 50.743040 1089.880000 1784.592000 1.000000
897.177600 446.051200 1102.401600 2134.848000 1.000000
903.817600 564.483200 1102.467200 2257.360000 1.000000
903.774400 524.884800 1102.790400 2216.880000 1.000000
898.080000 320.328000 1103.728000 2009.168000 1.000000
900.787200 338.952000 1105.824000 2028.128000 1.000000
915.329600 686.916800 1108.006400 2381.904000 1.000000
898.761600 70.408000 1109.228800 1797.184000 1.000000
900.212800 45.774560 1111.704000 1775.824000 1.000000
916.804800 531.472000 1115.755200 2220.848000 1.000000
916.888000 312.531200 1122.131200 1998.672000 1.000000
922.961600 300.252800 1126.176000 1986.304000 1.000000
925.950400 425.464000 1126.550400 2109.344000 1.000000
917.195200 24.389920 1126.932800 1753.216000 1.000000
926.092800 389.246400 1127.625600 2074.224000 1.000000
927.232000 370.518400 1129.913600 2055.936000 1.000000
931.840000 380.270400 1133.672000 2064.320000 1.000000
933.219200 361.457600 1135.684800 2043.792000 1.000000
936.201600 419.206400 1136.795200 2097.984000 1.000000
935.345600 326.462400 1138.033600 2011.552000 1.000000
948.774400 713.601600 1140.291200 2403.344000 1.000000
956.243200 604.027200 1141.944000 2283.344000 1.000000
959.200000 686.713600 1151.904000 2371.808000 1.000000
951.585600 303.563200 1153.123200 1987.056000 1.000000
964.001600 740.310400 1157.955200 2433.104000 1.000000
966.163200 580.472000 1161.116800 2262.416000 1.000000
969.745600 502.404800 1166.838400 2175.952000 1.000000
975.168000 579.062400 1169.403200 2257.856000 1.000000
970.584000 183.342400 1171.825600 1875.776000 1.000000
972.376000 244.953600 1172.102400 1930.688000 1.000000
974.204800 192.972800 1173.414400 1883.248000 1.000000
981.310400 629.678400 1174.203200 2307.840000 1.000000
974.251200 233.316800 1174.931200 1919.760000 1.000000
982.241600 585.254400 1176.372800 2262.816000 1.000000
982.577600 233.003200 1180.985600 1919.872000 1.000000
982.638400 254.443200 1183.308800 1938.560000 1.000000
998.502400 608.824000 1189.755200 2284.000000 1.000000
996.649600 193.414400 1194.233600 1880.048000 1.000000
1006.513600 252.809600 1200.470400 1933.184000 1.000000
1011.836800 658.123200 1203.404800 2330.496000 1.000000
1009.265600 57.438240 1204.336000 1768.816000 1.000000
1016.734400 640.942400 1208.422400 2313.200000 1.000000
1014.846400 482.265600 1209.683200 2147.072000 1.000000
1016.752000 909.190400 1210.601600 2613.344000 1.000000
1025.968000 828.699200 1216.430400 2518.528000 1.000000
1027.899200 767.315200 1218.883200 2446.480000 1.000000
1024.424000 203.065600 1220.022400 1885.984000 1.000000
1028.489600 249.825600 1220.225600 1928.992000 1.000000
1029.188800 729.547200 1220.536000 2404.192000 1.000000
1027.331200 517.720000 1220.606400 2186.800000 1.000000
1039.945600 562.510400 1230.366400 2228.976000 1.000000
1038.398400 507.681600 1230.560000 2170.752000 1.000000
1041.894400 477.316800 1232.969600 2135.728000 1.000000
1047.001600 297.329600 1237.166400 1972.128000 1.000000
1046.710400 750.729600 1237.756800 2423.824000 1.000000
1050.014400 763.832000 1242.035200 2438.672000 1.000000
1051.632000 495.710400 1242.862400 2155.680000 1.000000
1053.524800 153.936640 1243.435200 1839.104000 1.000000
1057.820800 828.230400 1248.313600 2509.872000 1.000000
1059.745600 550.979200 1249.395200 2213.296000 1.000000
1060.156800 487.616000 1250.112000 2144.288000 1.000000
1065.680000 861.243200 1253.884800 2548.048000 1.000000
1067.734400 445.564800 1257.979200 2100.992000 1.000000
1074.209600 36.131200 1260.142400 1743.824000 1.000000
1073.857600 249.382400 1261.299200 1922.912000 1.000000
1075.849600 611.268800 1265.529600 2273.664000 1.000000
1077.641600 439.934400 1266.153600 2092.672000 1.000000
1084.030400 145.868480 1270.304000 1830.288000 1.000000
1087.571200 29.983200 1271.041600 1737.232000 1.000000
1087.520000 229.745600 1272.958400 1903.808000 1.000000
1088.352000 100.115040 1273.272000 1793.840000 1.000000
1086.019200 486.198400 1275.294400 2139.632000 1.000000
1089.014400 453.598400 1276.424000 2105.488000 1.000000
1086.147200 575.249600 1276.516800 2231.168000 1.000000
1094.320000 759.505600 1283.043200 2424.176000 1.000000
1097.062400 439.115200 1284.176000 2090.400000 1.000000
1100.928000 168.324800 1284.364800 1848.880000 1.000000
1104.462400 67.679840 1286.243200 1762.592000 1.000000
1106.385600 53.706080 1287.939200 1751.872000 1.000000
1098.320000 881.712000 1288.926400 2562.416000 1.000000
1111.145600 29.718720 1291.606400 1733.968000 1.000000
1109.353600 703.153600 1297.081600 2359.920000 1.000000
1111.099200 601.014400 1298.355200 2255.776000 1.000000
1121.086400 111.952800 1299.032000 1799.376000 1.000000
1111.163200 378.748800 1300.171200 2030.928000 1.000000
1112.561600 573.838400 1300.561600 2227.136000 1.000000
1114.419200 798.115200 1300.665600 2465.056000 1.000000
1115.555200 727.300800 1304.000000 2385.568000 1.000000
1118.939200 543.996800 1306.244800 2194.912000 1.000000
1126.643200 276.792000 1307.880000 1936.480000 1.000000
1117.902400 814.804800 1308.516800 2481.904000 1.000000
1123.652800 606.793600 1309.937600 2258.752000 1.000000
1134.020800 123.436320 1312.964800 1808.640000 1.000000
1135.443200 383.336000 1318.574400 2041.232000 1.000000
1141.297600 112.690560 1319.068800 1798.640000 1.000000
1136.444800 497.995200 1321.398400 2145.312000 1.000000
1146.788800 70.105760 1321.652800 1762.672000 1.000000
1142.204800 312.366400 1322.352000 1976.880000 1.000000
1147.596800 141.009920 1323.166400 1824.320000 1.000000
1137.582400 594.089600 1324.246400 2242.640000 1.000000
1133.331200 817.609600 1324.328000 2485.760000 1.000000
1135.926400 704.088000 1325.011200 2356.592000 1.000000
1152.902400 41.987200 1327.225600 1737.456000 1.000000
1143.622400 515.048000 1328.795200 2162.096000 1.000000
1156.849600 94.923840 1331.428800 1782.496000 1.000000
1145.041600 791.297600 1333.984000 2452.848000 1.000000
1164.470400 114.681760 1337.630400 1799.904000 1.000000
1147.428800 868.627200 1338.449600 2545.504000 1.000000
1189.870400 160.310400 1361.894400 1839.952000 1.000000
1191.476800 921.131200 1380.620800 2598.512000 1.000000
1261.057600 1096.299200 1400.476800 2804.192000 1.000000
1869.296000 1080.222400 2112.112000 2638.048000 1.000000
1903.520000 1135.771200 2155.728000 2736.496000 1.000000
1923.520000 1084.529600 2172.176000 2634.784000 1.000000
2287.488000 1507.406400 2486.224000 1195.483200 1.000000
2318.176000 1544.172800 2527.424000 1209.620800 1.000000
2335.840000 1519.782400 2534.944000 1176.467200 1.000000
2396.160000 1363.694400 2547.040000 1070.004800 1.000000
2276.384000 1871.488000 2583.232000 1467.396800 1.000000
2604.720000 1417.472000 2604.816000 533.028800 1.000000
2355.552000 1787.232000 2608.784000 1744.048000 1.000000
2410.320000 1567.190400 2616.416000 1171.041600 1.000000
2394.720000 1680.944000 2637.312000 1261.249600 1.000000
2461.456000 1557.084800 2659.296000 1146.065600 1.000000
2338.672000 1975.744000 2669.728000 1700.464000 1.000000
