112.192320 2392.752000 327.736000 327.542400 1.000000
91.878400 2249.632000 345.348800 228.067200 1.000000
131.887360 2245.056000 385.953600 244.686400 1.000000
195.408000 2133.344000 421.972800 127.625120 1.000000
235.811200 2694.672000 542.198400 653.763200 1.000000
288.036800 2493.168000 559.860800 483.086400 1.000000
273.228800 2747.760000 570.065600 692.697600 1.000000
498.694400 2384.272000 739.598400 455.368000 1.000000
640.606400 2544.976000 899.425600 683.192000 1.000000
647.307200 2518.048000 907.582400 658.462400 1.000000
679.003200 2526.992000 934.308800 672.313600 1.000000
781.547200 2524.432000 993.116800 682.995200 1.000000
837.704000 2522.864000 1078.601600 695.734400 1.000000
898.857600 2533.504000 1133.875200 715.896000 1.000000
1018.243200 2469.344000 1254.585600 663.088000 1.000000
1106.204800 2925.008000 1310.945600 978.728000 1.000000
1113.382400 2540.480000 1327.240000 759.768000 1.000000
1526.723200 2403.024000 1513.323200 674.950400 1.000000
1620.992000 2466.464000 1620.128000 752.280000 1.000000
1513.296000 2484.880000 1696.144000 774.108800 1.000000
1530.310400 2485.104000 1711.952000 777.668800 1.000000
1471.179200 1976.352000 1714.928000 159.706880 1.000000
1503.281600 2216.464000 1716.656000 450.809600 1.000000
1540.889600 2480.592000 1720.048000 772.123200 1.000000
1557.491200 2187.120000 1775.728000 433.020800 1.000000
1540.249600 1946.240000 1788.128000 140.530400 1.000000
1593.608000 1860.032000 1858.704000 67.156320 1.000000
1705.328000 2463.184000 1875.296000 785.332800 1.000000
1713.216000 2447.568000 1885.008000 772.441600 1.000000
1731.104000 2517.088000 1888.768000 851.088000 1.000000
1718.384000 2396.272000 1898.208000 724.153600 1.000000
1754.080000 2475.216000 1915.488000 803.928000 1.000000
1908.752000 2232.976000 2252.768000 442.620800 1.000000
2292.432000 1891.584000 2329.248000 1770.096000 1.000000
2312.368000 1850.048000 2353.888000 1752.320000 1.000000
2353.472000 1876.992000 2380.176000 1785.360000 1.000000
2287.488000 1507.406400 2409.104000 1529.288000 1.000000
2276.624000 1449.603200 2414.128000 1482.556800 1.000000
2276.480000 1889.184000 2414.400000 1695.600000 1.000000
2311.904000 1442.684800 2447.888000 1489.068800 1.000000
2336.976000 1492.595200 2455.008000 1537.196800 1.000000
2361.936000 1424.744000 2494.672000 1493.963200 1.000000
2394.864000 1457.428800 2514.912000 1530.355200 1.000000
2446.912000 1469.420800 2558.176000 1560.595200 1.000000
2493.696000 1483.422400 2591.280000 1595.355200 1.000000
2352.368000 903.099200 2668.816000 917.176000 1.000000
2621.696000 1392.955200 2714.560000 1618.848000 1.000000
