741.420800 126.695520 941.668800 2738.336000 1.000000
804.161600 41.648480 1000.836800 2644.656000 1.000000
810.283200 125.116160 1004.940800 2714.544000 1.000000
934.774400 280.323200 1116.936000 2836.800000 1.000000
987.225600 149.584640 1165.403200 2692.480000 1.000000
989.824000 195.886400 1168.532800 2734.784000 1.000000
999.048000 168.739200 1178.758400 2710.512000 1.000000
1026.219200 133.201920 1198.532800 2667.952000 1.000000
1051.246400 182.803200 1226.993600 2710.432000 1.000000
1061.152000 101.479680 1230.332800 2633.248000 1.000000
1070.368000 56.960960 1236.118400 2596.256000 1.000000
1073.857600 249.382400 1245.899200 2776.432000 1.000000
1083.376000 125.120480 1250.443200 2650.464000 1.000000
1095.867200 35.619040 1257.142400 2572.672000 1.000000
1087.337600 240.857600 1258.528000 2764.304000 1.000000
1106.385600 53.706080 1267.233600 2583.008000 1.000000
1111.145600 29.718720 1270.441600 2563.392000 1.000000
1092.196800 422.798400 1271.660800 2950.784000 1.000000
1110.939200 70.363360 1272.628800 2595.408000 1.000000
1097.062400 439.115200 1276.521600 2968.864000 1.000000
1116.441600 155.715360 1279.417600 2677.712000 1.000000
1108.552000 311.027200 1280.515200 2836.320000 1.000000
1121.222400 58.947200 1280.857600 2584.912000 1.000000
1119.094400 167.414400 1283.027200 2689.216000 1.000000
1110.140800 432.356800 1289.244800 2958.752000 1.000000
1136.748800 99.358400 1296.686400 2619.568000 1.000000
1124.960000 343.232000 1296.806400 2866.496000 1.000000
1141.297600 112.690560 1300.929600 2632.096000 1.000000
1146.788800 70.105760 1302.993600 2591.760000 1.000000
1147.596800 141.009920 1305.166400 2665.152000 1.000000
1133.704000 342.563200 1305.432000 2865.248000 1.000000
1146.825600 155.379360 1306.572800 2677.984000 1.000000
1152.902400 41.987200 1307.404800 2564.016000 1.000000
1142.204800 312.366400 1311.540800 2838.080000 1.000000
1156.849600 94.923840 1313.803200 2615.568000 1.000000
1148.507200 276.448000 1315.339200 2797.536000 1.000000
1170.592000 32.467360 1320.857600 2553.504000 1.000000
1164.470400 114.681760 1321.315200 2630.768000 1.000000
1172.411200 91.224800 1322.097600 2687.440000 1.000000
1176.680000 22.291520 1326.009600 2545.712000 1.000000
2686.272000 1204.748800 2343.328000 784.062400 1.000000
2673.776000 1199.304000 2519.440000 802.659200 1.000000
2214.384000 2049.424000 2535.296000 1297.380800 1.000000
2461.456000 1557.084800 2547.376000 1315.697600 1.000000
2384.032000 1678.704000 2549.696000 1373.548800 1.000000
2566.480000 694.747200 2598.128000 312.878400 1.000000
2358.464000 1790.672000 2603.952000 1503.862400 1.000000
2421.088000 1594.292800 2638.592000 1751.296000 1.000000
2245.440000 2305.648000 2772.368000 1490.476800 1.000000
4023.248000 312.064000 3271.280000 57.008000 1.000000
