747.420800 78.099200 897.865600 2570.336000 1.000000
759.336000 103.251360 907.500800 2587.616000 1.000000
789.118400 83.900480 933.843200 2567.024000 1.000000
793.955200 98.938880 938.470400 2575.152000 1.000000
804.161600 41.648480 950.584000 2525.712000 1.000000
874.673600 407.500800 1002.966400 2864.384000 1.000000
947.004800 412.428800 1073.265600 2852.912000 1.000000
982.638400 254.443200 1109.084800 2678.464000 1.000000
1013.200000 246.646400 1138.083200 2667.712000 1.000000
1028.489600 249.825600 1147.115200 2666.176000 1.000000
1030.617600 369.096000 1153.692800 2788.352000 1.000000
1041.894400 477.316800 1165.190400 2897.248000 1.000000
1047.001600 297.329600 1167.267200 2712.624000 1.000000
948.820800 125.945600 1169.436800 680.681600 1.000000
1083.553600 136.192000 1196.265600 2544.512000 1.000000
1095.867200 35.619040 1204.051200 2457.680000 1.000000
1099.542400 42.810720 1206.691200 2462.352000 1.000000
1089.096000 365.830400 1207.041600 2767.456000 1.000000
1086.019200 486.198400 1208.219200 2897.584000 1.000000
1095.428800 250.889600 1209.552000 2652.880000 1.000000
1106.385600 53.706080 1213.944000 2469.232000 1.000000
1018.342400 72.105120 1214.734400 635.844800 1.000000
1116.441600 155.715360 1223.876800 2562.528000 1.000000
1111.163200 378.748800 1229.198400 2779.280000 1.000000
1112.030400 455.224000 1231.758400 2854.480000 1.000000
1124.960000 343.232000 1238.480000 2742.352000 1.000000
1132.712000 162.411200 1240.523200 2567.504000 1.000000
1136.748800 99.358400 1241.440000 2505.840000 1.000000
1141.297600 112.690560 1246.246400 2517.136000 1.000000
1146.788800 70.105760 1250.384000 2476.768000 1.000000
1138.532800 294.662400 1250.905600 2692.816000 1.000000
1147.596800 141.009920 1251.696000 2547.904000 1.000000
1146.825600 155.379360 1252.296000 2559.344000 1.000000
1142.204800 312.366400 1253.129600 2714.256000 1.000000
1152.902400 41.987200 1253.555200 2451.136000 1.000000
1150.411200 175.481600 1256.043200 2575.376000 1.000000
1156.849600 94.923840 1259.339200 2500.512000 1.000000
1164.470400 114.681760 1265.764800 2518.224000 1.000000
1166.601600 130.485280 1267.657600 2538.800000 1.000000
1189.870400 160.310400 1288.147200 2561.872000 1.000000
2389.888000 795.078400 2269.712000 1101.403200 1.000000
2686.272000 1204.748800 2514.992000 944.840000 1.000000
2334.416000 1832.960000 2525.600000 1605.920000 1.000000
2366.320000 1881.840000 2550.400000 1384.553600 1.000000
2358.464000 1790.672000 2565.056000 1780.000000 1.000000
2328.416000 1850.048000 2578.816000 1864.960000 1.000000
2319.488000 2015.232000 2610.384000 1718.576000 1.000000
2410.320000 1567.190400 2631.904000 1967.344000 1.000000
2186.160000 2372.896000 2692.480000 2048.912000 1.000000
2245.440000 2305.648000 2703.440000 1896.256000 1.000000
