61.586720 2371.584000 22.007200 2908.416000 1.000000
71.738240 2176.096000 27.407840 2678.896000 1.000000
88.358880 2260.384000 41.724960 2766.368000 1.000000
19.349760 213.164800 61.234080 812.627200 1.000000
93.813440 2239.216000 66.989120 2646.672000 1.000000
37.423200 328.443200 71.180480 916.155200 1.000000
36.416640 192.918400 76.227840 795.859200 1.000000
38.781760 219.481600 79.463040 814.324800 1.000000
42.928640 222.337600 82.298560 821.564800 1.000000
45.712000 286.171200 82.918560 876.708800 1.000000
49.034080 139.144000 90.015680 751.417600 1.000000
64.111520 312.228800 97.788160 897.884800 1.000000
67.475040 52.474400 109.157760 675.056000 1.000000
75.417760 251.507200 109.575520 844.497600 1.000000
154.108480 2177.952000 117.856640 2675.184000 1.000000
86.611360 334.348800 117.888800 917.928000 1.000000
166.344000 2302.336000 118.608480 2811.024000 1.000000
80.611040 60.437280 122.251200 681.209600 1.000000
83.368800 96.317600 122.555680 712.819200 1.000000
89.076800 251.148800 124.547520 843.678400 1.000000
173.670400 2313.280000 129.611200 2826.288000 1.000000
101.012800 167.291200 138.814400 771.264000 1.000000
186.472000 2303.008000 141.634240 2815.216000 1.000000
112.489600 339.822400 142.161920 922.497600 1.000000
188.185600 2418.000000 143.851040 2940.432000 1.000000
106.521600 45.965760 151.039520 668.694400 1.000000
118.188800 192.265600 153.049120 793.294400 1.000000
116.828640 142.730560 155.657920 748.470400 1.000000
115.131680 83.505600 157.270880 699.059200 1.000000
131.267840 329.212800 161.206400 914.902400 1.000000
129.817920 284.902400 162.408000 878.792000 1.000000
196.708800 2105.440000 164.556800 2597.568000 1.000000
200.432000 2110.624000 168.731200 2602.896000 1.000000
132.859520 207.350400 169.092800 806.891200 1.000000
152.808160 340.062400 183.204800 922.006400 1.000000
148.848640 71.420640 188.427200 690.108800 1.000000
228.452800 2086.608000 196.380800 2584.048000 1.000000
235.833600 2046.096000 205.526400 2541.472000 1.000000
184.136000 107.371680 223.897600 715.105600 1.000000
278.577600 2419.712000 232.201600 2952.112000 1.000000
197.691200 119.851840 235.964800 726.859200 1.000000
274.489600 2025.952000 245.280000 2517.328000 1.000000
219.792000 261.788800 248.182400 852.595200 1.000000
215.035200 108.662400 252.928000 716.108800 1.000000
287.072000 2090.096000 257.467200 2586.000000 1.000000
231.811200 223.276800 262.408000 817.108800 1.000000
280.849600 2110.752000 264.486400 2521.552000 1.000000
293.313600 2049.728000 264.694400 2544.288000 1.000000
237.521600 257.116800 266.561600 848.923200 1.000000
236.508800 109.722400 271.910400 716.617600 1.000000
317.409600 2386.320000 278.681600 2909.040000 1.000000
322.212800 2398.432000 281.876800 2926.480000 1.000000
257.584000 362.806400 282.740800 939.472000 1.000000
259.297600 344.513600 284.299200 923.601600 1.000000
323.273600 2414.224000 286.161600 2942.224000 1.000000
253.494400 210.300800 286.712000 803.363200 1.000000
256.731200 64.545440 290.460800 678.916800 1.000000
330.332800 2372.656000 294.102400 2892.864000 1.000000
277.505600 327.208000 301.787200 911.190400 1.000000
278.384000 262.950400 305.977600 852.144000 1.000000
281.924800 383.328000 306.524800 957.369600 1.000000
278.332800 201.172800 308.496000 793.780800 1.000000
281.078400 183.612800 310.203200 781.614400 1.000000
337.777600 2096.208000 310.385600 2585.808000 1.000000
281.235200 160.265600 313.073600 760.283200 1.000000
287.963200 308.382400 314.707200 890.614400 1.000000
283.041600 88.285920 315.299200 699.177600 1.000000
295.675200 388.745600 318.665600 963.732800 1.000000
298.593600 241.782400 325.744000 832.523200 1.000000
354.588800 2146.096000 329.644800 2635.184000 1.000000
303.899200 183.068800 331.713600 780.976000 1.000000
312.060800 312.512000 339.056000 893.526400 1.000000
445.344000 1812.128000 432.580800 2265.904000 1.000000
379.193600 106.184960 435.123200 570.515200 1.000000
392.276800 268.873600 443.537600 720.473600 1.000000
406.104000 159.336000 460.236800 614.793600 1.000000
491.172800 2502.640000 462.920000 2997.488000 1.000000
417.558400 268.918400 467.161600 717.940800 1.000000
417.928000 292.777600 467.171200 740.764800 1.000000
486.836800 1865.344000 469.364800 2332.160000 1.000000
418.192000 181.971200 470.390400 635.676800 1.000000
415.433600 74.565760 471.401600 535.686400 1.000000
418.579200 66.029600 475.656000 528.436800 1.000000
425.972800 68.715360 480.707200 529.529600 1.000000
494.656000 1807.120000 481.140800 2269.456000 1.000000
439.032000 428.006400 483.180800 866.328000 1.000000
441.881600 461.560000 484.281600 896.366400 1.000000
441.884800 443.646400 485.377600 879.747200 1.000000
442.785600 390.137600 488.596800 830.424000 1.000000
435.955200 86.385120 491.113600 544.945600 1.000000
439.067200 188.942400 491.393600 639.892800 1.000000
438.420800 67.415520 493.059200 527.496000 1.000000
510.009600 1856.720000 495.395200 2320.480000 1.000000
444.094400 142.622400 498.228800 596.270400 1.000000
456.900800 506.721600 498.417600 941.296000 1.000000
448.731200 193.512000 500.075200 643.068800 1.000000
460.628800 534.188800 500.428800 966.745600 1.000000
448.558400 161.788800 500.830400 613.043200 1.000000
515.668800 1827.344000 502.193600 2284.304000 1.000000
454.547200 298.483200 503.881600 739.974400 1.000000
461.300800 482.928000 504.577600 918.348800 1.000000
454.358400 44.336640 509.928000 504.382400 1.000000
465.091200 324.368000 510.838400 763.358400 1.000000
457.374400 118.051200 511.596800 572.920000 1.000000
467.025600 398.518400 513.088000 833.864000 1.000000
473.668800 565.363200 513.153600 994.953600 1.000000
475.640000 582.417600 514.174400 1012.889600 1.000000
464.486400 199.153600 514.476800 647.468800 1.000000
471.446400 371.884800 515.969600 808.891200 1.000000
466.084800 240.838400 516.384000 684.798400 1.000000
465.913600 57.746880 520.401600 516.257600 1.000000
468.550400 50.158080 523.144000 508.819200 1.000000
468.454400 40.926400 523.582400 499.419200 1.000000
482.027200 516.060800 523.697600 946.217600 1.000000
482.073600 473.699200 524.092800 905.681600 1.000000
474.526400 98.444480 526.665600 553.043200 1.000000
488.307200 579.302400 527.000000 1007.900800 1.000000
473.755200 122.682720 527.131200 574.683200 1.000000
476.630400 75.875840 529.281600 531.875200 1.000000
475.086400 15.777456 529.396800 476.664000 1.000000
480.052800 232.880000 529.793600 676.868800 1.000000
489.980800 403.158400 534.078400 836.873600 1.000000
481.798400 43.236320 536.742400 501.156800 1.000000
496.438400 527.702400 537.172800 957.116800 1.000000
487.296000 222.108800 537.595200 668.252800 1.000000
486.940800 180.236800 537.880000 627.932800 1.000000
504.264000 620.548800 541.252800 1045.209600 1.000000
496.454400 266.808000 545.043200 707.867200 1.000000
500.204800 383.987200 545.427200 819.809600 1.000000
498.008000 296.590400 546.312000 736.348800 1.000000
506.859200 529.080000 548.220800 957.369600 1.000000
498.507200 191.584000 548.556800 638.179200 1.000000
563.425600 1782.288000 550.307200 2242.880000 1.000000
508.868800 497.752000 550.960000 925.979200 1.000000
507.228800 322.788800 554.324800 758.096000 1.000000
507.440000 171.035200 557.622400 616.806400 1.000000
511.806400 263.992000 557.654400 701.780800 1.000000
509.798400 206.654400 558.788800 650.971200 1.000000
519.619200 469.500800 561.697600 901.169600 1.000000
512.747200 167.744000 562.564800 613.744000 1.000000
516.184000 186.204800 564.753600 630.872000 1.000000
516.700800 224.456000 564.920000 668.606400 1.000000
524.358400 459.732800 566.859200 886.393600 1.000000
518.673600 220.683200 568.416000 662.155200 1.000000
516.998400 78.196480 569.265600 531.275200 1.000000
517.712000 52.844960 571.214400 507.604800 1.000000
535.091200 592.232000 572.780800 1015.481600 1.000000
539.292800 528.940800 576.544000 954.801600 1.000000
527.836800 186.566400 576.982400 630.091200 1.000000
537.169600 490.105600 577.755200 918.947200 1.000000
531.464000 281.432000 578.867200 719.952000 1.000000
539.636800 554.195200 578.875200 980.350400 1.000000
535.646400 375.097600 578.881600 808.572800 1.000000
547.260800 692.241600 581.718400 1113.155200 1.000000
530.907200 68.207200 582.980800 523.196800 1.000000
534.289600 201.956800 583.147200 645.334400 1.000000
543.689600 547.040000 583.897600 973.368000 1.000000
549.288000 638.312000 584.608000 1060.329600 1.000000
550.289600 603.372800 585.633600 1025.808000 1.000000
535.688000 143.591680 585.977600 588.984000 1.000000
542.944000 416.120000 586.475200 847.342400 1.000000
544.438400 445.713600 586.652800 875.513600 1.000000
539.088000 239.496000 587.046400 679.768000 1.000000
539.096000 185.060800 588.393600 627.897600 1.000000
541.579200 170.568000 590.025600 614.435200 1.000000
546.990400 388.992000 590.604800 821.566400 1.000000
539.395200 134.056960 590.987200 581.526400 1.000000
539.252800 86.816960 591.299200 536.073600 1.000000
556.499200 656.318400 591.947200 1077.340800 1.000000
559.497600 721.620800 592.372800 1141.566400 1.000000
545.571200 42.907840 594.244800 494.249600 1.000000
548.462400 183.752000 596.222400 626.185600 1.000000
547.193600 109.701600 596.609600 557.705600 1.000000
548.110400 192.208000 596.812800 634.560000 1.000000
552.718400 341.940800 596.987200 774.350400 1.000000
549.990400 159.560000 599.105600 604.441600 1.000000
559.769600 506.852800 600.078400 933.708800 1.000000
550.067200 61.900000 600.656000 515.153600 1.000000
566.139200 652.491200 601.492800 1073.144000 1.000000
562.036800 524.347200 601.600000 950.497600 1.000000
566.484800 595.124800 601.811200 1017.462400 1.000000
567.648000 685.188800 602.024000 1105.896000 1.000000
569.428800 635.064000 605.163200 1056.315200 1.000000
567.457600 618.715200 605.926400 1039.878400 1.000000
568.680000 541.737600 607.664000 965.640000 1.000000
576.668800 713.686400 608.980800 1132.915200 1.000000
566.489600 408.825600 609.182400 839.076800 1.000000
566.560000 377.316800 609.558400 807.804800 1.000000
565.014400 333.420800 610.691200 765.904000 1.000000
562.182400 32.878560 613.288000 486.448000 1.000000
569.577600 254.980800 614.465600 692.107200 1.000000
575.945600 465.472000 615.787200 892.107200 1.000000
568.977600 181.268800 617.737600 623.315200 1.000000
632.588800 1786.208000 619.891200 2244.016000 1.000000
575.153600 202.184000 622.150400 642.454400 1.000000
577.046400 209.164800 622.310400 649.843200 1.000000
581.040000 383.348800 622.609600 812.537600 1.000000
579.521600 374.422400 622.651200 804.014400 1.000000
574.638400 54.392000 624.057600 505.942400 1.000000
583.931200 447.216000 625.035200 873.632000 1.000000
589.505600 569.256000 626.956800 991.305600 1.000000
579.900800 215.323200 628.363200 654.193600 1.000000
584.801600 337.518400 629.208000 770.321600 1.000000
586.433600 424.776000 632.675200 855.793600 1.000000
600.451200 711.411200 632.998400 1128.968000 1.000000
596.030400 492.670400 635.524800 918.228800 1.000000
588.582400 193.771200 635.612800 633.971200 1.000000
605.510400 741.164800 637.417600 1159.504000 1.000000
593.414400 234.572800 639.321600 671.448000 1.000000
591.198400 168.014400 639.667200 610.544000 1.000000
595.964800 243.798400 640.265600 680.676800 1.000000
597.947200 309.116800 641.412800 740.910400 1.000000
596.496000 80.495840 644.420800 530.449600 1.000000
597.731200 187.726400 644.728000 627.828800 1.000000
608.838400 656.158400 644.817600 1073.307200 1.000000
622.086400 780.235200 645.760000 1202.553600 1.000000
605.088000 477.484800 646.198400 900.526400 1.000000
605.531200 435.214400 646.232000 861.121600 1.000000
658.252800 1799.280000 647.180800 2256.192000 1.000000
601.027200 213.235200 647.488000 651.526400 1.000000
604.544000 400.900800 647.537600 828.612800 1.000000
612.841600 581.782400 649.966400 1002.888000 1.000000
612.611200 516.680000 650.755200 939.926400 1.000000
610.104000 422.124800 651.041600 848.515200 1.000000
623.099200 744.878400 652.870400 1162.113600 1.000000
615.136000 262.899200 659.673600 697.944000 1.000000
629.683200 691.899200 660.574400 1110.438400 1.000000
625.150400 526.928000 662.497600 948.555200 1.000000
615.608000 114.883840 664.302400 559.694400 1.000000
619.062400 180.430400 664.651200 619.848000 1.000000
617.158400 90.678720 664.958400 537.064000 1.000000
621.342400 292.531200 665.628800 724.769600 1.000000
621.342400 223.283200 665.969600 659.668800 1.000000
619.782400 49.432640 666.889600 499.678400 1.000000
620.736000 56.673120 668.337600 505.931200 1.000000
636.774400 624.672000 669.230400 1043.425600 1.000000
626.358400 213.486400 671.729600 650.523200 1.000000
639.598400 658.121600 673.536000 1075.012800 1.000000
630.537600 283.222400 674.073600 714.315200 1.000000
645.513600 720.184000 677.494400 1137.236800 1.000000
641.899200 554.712000 679.379200 975.980800 1.000000
646.923200 684.734400 679.449600 1101.774400 1.000000
689.761600 1799.344000 679.644800 2255.520000 1.000000
637.092800 260.473600 679.937600 696.792000 1.000000
691.612800 1781.680000 681.108800 2237.728000 1.000000
640.625600 341.457600 683.478400 770.353600 1.000000
639.888000 220.915200 684.718400 657.603200 1.000000
658.766400 747.107200 684.822400 1159.697600 1.000000
647.033600 521.500800 685.040000 943.104000 1.000000
644.860800 436.958400 685.280000 862.516800 1.000000
655.104000 712.064000 685.347200 1129.465600 1.000000
653.846400 522.339200 690.489600 941.310400 1.000000
652.052800 415.624000 690.795200 840.499200 1.000000
657.686400 693.241600 690.982400 1110.187200 1.000000
662.112000 746.801600 692.339200 1159.723200 1.000000
651.768000 363.067200 693.385600 790.281600 1.000000
655.278400 490.552000 693.572800 913.390400 1.000000
649.592000 293.603200 693.758400 724.131200 1.000000
661.353600 647.529600 694.547200 1064.566400 1.000000
664.243200 666.998400 697.446400 1082.667200 1.000000
711.598400 1785.712000 702.358400 2240.784000 1.000000
660.641600 272.867200 703.747200 703.780800 1.000000
673.848000 701.264000 703.928000 1116.604800 1.000000
659.006400 57.163840 704.208000 504.612800 1.000000
665.550400 336.313600 706.286400 764.862400 1.000000
661.833600 74.946240 706.310400 521.198400 1.000000
663.460800 252.011200 707.067200 685.496000 1.000000
674.006400 565.345600 708.302400 984.219200 1.000000
664.932800 198.142400 708.651200 634.984000 1.000000
678.768000 739.294400 708.788800 1152.331200 1.000000
663.926400 87.917760 710.040000 532.504000 1.000000
672.993600 473.185600 710.364800 895.281600 1.000000
669.465600 378.164800 710.403200 804.969600 1.000000
672.256000 353.820800 713.372800 780.049600 1.000000
670.838400 142.967040 714.353600 582.894400 1.000000
684.585600 650.043200 717.308800 1065.652800 1.000000
683.180800 571.017600 717.656000 989.110400 1.000000
687.059200 704.068800 718.428800 1117.812800 1.000000
687.812800 660.427200 718.702400 1076.393600 1.000000
691.995200 747.524800 721.844800 1160.516800 1.000000
687.268800 599.878400 722.068800 1018.350400 1.000000
680.555200 225.158400 722.264000 659.681600 1.000000
684.440000 383.072000 724.284800 806.851200 1.000000
692.590400 638.190400 724.516800 1053.742400 1.000000
690.219200 576.374400 724.625600 994.198400 1.000000
691.857600 620.638400 724.769600 1036.321600 1.000000
685.320000 201.251200 727.912000 636.692800 1.000000
683.859200 95.441760 728.259200 539.264000 1.000000
686.568000 134.412640 732.334400 577.302400 1.000000
697.681600 560.332800 732.624000 977.177600 1.000000
701.297600 624.828800 734.099200 1040.315200 1.000000
690.777600 64.406240 735.526400 510.708800 1.000000
692.680000 157.426720 735.736000 594.937600 1.000000
697.902400 421.416000 736.465600 843.259200 1.000000
699.451200 432.731200 737.075200 856.240000 1.000000
706.448000 677.716800 737.600000 1091.665600 1.000000
710.176000 794.312000 737.808000 1206.600000 1.000000
699.473600 381.102400 738.241600 804.728000 1.000000
696.176000 169.761600 739.729600 608.006400 1.000000
704.716800 505.619200 739.886400 926.267200 1.000000
699.219200 196.851200 741.185600 634.798400 1.000000
711.137600 665.132800 741.628800 1079.473600 1.000000
707.369600 560.316800 742.211200 977.291200 1.000000
712.016000 623.001600 745.025600 1037.921600 1.000000
709.964800 450.825600 747.067200 872.918400 1.000000
708.254400 423.244800 747.107200 844.089600 1.000000
717.465600 705.852800 747.401600 1118.414400 1.000000
716.280000 737.099200 747.449600 1148.472000 1.000000
713.881600 584.812800 747.958400 1001.409600 1.000000
712.563200 511.427200 747.971200 931.769600 1.000000
712.505600 487.475200 748.478400 907.670400 1.000000
712.105600 369.067200 751.862400 793.214400 1.000000
721.880000 626.412800 754.305600 1040.918400 1.000000
719.737600 477.720000 754.897600 898.401600 1.000000
718.547200 499.606400 755.289600 918.512000 1.000000
728.846400 784.793600 755.987200 1196.104000 1.000000
709.980800 917.734400 756.051200 1351.451200 1.000000
719.195200 462.956800 756.592000 884.785600 1.000000
724.785600 637.374400 757.134400 1051.840000 1.000000
720.235200 386.297600 758.556800 808.948800 1.000000
724.670400 548.502400 758.774400 966.147200 1.000000
727.465600 610.126400 759.616000 1024.584000 1.000000
725.686400 553.395200 760.603200 969.640000 1.000000
733.412800 655.249600 763.185600 1067.555200 1.000000
721.172800 129.361120 763.934400 568.782400 1.000000
722.732800 59.394080 765.865600 504.630400 1.000000
725.976000 252.891200 766.004800 683.019200 1.000000
725.404800 192.244800 766.870400 628.241600 1.000000
730.862400 411.553600 767.576000 834.292800 1.000000
743.412800 775.904000 770.241600 1186.507200 1.000000
736.520000 546.795200 770.404800 962.996800 1.000000
741.883200 680.720000 771.273600 1092.475200 1.000000
734.907200 429.844800 772.201600 850.276800 1.000000
733.644800 375.057600 772.996800 797.272000 1.000000
732.027200 231.915200 773.020800 664.057600 1.000000
741.227200 602.785600 773.550400 1017.228800 1.000000
731.222400 89.264480 774.804800 531.713600 1.000000
734.523200 129.101600 777.001600 567.928000 1.000000
743.390400 520.222400 777.256000 939.054400 1.000000
744.249600 536.646400 778.715200 954.652800 1.000000
750.913600 661.859200 780.777600 1074.086400 1.000000
751.641600 692.718400 781.305600 1103.993600 1.000000
741.420800 126.695520 783.500800 567.043200 1.000000
748.297600 495.123200 783.846400 915.228800 1.000000
759.088000 726.459200 786.369600 1136.920000 1.000000
750.652800 467.196800 788.046400 886.513600 1.000000
749.187200 347.140800 788.385600 771.500800 1.000000
762.150400 776.355200 788.745600 1186.104000 1.000000
748.419200 163.089600 788.940800 599.929600 1.000000
759.680000 713.995200 789.459200 1125.883200 1.000000
754.225600 476.552000 790.889600 895.278400 1.000000
750.862400 226.654400 790.937600 658.665600 1.000000
754.960000 420.716800 791.672000 839.782400 1.000000
752.832000 195.577600 793.353600 630.115200 1.000000
798.492800 1786.976000 793.787200 2237.968000 1.000000
767.480000 757.076800 795.254400 1165.867200 1.000000
754.086400 48.720480 795.748800 494.545600 1.000000
763.396800 484.526400 796.097600 904.656000 1.000000
754.731200 113.795360 796.115200 553.616000 1.000000
761.934400 508.793600 796.131200 927.585600 1.000000
767.673600 706.492800 796.388800 1117.286400 1.000000
757.208000 134.225600 797.404800 573.236800 1.000000
767.388800 653.409600 798.067200 1064.822400 1.000000
765.118400 563.955200 798.472000 979.124800 1.000000
758.056000 59.022720 798.796800 504.033600 1.000000
760.811200 178.660800 801.121600 613.889600 1.000000
764.548800 361.755200 801.924800 784.257600 1.000000
764.380800 203.128000 803.475200 636.704000 1.000000
713.032000 305.155200 806.608000 204.086400 1.000000
768.206400 327.678400 806.641600 751.297600 1.000000
713.369600 312.460800 807.659200 211.974400 1.000000
776.128000 614.916800 808.161600 1028.158400 1.000000
714.310400 293.995200 810.064000 188.798400 1.000000
772.470400 367.745600 810.214400 789.804800 1.000000
777.574400 400.113600 810.412800 822.756800 1.000000
774.150400 334.302400 811.596800 757.924800 1.000000
774.718400 319.915200 811.640000 743.676800 1.000000
781.700800 633.961600 812.249600 1045.409600 1.000000
786.697600 774.105600 812.681600 1182.052800 1.000000
772.036800 132.177280 813.585600 568.464000 1.000000
788.832000 800.809600 813.947200 1208.720000 1.000000
778.256000 421.856000 813.976000 840.400000 1.000000
720.494400 303.508800 814.960000 200.278400 1.000000
790.148800 727.486400 818.161600 1136.361600 1.000000
786.174400 493.089600 818.844800 911.156800 1.000000
788.908800 871.934400 819.900800 1277.638400 1.000000
793.569600 764.408000 820.512000 1171.843200 1.000000
725.438400 321.302400 821.329600 222.132800 1.000000
785.233600 242.113600 821.692800 672.419200 1.000000
790.272000 601.995200 822.516800 1016.315200 1.000000
784.952000 298.236800 822.670400 723.184000 1.000000
790.664000 506.480000 823.998400 923.547200 1.000000
732.806400 291.412800 825.980800 188.628800 1.000000
786.422400 307.124800 826.252800 735.049600 1.000000
792.484800 475.878400 826.318400 894.184000 1.000000
791.369600 357.441600 828.065600 778.840000 1.000000
789.118400 83.900480 828.252800 527.368000 1.000000
790.500800 267.529600 828.745600 695.102400 1.000000
789.692800 166.838400 828.972800 602.201600 1.000000
805.320000 799.776000 830.972800 1207.004800 1.000000
796.115200 339.344000 832.076800 762.849600 1.000000
793.955200 98.938880 833.558400 538.952000 1.000000
808.131200 748.473600 834.414400 1153.952000 1.000000
802.233600 643.369600 834.496000 1054.225600 1.000000
808.979200 555.915200 839.846400 968.673600 1.000000
803.395200 260.161600 840.819200 688.227200 1.000000
811.180800 602.419200 840.844800 1013.246400 1.000000
803.510400 322.086400 841.150400 745.180800 1.000000
811.800000 635.534400 841.236800 1045.622400 1.000000
805.619200 294.209600 843.094400 716.459200 1.000000
807.534400 234.273600 843.932800 664.374400 1.000000
804.161600 41.648480 845.464000 487.771200 1.000000
818.574400 775.686400 845.593600 1183.654400 1.000000
813.102400 397.772800 847.556800 817.254400 1.000000
817.248000 576.236800 848.028800 986.894400 1.000000
822.484800 723.449600 848.524800 1129.792000 1.000000
814.364800 431.684800 849.665600 848.939200 1.000000
821.262400 607.292800 851.616000 1018.536000 1.000000
816.889600 416.628800 851.665600 834.337600 1.000000
816.443200 352.465600 851.902400 772.678400 1.000000
815.324800 245.139200 852.057600 674.758400 1.000000
825.536000 715.420800 852.172800 1122.849600 1.000000
828.011200 801.964800 852.998400 1208.209600 1.000000
828.276800 742.472000 854.836800 1150.584000 1.000000
821.536000 447.072000 855.278400 863.952000 1.000000
823.574400 535.235200 856.086400 947.968000 1.000000
826.227200 588.664000 856.379200 1000.174400 1.000000
824.704000 418.987200 857.075200 838.624000 1.000000
824.843200 370.555200 859.865600 790.956800 1.000000
824.337600 280.243200 859.953600 706.104000 1.000000
823.566400 341.536000 860.084800 764.561600 1.000000
826.112000 382.806400 861.102400 803.467200 1.000000
833.736000 717.592000 861.345600 1125.440000 1.000000
832.020800 546.689600 863.496000 959.654400 1.000000
830.220800 305.124800 866.664000 729.459200 1.000000
838.147200 573.337600 868.270400 985.576000 1.000000
839.190400 529.404800 870.553600 943.785600 1.000000
839.129600 493.356800 870.563200 908.233600 1.000000
841.366400 624.368000 870.564800 1032.340800 1.000000
835.862400 247.788800 872.256000 675.696000 1.000000
845.590400 681.617600 874.321600 1089.404800 1.000000
840.720000 389.624000 874.940800 809.099200 1.000000
840.768000 286.014400 876.700800 710.806400 1.000000
851.148800 665.673600 877.769600 1072.867200 1.000000
841.555200 153.954080 879.192000 588.163200 1.000000
848.720000 555.929600 879.676800 969.748800 1.000000
844.883200 20.217760 881.532800 467.772800 1.000000
844.580800 264.558400 881.737600 690.731200 1.000000
851.384000 557.174400 882.342400 968.129600 1.000000
850.726400 413.553600 883.051200 829.617600 1.000000
847.817600 142.841600 884.508800 578.406400 1.000000
856.072000 611.984000 884.606400 1021.569600 1.000000
857.083200 625.892800 885.691200 1034.065600 1.000000
855.084800 460.680000 886.792000 876.176000 1.000000
857.971200 547.894400 887.209600 959.806400 1.000000
851.422400 98.790560 888.214400 538.225600 1.000000
856.216000 313.028800 889.947200 736.124800 1.000000
863.507200 634.604800 891.251200 1042.830400 1.000000
861.750400 521.281600 892.316800 936.067200 1.000000
868.027200 726.884800 892.779200 1132.387200 1.000000
864.232000 592.948800 893.016000 1002.587200 1.000000
863.345600 541.456000 893.747200 954.019200 1.000000
860.086400 326.756800 893.961600 748.857600 1.000000
867.182400 659.008000 895.441600 1066.699200 1.000000
868.049600 620.510400 897.177600 1028.771200 1.000000
867.785600 440.121600 899.524800 854.924800 1.000000
867.718400 416.540800 900.808000 833.232000 1.000000
874.928000 696.976000 901.894400 1104.062400 1.000000
871.824000 501.753600 902.300800 915.528000 1.000000
866.419200 147.348160 902.729600 581.915200 1.000000
869.364800 284.481600 902.846400 707.761600 1.000000
869.644800 313.902400 903.060800 735.430400 1.000000
875.628800 578.342400 903.795200 988.563200 1.000000
873.843200 424.225600 905.337600 840.702400 1.000000
881.846400 747.939200 905.787200 1151.089600 1.000000
872.977600 82.500800 909.540800 523.593600 1.000000
886.369600 738.758400 910.523200 1142.065600 1.000000
882.678400 659.451200 910.721600 1065.264000 1.000000
875.411200 50.743040 910.731200 494.614400 1.000000
883.942400 606.016000 911.846400 1013.625600 1.000000
885.854400 687.201600 912.872000 1092.516800 1.000000
889.987200 826.622400 914.414400 1229.878400 1.000000
890.803200 774.899200 914.753600 1177.561600 1.000000
881.819200 230.918400 915.227200 659.793600 1.000000
883.574400 382.753600 915.492800 803.334400 1.000000
882.988800 93.786240 917.982400 534.155200 1.000000
889.299200 543.800000 918.142400 954.534400 1.000000
894.516800 794.657600 919.211200 1196.668800 1.000000
896.678400 751.492800 921.214400 1154.054400 1.000000
894.392000 461.968000 922.395200 873.763200 1.000000
889.392000 42.859200 924.833600 486.534400 1.000000
890.681600 54.375040 925.182400 498.206400 1.000000
896.318400 381.609600 927.044800 798.902400 1.000000
895.820800 249.363200 927.864000 675.329600 1.000000
904.688000 768.528000 928.662400 1171.537600 1.000000
897.177600 446.051200 928.840000 861.110400 1.000000
904.097600 663.414400 928.889600 1067.355200 1.000000
895.681600 49.988320 930.129600 493.440000 1.000000
898.080000 320.328000 930.384000 742.315200 1.000000
900.460800 443.220800 931.084800 858.507200 1.000000
897.798400 267.084800 931.516800 693.220800 1.000000
903.774400 524.884800 932.227200 937.073600 1.000000
935.441600 1793.232000 933.480000 2238.800000 1.000000
900.212800 45.774560 934.441600 490.001600 1.000000
908.171200 508.529600 936.272000 921.360000 1.000000
903.497600 87.460800 937.288000 527.750400 1.000000
909.510400 491.790400 937.643200 904.180800 1.000000
913.284800 675.073600 937.812800 1079.755200 1.000000
912.254400 628.091200 939.136000 1033.961600 1.000000
911.219200 553.988800 939.139200 963.099200 1.000000
906.620800 215.715200 939.809600 648.128000 1.000000
910.203200 436.081600 940.246400 850.548800 1.000000
915.329600 686.916800 940.313600 1090.739200 1.000000
915.804800 708.312000 940.313600 1111.692800 1.000000
916.804800 531.472000 945.636800 942.936000 1.000000
913.664000 77.054880 946.883200 517.724800 1.000000
915.188800 239.916800 947.912000 666.436800 1.000000
924.198400 781.718400 947.953600 1183.462400 1.000000
917.976000 512.283200 948.144000 924.524800 1.000000
923.390400 722.184000 948.185600 1124.513600 1.000000
920.905600 477.009600 949.262400 889.246400 1.000000
915.324800 121.452640 949.665600 558.496000 1.000000
929.424000 850.318400 949.900800 1250.014400 1.000000
920.924800 438.396800 950.920000 851.203200 1.000000
926.224000 641.464000 951.971200 1046.372800 1.000000
929.294400 743.961600 952.358400 1146.302400 1.000000
928.425600 698.956800 952.684800 1101.164800 1.000000
927.848000 614.500800 953.611200 1021.660800 1.000000
922.961600 300.252800 953.820800 722.817600 1.000000
925.950400 425.464000 956.100800 840.454400 1.000000
926.092800 389.246400 956.894400 807.044800 1.000000
928.808000 447.644800 957.441600 860.062400 1.000000
927.812800 242.476800 960.603200 667.630400 1.000000
933.608000 540.486400 961.553600 950.977600 1.000000
931.840000 380.270400 962.288000 799.128000 1.000000
933.219200 361.457600 963.214400 779.798400 1.000000
936.201600 419.206400 964.352000 833.020800 1.000000
939.182400 621.849600 965.280000 1027.764800 1.000000
935.345600 326.462400 965.651200 747.166400 1.000000
932.832000 85.520800 966.932800 526.011200 1.000000
936.059200 106.403840 967.712000 543.352000 1.000000
942.283200 358.556800 969.014400 776.478400 1.000000
946.617600 759.297600 969.790400 1161.184000 1.000000
946.420800 741.508800 969.870400 1142.854400 1.000000
956.243200 604.027200 970.529600 1003.190400 1.000000
948.774400 713.601600 971.676800 1115.808000 1.000000
952.430400 830.542400 973.385600 1228.385600 1.000000
950.929600 730.232000 973.764800 1130.985600 1.000000
942.216000 127.012960 974.868800 561.825600 1.000000
947.665600 479.910400 975.318400 891.600000 1.000000
956.648000 764.851200 978.433600 1165.409600 1.000000
951.585600 303.563200 982.195200 725.102400 1.000000
959.200000 686.713600 982.713600 1088.628800 1.000000
954.768000 426.464000 983.462400 839.795200 1.000000
954.171200 277.345600 984.360000 700.425600 1.000000
953.273600 218.508800 984.491200 645.713600 1.000000
954.848000 203.723200 984.828800 631.488000 1.000000
957.256000 522.102400 985.598400 933.436800 1.000000
956.452800 245.396800 986.316800 671.259200 1.000000
966.014400 813.368000 987.252800 1211.656000 1.000000
957.732800 97.998560 988.739200 535.536000 1.000000
963.225600 132.068800 993.758400 566.356800 1.000000
970.905600 751.369600 993.856000 1152.040000 1.000000
969.745600 502.404800 996.635200 912.089600 1.000000
968.252800 216.454400 998.105600 643.726400 1.000000
980.867200 850.372800 999.862400 1247.857600 1.000000
975.345600 573.398400 999.878400 980.456000 1.000000
970.584000 183.342400 999.974400 612.780800 1.000000
980.472000 780.214400 1002.921600 1179.486400 1.000000
974.251200 233.316800 1003.004800 659.688000 1.000000
974.204800 192.972800 1003.624000 621.980800 1.000000
981.310400 629.678400 1003.840000 1033.734400 1.000000
979.118400 395.393600 1005.712000 811.051200 1.000000
987.102400 811.281600 1006.724800 1208.723200 1.000000
985.448000 763.219200 1007.964800 1163.128000 1.000000
995.115200 1064.224000 1010.454400 1455.480000 1.000000
987.232000 697.208000 1010.608000 1096.961600 1.000000
985.612800 431.020800 1011.470400 842.616000 1.000000
987.801600 538.700800 1011.529600 947.323200 1.000000
982.577600 233.003200 1011.750400 659.683200 1.000000
982.638400 254.443200 1012.449600 679.464000 1.000000
996.968000 831.040000 1016.960000 1227.470400 1.000000
989.355200 52.468000 1019.323200 495.952000 1.000000
997.470400 673.209600 1021.216000 1073.673600 1.000000
998.502400 608.824000 1021.732800 1013.315200 1.000000
998.371200 586.038400 1024.072000 992.310400 1.000000
998.091200 270.161600 1026.321600 693.692800 1.000000
999.848000 294.240000 1027.052800 716.155200 1.000000
1003.422400 409.737600 1029.547200 823.728000 1.000000
1005.828800 518.145600 1030.638400 926.676800 1.000000
1011.836800 658.123200 1034.257600 1058.198400 1.000000
1008.051200 285.392000 1034.513600 707.457600 1.000000
1016.752000 909.190400 1035.606400 1304.680000 1.000000
1009.811200 367.724800 1035.974400 785.817600 1.000000
1009.265600 57.438240 1036.020800 498.278400 1.000000
1017.150400 690.934400 1037.651200 1092.808000 1.000000
1014.028800 391.830400 1039.392000 806.072000 1.000000
1014.544000 283.926400 1040.737600 706.212800 1.000000
1017.089600 523.651200 1041.542400 930.632000 1.000000
1019.710400 619.691200 1041.592000 1022.587200 1.000000
1021.571200 883.406400 1042.136000 1278.619200 1.000000
1021.108800 547.316800 1043.744000 953.628800 1.000000
1023.113600 499.081600 1046.438400 906.960000 1.000000
1018.601600 235.502400 1047.108800 661.344000 1.000000
1019.012800 99.449120 1047.846400 536.416000 1.000000
1024.404800 535.523200 1048.118400 943.249600 1.000000
1029.188800 729.547200 1049.009600 1124.990400 1.000000
1032.689600 779.961600 1050.208000 1176.840000 1.000000
1027.331200 517.720000 1051.612800 924.568000 1.000000
1032.936000 832.198400 1052.142400 1227.710400 1.000000
1033.600000 754.888000 1052.892800 1153.144000 1.000000
1028.489600 249.825600 1053.097600 674.416000 1.000000
1036.872000 884.873600 1054.627200 1278.916800 1.000000
1032.708800 651.113600 1054.835200 1052.808000 1.000000
1034.536000 137.603840 1060.660800 570.728000 1.000000
1038.779200 233.190400 1062.756800 657.504000 1.000000
1037.824000 273.672000 1062.982400 695.953600 1.000000
1041.200000 547.841600 1063.644800 953.041600 1.000000
1046.300800 781.881600 1065.632000 1178.571200 1.000000
1046.710400 750.729600 1066.897600 1147.835200 1.000000
1049.539200 636.768000 1069.414400 1036.272000 1.000000
1052.305600 801.502400 1069.619200 1196.646400 1.000000
1050.014400 763.832000 1070.574400 1160.350400 1.000000
1050.337600 684.563200 1070.940800 1084.384000 1.000000
1047.001600 297.329600 1071.038400 719.633600 1.000000
1053.654400 733.372800 1072.553600 1129.934400 1.000000
1051.996800 567.716800 1074.097600 973.065600 1.000000
1053.990400 450.892800 1076.846400 860.030400 1.000000
1053.524800 153.936640 1079.148800 582.440000 1.000000
1059.745600 550.979200 1080.008000 955.908800 1.000000
1065.680000 861.243200 1084.056000 1255.230400 1.000000
1061.152000 101.479680 1085.947200 537.936000 1.000000
1063.843200 54.739040 1087.649600 496.534400 1.000000
1070.574400 760.790400 1087.790400 1155.547200 1.000000
1070.910400 817.326400 1087.939200 1210.377600 1.000000
1069.091200 621.324800 1088.035200 1021.443200 1.000000
1066.204800 496.398400 1088.617600 903.214400 1.000000
1069.048000 673.427200 1090.118400 1072.704000 1.000000
1064.774400 217.593600 1090.251200 646.160000 1.000000
1067.734400 445.564800 1090.576000 855.128000 1.000000
1070.654400 600.297600 1090.694400 1003.417600 1.000000
1071.416000 300.515200 1094.859200 720.360000 1.000000
1075.849600 611.268800 1096.060800 1013.945600 1.000000
1076.184000 677.452800 1096.470400 1076.009600 1.000000
1076.566400 661.260800 1096.521600 1059.582400 1.000000
1073.857600 249.382400 1097.372800 673.668800 1.000000
1077.641600 439.934400 1100.075200 848.886400 1.000000
1078.924800 325.520000 1102.859200 743.787200 1.000000
1083.830400 553.926400 1103.371200 958.528000 1.000000
1086.676800 771.811200 1104.483200 1165.830400 1.000000
1080.808000 215.929600 1104.955200 642.280000 1.000000
1083.376000 125.120480 1105.376000 557.707200 1.000000
1086.147200 575.249600 1105.556800 979.057600 1.000000
1084.262400 277.075200 1106.209600 700.976000 1.000000
1085.104000 424.955200 1106.470400 835.787200 1.000000
1086.019200 486.198400 1107.294400 894.579200 1.000000
1088.944000 645.003200 1108.777600 1044.516800 1.000000
1086.206400 107.012800 1109.323200 540.872000 1.000000
1089.275200 518.654400 1110.846400 924.838400 1.000000
1087.571200 29.983200 1111.358400 473.072000 1.000000
1094.320000 759.505600 1111.465600 1153.472000 1.000000
1087.520000 229.745600 1113.081600 654.747200 1.000000
1094.160000 662.553600 1114.195200 1060.729600 1.000000
1098.320000 881.712000 1114.206400 1272.217600 1.000000
1101.870400 914.329600 1115.161600 1303.564800 1.000000
1095.428800 250.889600 1117.203200 674.856000 1.000000
1103.316800 685.867200 1120.272000 1083.712000 1.000000
1099.542400 42.810720 1122.107200 483.913600 1.000000
1099.110400 268.353600 1122.812800 689.609600 1.000000
1109.353600 703.153600 1127.187200 1098.782400 1.000000
1106.385600 53.706080 1128.795200 491.731200 1.000000
1112.030400 455.224000 1130.454400 861.547200 1.000000
1114.419200 798.115200 1130.734400 1190.657600 1.000000
1116.369600 911.486400 1131.795200 1303.196800 1.000000
1111.163200 378.748800 1131.942400 794.308800 1.000000
1113.476800 421.238400 1133.348800 830.462400 1.000000
1113.188800 279.820800 1134.569600 702.481600 1.000000
1118.643200 616.883200 1137.246400 1016.940800 1.000000
1120.992000 886.460800 1137.518400 1276.411200 1.000000
1120.417600 712.571200 1137.832000 1108.283200 1.000000
1118.939200 543.996800 1138.307200 947.187200 1.000000
1119.273600 225.252800 1139.836800 650.611200 1.000000
1124.680000 860.812800 1139.868800 1251.248000 1.000000
1118.443200 440.760000 1140.056000 850.401600 1.000000
1122.308800 754.232000 1140.180800 1147.505600 1.000000
1118.334400 292.942400 1140.835200 711.467200 1.000000
1124.555200 783.342400 1141.392000 1175.809600 1.000000
1121.667200 479.414400 1141.537600 885.348800 1.000000
1121.222400 58.947200 1142.956800 498.244800 1.000000
1125.995200 728.081600 1143.920000 1122.548800 1.000000
1127.697600 490.516800 1145.486400 897.806400 1.000000
1126.936000 644.529600 1146.435200 1043.339200 1.000000
1133.331200 817.609600 1150.248000 1209.603200 1.000000
1134.235200 628.712000 1152.096000 1027.561600 1.000000
1135.926400 704.088000 1152.982400 1099.288000 1.000000
1133.776000 556.609600 1153.864000 959.819200 1.000000
1138.316800 862.673600 1153.952000 1254.056000 1.000000
1134.020800 123.436320 1153.984000 558.016000 1.000000
1137.582400 594.089600 1156.318400 994.032000 1.000000
1145.041600 791.297600 1160.336000 1183.084800 1.000000
1140.684800 228.756800 1160.548800 654.510400 1.000000
1142.204800 312.366400 1161.070400 732.256000 1.000000
1141.297600 112.690560 1161.075200 546.540800 1.000000
1144.187200 629.265600 1161.595200 1030.524800 1.000000
1153.499200 869.656000 1163.500800 1254.091200 1.000000
1146.788800 70.105760 1166.606400 508.035200 1.000000
1163.998400 1050.798400 1167.214400 1437.008000 1.000000
1150.808000 342.211200 1169.982400 761.358400 1.000000
1152.902400 41.987200 1172.275200 481.588800 1.000000
1161.691200 896.142400 1175.857600 1286.990400 1.000000
1156.849600 94.923840 1176.073600 530.808000 1.000000
1164.470400 114.681760 1182.337600 550.654400 1.000000
1230.886400 1093.472000 1219.996800 1478.444800 1.000000
1222.436800 1814.400000 1228.416000 2249.088000 1.000000
1261.057600 1096.299200 1249.604800 1481.081600 1.000000
1277.654400 1786.192000 1275.292800 2218.656000 1.000000
1324.585600 1817.024000 1335.073600 2247.776000 1.000000
1317.134400 2510.128000 1336.718400 2987.344000 1.000000
1412.876800 2462.528000 1437.723200 2932.816000 1.000000
1434.555200 1815.360000 1446.504000 2243.008000 1.000000
1419.708800 2489.536000 1446.972800 2961.440000 1.000000
1441.248000 1716.256000 1448.382400 2174.112000 1.000000
1431.836800 2425.456000 1456.374400 2901.520000 1.000000
1449.993600 2475.344000 1478.635200 2944.320000 1.000000
1471.179200 1976.352000 1485.787200 2417.792000 1.000000
1493.649600 2116.832000 1517.932800 2568.608000 1.000000
1503.281600 2216.464000 1525.889600 2672.048000 1.000000
1508.787200 1977.232000 1526.884800 2418.128000 1.000000
1527.246400 2214.928000 1553.720000 2670.960000 1.000000
1532.558400 2256.096000 1557.648000 2712.576000 1.000000
1540.249600 1946.240000 1558.686400 2382.304000 1.000000
1544.547200 1821.952000 1563.377600 2243.360000 1.000000
1558.979200 1857.472000 1573.569600 2282.960000 1.000000
1557.491200 2187.120000 1583.659200 2640.576000 1.000000
1593.608000 1860.032000 1611.344000 2281.152000 1.000000
1693.008000 2520.512000 1740.720000 2989.168000 1.000000
1705.328000 2463.184000 1752.864000 2921.200000 1.000000
1713.216000 2447.568000 1760.960000 2905.680000 1.000000
1731.104000 2517.088000 1782.048000 2982.224000 1.000000
1740.304000 2346.704000 1783.552000 2785.232000 1.000000
1794.864000 1003.473600 1791.440000 1370.912000 1.000000
1762.320000 2319.184000 1810.496000 2764.832000 1.000000
1820.192000 866.105600 1814.288000 1239.678400 1.000000
1766.336000 2387.008000 1815.456000 2824.544000 1.000000
1801.968000 1431.008000 1815.472000 1806.032000 1.000000
1833.072000 1150.934400 1834.992000 1514.547200 1.000000
1833.584000 1166.220800 1836.848000 1527.937600 1.000000
1837.824000 1315.017600 1845.712000 1681.472000 1.000000
1850.320000 1090.801600 1851.552000 1450.496000 1.000000
1851.760000 1151.872000 1855.424000 1512.460800 1.000000
1856.864000 1030.691200 1857.568000 1393.729600 1.000000
1869.296000 1080.222400 1870.576000 1438.172800 1.000000
1885.088000 1073.355200 1886.192000 1431.385600 1.000000
1899.968000 1080.033600 1899.232000 1436.508800 1.000000
1903.520000 1135.771200 1902.720000 1503.827200 1.000000
1905.184000 1036.396800 1904.672000 1398.265600 1.000000
1908.640000 1061.200000 1908.416000 1420.368000 1.000000
1923.520000 1084.529600 1924.672000 1441.027200 1.000000
2027.088000 676.632000 2008.256000 1042.608000 1.000000
2036.384000 698.652800 2017.520000 1061.800000 1.000000
2074.848000 794.358400 2060.176000 1143.358400 1.000000
1969.072000 1815.776000 2070.384000 1705.744000 1.000000
2086.704000 823.032000 2073.072000 1164.064000 1.000000
1978.352000 1701.056000 2074.096000 1594.297600 1.000000
2084.944000 849.780800 2074.704000 1187.361600 1.000000
1980.368000 2226.368000 2089.280000 2232.208000 1.000000
1991.088000 2227.728000 2101.184000 2231.392000 1.000000
2051.136000 1608.208000 2140.144000 1498.696000 1.000000
2089.776000 1563.467200 2172.304000 1458.600000 1.000000
2080.976000 2090.640000 2187.632000 2026.592000 1.000000
2120.480000 1737.040000 2220.384000 1600.768000 1.000000
2124.688000 1688.816000 2223.840000 1556.864000 1.000000
2115.792000 2245.696000 2232.528000 2222.128000 1.000000
2134.464000 2370.000000 2259.840000 2366.208000 1.000000
2137.440000 2324.176000 2260.240000 2310.576000 1.000000
2137.760000 2360.688000 2262.704000 2355.152000 1.000000
2142.720000 2368.960000 2267.712000 2361.520000 1.000000
2208.128000 1249.406400 2273.808000 1149.572800 1.000000
2153.936000 2382.720000 2280.160000 2376.032000 1.000000
2161.056000 2394.544000 2289.808000 2384.992000 1.000000
2208.624000 1501.024000 2289.888000 1377.772800 1.000000
2169.232000 2359.440000 2295.376000 2344.912000 1.000000
2230.896000 1272.892800 2297.232000 1166.121600 1.000000
2229.488000 1283.436800 2297.712000 1175.376000 1.000000
2176.560000 2206.656000 2298.656000 2151.552000 1.000000
2226.960000 1328.222400 2299.056000 1214.417600 1.000000
2226.272000 1360.163200 2302.176000 1245.336000 1.000000
2169.840000 2396.992000 2302.304000 2383.664000 1.000000
2188.400000 2095.488000 2305.088000 2004.480000 1.000000
2187.536000 2139.936000 2307.248000 2063.184000 1.000000
2232.368000 1426.131200 2308.432000 1303.256000 1.000000
2251.280000 1170.676800 2311.840000 1068.163200 1.000000
2191.232000 2273.216000 2315.472000 2230.976000 1.000000
2238.624000 1455.084800 2317.520000 1327.544000 1.000000
2191.520000 2358.336000 2322.288000 2333.872000 1.000000
2209.072000 2007.520000 2325.328000 1872.016000 1.000000
2259.488000 1303.808000 2327.856000 1189.753600 1.000000
2263.856000 1223.612800 2328.080000 1114.824000 1.000000
2214.384000 2049.424000 2333.280000 1919.696000 1.000000
2202.288000 2348.704000 2333.488000 2319.296000 1.000000
2266.768000 1319.750400 2337.536000 1203.652800 1.000000
2271.760000 1245.624000 2338.128000 1131.990400 1.000000
2259.072000 1422.708800 2338.896000 1289.995200 1.000000
2222.752000 1990.544000 2339.040000 1857.616000 1.000000
2268.560000 1353.481600 2339.216000 1230.692800 1.000000
2219.696000 2032.832000 2339.680000 1899.520000 1.000000
2222.864000 2016.576000 2340.624000 1883.168000 1.000000
2238.592000 1246.798400 2346.096000 1081.964800 1.000000
2281.152000 1232.476800 2346.528000 1119.022400 1.000000
2226.128000 2056.000000 2347.376000 1924.048000 1.000000
2233.904000 1968.416000 2348.480000 1834.272000 1.000000
2233.104000 1996.880000 2349.216000 1862.704000 1.000000
2280.480000 1330.516800 2351.232000 1211.366400 1.000000
2238.832000 1937.824000 2351.584000 1803.008000 1.000000
2276.624000 1449.603200 2357.120000 1315.476800 1.000000
2242.272000 2001.408000 2359.664000 1867.136000 1.000000
2222.688000 2322.416000 2362.784000 2271.888000 1.000000
2243.952000 2066.608000 2366.112000 1934.560000 1.000000
2291.792000 1370.308800 2366.752000 1242.190400 1.000000
2230.336000 2202.688000 2369.216000 2083.216000 1.000000
2263.200000 1911.104000 2374.528000 1774.640000 1.000000
2268.688000 1899.200000 2379.440000 1762.048000 1.000000
2265.024000 1956.544000 2379.664000 1818.832000 1.000000
2270.752000 1919.920000 2382.848000 1781.728000 1.000000
2341.520000 987.147200 2383.360000 922.104000 1.000000
2269.216000 1949.360000 2384.256000 1811.824000 1.000000
2313.488000 1318.956800 2384.560000 1189.142400 1.000000
2270.352000 1958.432000 2385.600000 1820.816000 1.000000
2265.840000 2069.840000 2389.600000 1932.400000 1.000000
2280.464000 1876.624000 2389.776000 1737.984000 1.000000
2276.608000 1933.008000 2390.048000 1794.560000 1.000000
2311.904000 1442.684800 2390.640000 1302.803200 1.000000
2318.816000 1384.033600 2394.224000 1251.278400 1.000000
2283.424000 1949.792000 2397.040000 1811.984000 1.000000
2271.584000 2151.520000 2398.560000 2043.376000 1.000000
2275.072000 2087.664000 2399.248000 1951.584000 1.000000
2275.584000 2102.912000 2399.952000 1971.104000 1.000000
2279.184000 2064.944000 2401.552000 1925.408000 1.000000
2285.200000 1961.840000 2401.712000 1820.672000 1.000000
2328.480000 1359.888000 2402.960000 1228.072000 1.000000
2279.328000 2078.624000 2403.120000 1940.672000 1.000000
2281.312000 2071.360000 2404.432000 1932.640000 1.000000
2299.680000 1887.312000 2410.032000 1746.592000 1.000000
2296.608000 1916.848000 2410.032000 1775.392000 1.000000
2301.712000 1874.352000 2411.568000 1733.296000 1.000000
2289.712000 2058.000000 2412.496000 1918.080000 1.000000
2343.424000 1338.827200 2415.120000 1204.443200 1.000000
2306.320000 1905.968000 2418.048000 1765.200000 1.000000
2313.264000 1808.384000 2418.464000 1665.584000 1.000000
2336.976000 1492.595200 2419.904000 1349.534400 1.000000
2352.800000 1285.646400 2421.536000 1149.686400 1.000000
2332.240000 1818.512000 2437.984000 1673.888000 1.000000
2361.936000 1424.744000 2439.440000 1284.718400 1.000000
2348.912000 1669.040000 2445.152000 1520.251200 1.000000
2380.000000 1356.036800 2453.840000 1216.993600 1.000000
2368.240000 1554.128000 2455.248000 1403.228800 1.000000
2346.272000 1862.624000 2455.440000 1714.336000 1.000000
2353.760000 1877.504000 2464.928000 1725.936000 1.000000
2385.776000 1508.545600 2469.952000 1359.028800 1.000000
2379.632000 1658.448000 2475.776000 1506.139200 1.000000
2407.248000 1297.696000 2475.904000 1154.225600 1.000000
2384.032000 1678.704000 2480.368000 1525.046400 1.000000
2370.208000 1897.456000 2482.704000 1748.144000 1.000000
2398.464000 1518.742400 2484.000000 1364.929600 1.000000
2404.048000 1493.206400 2489.040000 1338.888000 1.000000
2417.312000 1372.728000 2490.768000 1230.032000 1.000000
2381.120000 1874.144000 2491.680000 1723.712000 1.000000
2395.776000 1667.040000 2492.432000 1511.902400 1.000000
2414.112000 1502.716800 2498.800000 1349.504000 1.000000
2391.152000 1851.440000 2500.432000 1698.720000 1.000000
2410.320000 1567.190400 2500.912000 1409.939200 1.000000
2413.312000 1589.164800 2503.328000 1432.518400 1.000000
2378.496000 2096.288000 2503.520000 1970.304000 1.000000
2424.816000 1465.688000 2505.760000 1316.561600 1.000000
2419.760000 1547.857600 2508.032000 1389.620800 1.000000
2421.872000 1530.584000 2509.456000 1374.497600 1.000000
2423.728000 1549.387200 2510.912000 1392.412800 1.000000
2421.088000 1594.292800 2511.328000 1436.622400 1.000000
2437.520000 1381.246400 2511.632000 1234.232000 1.000000
2423.536000 1565.521600 2511.808000 1407.796800 1.000000
2446.384000 1332.272000 2516.624000 1185.056000 1.000000
2429.728000 1553.480000 2517.680000 1396.468800 1.000000
2428.496000 1579.966400 2518.960000 1419.678400 1.000000
2453.376000 1314.120000 2520.640000 1168.470400 1.000000
2440.064000 1486.974400 2523.440000 1331.139200 1.000000
2456.896000 1334.419200 2527.760000 1186.353600 1.000000
2439.696000 1558.270400 2528.080000 1399.123200 1.000000
2450.784000 1418.489600 2528.464000 1267.324800 1.000000
2447.824000 1518.806400 2532.016000 1360.488000 1.000000
2369.456000 2225.968000 2533.408000 2130.064000 1.000000
2456.848000 1494.273600 2539.408000 1335.510400 1.000000
2455.088000 1522.915200 2540.464000 1364.307200 1.000000
2464.544000 1413.808000 2540.928000 1260.742400 1.000000
2463.136000 1467.046400 2544.976000 1309.937600 1.000000
2464.640000 1482.710400 2547.008000 1324.067200 1.000000
2474.736000 1430.356800 2553.264000 1274.336000 1.000000
2481.200000 1346.761600 2554.016000 1193.368000 1.000000
2470.544000 1518.814400 2555.296000 1357.772800 1.000000
2476.368000 1459.620800 2556.736000 1300.900800 1.000000
2486.224000 1383.481600 2560.464000 1228.739200 1.000000
2492.400000 1363.862400 2565.392000 1208.747200 1.000000
2482.384000 1492.828800 2565.760000 1329.849600 1.000000
2485.936000 1510.267200 2570.592000 1347.830400 1.000000
2496.752000 1395.524800 2572.400000 1236.419200 1.000000
2498.464000 1367.648000 2573.136000 1211.308800 1.000000
2495.488000 1439.062400 2574.992000 1277.924800 1.000000
2493.696000 1483.422400 2576.480000 1320.380800 1.000000
2507.472000 1395.758400 2583.792000 1235.272000 1.000000
2509.776000 1470.444800 2591.456000 1303.872000 1.000000
2521.344000 1340.025600 2592.560000 1177.596800 1.000000
2516.624000 1404.550400 2593.248000 1240.422400 1.000000
2513.952000 1455.902400 2594.704000 1288.555200 1.000000
2522.800000 1378.104000 2596.096000 1214.632000 1.000000
2520.336000 1415.582400 2597.520000 1250.304000 1.000000
2519.584000 1427.017600 2598.128000 1262.064000 1.000000
2523.232000 1386.841600 2598.688000 1221.284800 1.000000
2528.784000 1391.249600 2604.128000 1224.729600 1.000000
2521.376000 1483.684800 2604.288000 1314.660800 1.000000
2527.024000 1423.291200 2605.024000 1255.859200 1.000000
2526.448000 1442.504000 2606.304000 1276.033600 1.000000
2523.008000 1497.011200 2606.304000 1328.368000 1.000000
2530.896000 1408.950400 2607.200000 1240.867200 1.000000
2522.432000 1515.048000 2607.264000 1345.083200 1.000000
2529.200000 1435.284800 2608.448000 1267.400000 1.000000
2531.568000 1427.096000 2610.112000 1258.284800 1.000000
2534.400000 1394.792000 2610.256000 1226.758400 1.000000
2530.368000 1460.092800 2611.360000 1289.723200 1.000000
2535.984000 1412.344000 2612.976000 1243.017600 1.000000
2531.696000 1474.192000 2614.352000 1305.416000 1.000000
2538.784000 1404.508800 2614.592000 1236.011200 1.000000
2543.024000 1372.974400 2617.296000 1203.574400 1.000000
2547.152000 1400.281600 2622.864000 1229.537600 1.000000
2548.464000 1418.558400 2626.288000 1246.041600 1.000000
2539.904000 1538.283200 2626.816000 1364.043200 1.000000
2549.840000 1436.392000 2628.816000 1262.923200 1.000000
2555.776000 1421.369600 2633.408000 1247.148800 1.000000
2556.608000 1413.449600 2633.680000 1239.792000 1.000000
2549.488000 1511.956800 2633.920000 1337.825600 1.000000
2553.648000 1446.432000 2634.288000 1272.108800 1.000000
2561.632000 1381.926400 2636.576000 1208.363200 1.000000
2569.104000 1320.219200 2637.680000 1148.345600 1.000000
2561.056000 1425.105600 2639.600000 1249.304000 1.000000
2565.600000 1391.484800 2641.248000 1216.880000 1.000000
2568.416000 1378.193600 2642.768000 1203.731200 1.000000
2565.696000 1434.481600 2644.752000 1257.702400 1.000000
2567.504000 1426.856000 2646.432000 1249.856000 1.000000
2567.856000 1418.220800 2647.072000 1241.801600 1.000000
2571.584000 1393.710400 2647.760000 1217.795200 1.000000
2566.528000 1463.817600 2648.144000 1286.577600 1.000000
2571.984000 1403.270400 2648.976000 1226.547200 1.000000
2590.592000 1380.676800 2665.472000 1200.656000 1.000000
2624.352000 1239.110400 2691.760000 1037.016000 1.000000
2636.080000 1245.337600 2704.016000 1040.144000 1.000000
2701.488000 1021.769600 2732.528000 892.905600 1.000000
2733.648000 851.140800 2767.536000 665.195200 1.000000
2774.704000 2388.768000 2875.504000 2244.720000 1.000000
2759.712000 2400.784000 2938.880000 2117.184000 1.000000
3905.728000 50.657440 3746.000000 145.761760 1.000000
3710.160000 2598.384000 3766.736000 2433.856000 1.000000
3906.944000 1003.110400 3910.784000 560.091200 1.000000
