23.555680 305.740800 44.200480 1557.561600 1.000000
67.475040 52.474400 102.255520 1353.556800 1.000000
89.076800 251.148800 111.563680 1510.672000 1.000000
96.386880 56.221440 125.770400 1355.382400 1.000000
116.648320 213.385600 140.560160 1476.340800 1.000000
131.267840 329.212800 144.470400 1570.915200 1.000000
152.808160 340.062400 167.827200 1575.323200 1.000000
219.792000 261.788800 234.600000 1506.833600 1.000000
224.923200 278.912000 240.281600 1522.432000 1.000000
231.811200 223.276800 250.316800 1473.318400 1.000000
257.584000 362.806400 267.404800 1586.952000 1.000000
259.297600 344.513600 267.872000 1572.473600 1.000000
254.908800 107.995040 277.828800 1380.153600 1.000000
281.924800 383.328000 289.315200 1602.064000 1.000000
278.332800 201.172800 295.100800 1449.099200 1.000000
295.675200 388.745600 302.272000 1607.200000 1.000000
445.344000 1812.128000 383.177600 2878.224000 1.000000
379.193600 106.184960 427.048000 1102.619200 1.000000
510.009600 1856.720000 449.953600 2947.040000 1.000000
406.104000 159.336000 452.481600 1140.696000 1.000000
417.928000 292.777600 456.534400 1259.840000 1.000000
439.032000 428.006400 469.902400 1383.412800 1.000000
441.884800 443.646400 472.204800 1398.025600 1.000000
431.464000 224.080000 472.412800 1195.644800 1.000000
439.067200 188.942400 482.017600 1160.177600 1.000000
456.900800 506.721600 483.217600 1457.315200 1.000000
461.300800 482.928000 489.000000 1431.171200 1.000000
459.454400 450.803200 489.009600 1402.089600 1.000000
448.558400 161.788800 491.664000 1133.600000 1.000000
457.374400 118.051200 502.843200 1094.267200 1.000000
461.643200 145.141760 506.961600 1118.316800 1.000000
468.454400 40.926400 516.256000 1024.094400 1.000000
474.526400 98.444480 518.371200 1074.368000 1.000000
476.630400 75.875840 522.128000 1054.064000 1.000000
479.572800 150.706240 522.433600 1119.958400 1.000000
500.558400 507.934400 524.102400 1451.184000 1.000000
497.736000 473.241600 524.320000 1412.945600 1.000000
479.508800 54.716160 525.344000 1037.448000 1.000000
487.296000 222.108800 527.502400 1183.731200 1.000000
500.204800 383.987200 532.606400 1328.652800 1.000000
586.385600 1787.360000 533.299200 2861.184000 1.000000
496.454400 266.808000 534.065600 1221.155200 1.000000
507.584000 474.307200 534.520000 1413.230400 1.000000
498.507200 191.584000 539.374400 1152.403200 1.000000
494.329600 82.946400 541.899200 1050.963200 1.000000
507.228800 322.788800 542.700800 1269.249600 1.000000
519.619200 469.500800 546.918400 1408.683200 1.000000
524.358400 459.732800 551.776000 1400.428800 1.000000
512.747200 167.744000 554.136000 1128.787200 1.000000
518.673600 220.683200 557.532800 1175.710400 1.000000
548.744000 742.252800 558.161600 1674.144000 1.000000
542.331200 610.355200 560.448000 1540.798400 1.000000
539.636800 554.195200 562.249600 1486.676800 1.000000
517.712000 52.844960 563.172800 1027.688000 1.000000
542.264000 566.481600 563.697600 1497.505600 1.000000
543.689600 547.040000 566.486400 1478.721600 1.000000
549.288000 638.312000 566.673600 1567.763200 1.000000
527.836800 186.566400 567.320000 1143.086400 1.000000
544.438400 445.713600 572.995200 1381.595200 1.000000
542.944000 416.120000 573.012800 1353.452800 1.000000
550.448000 526.566400 573.790400 1457.032000 1.000000
550.580800 468.120000 575.952000 1402.640000 1.000000
539.088000 239.496000 577.129600 1188.819200 1.000000
539.096000 185.060800 578.369600 1140.734400 1.000000
541.579200 170.568000 580.428800 1127.012800 1.000000
539.252800 86.816960 581.150400 1052.348800 1.000000
539.395200 134.056960 581.742400 1095.155200 1.000000
632.588800 1786.208000 582.691200 2855.936000 1.000000
569.428800 635.064000 586.235200 1561.094400 1.000000
562.036800 524.347200 586.304000 1454.284800 1.000000
548.462400 183.752000 586.748800 1137.552000 1.000000
568.680000 541.737600 591.582400 1469.364800 1.000000
566.489600 408.825600 595.435200 1343.555200 1.000000
562.182400 32.878560 604.753600 1003.577600 1.000000
568.977600 181.268800 606.782400 1134.348800 1.000000
565.916800 53.804960 607.488000 1022.268800 1.000000
593.105600 656.284800 609.217600 1577.700800 1.000000
583.931200 447.216000 610.464000 1377.056000 1.000000
589.505600 569.256000 610.764800 1493.276800 1.000000
570.675200 77.267040 611.078400 1043.574400 1.000000
603.153600 600.035200 621.667200 1522.153600 1.000000
672.449600 1785.408000 625.116800 2851.152000 1.000000
597.947200 309.116800 628.001600 1244.336000 1.000000
591.198400 168.014400 629.406400 1119.016000 1.000000
597.294400 281.537600 630.619200 1219.320000 1.000000
593.388800 142.992960 631.084800 1095.364800 1.000000
604.544000 400.900800 634.094400 1330.696000 1.000000
612.611200 516.680000 634.268800 1440.366400 1.000000
605.142400 200.193600 640.604800 1145.033600 1.000000
608.560000 263.188800 641.243200 1202.812800 1.000000
631.576000 744.339200 641.939200 1664.720000 1.000000
614.179200 212.088000 648.408000 1154.488000 1.000000
615.608000 114.883840 651.913600 1070.566400 1.000000
639.598400 658.121600 655.104000 1574.980800 1.000000
620.736000 56.673120 658.392000 1018.652800 1.000000
640.580800 602.124800 658.689600 1520.980800 1.000000
630.537600 283.222400 662.043200 1217.732800 1.000000
635.758400 401.337600 662.068800 1329.880000 1.000000
647.033600 521.500800 666.486400 1441.977600 1.000000
711.598400 1785.712000 668.638400 2848.000000 1.000000
637.092800 260.473600 669.318400 1196.995200 1.000000
644.860800 436.958400 670.107200 1360.654400 1.000000
662.112000 746.801600 671.977600 1660.768000 1.000000
639.888000 220.915200 672.697600 1160.656000 1.000000
641.992000 194.350400 675.737600 1138.190400 1.000000
652.052800 415.624000 676.987200 1338.660800 1.000000
655.278400 490.552000 678.211200 1410.601600 1.000000
678.435200 785.708800 682.433600 1702.896000 1.000000
673.848000 701.264000 684.720000 1614.736000 1.000000
673.811200 691.633600 685.206400 1605.328000 1.000000
659.006400 57.163840 693.812800 1013.947200 1.000000
663.460800 252.011200 693.980800 1185.942400 1.000000
661.833600 74.946240 694.700800 1030.260800 1.000000
672.993600 473.185600 695.649600 1392.172800 1.000000
664.932800 198.142400 696.321600 1137.228800 1.000000
663.926400 87.917760 699.412800 1041.065600 1.000000
684.585600 650.043200 699.888000 1562.260800 1.000000
672.256000 353.820800 700.372800 1277.528000 1.000000
672.049600 280.457600 701.604800 1210.460800 1.000000
669.084800 155.085120 703.846400 1100.715200 1.000000
710.176000 794.312000 717.915200 1706.112000 1.000000
688.536000 241.366400 718.884800 1172.171200 1.000000
711.137600 665.132800 722.796800 1574.772800 1.000000
704.716800 505.619200 723.323200 1421.628800 1.000000
692.680000 157.426720 724.196800 1098.576000 1.000000
699.219200 196.851200 727.480000 1133.456000 1.000000
696.176000 169.761600 727.996800 1109.953600 1.000000
708.254400 423.244800 730.380800 1338.780800 1.000000
712.563200 511.427200 731.531200 1425.675200 1.000000
702.304000 144.119040 733.896000 1085.694400 1.000000
705.137600 269.948800 734.046400 1196.835200 1.000000
712.105600 369.067200 736.827200 1286.008000 1.000000
728.846400 784.793600 736.864000 1693.600000 1.000000
721.528000 561.638400 737.953600 1472.492800 1.000000
718.547200 499.606400 738.891200 1412.334400 1.000000
724.785600 637.374400 740.993600 1546.052800 1.000000
725.686400 553.395200 742.270400 1465.260800 1.000000
727.465600 610.126400 742.729600 1518.214400 1.000000
720.235200 386.297600 742.961600 1303.083200 1.000000
733.412800 655.249600 744.190400 1560.091200 1.000000
721.172800 129.361120 751.678400 1070.203200 1.000000
741.883200 680.720000 752.840000 1585.561600 1.000000
730.862400 411.553600 753.235200 1325.107200 1.000000
734.907200 429.844800 756.664000 1341.820800 1.000000
733.644800 375.057600 757.536000 1290.896000 1.000000
742.017600 603.649600 757.713600 1510.561600 1.000000
743.771200 503.236800 760.486400 1413.902400 1.000000
743.390400 520.222400 760.646400 1430.704000 1.000000
744.249600 536.646400 761.200000 1446.998400 1.000000
748.705600 625.592000 762.067200 1531.404800 1.000000
731.222400 89.264480 762.497600 1035.500800 1.000000
739.225600 365.169600 762.753600 1280.785600 1.000000
750.913600 661.859200 763.300800 1565.419200 1.000000
754.225600 476.552000 773.952000 1385.977600 1.000000
748.419200 163.089600 774.051200 1098.232000 1.000000
767.673600 706.492800 776.955200 1609.136000 1.000000
750.862400 226.654400 777.171200 1154.585600 1.000000
752.832000 195.577600 778.652800 1126.961600 1.000000
768.827200 637.976000 779.430400 1540.342400 1.000000
767.388800 653.409600 780.297600 1554.641600 1.000000
765.118400 563.955200 781.035200 1468.852800 1.000000
754.086400 48.720480 782.004800 999.708800 1.000000
757.640000 296.358400 783.020800 1214.876800 1.000000
757.208000 134.225600 783.225600 1072.532800 1.000000
770.537600 622.329600 784.721600 1525.041600 1.000000
764.548800 361.755200 786.822400 1274.745600 1.000000
760.811200 178.660800 787.016000 1111.436800 1.000000
770.347200 471.180800 789.681600 1380.268800 1.000000
776.128000 614.916800 790.411200 1517.406400 1.000000
768.134400 96.603840 795.667200 1038.521600 1.000000
777.574400 400.113600 796.196800 1310.689600 1.000000
774.718400 319.915200 796.331200 1234.912000 1.000000
772.036800 132.177280 799.481600 1067.416000 1.000000
787.515200 445.480000 804.208000 1353.356800 1.000000
790.664000 506.480000 804.510400 1413.979200 1.000000
790.272000 601.995200 804.905600 1504.209600 1.000000
784.635200 330.470400 806.568000 1243.075200 1.000000
784.952000 298.236800 807.726400 1215.278400 1.000000
792.484800 475.878400 809.323200 1381.953600 1.000000
804.020800 809.595200 810.248000 1710.704000 1.000000
793.112000 435.068800 811.014400 1340.897600 1.000000
791.369600 357.441600 813.041600 1267.843200 1.000000
789.118400 83.900480 814.563200 1027.680000 1.000000
789.692800 166.838400 815.747200 1098.041600 1.000000
796.115200 339.344000 816.491200 1251.110400 1.000000
802.233600 643.369600 820.155200 1539.932800 1.000000
808.979200 555.915200 823.120000 1456.107200 1.000000
811.180800 602.419200 824.137600 1501.320000 1.000000
803.510400 322.086400 824.388800 1234.998400 1.000000
805.601600 353.328000 826.723200 1261.660800 1.000000
807.214400 374.705600 826.832000 1282.881600 1.000000
813.102400 397.772800 831.280000 1304.419200 1.000000
828.011200 801.964800 832.988800 1697.600000 1.000000
823.574400 535.235200 837.732800 1435.579200 1.000000
818.608000 461.366400 838.411200 1364.403200 1.000000
821.536000 447.072000 838.779200 1349.588800 1.000000
831.012800 598.620800 843.507200 1495.758400 1.000000
824.337600 280.243200 845.510400 1195.040000 1.000000
832.020800 546.689600 845.545600 1447.280000 1.000000
826.112000 382.806400 845.766400 1288.996800 1.000000
830.220800 305.124800 850.660800 1217.832000 1.000000
847.646400 753.171200 852.739200 1646.512000 1.000000
839.129600 493.356800 854.137600 1396.638400 1.000000
844.867200 605.384000 856.348800 1499.252800 1.000000
851.148800 665.673600 860.152000 1557.264000 1.000000
848.720000 555.929600 861.288000 1455.377600 1.000000
845.275200 386.718400 861.393600 1291.132800 1.000000
841.555200 153.954080 864.944000 1080.760000 1.000000
856.072000 611.984000 867.360000 1504.577600 1.000000
857.083200 625.892800 868.342400 1517.595200 1.000000
849.764800 299.900800 868.932800 1209.654400 1.000000
855.084800 460.680000 870.774400 1359.844800 1.000000
851.422400 98.790560 871.844800 1035.067200 1.000000
863.345600 541.456000 876.451200 1437.760000 1.000000
868.352000 480.289600 880.326400 1378.928000 1.000000
865.204800 378.216000 880.979200 1284.030400 1.000000
866.374400 412.614400 881.515200 1313.193600 1.000000
867.718400 416.540800 881.889600 1317.448000 1.000000
874.928000 696.976000 883.892800 1587.155200 1.000000
871.824000 501.753600 884.318400 1399.275200 1.000000
875.628800 578.342400 886.148800 1471.161600 1.000000
869.364800 284.481600 886.550400 1195.664000 1.000000
866.419200 147.348160 886.600000 1074.816000 1.000000
882.678400 659.451200 892.123200 1545.560000 1.000000
875.515200 362.252800 892.664000 1264.204800 1.000000
883.942400 606.016000 893.267200 1495.990400 1.000000
889.987200 826.622400 893.489600 1716.864000 1.000000
885.854400 687.201600 894.025600 1572.398400 1.000000
875.411200 50.743040 894.840000 994.283200 1.000000
890.803200 774.899200 896.192000 1662.032000 1.000000
901.390400 709.491200 907.961600 1595.112000 1.000000
892.313600 276.320000 908.572800 1186.678400 1.000000
893.624000 112.111840 909.870400 1044.942400 1.000000
897.177600 446.051200 911.875200 1344.172800 1.000000
898.080000 320.328000 912.809600 1225.840000 1.000000
903.774400 524.884800 914.712000 1418.542400 1.000000
903.832000 377.761600 917.603200 1277.377600 1.000000
900.212800 45.774560 917.640000 988.780800 1.000000
912.254400 628.091200 920.966400 1514.526400 1.000000
911.219200 553.988800 921.236800 1446.190400 1.000000
915.329600 686.916800 921.662400 1570.971200 1.000000
916.804800 531.472000 927.392000 1423.139200 1.000000
917.976000 512.283200 928.361600 1405.588800 1.000000
923.390400 722.184000 929.654400 1605.072000 1.000000
917.705600 503.369600 929.724800 1396.617600 1.000000
915.324800 121.452640 931.113600 1050.449600 1.000000
920.905600 477.009600 931.244800 1369.686400 1.000000
916.888000 312.531200 931.504000 1215.643200 1.000000
920.924800 438.396800 931.891200 1332.763200 1.000000
928.425600 698.956800 934.747200 1580.886400 1.000000
922.961600 300.252800 935.846400 1205.928000 1.000000
927.848000 614.500800 936.836800 1501.342400 1.000000
925.950400 425.464000 938.254400 1320.817600 1.000000
927.812800 242.476800 942.667200 1153.960000 1.000000
935.225600 503.955200 942.832000 1395.185600 1.000000
933.608000 540.486400 943.156800 1431.124800 1.000000
933.219200 361.457600 945.292800 1261.824000 1.000000
936.201600 419.206400 946.894400 1312.659200 1.000000
935.345600 326.462400 947.620800 1230.091200 1.000000
942.116800 670.988800 948.641600 1552.734400 1.000000
956.243200 604.027200 954.449600 1483.710400 1.000000
948.774400 713.601600 954.862400 1590.852800 1.000000
952.430400 830.542400 955.624000 1710.288000 1.000000
959.200000 686.713600 964.156800 1566.009600 1.000000
954.768000 426.464000 964.768000 1318.678400 1.000000
953.273600 218.508800 965.435200 1130.673600 1.000000
954.171200 277.345600 966.032000 1184.000000 1.000000
964.104000 723.676800 967.142400 1601.264000 1.000000
954.848000 203.723200 967.342400 1117.420800 1.000000
956.452800 245.396800 967.747200 1154.484800 1.000000
956.924800 339.353600 967.992000 1238.408000 1.000000
957.256000 522.102400 968.606400 1412.372800 1.000000
957.732800 97.998560 970.432000 1029.174400 1.000000
969.702400 469.142400 977.950400 1357.339200 1.000000
971.811200 559.558400 978.078400 1444.937600 1.000000
969.745600 502.404800 979.040000 1389.945600 1.000000
968.252800 216.454400 979.446400 1127.908800 1.000000
970.584000 183.342400 980.632000 1099.747200 1.000000
975.168000 579.062400 980.937600 1463.278400 1.000000
975.036800 492.572800 983.201600 1379.342400 1.000000
974.204800 192.972800 984.736000 1107.145600 1.000000
977.342400 38.948320 986.825600 977.376000 1.000000
976.235200 272.353600 987.499200 1179.416000 1.000000
979.118400 395.393600 988.240000 1289.059200 1.000000
985.612800 431.020800 990.561600 1319.652800 1.000000
987.102400 811.281600 990.705600 1686.160000 1.000000
987.232000 697.208000 992.193600 1572.961600 1.000000
982.577600 233.003200 992.507200 1143.152000 1.000000
982.638400 254.443200 993.857600 1161.640000 1.000000
994.299200 543.273600 997.414400 1426.640000 1.000000
989.355200 52.468000 998.977600 987.988800 1.000000
996.968000 831.040000 1001.553600 1704.560000 1.000000
998.502400 608.824000 1001.982400 1488.723200 1.000000
998.091200 270.161600 1006.084800 1174.000000 1.000000
1003.422400 409.737600 1011.124800 1300.009600 1.000000
1005.432000 151.439040 1013.728000 1068.796800 1.000000
1010.195200 601.244800 1014.662400 1480.840000 1.000000
1009.265600 57.438240 1016.686400 990.449600 1.000000
1009.811200 367.724800 1017.382400 1263.251200 1.000000
1021.340800 873.880000 1021.643200 1745.904000 1.000000
1017.089600 523.651200 1022.312000 1406.472000 1.000000
1019.710400 619.691200 1022.873600 1496.982400 1.000000
1023.825600 893.844800 1024.555200 1766.496000 1.000000
1028.489600 249.825600 1033.129600 1154.856000 1.000000
1030.617600 369.096000 1036.267200 1262.265600 1.000000
1039.945600 562.510400 1043.160000 1440.713600 1.000000
1041.894400 477.316800 1047.051200 1359.256000 1.000000
1049.539200 636.768000 1050.960000 1509.014400 1.000000
1047.001600 297.329600 1052.297600 1196.883200 1.000000
1051.996800 567.716800 1055.312000 1444.392000 1.000000
1053.524800 153.936640 1055.712000 1070.467200 1.000000
1053.990400 450.892800 1056.526400 1331.139200 1.000000
1059.745600 550.979200 1061.710400 1426.968000 1.000000
1065.680000 861.243200 1065.904000 1729.712000 1.000000
1062.576000 473.636800 1065.913600 1352.744000 1.000000
1064.774400 217.593600 1068.225600 1128.459200 1.000000
1067.734400 445.564800 1070.908800 1326.556800 1.000000
1069.048000 673.427200 1071.227200 1542.870400 1.000000
1071.416000 300.515200 1073.492800 1200.811200 1.000000
1074.480000 898.641600 1074.123200 1764.000000 1.000000
1073.070400 459.899200 1075.920000 1340.291200 1.000000
1073.857600 249.382400 1076.076800 1151.033600 1.000000
1076.566400 661.260800 1078.697600 1530.654400 1.000000
1086.206400 107.012800 1084.094400 1026.913600 1.000000
1087.009600 295.660800 1086.780800 1193.401600 1.000000
1086.147200 575.249600 1087.366400 1449.084800 1.000000
1088.944000 645.003200 1089.769600 1514.081600 1.000000
1089.275200 518.654400 1090.681600 1396.014400 1.000000
1093.713600 1084.555200 1092.732800 1947.824000 1.000000
1094.198400 197.262400 1094.484800 1105.401600 1.000000
1098.320000 881.712000 1096.990400 1744.544000 1.000000
1097.062400 439.115200 1097.838400 1319.228800 1.000000
1099.542400 42.810720 1098.150400 972.896000 1.000000
1099.110400 268.353600 1099.017600 1168.803200 1.000000
1101.870400 914.329600 1101.470400 1777.280000 1.000000
1106.385600 53.706080 1103.766400 981.556800 1.000000
1107.120000 440.110400 1107.372800 1318.716800 1.000000
1109.353600 703.153600 1108.836800 1567.374400 1.000000
1110.841600 635.380800 1110.515200 1503.208000 1.000000
1112.030400 455.224000 1111.225600 1331.816000 1.000000
1111.163200 378.748800 1111.449600 1266.840000 1.000000
1114.419200 798.115200 1112.419200 1660.016000 1.000000
1112.561600 573.838400 1113.324800 1445.099200 1.000000
1115.555200 727.300800 1115.510400 1589.764800 1.000000
1116.094400 472.355200 1115.616000 1347.760000 1.000000
1118.643200 616.883200 1117.260800 1484.739200 1.000000
1121.222400 58.947200 1118.028800 985.400000 1.000000
1118.939200 543.996800 1119.246400 1416.564800 1.000000
1120.992000 886.460800 1120.030400 1747.808000 1.000000
1124.560000 309.284800 1122.536000 1202.896000 1.000000
1124.192000 266.019200 1122.649600 1165.729600 1.000000
1122.308800 754.232000 1122.926400 1615.264000 1.000000
1125.995200 728.081600 1124.886400 1589.115200 1.000000
1128.500800 220.408000 1125.646400 1124.204800 1.000000
1127.075200 454.776000 1125.910400 1332.707200 1.000000
1127.697600 490.516800 1126.091200 1365.598400 1.000000
1126.936000 644.529600 1126.752000 1511.241600 1.000000
1130.763200 665.584000 1128.952000 1529.254400 1.000000
1133.331200 817.609600 1132.627200 1678.144000 1.000000
1134.235200 628.712000 1132.804800 1494.646400 1.000000
1138.316800 862.673600 1136.358400 1721.552000 1.000000
1140.684800 228.756800 1136.803200 1133.004800 1.000000
1137.582400 594.089600 1137.288000 1462.580800 1.000000
1147.596800 141.009920 1141.284800 1056.288000 1.000000
1144.187200 629.265600 1141.680000 1496.681600 1.000000
1146.788800 70.105760 1142.316800 992.516800 1.000000
1143.622400 515.048000 1143.505600 1389.328000 1.000000
1152.902400 41.987200 1147.267200 968.091200 1.000000
1156.849600 94.923840 1149.742400 1014.008000 1.000000
1161.691200 896.142400 1155.003200 1760.112000 1.000000
1166.601600 130.485280 1158.782400 1048.627200 1.000000
1203.425600 1097.912000 1171.288000 1957.984000 1.000000
1189.870400 160.310400 1183.344000 1070.430400 1.000000
1261.057600 1096.299200 1225.918400 1953.904000 1.000000
1242.091200 1784.912000 1238.113600 2793.472000 1.000000
1356.801600 1182.923200 1330.468800 2049.344000 1.000000
1833.072000 1150.934400 1835.200000 1953.120000 1.000000
1833.584000 1166.220800 1837.440000 1967.648000 1.000000
1850.320000 1090.801600 1850.112000 1882.192000 1.000000
1851.760000 1151.872000 1856.576000 1950.336000 1.000000
1856.640000 1164.531200 1859.072000 1964.896000 1.000000
1825.440000 1421.176000 1860.576000 2253.584000 1.000000
1869.296000 1080.222400 1868.288000 1867.008000 1.000000
1849.104000 1334.780800 1874.208000 2146.736000 1.000000
1899.968000 1080.033600 1900.352000 1864.528000 1.000000
2051.136000 1608.208000 2155.824000 1483.676800 1.000000
2089.776000 1563.467200 2189.728000 1435.556800 1.000000
2217.296000 1541.438400 2313.888000 1368.027200 1.000000
2281.152000 1232.476800 2329.984000 1106.192000 1.000000
2273.728000 1303.848000 2333.440000 1169.000000 1.000000
2385.264000 802.083200 2347.008000 860.467200 1.000000
2341.520000 987.147200 2349.072000 960.014400 1.000000
2276.624000 1449.603200 2359.344000 1276.852800 1.000000
2305.488000 1331.003200 2369.264000 1172.057600 1.000000
2176.560000 2206.656000 2379.056000 2183.584000 1.000000
2694.592000 964.241600 2383.328000 676.372800 1.000000
2161.056000 2394.544000 2389.344000 2468.528000 1.000000
2348.432000 1274.731200 2402.992000 1101.838400 1.000000
2233.104000 1996.880000 2404.192000 1814.528000 1.000000
2348.912000 1321.809600 2410.288000 1149.620800 1.000000
2318.176000 1544.172800 2416.160000 1355.384000 1.000000
2246.256000 2019.184000 2420.512000 1835.488000 1.000000
2259.488000 1997.712000 2431.216000 1811.632000 1.000000
2268.192000 1944.672000 2431.632000 1753.280000 1.000000
2305.344000 1733.968000 2434.592000 1541.147200 1.000000
2266.976000 1927.520000 2435.856000 1715.920000 1.000000
2278.880000 1919.728000 2438.960000 1727.536000 1.000000
2287.328000 1865.616000 2439.392000 1674.704000 1.000000
2379.200000 1328.496000 2440.912000 1148.545600 1.000000
2380.000000 1356.036800 2446.320000 1175.308800 1.000000
2280.720000 1912.944000 2447.328000 1696.320000 1.000000
2293.936000 1884.784000 2448.832000 1690.272000 1.000000
2265.840000 2069.840000 2452.496000 1878.384000 1.000000
2366.544000 1502.252800 2455.872000 1303.795200 1.000000
2391.008000 1351.336000 2456.544000 1166.153600 1.000000
2184.128000 2313.280000 2464.208000 1941.264000 1.000000
2306.320000 1905.968000 2464.480000 1709.808000 1.000000
2279.184000 2064.944000 2464.688000 1870.336000 1.000000
2332.544000 1804.672000 2474.160000 1601.168000 1.000000
2411.744000 1342.732800 2475.280000 1154.153600 1.000000
2339.824000 1778.304000 2476.208000 1573.987200 1.000000
2394.864000 1457.428800 2476.784000 1257.473600 1.000000
2385.776000 1508.545600 2478.000000 1300.377600 1.000000
2412.352000 1369.408000 2479.744000 1182.251200 1.000000
2417.312000 1372.728000 2485.376000 1183.177600 1.000000
2427.424000 1348.227200 2491.136000 1157.384000 1.000000
2319.488000 2015.232000 2491.424000 1837.792000 1.000000
2398.464000 1518.742400 2492.048000 1301.825600 1.000000
2436.080000 1325.929600 2496.304000 1133.172800 1.000000
2358.464000 1790.672000 2496.352000 1580.222400 1.000000
2319.600000 2029.104000 2500.048000 1827.776000 1.000000
2433.328000 1390.158400 2503.440000 1193.230400 1.000000
2411.936000 1522.105600 2505.648000 1306.702400 1.000000
2446.384000 1332.272000 2506.640000 1136.377600 1.000000
2424.816000 1465.688000 2508.304000 1258.939200 1.000000
2353.760000 1877.504000 2509.296000 1664.720000 1.000000
2410.320000 1567.190400 2512.608000 1345.988800 1.000000
2456.896000 1334.419200 2517.824000 1136.200000 1.000000
2423.728000 1549.387200 2522.304000 1328.078400 1.000000
2440.064000 1486.974400 2528.128000 1269.630400 1.000000
2437.936000 1516.012800 2529.776000 1296.240000 1.000000
2428.064000 1601.904000 2535.568000 1374.281600 1.000000
2439.696000 1558.270400 2540.064000 1331.515200 1.000000
2463.136000 1467.046400 2547.920000 1246.806400 1.000000
2455.088000 1522.915200 2548.400000 1298.787200 1.000000
2441.568000 1608.880000 2549.216000 1375.676800 1.000000
2461.456000 1557.084800 2562.960000 1327.494400 1.000000
2495.168000 1613.856000 2586.128000 1443.054400 1.000000
2521.376000 1395.192000 2591.968000 1161.905600 1.000000
2507.488000 1511.497600 2599.872000 1272.932800 1.000000
2521.376000 1483.684800 2607.856000 1239.337600 1.000000
2468.736000 1726.944000 2609.632000 1441.092800 1.000000
2515.536000 1544.982400 2614.752000 1291.948800 1.000000
2520.784000 1586.174400 2625.376000 1335.800000 1.000000
2530.192000 1562.510400 2630.080000 1309.425600 1.000000
2553.648000 1446.432000 2633.792000 1192.358400 1.000000
2556.448000 1439.206400 2634.560000 1184.097600 1.000000
2539.904000 1538.283200 2635.584000 1281.971200 1.000000
2561.056000 1425.105600 2636.224000 1169.500800 1.000000
2571.584000 1393.710400 2641.200000 1138.769600 1.000000
2567.856000 1418.220800 2642.208000 1160.044800 1.000000
2565.696000 1434.481600 2642.560000 1176.291200 1.000000
2571.984000 1403.270400 2642.592000 1143.878400 1.000000
2567.504000 1426.856000 2643.152000 1168.852800 1.000000
2578.096000 1396.734400 2647.328000 1137.420800 1.000000
2566.528000 1463.817600 2648.656000 1202.139200 1.000000
2590.592000 1380.676800 2657.552000 1118.308800 1.000000
2609.760000 1440.164800 2686.880000 1173.289600 1.000000
2733.648000 851.140800 2699.120000 585.289600 1.000000
2704.960000 1064.686400 2717.616000 698.977600 1.000000
