42.759840 1986.400000 26.482880 736.763200 1.000000
52.704000 1986.032000 36.765120 737.209600 1.000000
52.002560 1992.960000 37.494240 743.678400 1.000000
106.349600 1758.240000 42.889280 476.193600 1.000000
135.623040 1625.664000 42.979360 284.292800 1.000000
63.643520 1981.488000 45.009120 734.516800 1.000000
61.740320 1991.184000 45.894720 743.064000 1.000000
129.225600 1699.840000 49.911040 378.664000 1.000000
65.877760 1996.480000 50.273280 748.283200 1.000000
152.822240 1598.979200 52.065760 249.568000 1.000000
77.328320 1999.888000 62.087520 752.420800 1.000000
80.231520 1984.240000 63.637120 737.836800 1.000000
171.582400 1565.307200 67.240480 205.641600 1.000000
91.241760 1973.360000 71.813280 727.568000 1.000000
88.336800 1993.280000 72.805600 747.852800 1.000000
166.288000 1611.872000 73.964960 267.160000 1.000000
85.729280 2016.688000 74.065600 769.374400 1.000000
97.947040 2008.752000 90.350400 761.265600 1.000000
99.252320 2023.088000 91.634720 774.964800 1.000000
70.901280 2199.856000 93.272000 940.976000 1.000000
215.048000 1492.491200 96.173440 109.463840 1.000000
93.369280 2096.432000 96.394080 849.846400 1.000000
103.341600 2057.184000 98.665600 804.057600 1.000000
106.950880 2040.240000 99.791840 791.884800 1.000000
103.763840 2079.120000 99.903200 824.414400 1.000000
118.000640 2052.912000 110.807520 801.944000 1.000000
27.132800 2495.088000 116.749600 1317.420800 1.000000
131.931840 2009.664000 117.979840 762.342400 1.000000
139.492160 1964.080000 119.160000 721.208000 1.000000
140.273440 1979.056000 122.256480 736.635200 1.000000
212.924800 1624.576000 123.151200 287.601600 1.000000
87.328800 2269.232000 125.376960 1041.680000 1.000000
226.555200 1561.310400 125.819520 204.051200 1.000000
220.579200 1595.987200 126.306560 251.726400 1.000000
136.350240 2022.304000 126.998560 774.596800 1.000000
144.580640 2008.736000 131.880960 761.694400 1.000000
126.060800 2186.144000 142.179840 929.529600 1.000000
169.552000 1964.800000 147.963840 722.451200 1.000000
224.340800 1696.096000 150.728000 379.835200 1.000000
150.162720 2123.376000 151.221440 877.560000 1.000000
152.897760 2099.312000 152.775840 852.910400 1.000000
272.632000 1481.457600 156.918560 97.777600 1.000000
247.712000 1613.600000 157.169600 275.105600 1.000000
279.180800 1517.412800 174.595200 149.566080 1.000000
268.811200 1587.734400 176.931200 243.363200 1.000000
283.102400 1527.654400 178.033600 161.916800 1.000000
271.582400 1610.896000 180.953600 272.988800 1.000000
280.673600 1613.312000 192.769600 277.779200 1.000000
200.843200 2056.880000 202.843200 806.236800 1.000000
314.577600 1490.940800 203.244800 115.811040 1.000000
195.528000 2142.848000 205.332800 883.697600 1.000000
219.897600 2002.432000 206.856000 760.425600 1.000000
126.508320 2535.904000 215.054400 1355.110400 1.000000
317.512000 1577.518400 224.297600 234.281600 1.000000
317.678400 1610.944000 230.868800 276.497600 1.000000
328.377600 1547.827200 231.088000 193.702400 1.000000
317.406400 1722.560000 253.203200 412.323200 1.000000
333.443200 1697.024000 263.856000 387.300800 1.000000
383.232000 1564.356800 292.819200 220.305600 1.000000
384.161600 1571.854400 292.828800 230.704000 1.000000
223.675200 2481.776000 297.028800 1310.702400 1.000000
410.059200 1558.900800 319.763200 217.056000 1.000000
253.411200 2451.536000 320.011200 1284.081600 1.000000
389.390400 1684.768000 320.790400 377.920000 1.000000
390.852800 1704.768000 323.326400 399.784000 1.000000
262.969600 2457.568000 330.547200 1289.806400 1.000000
360.867200 1910.992000 331.753600 643.219200 1.000000
345.526400 2027.600000 331.884800 776.945600 1.000000
398.851200 1708.096000 331.944000 402.960000 1.000000
437.315200 1493.686400 335.560000 127.614880 1.000000
265.043200 2488.384000 337.766400 1319.296000 1.000000
259.664000 2544.400000 339.377600 1366.515200 1.000000
409.920000 1692.656000 341.304000 388.673600 1.000000
283.387200 2436.608000 345.328000 1272.422400 1.000000
267.760000 2558.992000 349.022400 1378.868800 1.000000
282.436800 2475.568000 351.174400 1307.992000 1.000000
288.340800 2468.752000 354.676800 1300.913600 1.000000
321.398400 2296.080000 356.611200 1079.502400 1.000000
430.624000 1675.200000 361.185600 369.683200 1.000000
290.294400 2509.152000 364.035200 1338.296000 1.000000
381.147200 2036.624000 369.875200 775.489600 1.000000
307.750400 2449.616000 371.060800 1285.185600 1.000000
444.521600 1692.656000 376.806400 389.092800 1.000000
444.328000 1708.096000 379.736000 407.848000 1.000000
406.017600 1968.432000 383.688000 702.371200 1.000000
311.348800 2532.496000 386.584000 1357.635200 1.000000
485.192000 1481.484800 386.979200 113.277600 1.000000
339.728000 2463.264000 404.366400 1298.884800 1.000000
339.123200 2546.944000 415.761600 1372.217600 1.000000
344.931200 2570.144000 422.401600 1389.854400 1.000000
511.001600 1562.388800 428.193600 226.452800 1.000000
518.020800 1536.012800 431.320000 190.076800 1.000000
368.619200 2470.960000 431.736000 1307.592000 1.000000
506.472000 1677.568000 439.841600 377.096000 1.000000
443.139200 2118.640000 443.347200 862.385600 1.000000
384.364800 2461.360000 446.534400 1298.302400 1.000000
443.944000 2146.656000 447.520000 888.798400 1.000000
521.310400 1651.568000 452.235200 347.217600 1.000000
387.067200 2507.296000 454.291200 1341.176000 1.000000
459.987200 2103.344000 458.473600 850.302400 1.000000
389.673600 2522.304000 458.934400 1353.427200 1.000000
552.585600 1509.248000 461.075200 157.024960 1.000000
461.616000 2142.960000 466.192000 887.470400 1.000000
550.513600 1566.700800 470.307200 234.524800 1.000000
535.897600 1693.696000 471.467200 398.593600 1.000000
470.004800 2137.136000 472.732800 882.657600 1.000000
552.456000 1587.046400 475.118400 262.089600 1.000000
475.200000 2143.952000 478.304000 889.769600 1.000000
506.243200 1964.288000 483.171200 703.966400 1.000000
549.329600 1710.256000 487.208000 416.934400 1.000000
487.640000 2122.880000 489.318400 870.334400 1.000000
496.358400 2137.856000 497.264000 885.636800 1.000000
503.547200 2081.904000 498.144000 831.755200 1.000000
585.443200 1578.105600 505.568000 252.825600 1.000000
507.499200 2120.128000 507.059200 868.668800 1.000000
522.200000 2061.584000 513.860800 812.243200 1.000000
605.217600 1551.712000 524.726400 218.155200 1.000000
630.368000 1437.878400 534.926400 79.362720 1.000000
619.851200 1523.513600 536.094400 180.809600 1.000000
509.161600 2284.000000 536.420800 1077.262400 1.000000
638.289600 1417.969600 539.729600 62.271520 1.000000
626.731200 1536.304000 544.628800 198.628800 1.000000
651.408000 1425.262400 552.379200 69.907680 1.000000
592.443200 1951.760000 569.395200 699.492800 1.000000
601.222400 1955.344000 576.486400 703.937600 1.000000
558.560000 2242.736000 576.558400 1036.347200 1.000000
647.617600 1680.720000 585.705600 394.756800 1.000000
597.980800 2044.144000 587.161600 803.560000 1.000000
591.425600 2118.864000 587.792000 873.614400 1.000000
666.700800 1588.078400 590.140800 272.448000 1.000000
685.102400 1419.841600 591.208000 66.318720 1.000000
591.801600 2123.152000 591.281600 877.862400 1.000000
694.078400 1408.222400 599.257600 55.284640 1.000000
683.446400 1555.435200 606.987200 228.892800 1.000000
712.212800 1541.310400 634.459200 212.006400 1.000000
698.500800 1695.168000 640.083200 412.556800 1.000000
722.798400 1523.836800 643.660800 189.755200 1.000000
718.801600 1610.912000 651.568000 307.179200 1.000000
732.184000 1523.145600 655.342400 189.328000 1.000000
742.547200 1566.249600 670.892800 249.604800 1.000000
659.708800 2216.160000 671.265600 980.916800 1.000000
776.120000 1397.332800 685.886400 51.901600 1.000000
686.876800 2185.936000 691.680000 956.142400 1.000000
696.009600 2122.464000 694.497600 886.476800 1.000000
789.771200 1375.854400 699.475200 27.361280 1.000000
764.091200 1608.992000 700.643200 307.612800 1.000000
729.742400 1951.968000 706.000000 712.305600 1.000000
794.902400 1449.505600 711.833600 107.385120 1.000000
789.560000 1510.819200 714.260800 175.259200 1.000000
677.766400 2518.368000 725.512000 1365.169600 1.000000
731.372800 2110.848000 728.105600 871.876800 1.000000
813.408000 1454.134400 732.937600 113.884160 1.000000
759.891200 1947.296000 739.675200 707.091200 1.000000
752.752000 2092.416000 746.118400 856.601600 1.000000
711.550400 2539.808000 758.430400 1381.635200 1.000000
827.172800 1593.160000 763.140800 288.689600 1.000000
829.539200 1568.440000 764.168000 257.897600 1.000000
848.398400 1408.840000 767.307200 70.586880 1.000000
781.526400 2123.040000 777.881600 890.728000 1.000000
836.358400 1692.000000 783.953600 421.286400 1.000000
851.990400 1697.504000 800.944000 428.284800 1.000000
887.595200 1404.523200 808.734400 69.268800 1.000000
866.048000 1693.344000 815.832000 425.769600 1.000000
880.107200 1551.240000 818.038400 239.888000 1.000000
903.108800 1404.972800 825.268800 70.026240 1.000000
895.016000 1562.969600 833.680000 252.716800 1.000000
910.542400 1604.672000 852.588800 313.523200 1.000000
861.478400 2069.792000 853.516800 848.019200 1.000000
865.222400 2086.256000 857.715200 862.188800 1.000000
918.534400 1599.155200 860.844800 306.164800 1.000000
854.459200 2274.880000 861.606400 1090.585600 1.000000
921.968000 1588.656000 863.604800 294.988800 1.000000
956.673600 1358.156800 879.616000 21.770240 1.000000
944.265600 1533.300800 880.574400 218.334400 1.000000
856.464000 2504.064000 888.804800 1357.822400 1.000000
935.339200 1697.776000 889.476800 435.899200 1.000000
941.824000 1706.944000 896.931200 445.732800 1.000000
905.804800 2088.736000 897.318400 867.280000 1.000000
874.019200 2431.360000 897.521600 1295.121600 1.000000
883.435200 2435.104000 906.585600 1300.048000 1.000000
923.953600 2107.216000 918.160000 888.112000 1.000000
926.819200 2099.280000 919.843200 881.256000 1.000000
993.480000 1420.844800 926.705600 96.712960 1.000000
950.859200 1906.768000 927.073600 683.744000 1.000000
940.385600 2063.440000 930.876800 846.969600 1.000000
976.355200 1810.032000 942.155200 575.854400 1.000000
983.496000 1836.064000 952.224000 608.627200 1.000000
933.220800 2430.560000 952.697600 1296.580800 1.000000
1015.252800 1454.580800 953.564800 134.179360 1.000000
939.905600 2400.304000 955.566400 1268.142400 1.000000
944.664000 2410.384000 961.009600 1277.513600 1.000000
991.932800 1875.040000 962.030400 653.846400 1.000000
945.310400 2440.880000 965.572800 1305.859200 1.000000
945.809600 2452.064000 967.281600 1316.355200 1.000000
968.886400 2199.664000 968.140800 997.987200 1.000000
1025.622400 1549.520000 972.592000 249.176000 1.000000
1006.244800 1858.640000 977.166400 636.723200 1.000000
1027.828800 1567.835200 977.526400 273.249600 1.000000
979.169600 2200.672000 978.156800 999.864000 1.000000
964.017600 2432.016000 982.016000 1298.148800 1.000000
1047.291200 1515.379200 994.195200 205.921600 1.000000
1063.875200 1673.696000 1023.900800 416.476800 1.000000
1011.211200 2409.424000 1024.155200 1279.832000 1.000000
1026.768000 2269.872000 1030.323200 1098.660800 1.000000
1040.644800 2085.712000 1030.619200 878.595200 1.000000
1032.744000 2237.392000 1033.894400 1067.544000 1.000000
1042.801600 2165.664000 1040.035200 957.142400 1.000000
1033.544000 2409.328000 1043.798400 1282.318400 1.000000
1051.600000 2120.240000 1044.305600 917.241600 1.000000
1051.785600 2139.280000 1044.931200 937.515200 1.000000
1095.184000 1518.089600 1045.696000 211.329600 1.000000
1104.812800 1547.270400 1055.283200 251.627200 1.000000
1109.246400 1476.360000 1057.729600 165.304000 1.000000
1097.976000 1682.512000 1059.222400 431.889600 1.000000
1113.632000 1534.532800 1065.468800 236.518400 1.000000
1091.619200 1931.216000 1070.716800 722.566400 1.000000
1116.902400 1612.848000 1075.875200 343.289600 1.000000
1080.377600 2412.896000 1087.112000 1287.286400 1.000000
1128.953600 1663.360000 1091.204800 411.584000 1.000000
1116.350400 2038.976000 1102.664000 838.273600 1.000000
1073.395200 2984.336000 1109.820800 1743.984000 1.000000
1126.913600 2034.816000 1113.136000 833.412800 1.000000
1156.948800 1562.968000 1114.752000 278.409600 1.000000
1152.352000 1667.936000 1116.878400 419.067200 1.000000
1080.603200 2971.552000 1117.281600 1734.624000 1.000000
1167.228800 1560.041600 1124.937600 275.028800 1.000000
1165.880000 1671.264000 1130.150400 424.180800 1.000000
1171.856000 1564.092800 1131.854400 281.512000 1.000000
1174.417600 1536.916800 1132.886400 243.684800 1.000000
1177.121600 1555.918400 1136.012800 270.491200 1.000000
1157.694400 1931.472000 1136.977600 728.112000 1.000000
1179.254400 1614.416000 1142.987200 350.582400 1.000000
1197.136000 1665.712000 1163.540800 419.417600 1.000000
1202.430400 1562.806400 1164.758400 281.641600 1.000000
1202.020800 1682.720000 1170.011200 438.292800 1.000000
1207.254400 1614.304000 1174.315200 353.662400 1.000000
1214.704000 1589.942400 1180.345600 320.369600 1.000000
1215.880000 1657.664000 1184.865600 411.929600 1.000000
1224.660800 1628.192000 1190.990400 372.760000 1.000000
1220.088000 1923.248000 1199.750400 726.560000 1.000000
1235.387200 1596.177600 1202.324800 331.235200 1.000000
1222.796800 1946.256000 1204.867200 750.926400 1.000000
1222.960000 1934.512000 1204.894400 738.806400 1.000000
1236.699200 1683.744000 1209.414400 440.795200 1.000000
1242.419200 1659.696000 1211.651200 415.822400 1.000000
1250.993600 1616.208000 1219.225600 359.748800 1.000000
1256.457600 1459.665600 1220.409600 165.656000 1.000000
1262.131200 1394.329600 1222.080000 90.311200 1.000000
1258.881600 1654.448000 1228.289600 412.715200 1.000000
1263.323200 1615.328000 1231.713600 357.776000 1.000000
1282.105600 1440.118400 1245.836800 147.016320 1.000000
1285.982400 1383.036800 1246.260800 78.256800 1.000000
1279.657600 1558.222400 1248.753600 282.860800 1.000000
1287.555200 1458.480000 1252.956800 167.172800 1.000000
1287.868800 1554.092800 1257.105600 276.945600 1.000000
1290.856000 1546.958400 1258.924800 268.094400 1.000000
1290.428800 1566.860800 1260.867200 296.166400 1.000000
1308.616000 1386.940800 1273.971200 86.841280 1.000000
1310.257600 1371.192000 1275.033600 71.154880 1.000000
1318.145600 1373.240000 1282.870400 74.963680 1.000000
1312.054400 1557.827200 1283.856000 285.041600 1.000000
1297.251200 2353.088000 1285.662400 1191.196800 1.000000
1317.651200 1539.532800 1290.427200 263.204800 1.000000
1350.390400 1358.324800 1318.744000 59.165440 1.000000
1344.300800 1579.214400 1320.273600 317.252800 1.000000
1363.488000 1916.800000 1349.844800 698.286400 1.000000
1385.124800 1559.304000 1361.467200 293.924800 1.000000
1386.499200 1457.540800 1362.140800 175.305600 1.000000
1386.908800 1542.172800 1364.692800 271.140800 1.000000
1388.859200 1403.804800 1365.534400 116.275520 1.000000
1396.916800 1602.320000 1375.169600 353.902400 1.000000
1400.852800 1440.556800 1376.435200 157.170240 1.000000
1400.382400 2153.296000 1388.363200 951.140800 1.000000
1415.020800 1416.228800 1393.641600 131.132480 1.000000
1414.689600 1552.924800 1394.204800 286.993600 1.000000
1414.838400 2160.656000 1403.451200 960.486400 1.000000
1438.171200 2235.632000 1420.052800 1093.344000 1.000000
1440.283200 1598.699200 1420.473600 351.904000 1.000000
1450.928000 1601.696000 1432.104000 356.147200 1.000000
1454.696000 2232.224000 1436.848000 1092.416000 1.000000
1455.334400 2225.184000 1437.795200 1084.873600 1.000000
1458.504000 1577.523200 1442.396800 326.420800 1.000000
1463.460800 1612.096000 1447.433600 372.547200 1.000000
1464.988800 1402.083200 1448.761600 119.932480 1.000000
1469.396800 2231.248000 1450.275200 1093.062400 1.000000
1469.321600 1532.032000 1453.321600 265.188800 1.000000
1471.800000 1542.630400 1456.150400 278.945600 1.000000
1462.886400 2056.816000 1460.166400 849.480000 1.000000
1475.219200 1581.940800 1460.475200 334.644800 1.000000
1482.608000 1595.169600 1467.785600 352.155200 1.000000
1485.620800 1606.032000 1469.668800 365.321600 1.000000
1486.019200 1573.680000 1473.144000 324.961600 1.000000
1505.889600 2081.168000 1481.563200 876.848000 1.000000
1495.803200 1313.092800 1482.275200 20.148160 1.000000
1499.537600 1319.241600 1486.812800 26.560000 1.000000
1504.512000 1548.910400 1492.371200 289.379200 1.000000
1510.803200 1320.795200 1499.408000 29.876480 1.000000
1510.692800 1536.976000 1499.465600 274.984000 1.000000
1523.793600 1620.384000 1512.862400 388.617600 1.000000
1553.457600 2249.616000 1530.364800 1116.376000 1.000000
1537.488000 1360.113600 1530.987200 79.008800 1.000000
1542.286400 1601.200000 1532.099200 364.832000 1.000000
1570.134400 1563.764800 1563.865600 316.969600 1.000000
1572.440000 1575.280000 1565.881600 333.249600 1.000000
1608.080000 2273.696000 1580.499200 1145.553600 1.000000
1595.795200 1480.944000 1594.534400 221.505600 1.000000
1613.216000 1432.291200 1614.016000 169.624000 1.000000
1618.080000 1545.240000 1616.352000 295.820800 1.000000
1647.728000 1475.515200 1651.120000 221.812800 1.000000
1660.816000 1470.348800 1665.760000 216.539200 1.000000
1670.592000 1561.776000 1672.800000 321.097600 1.000000
1680.736000 1542.001600 1684.768000 296.545600 1.000000
1679.136000 1516.425600 1685.232000 268.140800 1.000000
1774.784000 2963.408000 1697.760000 1847.408000 1.000000
1693.808000 1510.270400 1700.160000 265.406400 1.000000
1696.544000 1522.035200 1701.936000 276.947200 1.000000
1789.328000 2969.936000 1708.016000 1855.568000 1.000000
1761.264000 2445.984000 1713.872000 1348.510400 1.000000
1754.256000 2135.872000 1738.000000 955.529600 1.000000
1752.880000 2031.808000 1740.800000 839.070400 1.000000
1730.912000 1523.998400 1741.776000 281.958400 1.000000
1753.232000 2007.056000 1743.680000 814.504000 1.000000
1792.928000 2373.904000 1744.032000 1284.944000 1.000000
1763.328000 2115.728000 1747.360000 937.044800 1.000000
1799.776000 2367.104000 1751.040000 1278.640000 1.000000
1757.168000 1552.675200 1766.064000 311.195200 1.000000
1785.504000 2110.096000 1767.840000 931.380800 1.000000
1787.280000 1901.536000 1782.928000 719.465600 1.000000
1793.408000 1910.448000 1785.968000 727.833600 1.000000
1841.616000 2560.368000 1786.048000 1451.876800 1.000000
1842.288000 2360.736000 1790.496000 1274.044800 1.000000
1809.856000 1986.080000 1802.816000 803.019200 1.000000
1893.776000 2882.000000 1812.064000 1712.960000 1.000000
1900.576000 2869.056000 1818.736000 1700.832000 1.000000
1839.376000 1990.544000 1829.440000 810.411200 1.000000
1848.352000 2074.592000 1832.048000 903.702400 1.000000
1845.776000 2029.792000 1832.480000 853.905600 1.000000
1839.008000 1905.856000 1834.736000 727.723200 1.000000
1844.608000 1947.904000 1836.960000 767.854400 1.000000
1853.360000 2077.088000 1837.440000 907.876800 1.000000
1926.448000 2879.664000 1841.840000 1711.776000 1.000000
1930.880000 2891.024000 1843.056000 1723.392000 1.000000
1871.280000 2008.736000 1859.984000 832.180800 1.000000
1868.768000 1958.480000 1860.688000 781.264000 1.000000
1920.048000 2374.512000 1861.984000 1290.268800 1.000000
1876.048000 1989.984000 1865.392000 811.529600 1.000000
1873.856000 1902.672000 1870.080000 724.464000 1.000000
1882.496000 1981.504000 1872.512000 803.656000 1.000000
1844.480000 1352.662400 1875.904000 101.657600 1.000000
1900.368000 2104.864000 1881.184000 941.824000 1.000000
1892.080000 1894.832000 1889.872000 720.953600 1.000000
1901.152000 1973.728000 1890.752000 800.188800 1.000000
1902.160000 1901.184000 1899.136000 730.203200 1.000000
1873.664000 1406.624000 1904.112000 167.764800 1.000000
1924.416000 2109.648000 1904.192000 955.124800 1.000000
1977.200000 2442.128000 1909.536000 1352.432000 1.000000
1975.264000 2392.976000 1910.000000 1308.948800 1.000000
1880.768000 1434.068800 1912.384000 200.219200 1.000000
1979.552000 2412.176000 1913.632000 1327.939200 1.000000
1884.736000 1419.606400 1915.920000 183.772800 1.000000
1988.320000 2501.280000 1917.376000 1401.516800 1.000000
1987.360000 2423.072000 1919.888000 1337.281600 1.000000
2041.040000 2930.304000 1924.816000 1837.120000 1.000000
1991.248000 2397.904000 1925.008000 1316.008000 1.000000
1995.920000 2427.104000 1928.064000 1340.132800 1.000000
2047.488000 2916.816000 1929.792000 1825.296000 1.000000
2004.800000 2490.784000 1932.352000 1391.840000 1.000000
1900.000000 1443.651200 1932.672000 211.667200 1.000000
2005.440000 2471.424000 1933.808000 1377.616000 1.000000
1997.744000 2271.776000 1949.776000 1176.315200 1.000000
1995.232000 2215.744000 1951.584000 1115.878400 1.000000
1954.848000 1901.968000 1952.096000 733.064000 1.000000
2051.936000 2815.312000 1952.368000 1666.864000 1.000000
2018.416000 2349.040000 1954.096000 1271.532800 1.000000
1924.992000 1461.896000 1958.384000 235.425600 1.000000
1927.840000 1471.177600 1960.320000 244.806400 1.000000
2045.104000 2484.464000 1969.984000 1390.342400 1.000000
2019.264000 2241.968000 1971.072000 1147.678400 1.000000
2099.984000 2929.040000 1972.896000 1840.224000 1.000000
2099.152000 2913.072000 1973.152000 1825.088000 1.000000
2111.648000 2987.712000 1973.936000 1889.904000 1.000000
2025.808000 2215.760000 1980.800000 1119.140800 1.000000
2113.488000 2910.192000 1983.488000 1823.184000 1.000000
2061.600000 2379.888000 1989.248000 1302.337600 1.000000
1954.976000 1481.598400 1990.256000 257.793600 1.000000
2042.544000 2286.560000 1990.928000 1202.035200 1.000000
2122.944000 2929.888000 1991.200000 1843.568000 1.000000
1963.184000 1497.198400 1995.920000 278.726400 1.000000
2131.280000 2922.224000 1998.752000 1836.288000 1.000000
2142.144000 2934.624000 2006.736000 1848.480000 1.000000
2146.864000 2953.616000 2007.920000 1863.792000 1.000000
2104.512000 2729.792000 2008.128000 1600.384000 1.000000
2106.080000 2707.488000 2011.792000 1582.448000 1.000000
2028.400000 2055.648000 2012.272000 904.001600 1.000000
2020.288000 1901.424000 2020.192000 738.670400 1.000000
2101.376000 2574.720000 2020.496000 1474.708800 1.000000
2115.424000 2699.520000 2021.504000 1576.036800 1.000000
2118.464000 2710.192000 2021.520000 1585.798400 1.000000
2039.552000 2033.456000 2022.688000 878.824000 1.000000
2010.768000 1729.600000 2025.952000 554.881600 1.000000
2124.048000 2704.672000 2027.360000 1581.740800 1.000000
2041.280000 2012.048000 2028.432000 859.606400 1.000000
2049.328000 2055.408000 2032.576000 901.251200 1.000000
2050.672000 2022.800000 2037.184000 872.030400 1.000000
2191.216000 2971.584000 2042.912000 1877.920000 1.000000
2030.112000 1747.968000 2043.632000 578.257600 1.000000
2037.776000 1800.032000 2044.960000 643.806400 1.000000
2199.872000 2992.112000 2049.040000 1893.504000 1.000000
2129.344000 2362.000000 2051.120000 1290.872000 1.000000
2007.968000 1468.160000 2051.680000 245.606400 1.000000
2222.368000 2912.112000 2074.432000 1835.616000 1.000000
2166.656000 2484.416000 2077.984000 1395.808000 1.000000
2169.296000 2496.992000 2081.968000 1406.192000 1.000000
2090.256000 1804.352000 2099.792000 651.240000 1.000000
2252.496000 2928.560000 2101.504000 1848.064000 1.000000
2259.248000 2945.344000 2102.816000 1859.568000 1.000000
2059.344000 1292.588800 2125.360000 50.177120 1.000000
2289.472000 2974.176000 2125.456000 1883.712000 1.000000
2073.360000 1411.480000 2129.040000 194.395200 1.000000
2144.464000 1976.048000 2129.968000 873.854400 1.000000
2112.816000 1736.272000 2136.704000 569.713600 1.000000
2085.392000 1501.524800 2140.496000 283.425600 1.000000
2307.920000 2977.888000 2141.008000 1889.168000 1.000000
2258.960000 2711.136000 2148.496000 1568.424000 1.000000
2305.376000 2870.416000 2151.792000 1801.280000 1.000000
2270.704000 2752.000000 2154.656000 1600.192000 1.000000
2094.080000 1332.494400 2161.664000 96.740000 1.000000
2845.328000 1430.654400 2495.520000 924.400000 1.000000
2861.072000 1448.862400 2536.448000 989.932800 1.000000
2825.840000 1425.785600 2542.688000 1025.488000 1.000000
2795.504000 1407.491200 2544.880000 1056.193600 1.000000
2634.752000 1257.779200 2545.760000 1151.145600 1.000000
2784.144000 1667.600000 2578.976000 1684.400000 1.000000
2804.688000 1420.371200 2586.128000 1180.481600 1.000000
2872.064000 2137.648000 2659.680000 2177.712000 1.000000
2869.952000 1559.806400 2677.520000 1602.320000 1.000000
2827.824000 1412.990400 2680.720000 1412.497600 1.000000
2904.352000 1617.184000 2691.456000 1677.760000 1.000000
2951.824000 1529.753600 2758.624000 1593.172800 1.000000
2932.368000 2161.968000 2826.464000 2153.680000 1.000000
3087.968000 968.449600 2993.392000 1154.089600 1.000000
3605.488000 1833.344000 3152.080000 2255.616000 1.000000
3521.648000 1657.360000 3157.040000 2202.624000 1.000000
