447.608000 1185.942400 27.330080 2684.672000 1.000000
342.139200 232.587200 40.753600 1674.256000 1.000000
470.476800 1258.876800 42.412960 2775.856000 1.000000
473.739200 1228.339200 52.165760 2733.856000 1.000000
442.156800 906.635200 60.988160 2349.632000 1.000000
474.785600 1122.400000 68.075200 2601.408000 1.000000
435.504000 781.875200 69.726880 2208.400000 1.000000
362.353600 115.750400 76.015200 1569.019200 1.000000
382.616000 106.728000 95.526880 1556.577600 1.000000
445.227200 603.110400 103.192000 2021.456000 1.000000
467.979200 753.630400 105.827520 2175.760000 1.000000
454.294400 592.958400 113.438080 2009.936000 1.000000
539.102400 1231.537600 128.948000 2726.368000 1.000000
552.435200 1104.649600 157.038400 2564.464000 1.000000
503.990400 638.824000 160.016000 2048.272000 1.000000
587.035200 1170.281600 187.534400 2643.856000 1.000000
578.259200 991.275200 198.008000 2427.136000 1.000000
580.270400 1014.876800 198.744000 2453.584000 1.000000
571.350400 862.872000 204.435200 2283.936000 1.000000
609.984000 1240.694400 208.536000 2733.232000 1.000000
590.603200 1003.182400 211.516800 2439.920000 1.000000
577.851200 872.816000 212.452800 2291.216000 1.000000
570.486400 795.740800 212.779200 2209.232000 1.000000
638.289600 1417.969600 217.332800 2959.712000 1.000000
537.612800 435.624000 217.427200 1839.088000 1.000000
574.670400 684.422400 231.176000 2089.104000 1.000000
627.852800 1076.916800 243.156800 2520.464000 1.000000
666.168000 1407.446400 250.620800 2940.608000 1.000000
614.628800 878.579200 251.044800 2292.320000 1.000000
632.496000 977.208000 259.913600 2401.664000 1.000000
647.308800 1088.758400 263.931200 2532.384000 1.000000
638.627200 990.027200 267.620800 2416.528000 1.000000
685.102400 1419.841600 274.817600 2953.584000 1.000000
701.766400 959.910400 335.761600 2371.296000 1.000000
731.491200 1169.992000 350.460800 2616.064000 1.000000
704.083200 815.390400 354.289600 2208.944000 1.000000
757.625600 1167.326400 376.534400 2610.352000 1.000000
776.120000 1397.332800 382.476800 2903.168000 1.000000
786.891200 1397.476800 393.860800 2903.456000 1.000000
787.728000 1297.313600 402.691200 2766.160000 1.000000
765.641600 992.384000 404.228800 2397.456000 1.000000
790.419200 1315.016000 405.705600 2792.912000 1.000000
799.368000 1294.592000 415.723200 2761.344000 1.000000
774.891200 985.428800 416.828800 2387.120000 1.000000
754.337600 656.014400 421.243200 2029.504000 1.000000
808.608000 1305.673600 425.852800 2777.680000 1.000000
814.832000 1251.403200 438.548800 2705.552000 1.000000
829.417600 1265.251200 456.019200 2720.592000 1.000000
841.932800 1420.784000 457.292800 2925.136000 1.000000
852.784000 1436.929600 470.120000 2946.128000 1.000000
876.942400 951.750400 527.926400 2333.264000 1.000000
905.939200 1253.929600 539.651200 2694.592000 1.000000
911.811200 1321.902400 544.289600 2779.520000 1.000000
918.675200 1338.156800 550.582400 2798.048000 1.000000
942.548800 1216.089600 584.771200 2638.240000 1.000000
892.588800 288.408000 589.328000 1664.320000 1.000000
949.312000 1196.305600 592.915200 2612.528000 1.000000
956.673600 1358.156800 593.494400 2820.336000 1.000000
956.214400 1344.476800 594.952000 2799.856000 1.000000
962.942400 1349.784000 601.481600 2806.976000 1.000000
1003.774400 1415.540800 646.136000 2888.560000 1.000000
1015.252800 1454.580800 661.009600 2939.552000 1.000000
1052.048000 1152.814400 714.368000 2539.840000 1.000000
1082.528000 1473.670400 738.337600 2956.432000 1.000000
1142.556800 1192.766400 814.753600 2571.456000 1.000000
1149.168000 1343.908800 818.672000 2762.544000 1.000000
1153.214400 1478.403200 822.377600 2950.320000 1.000000
1157.497600 1266.304000 829.472000 2660.896000 1.000000
1190.796800 717.720000 876.548800 2034.240000 1.000000
1193.953600 999.097600 876.980800 2333.536000 1.000000
1211.553600 1306.708800 893.024000 2705.168000 1.000000
1216.942400 1350.102400 896.779200 2756.704000 1.000000
1270.625600 1460.955200 959.089600 2898.816000 1.000000
1276.107200 1087.764800 965.774400 2421.440000 1.000000
1285.982400 1383.036800 975.745600 2791.056000 1.000000
1291.750400 1444.804800 984.048000 2873.888000 1.000000
1317.984000 100.201440 1006.916800 1443.161600 1.000000
1317.651200 1539.532800 1016.908800 2996.288000 1.000000
1336.628800 954.465600 1032.312000 2258.368000 1.000000
1342.940800 1433.304000 1045.168000 2849.264000 1.000000
1345.435200 1384.456000 1046.894400 2780.256000 1.000000
1355.532800 962.992000 1051.699200 2267.152000 1.000000
1362.547200 438.238400 1051.979200 1739.904000 1.000000
1350.390400 1358.324800 1052.569600 2744.336000 1.000000
1364.049600 555.675200 1055.260800 1849.808000 1.000000
1375.928000 98.290720 1057.955200 1448.096000 1.000000
1367.251200 1279.880000 1069.052800 2642.048000 1.000000
1371.916800 1034.238400 1071.832000 2339.808000 1.000000
1384.342400 510.720000 1075.651200 1804.720000 1.000000
1385.532800 1179.944000 1090.856000 2514.080000 1.000000
1396.731200 1169.760000 1100.156800 2500.064000 1.000000
1386.908800 1542.172800 1102.374400 2986.416000 1.000000
1389.723200 1484.225600 1102.449600 2907.808000 1.000000
1427.803200 101.607040 1107.809600 1442.363200 1.000000
1402.968000 1532.891200 1121.435200 2976.016000 1.000000
1446.814400 131.188000 1125.713600 1467.920000 1.000000
1414.368000 1426.137600 1129.540800 2823.760000 1.000000
1414.689600 1552.924800 1134.846400 2994.032000 1.000000
1426.214400 1438.812800 1144.230400 2838.128000 1.000000
1427.902400 1547.236800 1150.801600 2986.960000 1.000000
1471.800000 1542.630400 1160.740800 2975.584000 1.000000
1469.321600 1532.032000 1196.915200 2961.376000 1.000000
1476.478400 1563.273600 1206.912000 2991.872000 1.000000
1529.225600 671.272000 1224.611200 1933.472000 1.000000
1501.724800 1324.782400 1226.595200 2671.488000 1.000000
1510.692800 1536.976000 1248.809600 2960.624000 1.000000
1570.603200 417.739200 1254.115200 1695.344000 1.000000
1549.454400 1077.123200 1265.860800 2363.536000 1.000000
1549.902400 1342.249600 1280.363200 2685.408000 1.000000
1540.046400 1581.040000 1284.545600 2999.184000 1.000000
1546.852800 1564.611200 1292.348800 2980.368000 1.000000
1568.406400 1383.800000 1306.540800 2736.640000 1.000000
1658.160000 439.550400 1338.545600 1702.800000 1.000000
1595.795200 1480.944000 1342.958400 2861.760000 1.000000
1672.544000 436.056000 1352.539200 1696.672000 1.000000
1608.848000 1409.060800 1353.985600 2765.376000 1.000000
1700.368000 471.576000 1381.337600 1726.640000 1.000000
1673.968000 1202.059200 1410.635200 2485.088000 1.000000
1670.592000 1561.776000 1440.811200 2955.488000 1.000000
1680.736000 1542.001600 1447.195200 2933.120000 1.000000
1684.176000 1508.713600 1449.540800 2882.448000 1.000000
1714.160000 1205.275200 1455.088000 2485.056000 1.000000
1696.544000 1522.035200 1467.393600 2902.112000 1.000000
1731.664000 1222.328000 1475.027200 2503.936000 1.000000
1711.168000 1563.545600 1486.489600 2949.952000 1.000000
1781.744000 777.296000 1487.081600 2000.208000 1.000000
1790.064000 743.057600 1491.593600 1966.576000 1.000000
1844.880000 204.172800 1495.739200 1482.107200 1.000000
1812.960000 738.548800 1514.870400 1964.544000 1.000000
1769.744000 1404.923200 1537.491200 2724.448000 1.000000
1757.168000 1552.675200 1541.305600 2932.848000 1.000000
1904.800000 118.472640 1542.241600 1405.478400 1.000000
1821.440000 1080.427200 1558.384000 2317.472000 1.000000
1861.200000 763.912000 1563.910400 1975.360000 1.000000
1825.504000 1148.620800 1570.030400 2396.144000 1.000000
1891.552000 705.315200 1589.172800 1916.320000 1.000000
1893.424000 723.491200 1591.401600 1930.432000 1.000000
1968.592000 67.279680 1594.945600 1356.540800 1.000000
1890.640000 796.676800 1597.355200 2005.488000 1.000000
1830.656000 1358.872000 1599.872000 2652.912000 1.000000
1861.664000 1088.907200 1602.272000 2321.568000 1.000000
1972.016000 134.418560 1602.368000 1411.166400 1.000000
1880.768000 1434.068800 1668.096000 2741.120000 1.000000
1981.232000 694.499200 1672.992000 1891.376000 1.000000
1935.872000 1068.360000 1678.160000 2283.952000 1.000000
1927.504000 1146.436800 1680.448000 2377.136000 1.000000
2034.800000 337.188800 1680.992000 1568.892800 1.000000
2068.880000 86.245440 1682.960000 1362.739200 1.000000
1981.264000 835.864000 1693.840000 2030.448000 1.000000
2028.720000 492.313600 1696.496000 1699.648000 1.000000
1999.280000 739.894400 1700.192000 1931.696000 1.000000
1944.656000 1159.382400 1700.208000 2386.528000 1.000000
1908.736000 1437.571200 1702.016000 2741.520000 1.000000
1973.488000 1044.948800 1712.816000 2253.504000 1.000000
2000.576000 860.593600 1715.344000 2050.976000 1.000000
1969.936000 1191.268800 1732.624000 2421.376000 1.000000
2063.328000 560.649600 1736.512000 1757.312000 1.000000
1935.840000 1490.704000 1739.584000 2810.352000 1.000000
2079.856000 565.425600 1753.808000 1758.928000 1.000000
2039.248000 932.907200 1765.648000 2121.552000 1.000000
2144.736000 226.172800 1768.896000 1465.942400 1.000000
1996.080000 1257.004800 1770.288000 2496.928000 1.000000
1969.424000 1493.539200 1779.104000 2806.432000 1.000000
2110.560000 635.254400 1792.864000 1821.008000 1.000000
2110.336000 656.696000 1795.328000 1841.248000 1.000000
2074.192000 944.376000 1802.704000 2131.264000 1.000000
2131.824000 621.808000 1811.184000 1806.944000 1.000000
2186.944000 264.024000 1811.504000 1493.147200 1.000000
2087.776000 919.048000 1813.536000 2101.440000 1.000000
2193.600000 237.888000 1815.728000 1470.564800 1.000000
2039.568000 1268.856000 1818.928000 2503.920000 1.000000
2088.784000 963.587200 1820.976000 2148.848000 1.000000
2061.184000 1189.470400 1830.032000 2404.688000 1.000000
2097.808000 987.120000 1833.584000 2174.176000 1.000000
2097.600000 998.265600 1834.592000 2187.952000 1.000000
2057.520000 1264.926400 1837.904000 2497.024000 1.000000
2000.080000 1614.496000 1839.344000 2977.632000 1.000000
2112.784000 926.886400 1839.392000 2107.968000 1.000000
2211.280000 318.420800 1840.432000 1538.720000 1.000000
2140.000000 828.065600 1849.120000 2006.800000 1.000000
2226.208000 329.766400 1856.736000 1544.483200 1.000000
2171.680000 677.763200 1858.560000 1856.400000 1.000000
2244.544000 243.806400 1858.864000 1473.102400 1.000000
2187.888000 594.124800 1859.136000 1779.488000 1.000000
2179.968000 713.246400 1870.208000 1887.872000 1.000000
2207.424000 596.214400 1879.472000 1779.872000 1.000000
2094.080000 1332.494400 1886.336000 2575.440000 1.000000
2177.680000 866.899200 1893.056000 2039.200000 1.000000
2085.392000 1501.524800 1904.080000 2802.080000 1.000000
