18.826400 1465.291200 14.186624 496.529600 1.000000
42.422720 1354.713600 22.545760 387.318400 1.000000
21.845440 1519.796800 22.899360 562.232000 1.000000
68.469440 1242.040000 33.883840 272.593600 1.000000
48.803520 1392.859200 34.793440 425.718400 1.000000
69.992320 1272.214400 39.597120 305.086400 1.000000
36.607840 1537.313600 41.571040 582.256000 1.000000
66.160160 1325.512000 41.573280 359.550400 1.000000
76.791680 1250.624000 42.262080 284.027200 1.000000
44.004000 1520.009600 48.769600 564.076800 1.000000
74.985440 1350.201600 54.974880 385.328000 1.000000
52.148160 1498.289600 56.193920 541.377600 1.000000
111.648960 1200.929600 71.716000 230.747200 1.000000
112.700160 1210.926400 74.258240 242.491200 1.000000
82.810400 1458.713600 77.865600 495.260800 1.000000
63.359360 1581.768000 78.302720 635.387200 1.000000
123.928320 1190.640000 85.001440 221.761600 1.000000
110.551360 1340.278400 88.660640 377.449600 1.000000
120.683840 1270.419200 89.962080 304.988800 1.000000
48.330400 1774.432000 90.251200 873.785600 1.000000
81.763840 1584.321600 95.033600 639.516800 1.000000
108.508960 1398.574400 95.312320 435.043200 1.000000
24.564320 2015.792000 98.568960 1114.433600 1.000000
85.354240 1615.792000 103.288320 675.675200 1.000000
116.123520 1394.465600 103.307520 431.161600 1.000000
31.295360 1991.792000 105.077440 1091.726400 1.000000
31.297600 2002.080000 105.245120 1100.822400 1.000000
139.935200 1241.670400 107.182880 276.836800 1.000000
123.882720 1353.065600 109.955840 392.785600 1.000000
127.293920 1369.777600 110.563680 408.140800 1.000000
124.521920 1398.918400 112.286400 435.856000 1.000000
135.094560 1337.699200 115.734880 376.878400 1.000000
154.975840 1195.068800 116.045280 227.451200 1.000000
104.922400 1606.752000 122.157760 665.584000 1.000000
48.694560 2008.432000 123.009760 1108.694400 1.000000
52.002560 1992.960000 124.567840 1093.624000 1.000000
121.991040 1520.227200 127.454560 567.372800 1.000000
114.647040 1585.753600 128.096000 642.179200 1.000000
146.648000 1397.929600 133.916640 435.320000 1.000000
177.377600 1145.825600 134.497760 176.328000 1.000000
158.481440 1300.158400 136.362240 337.222400 1.000000
171.744000 1249.265600 141.365120 284.737600 1.000000
156.600640 1375.603200 142.866240 415.345600 1.000000
139.833280 1526.115200 143.726080 574.886400 1.000000
71.684960 2014.256000 144.306880 1114.172800 1.000000
168.232000 1316.139200 147.002400 355.696000 1.000000
159.891200 1395.532800 147.492160 435.003200 1.000000
77.328320 1999.888000 149.023680 1101.003200 1.000000
74.171840 2023.200000 149.208320 1122.915200 1.000000
193.200000 1144.244800 150.368640 175.830400 1.000000
150.575360 1481.006400 150.667840 522.883200 1.000000
171.016000 1356.212800 153.827200 395.950400 1.000000
154.898400 1486.030400 153.884480 529.177600 1.000000
179.035200 1319.390400 157.662720 360.376000 1.000000
129.225600 1699.840000 157.927840 771.273600 1.000000
91.241760 1973.360000 158.530720 1076.830400 1.000000
85.729280 2016.688000 159.126880 1117.222400 1.000000
170.009600 1402.321600 160.276800 442.068800 1.000000
133.913280 1679.392000 164.412800 751.492800 1.000000
97.101920 1985.392000 166.294400 1088.945600 1.000000
165.507200 1501.046400 167.900800 545.908800 1.000000
151.105760 1616.016000 168.230400 679.809600 1.000000
152.822240 1598.979200 168.764800 660.300800 1.000000
224.692800 1040.225600 168.800000 63.713440 1.000000
193.848000 1297.956800 169.795200 337.739200 1.000000
223.680000 1053.377600 170.960000 78.906240 1.000000
65.474720 2284.480000 173.086400 1379.131200 1.000000
105.515040 1976.640000 174.129600 1081.337600 1.000000
97.947040 2008.752000 174.857600 1109.771200 1.000000
93.369280 2096.432000 178.116800 1195.158400 1.000000
103.341600 2057.184000 179.772800 1155.689600 1.000000
196.843200 1361.681600 181.563200 409.859200 1.000000
92.710400 2191.680000 185.356800 1278.492800 1.000000
121.055360 1989.936000 191.243200 1094.481600 1.000000
218.107200 1293.560000 194.963200 335.019200 1.000000
191.806400 1517.411200 196.355200 567.584000 1.000000
176.776000 1663.056000 200.171200 734.529600 1.000000
194.964800 1526.238400 200.572800 577.801600 1.000000
132.031360 1997.504000 201.336000 1100.251200 1.000000
225.598400 1331.088000 208.297600 374.094400 1.000000
229.958400 1307.929600 209.054400 349.769600 1.000000
127.770080 2107.328000 209.446400 1205.068800 1.000000
195.270400 1613.184000 211.393600 678.553600 1.000000
144.580640 2008.736000 214.422400 1110.489600 1.000000
215.048000 1492.491200 215.454400 540.268800 1.000000
157.470560 1936.272000 215.870400 1037.057600 1.000000
237.500800 1309.139200 216.064000 352.145600 1.000000
150.978240 1971.552000 217.323200 1077.488000 1.000000
212.584000 1514.256000 217.440000 565.252800 1.000000
234.435200 1330.790400 218.388800 375.104000 1.000000
215.414400 1532.241600 219.899200 585.875200 1.000000
153.691360 1980.304000 222.265600 1085.500800 1.000000
209.950400 1618.288000 225.364800 685.008000 1.000000
216.492800 1560.496000 225.488000 618.398400 1.000000
259.091200 1206.228800 226.409600 242.113600 1.000000
204.270400 1661.984000 226.779200 733.729600 1.000000
277.764800 1110.849600 232.315200 145.863200 1.000000
150.162720 2123.376000 232.550400 1218.972800 1.000000
252.803200 1324.395200 233.363200 368.950400 1.000000
283.315200 1083.276800 235.688000 114.530720 1.000000
215.203200 1652.992000 235.857600 726.171200 1.000000
269.590400 1227.195200 241.556800 266.958400 1.000000
294.248000 1073.219200 246.524800 105.631360 1.000000
303.032000 1085.880000 255.790400 118.916000 1.000000
179.507200 2091.088000 256.955200 1185.252800 1.000000
255.472000 1516.078400 258.088000 568.307200 1.000000
305.089600 1094.809600 258.628800 127.662080 1.000000
280.158400 1355.300800 264.681600 402.372800 1.000000
253.955200 1592.144000 265.622400 657.716800 1.000000
255.481600 1583.052800 267.025600 646.547200 1.000000
268.576000 1508.323200 269.918400 560.009600 1.000000
167.209600 2226.160000 270.702400 1336.070400 1.000000
272.632000 1481.457600 271.483200 527.499200 1.000000
265.390400 1550.315200 273.344000 607.921600 1.000000
260.545600 1607.088000 275.790400 674.601600 1.000000
195.528000 2142.848000 278.305600 1231.139200 1.000000
279.001600 1502.814400 279.977600 553.899200 1.000000
268.811200 1587.734400 281.948800 652.401600 1.000000
225.305600 1959.552000 282.804800 1048.340800 1.000000
313.820800 1216.500800 284.475200 260.795200 1.000000
297.960000 1386.544000 286.059200 434.849600 1.000000
219.897600 2002.432000 286.800000 1108.321600 1.000000
331.654400 1098.460800 287.657600 133.395200 1.000000
283.102400 1527.654400 289.182400 582.971200 1.000000
285.883200 1518.513600 289.889600 573.481600 1.000000
334.940800 1092.398400 290.904000 127.254400 1.000000
265.513600 1710.704000 293.084800 788.558400 1.000000
169.308800 2431.504000 294.484800 1556.096000 1.000000
280.673600 1613.312000 295.740800 681.902400 1.000000
276.694400 1700.928000 305.064000 780.337600 1.000000
349.625600 1107.299200 306.052800 142.801440 1.000000
319.995200 1383.953600 308.580800 432.803200 1.000000
184.616000 2443.696000 310.302400 1566.867200 1.000000
314.577600 1490.940800 312.678400 542.897600 1.000000
326.561600 1389.400000 314.811200 438.483200 1.000000
332.521600 1348.790400 317.185600 397.440000 1.000000
291.665600 1704.368000 318.528000 784.161600 1.000000
335.516800 1362.536000 320.264000 410.428800 1.000000
367.483200 1111.158400 327.619200 147.490080 1.000000
317.512000 1577.518400 328.305600 643.763200 1.000000
368.054400 1130.875200 328.788800 168.417600 1.000000
366.849600 1146.166400 329.572800 187.091200 1.000000
342.243200 1391.457600 330.336000 440.022400 1.000000
328.377600 1547.827200 333.936000 608.779200 1.000000
377.129600 1096.716800 334.651200 132.800320 1.000000
351.974400 1393.955200 340.910400 443.556800 1.000000
226.361600 2398.656000 342.699200 1519.990400 1.000000
320.800000 1692.512000 344.116800 772.979200 1.000000
317.406400 1722.560000 345.580800 802.446400 1.000000
357.160000 1388.401600 345.638400 438.390400 1.000000
320.966400 1714.896000 347.089600 795.732800 1.000000
387.787200 1149.947200 350.380800 191.680000 1.000000
387.443200 1137.411200 350.630400 179.054400 1.000000
229.590400 2451.408000 351.852800 1575.537600 1.000000
399.110400 1049.668800 352.635200 83.385920 1.000000
363.798400 1397.542400 352.816000 447.926400 1.000000
403.832000 1040.705600 354.729600 74.251360 1.000000
335.889600 1661.648000 357.206400 740.600000 1.000000
338.808000 1654.656000 358.374400 732.961600 1.000000
402.246400 1107.536000 361.827200 146.075680 1.000000
375.070400 1405.649600 364.920000 456.448000 1.000000
403.316800 1131.424000 365.035200 174.174400 1.000000
253.411200 2451.536000 372.449600 1576.548800 1.000000
413.995200 1121.024000 377.953600 159.042400 1.000000
248.020800 2565.472000 378.926400 1672.768000 1.000000
418.164800 1095.294400 379.904000 135.020480 1.000000
259.664000 2544.400000 386.280000 1656.288000 1.000000
397.488000 1379.652800 387.556800 431.316800 1.000000
265.043200 2488.384000 387.905600 1609.776000 1.000000
402.371200 1366.425600 388.324800 419.224000 1.000000
415.259200 1243.889600 389.598400 293.513600 1.000000
274.632000 2474.272000 394.115200 1596.894400 1.000000
267.760000 2558.992000 395.833600 1668.384000 1.000000
274.748800 2537.472000 400.438400 1650.112000 1.000000
282.436800 2475.568000 401.257600 1598.140800 1.000000
382.305600 1662.688000 401.595200 744.638400 1.000000
415.459200 1367.500800 402.465600 420.420800 1.000000
288.340800 2468.752000 405.748800 1592.472000 1.000000
439.579200 1173.508800 407.723200 219.699200 1.000000
292.491200 2454.400000 409.710400 1579.681600 1.000000
360.867200 1910.992000 410.889600 1006.425600 1.000000
439.704000 1222.099200 411.201600 268.992000 1.000000
342.404800 1959.664000 412.736000 1052.928000 1.000000
389.390400 1684.768000 413.072000 768.371200 1.000000
390.852800 1704.768000 413.833600 789.160000 1.000000
398.220800 1654.208000 415.563200 736.273600 1.000000
447.608000 1185.942400 415.892800 232.608000 1.000000
296.393600 2490.512000 416.171200 1610.784000 1.000000
290.764800 2554.432000 416.464000 1665.360000 1.000000
321.398400 2296.080000 416.942400 1399.462400 1.000000
410.059200 1558.900800 417.032000 627.267200 1.000000
307.750400 2449.616000 424.225600 1576.923200 1.000000
455.784000 1195.947200 425.640000 242.052800 1.000000
409.920000 1692.656000 431.315200 777.907200 1.000000
389.795200 1881.408000 431.817600 975.368000 1.000000
437.315200 1493.686400 436.552000 550.492800 1.000000
417.161600 1688.784000 438.260800 774.462400 1.000000
441.939200 1485.524800 440.918400 540.550400 1.000000
350.020800 2291.600000 442.356800 1395.646400 1.000000
381.147200 2036.624000 444.057600 1132.870400 1.000000
445.532800 1495.465600 445.161600 553.211200 1.000000
454.116800 1459.273600 449.700800 514.416000 1.000000
430.624000 1675.200000 451.638400 760.732800 1.000000
449.585600 1539.939200 453.150400 604.844800 1.000000
490.249600 1147.601600 456.529600 193.662400 1.000000
488.180800 1179.302400 457.464000 227.083200 1.000000
486.302400 1207.793600 457.668800 256.940800 1.000000
339.123200 2546.944000 459.440000 1661.104000 1.000000
338.841600 2560.928000 460.635200 1672.528000 1.000000
489.345600 1195.358400 460.926400 244.604800 1.000000
444.521600 1692.656000 466.360000 779.552000 1.000000
444.328000 1708.096000 466.459200 795.753600 1.000000
489.163200 1266.412800 466.504000 318.379200 1.000000
347.064000 2540.112000 466.747200 1655.088000 1.000000
492.400000 1249.092800 467.379200 300.188800 1.000000
350.870400 2572.464000 473.456000 1681.648000 1.000000
423.808000 1969.872000 474.350400 1065.184000 1.000000
412.321600 2123.264000 482.884800 1214.555200 1.000000
487.630400 1488.236800 486.454400 544.944000 1.000000
377.292800 2459.712000 487.403200 1587.820800 1.000000
515.216000 1234.339200 488.817600 286.604800 1.000000
403.174400 2272.864000 491.489600 1380.836800 1.000000
487.872000 1536.043200 492.454400 601.867200 1.000000
423.936000 2123.776000 493.443200 1215.734400 1.000000
384.441600 2496.256000 496.732800 1619.856000 1.000000
435.297600 2103.392000 501.260800 1198.339200 1.000000
484.236800 1670.048000 502.249600 757.726400 1.000000
539.395200 1105.590400 502.592000 151.538080 1.000000
497.870400 1568.643200 504.347200 641.072000 1.000000
443.963200 2074.416000 504.601600 1169.840000 1.000000
488.030400 1695.072000 508.694400 785.436800 1.000000
443.139200 2118.640000 511.872000 1212.435200 1.000000
443.944000 2146.656000 513.254400 1237.865600 1.000000
539.102400 1231.537600 513.830400 284.896000 1.000000
539.385600 1263.134400 516.235200 318.187200 1.000000
500.689600 1658.384000 516.377600 747.140800 1.000000
511.001600 1562.388800 517.264000 635.476800 1.000000
552.435200 1104.649600 517.622400 147.757120 1.000000
501.595200 1694.960000 520.528000 785.691200 1.000000
459.987200 2103.344000 525.131200 1199.563200 1.000000
506.472000 1677.568000 525.872000 767.593600 1.000000
461.616000 2142.960000 530.203200 1235.808000 1.000000
464.764800 2096.304000 530.214400 1192.278400 1.000000
530.572800 1524.976000 532.177600 592.473600 1.000000
536.113600 1490.132800 533.324800 552.209600 1.000000
561.899200 1200.640000 534.228800 254.492800 1.000000
516.492800 1679.248000 534.536000 770.526400 1.000000
533.169600 1535.542400 535.633600 605.966400 1.000000
470.004800 2137.136000 538.126400 1231.030400 1.000000
568.358400 1192.054400 538.307200 245.326400 1.000000
537.387200 1560.297600 544.281600 635.004800 1.000000
475.200000 2143.952000 544.710400 1237.718400 1.000000
507.651200 1816.848000 546.164800 897.803200 1.000000
532.033600 1654.720000 546.899200 743.531200 1.000000
590.603200 1003.182400 546.950400 40.928000 1.000000
552.585600 1509.248000 552.052800 574.715200 1.000000
483.360000 2146.352000 552.404800 1240.265600 1.000000
495.601600 2041.984000 553.705600 1144.932800 1.000000
487.640000 2122.880000 554.232000 1219.211200 1.000000
535.897600 1693.696000 554.374400 787.510400 1.000000
595.153600 1024.988800 554.435200 64.512320 1.000000
552.144000 1547.814400 554.681600 620.798400 1.000000
493.752000 2129.232000 557.251200 1224.840000 1.000000
492.782400 2102.432000 557.572800 1200.251200 1.000000
550.513600 1566.700800 558.430400 642.609600 1.000000
503.547200 2081.904000 563.726400 1182.123200 1.000000
509.124800 2055.552000 565.969600 1156.840000 1.000000
509.185600 2038.720000 568.518400 1141.068800 1.000000
507.499200 2120.128000 569.204800 1217.419200 1.000000
555.134400 1666.656000 571.302400 758.668800 1.000000
589.995200 1321.374400 574.014400 383.737600 1.000000
511.329600 2139.808000 576.435200 1235.563200 1.000000
516.244800 2129.312000 577.091200 1225.929600 1.000000
522.200000 2061.584000 580.628800 1163.409600 1.000000
571.094400 1590.900800 580.739200 672.316800 1.000000
613.195200 1178.483200 584.864000 230.276800 1.000000
622.020800 1082.822400 585.531200 128.257760 1.000000
566.662400 1704.768000 586.352000 799.982400 1.000000
586.289600 1517.084800 589.646400 586.345600 1.000000
632.553600 999.996800 590.169600 38.757600 1.000000
627.852800 1076.916800 590.969600 122.868160 1.000000
585.723200 1562.244800 591.432000 639.881600 1.000000
585.443200 1578.105600 593.460800 659.088000 1.000000
539.491200 2083.728000 599.054400 1183.537600 1.000000
522.761600 2291.712000 605.033600 1405.089600 1.000000
640.350400 1095.696000 605.672000 141.544800 1.000000
611.179200 1503.124800 609.692800 571.539200 1.000000
605.217600 1551.712000 611.092800 628.521600 1.000000
602.110400 1576.332800 611.515200 656.384000 1.000000
647.308800 1088.758400 612.097600 135.567360 1.000000
630.430400 1355.568000 617.206400 420.096000 1.000000
619.851200 1523.513600 622.105600 595.512000 1.000000
638.289600 1417.969600 629.312000 486.852800 1.000000
626.731200 1536.304000 629.872000 610.846400 1.000000
568.652800 2116.080000 632.313600 1218.784000 1.000000
666.214400 1118.320000 634.776000 171.268800 1.000000
592.443200 1951.760000 637.473600 1057.953600 1.000000
651.238400 1377.625600 639.652800 444.219200 1.000000
601.222400 1955.344000 643.299200 1061.539200 1.000000
643.329600 1538.785600 646.057600 615.969600 1.000000
663.017600 1345.052800 648.976000 416.427200 1.000000
656.008000 1415.332800 649.033600 484.259200 1.000000
597.980800 2044.144000 649.225600 1153.108800 1.000000
591.302400 2114.416000 651.868800 1216.644800 1.000000
686.043200 1132.934400 655.673600 186.611200 1.000000
666.168000 1407.446400 656.760000 477.500800 1.000000
691.628800 1129.339200 661.851200 183.972800 1.000000
647.617600 1680.720000 664.340800 779.164800 1.000000
663.550400 1614.624000 673.483200 705.820800 1.000000
661.339200 1660.704000 676.152000 758.624000 1.000000
605.491200 2220.592000 676.320000 1317.587200 1.000000
685.102400 1419.841600 677.852800 490.604800 1.000000
619.086400 2168.704000 683.356800 1270.347200 1.000000
683.446400 1555.435200 687.043200 637.209600 1.000000
687.137600 1543.860800 690.246400 624.275200 1.000000
700.606400 1493.219200 700.347200 564.988800 1.000000
649.041600 2082.160000 702.147200 1189.718400 1.000000
743.620800 1002.846400 706.046400 46.082560 1.000000
725.636800 1336.835200 712.712000 407.259200 1.000000
711.702400 1530.542400 713.686400 609.867200 1.000000
712.212800 1541.310400 714.848000 622.083200 1.000000
698.804800 1723.040000 715.937600 824.318400 1.000000
715.884800 1502.068800 716.710400 570.884800 1.000000
706.972800 1609.440000 716.801600 702.094400 1.000000
731.177600 1399.185600 722.739200 470.204800 1.000000
722.798400 1523.836800 724.996800 602.590400 1.000000
656.521600 2280.208000 728.185600 1397.568000 1.000000
735.470400 1412.574400 728.204800 487.262400 1.000000
718.801600 1610.912000 729.296000 704.849600 1.000000
757.625600 1167.326400 730.582400 227.499200 1.000000
677.873600 2144.656000 735.145600 1250.113600 1.000000
666.208000 2289.648000 737.964800 1409.428800 1.000000
764.164800 1155.835200 738.152000 214.723200 1.000000
748.814400 1377.465600 738.664000 451.705600 1.000000
688.257600 2087.824000 740.832000 1197.363200 1.000000
775.174400 1039.374400 742.182400 88.794400 1.000000
740.083200 1509.916800 742.555200 586.505600 1.000000
778.964800 1044.888000 746.668800 94.481440 1.000000
742.547200 1566.249600 749.518400 654.300800 1.000000
775.366400 1176.030400 750.588800 237.596800 1.000000
783.411200 1074.032000 751.392000 122.102400 1.000000
767.008000 1354.292800 755.427200 427.273600 1.000000
770.572800 1378.224000 760.240000 452.296000 1.000000
777.182400 1342.318400 765.232000 416.716800 1.000000
716.076800 2080.640000 766.868800 1190.428800 1.000000
783.683200 1274.918400 767.305600 344.969600 1.000000
758.715200 1619.680000 769.156800 717.214400 1.000000
787.728000 1297.313600 771.657600 369.664000 1.000000
764.091200 1608.992000 774.300800 705.219200 1.000000
782.084800 1436.313600 777.379200 514.257600 1.000000
736.934400 1967.424000 777.636800 1081.337600 1.000000
731.372800 2110.848000 783.355200 1217.593600 1.000000
769.084800 1688.560000 783.595200 796.673600 1.000000
770.884800 1699.056000 787.136000 806.448000 1.000000
799.499200 1326.892800 787.540800 400.795200 1.000000
789.560000 1510.819200 791.288000 590.449600 1.000000
809.716800 1286.019200 792.652800 358.108800 1.000000
808.608000 1305.673600 794.649600 380.574400 1.000000
808.115200 1337.134400 794.846400 413.518400 1.000000
729.956800 2285.072000 795.257600 1407.835200 1.000000
711.550400 2539.808000 796.742400 1665.712000 1.000000
792.292800 1559.827200 797.323200 648.929600 1.000000
790.489600 1600.768000 798.684800 695.648000 1.000000
764.865600 1922.816000 800.196800 1042.803200 1.000000
752.752000 2092.416000 801.209600 1203.225600 1.000000
817.078400 1316.417600 803.400000 391.628800 1.000000
750.299200 2148.736000 805.484800 1257.345600 1.000000
816.819200 1349.576000 806.414400 426.096000 1.000000
826.297600 1265.217600 809.353600 337.972800 1.000000
813.408000 1454.134400 810.372800 532.795200 1.000000
814.606400 1495.142400 814.728000 573.691200 1.000000
767.889600 2102.848000 817.436800 1213.259200 1.000000
807.052800 1687.632000 822.072000 797.446400 1.000000
830.225600 1414.184000 824.745600 494.318400 1.000000
859.387200 992.883200 826.126400 40.464320 1.000000
831.091200 1432.379200 827.091200 513.113600 1.000000
836.481600 1370.467200 827.832000 450.275200 1.000000
844.980800 1258.446400 828.718400 331.345600 1.000000
781.526400 2123.040000 831.284800 1235.043200 1.000000
796.609600 1967.888000 834.385600 1084.969600 1.000000
827.172800 1593.160000 834.904000 689.476800 1.000000
819.288000 1697.648000 835.910400 807.560000 1.000000
829.539200 1568.440000 836.412800 660.753600 1.000000
851.004800 1309.062400 837.630400 385.134400 1.000000
857.051200 1301.883200 843.582400 378.824000 1.000000
846.009600 1549.705600 850.472000 639.899200 1.000000
836.358400 1692.000000 851.550400 803.123200 1.000000
869.160000 1273.713600 854.104000 348.403200 1.000000
844.126400 1663.856000 856.638400 772.833600 1.000000
816.496000 2243.152000 871.347200 1372.627200 1.000000
880.107200 1551.240000 887.257600 644.758400 1.000000
841.961600 2073.136000 887.347200 1192.134400 1.000000
884.987200 1531.633600 890.027200 621.465600 1.000000
905.939200 1253.929600 891.438400 330.412800 1.000000
852.894400 2099.904000 894.638400 1216.468800 1.000000
903.108800 1404.972800 897.593600 490.136000 1.000000
897.393600 1522.600000 900.156800 610.620800 1.000000
909.056000 1343.958400 901.422400 428.656000 1.000000
861.478400 2069.792000 904.449600 1191.587200 1.000000
854.459200 2274.880000 908.905600 1402.438400 1.000000
865.222400 2086.256000 909.123200 1205.787200 1.000000
840.366400 2487.760000 910.078400 1626.224000 1.000000
908.012800 1496.680000 912.411200 582.358400 1.000000
910.542400 1604.672000 918.412800 709.174400 1.000000
932.244800 1371.148800 927.540800 455.950400 1.000000
875.560000 2272.000000 929.577600 1400.736000 1.000000
921.968000 1588.656000 929.835200 692.720000 1.000000
922.051200 1562.569600 931.748800 662.416000 1.000000
904.124800 1948.224000 936.560000 1074.310400 1.000000
905.804800 2088.736000 945.817600 1210.356800 1.000000
944.265600 1533.300800 948.673600 627.147200 1.000000
909.406400 2167.856000 954.468800 1293.873600 1.000000
962.942400 1349.784000 955.432000 437.411200 1.000000
978.083200 1074.497600 956.356800 137.588160 1.000000
941.824000 1706.944000 957.492800 824.977600 1.000000
915.606400 2272.368000 965.892800 1404.740800 1.000000
927.113600 2084.592000 966.203200 1207.486400 1.000000
921.273600 2175.280000 966.611200 1302.348800 1.000000
952.366400 1704.256000 967.851200 823.204800 1.000000
971.054400 1466.198400 970.816000 555.806400 1.000000
950.859200 1906.768000 978.894400 1037.096000 1.000000
964.072000 1708.320000 979.776000 827.705600 1.000000
941.796800 2166.192000 983.032000 1295.955200 1.000000
1003.537600 1137.136000 986.657600 209.950400 1.000000
933.220800 2430.560000 988.998400 1580.028800 1.000000
933.387200 2407.360000 989.056000 1559.801600 1.000000
991.395200 1412.928000 989.212800 504.964800 1.000000
959.670400 1950.192000 989.833600 1079.393600 1.000000
978.646400 1712.016000 992.660800 831.801600 1.000000
976.355200 1810.032000 996.342400 938.214400 1.000000
957.163200 2124.112000 997.627200 1249.384000 1.000000
944.664000 2410.384000 998.040000 1562.766400 1.000000
969.369600 2131.856000 1001.416000 1266.329600 1.000000
983.496000 1836.064000 1006.347200 968.798400 1.000000
993.984000 1686.928000 1006.595200 806.758400 1.000000
1009.056000 1409.321600 1006.995200 503.161600 1.000000
992.764800 1660.688000 1010.200000 783.254400 1.000000
972.830400 2147.040000 1012.724800 1277.040000 1.000000
1015.252800 1454.580800 1016.462400 548.329600 1.000000
974.500800 2191.104000 1016.636800 1320.441600 1.000000
964.017600 2432.016000 1016.758400 1581.507200 1.000000
979.310400 2136.192000 1017.203200 1266.027200 1.000000
973.440000 2257.472000 1018.240000 1396.883200 1.000000
1032.321600 1177.742400 1018.907200 256.025600 1.000000
995.441600 1871.296000 1019.577600 1005.984000 1.000000
998.537600 1862.816000 1021.780800 996.865600 1.000000
1022.976000 1468.932800 1022.433600 562.758400 1.000000
986.768000 2203.952000 1027.489600 1334.220800 1.000000
1042.592000 1133.313600 1028.489600 207.036800 1.000000
1006.244800 1858.640000 1028.908800 993.233600 1.000000
1037.686400 1219.542400 1029.417600 303.040000 1.000000
1031.499200 1414.473600 1031.798400 509.633600 1.000000
1025.622400 1549.520000 1032.622400 652.105600 1.000000
1046.633600 1145.406400 1034.384000 218.844800 1.000000
1027.828800 1567.835200 1035.416000 672.556800 1.000000
1054.272000 1108.704000 1037.678400 181.358400 1.000000
1052.048000 1152.814400 1039.804800 230.312000 1.000000
1006.273600 2268.432000 1048.747200 1405.030400 1.000000
1008.403200 2292.128000 1052.848000 1433.113600 1.000000
1047.291200 1515.379200 1052.924800 613.840000 1.000000
1011.211200 2409.424000 1057.796800 1563.462400 1.000000
1053.590400 1548.107200 1059.801600 652.894400 1.000000
1059.521600 1574.825600 1068.401600 683.192000 1.000000
1081.425600 1114.419200 1069.163200 187.550400 1.000000
1057.500800 1653.008000 1069.246400 774.032000 1.000000
1026.768000 2269.872000 1069.968000 1407.512000 1.000000
1056.598400 1704.080000 1071.620800 829.086400 1.000000
1037.230400 2105.568000 1071.968000 1237.824000 1.000000
1032.744000 2237.392000 1072.572800 1377.900800 1.000000
1043.049600 2212.544000 1075.470400 1350.523200 1.000000
1069.662400 1576.505600 1078.038400 686.716800 1.000000
1063.875200 1673.696000 1078.428800 796.440000 1.000000
1052.880000 1939.120000 1078.784000 1075.809600 1.000000
1033.544000 2409.328000 1079.254400 1565.224000 1.000000
1042.801600 2165.664000 1082.187200 1289.745600 1.000000
1058.744000 1934.464000 1085.801600 1071.612800 1.000000
1017.158400 2992.160000 1086.355200 2043.904000 1.000000
1082.528000 1473.670400 1086.500800 571.860800 1.000000
1051.785600 2139.280000 1086.881600 1271.011200 1.000000
1063.864000 1941.952000 1088.475200 1079.609600 1.000000
1101.112000 1128.112000 1088.588800 205.422400 1.000000
1056.995200 2077.728000 1089.342400 1209.404800 1.000000
1063.904000 1958.576000 1089.902400 1094.140800 1.000000
1082.652800 1555.419200 1090.827200 662.654400 1.000000
1091.678400 1436.320000 1091.091200 535.292800 1.000000
1057.716800 2108.176000 1091.339200 1241.190400 1.000000
1048.664000 2397.840000 1094.324800 1556.011200 1.000000
1063.404800 2067.760000 1094.576000 1200.326400 1.000000
1056.185600 2412.544000 1098.819200 1569.003200 1.000000
1075.416000 1947.088000 1100.667200 1084.699200 1.000000
1086.419200 1691.328000 1100.745600 817.648000 1.000000
1095.184000 1518.089600 1101.068800 619.028800 1.000000
1079.054400 1900.304000 1101.777600 1037.928000 1.000000
1096.456000 1628.688000 1108.283200 749.236800 1.000000
1104.812800 1547.270400 1110.438400 653.560000 1.000000
1097.976000 1682.512000 1111.398400 809.275200 1.000000
1102.024000 1606.160000 1111.504000 723.500800 1.000000
1087.504000 1906.992000 1112.406400 1046.675200 1.000000
1105.464000 1559.003200 1112.828800 666.473600 1.000000
1089.944000 1946.336000 1114.041600 1084.966400 1.000000
1091.619200 1931.216000 1116.395200 1070.564800 1.000000
1092.068800 1965.616000 1118.996800 1101.620800 1.000000
1086.259200 2242.576000 1119.337600 1387.899200 1.000000
1114.478400 1517.171200 1123.142400 615.182400 1.000000
1092.990400 2112.032000 1124.926400 1243.086400 1.000000
1117.849600 1593.297600 1126.091200 709.096000 1.000000
1116.902400 1612.848000 1128.750400 731.945600 1.000000
1122.896000 1567.640000 1130.320000 679.825600 1.000000
1090.657600 2420.672000 1131.080000 1577.044800 1.000000
1098.734400 2229.808000 1132.316800 1376.763200 1.000000
1073.395200 2984.336000 1133.065600 2039.968000 1.000000
1139.579200 1233.299200 1134.628800 324.729600 1.000000
1125.084800 1678.672000 1136.820800 807.804800 1.000000
1080.603200 2971.552000 1139.222400 2030.112000 1.000000
1128.953600 1663.360000 1141.464000 790.820800 1.000000
1116.350400 2038.976000 1144.950400 1176.683200 1.000000
1138.956800 1561.875200 1148.428800 672.587200 1.000000
1122.368000 2150.432000 1154.166400 1290.854400 1.000000
1153.214400 1478.403200 1158.006400 581.531200 1.000000
1150.688000 1615.344000 1161.337600 736.441600 1.000000
1156.948800 1562.968000 1166.100800 675.374400 1.000000
1144.867200 1944.784000 1168.040000 1087.780800 1.000000
1162.204800 1608.400000 1173.316800 728.830400 1.000000
1165.880000 1671.264000 1178.097600 801.092800 1.000000
1164.380800 1679.792000 1178.230400 809.742400 1.000000
1183.676800 1295.648000 1182.616000 393.356800 1.000000
1193.953600 999.097600 1184.054400 66.070560 1.000000
1175.529600 1589.756800 1185.628800 707.776000 1.000000
1177.121600 1555.918400 1186.070400 668.104000 1.000000
1182.028800 1597.328000 1193.595200 717.144000 1.000000
1173.681600 1932.448000 1196.233600 1076.636800 1.000000
1191.782400 1604.736000 1203.124800 726.868800 1.000000
1194.760000 1536.345600 1203.587200 646.691200 1.000000
1193.609600 1623.168000 1204.408000 747.974400 1.000000
1213.896000 1030.857600 1205.929600 100.810400 1.000000
1215.672000 1015.049600 1206.990400 84.299520 1.000000
1197.163200 1593.139200 1207.795200 713.723200 1.000000
1198.667200 1581.923200 1207.883200 700.464000 1.000000
1197.136000 1665.712000 1208.902400 797.440000 1.000000
1199.916800 1553.017600 1210.441600 666.427200 1.000000
1202.430400 1562.806400 1212.347200 678.148800 1.000000
1205.702400 1547.387200 1214.793600 659.526400 1.000000
1196.467200 1916.896000 1216.755200 1065.153600 1.000000
1206.017600 1594.886400 1217.664000 716.302400 1.000000
1209.208000 1667.616000 1222.024000 799.062400 1.000000
1202.392000 1938.576000 1225.246400 1084.708800 1.000000
1214.704000 1589.942400 1225.691200 710.625600 1.000000
1218.291200 1548.286400 1227.424000 662.987200 1.000000
1214.313600 1677.680000 1227.558400 809.644800 1.000000
1207.312000 1931.376000 1227.833600 1078.507200 1.000000
1227.372800 1332.550400 1229.612800 433.235200 1.000000
1215.880000 1657.664000 1230.024000 790.161600 1.000000
1220.048000 1583.537600 1232.108800 703.155200 1.000000
1182.972800 1888.832000 1232.467200 1015.057600 1.000000
1224.660800 1628.192000 1234.824000 755.640000 1.000000
1233.790400 1304.500800 1235.747200 404.350400 1.000000
1220.088000 1923.248000 1238.846400 1071.875200 1.000000
1227.243200 1578.192000 1239.120000 698.273600 1.000000
1222.796800 1946.256000 1243.086400 1094.267200 1.000000
1222.960000 1934.512000 1243.692800 1082.627200 1.000000
1235.387200 1596.177600 1247.019200 719.582400 1.000000
1235.291200 1669.984000 1247.320000 802.425600 1.000000
1235.756800 1692.960000 1248.462400 825.216000 1.000000
1236.699200 1683.744000 1251.273600 816.092800 1.000000
1242.419200 1659.696000 1255.547200 793.224000 1.000000
1245.040000 1577.390400 1255.726400 698.827200 1.000000
1249.403200 1603.024000 1260.976000 729.184000 1.000000
1250.993600 1616.208000 1262.480000 744.232000 1.000000
1264.348800 1411.958400 1270.584000 522.843200 1.000000
1261.872000 1517.020800 1272.422400 629.328000 1.000000
1265.339200 1557.000000 1276.091200 675.721600 1.000000
1267.344000 1577.196800 1278.379200 701.171200 1.000000
1267.195200 1604.576000 1278.752000 732.217600 1.000000
1270.625600 1460.955200 1278.854400 574.523200 1.000000
1275.945600 1595.478400 1287.062400 721.019200 1.000000
1282.105600 1440.118400 1289.393600 554.268800 1.000000
1280.396800 1475.115200 1290.880000 585.731200 1.000000
1279.657600 1558.222400 1290.915200 677.801600 1.000000
1282.585600 1485.387200 1291.452800 597.500800 1.000000
1285.982400 1383.036800 1291.548800 492.504000 1.000000
1287.555200 1458.480000 1296.212800 572.734400 1.000000
1290.856000 1546.958400 1300.816000 665.112000 1.000000
1298.419200 1200.907200 1300.996800 297.078400 1.000000
1294.995200 1464.652800 1303.659200 580.368000 1.000000
1292.808000 1539.312000 1303.696000 656.166400 1.000000
1287.624000 1657.712000 1303.718400 794.038400 1.000000
1296.968000 1476.393600 1306.574400 590.532800 1.000000
1296.697600 1611.280000 1306.700800 742.288000 1.000000
1295.168000 1577.166400 1308.043200 701.120000 1.000000
1300.115200 1569.483200 1311.587200 692.516800 1.000000
1304.724800 1491.651200 1313.145600 605.985600 1.000000
1307.465600 1957.376000 1314.803200 1081.984000 1.000000
1308.512000 1418.476800 1314.971200 530.497600 1.000000
1312.054400 1557.827200 1324.740800 678.702400 1.000000
1317.651200 1539.532800 1329.614400 659.504000 1.000000
1318.540800 1584.907200 1330.188800 712.584000 1.000000
1338.836800 1163.192000 1341.710400 256.758400 1.000000
1343.428800 1329.555200 1350.692800 440.920000 1.000000
1342.940800 1433.304000 1351.910400 551.523200 1.000000
1350.755200 1154.878400 1354.944000 250.460800 1.000000
1344.300800 1579.214400 1355.644800 706.364800 1.000000
1350.390400 1358.324800 1357.726400 471.656000 1.000000
1339.472000 1890.080000 1361.393600 1025.225600 1.000000
1353.968000 1439.716800 1365.494400 556.172800 1.000000
1367.251200 1279.880000 1374.150400 390.363200 1.000000
1362.867200 1444.371200 1374.657600 561.795200 1.000000
1361.678400 1667.120000 1375.353600 805.196800 1.000000
1363.488000 1916.800000 1384.451200 1056.201600 1.000000
1373.296000 1433.601600 1384.854400 551.996800 1.000000
1367.745600 1899.616000 1386.128000 1036.334400 1.000000
1381.836800 1498.915200 1393.897600 618.798400 1.000000
1382.304000 1475.777600 1394.020800 595.628800 1.000000
1388.859200 1403.804800 1398.000000 523.073600 1.000000
1386.908800 1542.172800 1399.308800 665.785600 1.000000
1396.916800 1602.320000 1409.070400 736.464000 1.000000
1400.852800 1440.556800 1412.113600 561.644800 1.000000
1407.996800 1499.262400 1418.012800 620.307200 1.000000
1400.382400 2153.296000 1418.025600 1286.587200 1.000000
1414.368000 1426.137600 1425.801600 547.742400 1.000000
1416.552000 1402.427200 1427.000000 524.467200 1.000000
1414.838400 2160.656000 1431.630400 1295.763200 1.000000
1419.982400 1588.636800 1433.126400 722.998400 1.000000
1425.568000 1530.497600 1433.660800 655.403200 1.000000
1415.616000 2128.416000 1436.756800 1260.769600 1.000000
1421.635200 2040.560000 1440.744000 1172.371200 1.000000
1438.171200 2235.632000 1446.872000 1396.753600 1.000000
1439.257600 1500.508800 1451.694400 623.315200 1.000000
1441.169600 1587.324800 1452.102400 723.494400 1.000000
1438.651200 1575.721600 1452.673600 708.611200 1.000000
1440.283200 1598.699200 1452.840000 735.379200 1.000000
1446.052800 1396.984000 1458.724800 518.328000 1.000000
1452.747200 2259.440000 1462.235200 1420.358400 1.000000
1450.928000 1601.696000 1463.315200 738.926400 1.000000
1458.504000 1577.523200 1472.203200 711.745600 1.000000
1461.803200 1413.971200 1475.256000 539.494400 1.000000
1462.777600 1550.054400 1476.779200 679.985600 1.000000
1464.988800 1402.083200 1478.755200 524.708800 1.000000
1471.440000 1604.352000 1484.780800 743.798400 1.000000
1471.800000 1542.630400 1486.510400 670.800000 1.000000
1481.150400 1324.811200 1496.003200 443.417600 1.000000
1482.608000 1595.169600 1496.163200 733.608000 1.000000
1482.708800 1583.251200 1498.758400 720.158400 1.000000
1486.019200 1573.680000 1500.398400 709.094400 1.000000
1495.803200 1313.092800 1509.528000 433.452800 1.000000
1497.355200 1608.624000 1510.312000 749.057600 1.000000
1501.724800 1324.782400 1517.787200 446.180800 1.000000
1504.512000 1548.910400 1519.614400 680.571200 1.000000
1510.692800 1536.976000 1525.105600 668.516800 1.000000
1510.803200 1320.795200 1525.481600 441.616000 1.000000
1514.860800 1018.009600 1528.947200 102.542560 1.000000
1529.123200 1022.120000 1545.848000 108.627200 1.000000
1532.644800 1014.761600 1549.881600 101.930400 1.000000
1537.184000 1036.355200 1551.609600 124.398080 1.000000
1537.641600 1315.524800 1553.520000 438.942400 1.000000
1537.488000 1360.113600 1554.393600 484.504000 1.000000
1553.457600 2249.616000 1554.606400 1417.195200 1.000000
1540.046400 1581.040000 1554.628800 720.846400 1.000000
1542.286400 1601.200000 1556.969600 744.443200 1.000000
1550.584000 1358.766400 1567.204800 484.315200 1.000000
1583.857600 2253.712000 1582.230400 1423.873600 1.000000
1566.233600 1542.604800 1583.996800 677.214400 1.000000
1586.880000 2275.472000 1584.963200 1443.713600 1.000000
1568.406400 1383.800000 1585.923200 513.944000 1.000000
1572.440000 1575.280000 1586.931200 715.273600 1.000000
1582.126400 1073.488000 1603.600000 171.680000 1.000000
1611.776000 2296.864000 1606.336000 1468.382400 1.000000
1628.432000 1767.760000 1610.560000 905.712000 1.000000
1597.292800 1541.614400 1613.824000 677.486400 1.000000
1595.795200 1480.944000 1614.976000 614.118400 1.000000
1655.632000 1562.459200 1672.576000 704.936000 1.000000
1658.128000 1554.027200 1675.600000 695.568000 1.000000
1660.672000 1546.542400 1678.528000 687.507200 1.000000
1670.592000 1561.776000 1687.152000 705.307200 1.000000
1670.576000 1500.612800 1690.976000 642.555200 1.000000
1679.136000 1516.425600 1698.944000 656.409600 1.000000
1680.736000 1542.001600 1699.008000 682.857600 1.000000
1724.624000 2268.080000 1712.928000 1445.795200 1.000000
1695.776000 1215.835200 1722.368000 338.555200 1.000000
1751.056000 2262.144000 1737.488000 1440.336000 1.000000
1713.088000 1521.481600 1737.584000 664.091200 1.000000
1786.752000 2854.784000 1745.504000 1970.544000 1.000000
1752.880000 2031.808000 1756.976000 1182.337600 1.000000
1753.232000 2007.056000 1760.336000 1158.152000 1.000000
1731.664000 1222.328000 1761.968000 345.424000 1.000000
1788.784000 2362.512000 1762.000000 1548.324800 1.000000
1800.640000 2795.776000 1762.736000 1921.456000 1.000000
1765.168000 2143.328000 1763.648000 1295.472000 1.000000
1763.328000 2115.728000 1764.208000 1269.512000 1.000000
1792.928000 2373.904000 1764.432000 1557.924800 1.000000
1799.776000 2367.104000 1771.376000 1551.971200 1.000000
1772.144000 2134.672000 1772.560000 1287.942400 1.000000
1757.168000 1552.675200 1773.520000 694.724800 1.000000
1755.552000 1525.208000 1777.040000 671.001600 1.000000
1766.928000 1841.136000 1777.440000 998.248000 1.000000
1777.040000 2089.360000 1777.504000 1244.614400 1.000000
1795.328000 2251.712000 1778.624000 1432.192000 1.000000
1785.504000 2110.096000 1784.272000 1264.624000 1.000000
1808.896000 2266.064000 1790.240000 1447.070400 1.000000
1787.280000 1901.536000 1795.344000 1063.251200 1.000000
1793.408000 1910.448000 1799.008000 1073.766400 1.000000
1806.432000 2021.120000 1811.008000 1179.027200 1.000000
1809.856000 1986.080000 1815.648000 1143.851200 1.000000
1856.448000 2376.512000 1823.216000 1562.836800 1.000000
1893.776000 2882.000000 1836.896000 2000.048000 1.000000
1809.952000 1346.441600 1840.320000 488.512000 1.000000
1839.376000 1990.544000 1841.264000 1151.120000 1.000000
1900.576000 2869.056000 1843.664000 1988.720000 1.000000
1845.776000 2029.792000 1845.536000 1190.233600 1.000000
1848.352000 2074.592000 1845.952000 1236.460800 1.000000
1850.240000 2005.072000 1852.000000 1166.478400 1.000000
1858.192000 2078.688000 1857.344000 1252.446400 1.000000
1825.504000 1148.620800 1862.320000 273.792000 1.000000
1865.440000 2067.056000 1862.400000 1228.009600 1.000000
1903.744000 2379.232000 1865.648000 1567.142400 1.000000
1926.448000 2879.664000 1865.808000 1999.456000 1.000000
1868.768000 1958.480000 1869.248000 1124.230400 1.000000
1871.280000 2008.736000 1871.424000 1170.657600 1.000000
1876.048000 1989.984000 1875.552000 1151.795200 1.000000
1873.856000 1902.672000 1879.216000 1068.862400 1.000000
1882.496000 1981.504000 1883.536000 1143.720000 1.000000
1845.424000 1029.824000 1890.416000 141.442880 1.000000
1900.368000 2104.864000 1893.824000 1271.228800 1.000000
1932.000000 2343.232000 1895.600000 1537.496000 1.000000
1895.552000 1985.056000 1896.208000 1149.465600 1.000000
1950.032000 2734.576000 1896.720000 1878.400000 1.000000
1892.080000 1894.832000 1897.760000 1063.864000 1.000000
1902.160000 1901.184000 1907.280000 1071.980800 1.000000
1880.768000 1434.068800 1910.672000 586.643200 1.000000
1987.104000 2847.296000 1920.080000 1974.992000 1.000000
1924.560000 1957.024000 1925.360000 1124.643200 1.000000
1975.264000 2392.976000 1926.736000 1578.585600 1.000000
1961.488000 2291.440000 1928.160000 1484.092800 1.000000
1900.000000 1443.651200 1929.856000 598.308800 1.000000
1979.552000 2412.176000 1931.344000 1598.534400 1.000000
1889.936000 1093.816000 1935.968000 215.771200 1.000000
1908.736000 1437.571200 1937.888000 591.924800 1.000000
1991.248000 2397.904000 1942.688000 1585.291200 1.000000
2041.040000 2930.304000 1950.112000 2096.112000 1.000000
1950.320000 1890.960000 1956.736000 1062.747200 1.000000
2047.488000 2916.816000 1957.728000 2083.520000 1.000000
1914.608000 1131.025600 1960.464000 261.316800 1.000000
1995.232000 2215.744000 1964.992000 1409.105600 1.000000
2051.936000 2815.312000 1978.352000 1954.208000 1.000000
2042.640000 2689.984000 1979.840000 1850.512000 1.000000
2014.704000 2231.360000 1982.816000 1428.284800 1.000000
2057.984000 2831.104000 1983.056000 1965.392000 1.000000
1954.976000 1481.598400 1983.088000 640.656000 1.000000
2019.264000 2241.968000 1984.944000 1439.603200 1.000000
1935.872000 1068.360000 1986.608000 189.958400 1.000000
1963.184000 1497.198400 1990.784000 656.856000 1.000000
2047.344000 2398.224000 1993.840000 1587.649600 1.000000
2025.808000 2215.760000 1993.984000 1412.555200 1.000000
1974.704000 1707.840000 1994.368000 883.131200 1.000000
2072.112000 2811.200000 1995.312000 1949.824000 1.000000
2032.032000 2205.360000 2000.272000 1401.916800 1.000000
2099.152000 2913.072000 2001.280000 2083.584000 1.000000
2012.048000 2016.224000 2006.288000 1190.392000 1.000000
2037.600000 2206.768000 2007.920000 1404.619200 1.000000
1986.288000 1592.540800 2012.672000 749.166400 1.000000
1996.816000 1599.620800 2021.088000 756.123200 1.000000
2122.944000 2929.888000 2021.120000 2100.928000 1.000000
2129.280000 2946.400000 2023.232000 2113.984000 1.000000
2020.288000 1901.424000 2024.928000 1080.198400 1.000000
2039.552000 2033.456000 2028.832000 1208.467200 1.000000
1984.144000 1218.854400 2029.776000 362.460800 1.000000
2023.600000 1817.792000 2030.368000 1001.473600 1.000000
2023.968000 1798.384000 2031.024000 982.086400 1.000000
2104.512000 2729.792000 2031.920000 1885.056000 1.000000
2041.280000 2012.048000 2033.808000 1188.379200 1.000000
2106.080000 2707.488000 2035.104000 1867.152000 1.000000
2097.472000 2566.944000 2037.664000 1751.136000 1.000000
2049.328000 2055.408000 2038.976000 1231.499200 1.000000
1996.080000 1257.004800 2040.208000 404.476800 1.000000
1982.912000 1026.009600 2040.544000 145.091360 1.000000
2101.376000 2574.720000 2041.936000 1757.504000 1.000000
2007.968000 1468.160000 2042.160000 624.958400 1.000000
2030.112000 1747.968000 2042.480000 927.654400 1.000000
2050.672000 2022.800000 2042.704000 1200.857600 1.000000
2048.944000 1984.944000 2043.120000 1165.977600 1.000000
2099.200000 2354.224000 2043.440000 1549.940800 1.000000
2118.464000 2710.192000 2045.088000 1870.992000 1.000000
2000.560000 1237.603200 2045.648000 382.836800 1.000000
2112.080000 2417.488000 2051.104000 1604.592000 1.000000
2027.024000 1255.300800 2073.344000 403.512000 1.000000
2091.136000 1935.072000 2085.360000 1132.044800 1.000000
2166.656000 2484.416000 2096.320000 1665.376000 1.000000
2090.256000 1804.352000 2096.672000 994.145600 1.000000
2033.792000 979.569600 2099.856000 93.056320 1.000000
2059.344000 1292.588800 2105.104000 446.451200 1.000000
2228.688000 2973.120000 2105.200000 2138.896000 1.000000
2057.520000 1264.926400 2106.016000 416.356800 1.000000
2039.008000 965.763200 2106.320000 76.604960 1.000000
2234.144000 2928.608000 2114.832000 2104.240000 1.000000
2240.976000 2941.408000 2119.984000 2114.432000 1.000000
2052.512000 974.347200 2121.840000 87.783360 1.000000
2068.416000 1161.507200 2124.688000 302.206400 1.000000
2112.816000 1736.272000 2125.520000 919.323200 1.000000
2074.624000 1200.523200 2129.296000 343.851200 1.000000
2116.240000 625.156800 2129.680000 54.500000 1.000000
2077.248000 1231.137600 2130.064000 378.611200 1.000000
2252.496000 2928.560000 2131.616000 2104.384000 1.000000
2259.248000 2945.344000 2135.104000 2117.632000 1.000000
2074.192000 944.376000 2146.144000 53.856000 1.000000
2088.784000 963.587200 2161.424000 77.220800 1.000000
2294.112000 2870.976000 2171.104000 2057.904000 1.000000
2301.136000 2918.416000 2172.672000 2099.440000 1.000000
2307.920000 2977.888000 2174.032000 2145.984000 1.000000
2300.624000 2877.584000 2177.344000 2064.944000 1.000000
2270.704000 2752.000000 2179.744000 1888.368000 1.000000
2311.840000 2924.208000 2182.672000 2103.632000 1.000000
2130.832000 1016.891200 2203.920000 139.096800 1.000000
2192.992000 1376.873600 2231.728000 581.747200 1.000000
2201.568000 942.457600 2286.752000 64.785120 1.000000
2438.448000 1352.054400 2332.928000 1188.068800 1.000000
2453.072000 1349.827200 2348.112000 1189.408000 1.000000
2478.352000 1397.339200 2365.488000 1239.152000 1.000000
2438.128000 1161.526400 2388.064000 860.491200 1.000000
2709.216000 1744.688000 2516.128000 1624.368000 1.000000
2646.064000 1287.755200 2531.760000 1146.697600 1.000000
2737.920000 1804.240000 2536.720000 1671.104000 1.000000
2732.240000 1415.302400 2585.504000 1313.870400 1.000000
2779.920000 1569.128000 2597.760000 1495.611200 1.000000
2806.528000 1608.176000 2613.216000 1539.846400 1.000000
2819.376000 1613.536000 2622.592000 1549.392000 1.000000
2861.072000 1448.862400 2622.944000 1199.275200 1.000000
2852.048000 1661.328000 2642.528000 1604.624000 1.000000
2839.920000 1518.787200 2656.576000 1454.900800 1.000000
2869.248000 1571.776000 2672.928000 1516.761600 1.000000
2883.120000 1600.288000 2679.616000 1550.276800 1.000000
2884.176000 1582.368000 2683.600000 1531.606400 1.000000
2888.784000 1596.844800 2685.264000 1547.628800 1.000000
2899.152000 1625.984000 2687.856000 1579.644800 1.000000
2900.816000 1607.552000 2692.480000 1561.672000 1.000000
2798.592000 1372.446400 2692.560000 1379.436800 1.000000
2909.712000 1610.352000 2700.048000 1566.241600 1.000000
2896.528000 1522.859200 2706.496000 1467.353600 1.000000
2951.824000 1529.753600 2755.184000 1487.486400 1.000000
2942.336000 1446.300800 2788.480000 1465.216000 1.000000
3086.704000 960.254400 2950.432000 1015.243200 1.000000
3521.648000 1657.360000 3161.344000 1914.032000 1.000000
3705.792000 423.910400 3863.504000 50.219840 1.000000
3837.216000 594.105600 3935.888000 298.408000 1.000000
