19.291520 941.579200 99.560800 347.488000 1.000000
9.600960 1128.772800 103.389920 537.148800 1.000000
31.358240 917.609600 109.146880 324.368000 1.000000
16.584000 1126.248000 109.647040 534.476800 1.000000
43.670720 762.528000 111.161760 162.401600 1.000000
49.040960 786.321600 118.824960 188.201600 1.000000
16.083520 1300.592000 120.013600 708.155200 1.000000
28.500800 1140.086400 122.011040 549.836800 1.000000
49.740480 852.937600 124.162720 257.584000 1.000000
45.344960 985.300800 129.178240 394.728000 1.000000
49.728480 978.252800 130.265280 385.083200 1.000000
18.826400 1465.291200 133.130560 867.292800 1.000000
59.375520 848.624000 133.278880 253.520000 1.000000
29.837600 1311.016000 133.937440 718.916800 1.000000
58.033280 886.614400 133.983040 292.726400 1.000000
54.227520 973.286400 136.851040 383.054400 1.000000
43.613920 1157.630400 138.332320 568.596800 1.000000
60.010240 960.001600 139.970240 368.678400 1.000000
38.705440 1281.366400 140.759360 690.078400 1.000000
64.587040 949.779200 143.276000 357.942400 1.000000
65.857440 930.712000 144.262880 339.889600 1.000000
71.889440 892.390400 148.234240 300.048000 1.000000
74.648480 906.075200 152.188640 312.864000 1.000000
76.561120 894.897600 153.647040 302.625600 1.000000
84.711680 764.315200 154.097600 165.222400 1.000000
85.847040 788.446400 155.547520 192.398400 1.000000
36.607840 1537.313600 155.644000 941.201600 1.000000
88.009760 776.051200 156.139360 178.961600 1.000000
50.439040 1365.228800 157.360160 772.467200 1.000000
48.803520 1392.859200 158.211840 798.731200 1.000000
84.136000 866.307200 158.749920 272.478400 1.000000
44.004000 1520.009600 160.995200 924.913600 1.000000
94.924480 781.889600 162.729600 184.905600 1.000000
87.037760 943.176000 166.052800 352.675200 1.000000
52.148160 1498.289600 167.476800 902.049600 1.000000
66.160160 1325.512000 169.312000 734.212800 1.000000
69.992320 1272.214400 170.243200 682.576000 1.000000
76.199840 1185.772800 171.246400 596.886400 1.000000
80.599200 1144.291200 172.588800 556.009600 1.000000
76.791680 1250.624000 174.400000 662.753600 1.000000
68.500320 1394.496000 174.916800 800.960000 1.000000
24.564320 2015.792000 175.793600 1419.520000 1.000000
99.204960 932.320000 178.203200 342.529600 1.000000
31.297600 2002.080000 182.124800 1407.358400 1.000000
31.295360 1991.792000 182.204800 1398.051200 1.000000
48.330400 1774.432000 183.209600 1190.163200 1.000000
78.877600 1367.249600 185.094400 776.116800 1.000000
112.700160 887.872000 187.001600 295.676800 1.000000
109.173600 918.305600 187.264000 327.745600 1.000000
110.360320 929.176000 188.195200 338.145600 1.000000
111.604960 909.931200 189.184000 319.436800 1.000000
89.480640 1268.252800 189.323200 678.886400 1.000000
121.151360 829.702400 193.521600 237.227200 1.000000
122.884480 820.596800 194.172800 228.889600 1.000000
48.694560 2008.432000 198.880000 1414.152000 1.000000
128.308480 835.420800 200.448000 241.760000 1.000000
87.302080 1524.940800 200.934400 932.008000 1.000000
81.763840 1584.321600 201.369600 992.331200 1.000000
52.704000 1986.032000 202.027200 1393.953600 1.000000
130.842880 823.416000 202.057600 229.777600 1.000000
126.180000 918.398400 203.726400 328.120000 1.000000
129.198720 888.044800 204.364800 294.505600 1.000000
86.513120 1600.400000 206.500800 1009.212800 1.000000
129.472800 924.499200 206.739200 335.254400 1.000000
90.859680 1534.636800 207.708800 942.542400 1.000000
63.643520 1981.488000 211.100800 1389.958400 1.000000
133.426560 942.456000 211.596800 352.052800 1.000000
62.851360 2012.064000 211.710400 1418.379200 1.000000
87.577600 1659.232000 213.168000 1069.384000 1.000000
65.877760 1996.480000 213.832000 1403.364800 1.000000
108.508960 1398.574400 214.512000 806.558400 1.000000
155.021760 674.899200 216.785600 75.021280 1.000000
142.676960 843.358400 217.382400 251.176000 1.000000
156.422400 656.873600 217.929600 56.262560 1.000000
124.616160 1200.678400 217.988800 613.934400 1.000000
114.387040 1372.297600 218.464000 782.251200 1.000000
71.684960 2014.256000 220.363200 1420.656000 1.000000
122.534080 1297.068800 222.129600 708.835200 1.000000
120.002400 1368.064000 222.953600 777.668800 1.000000
110.099840 1510.262400 223.009600 917.083200 1.000000
146.483840 934.779200 224.689600 347.136000 1.000000
104.922400 1606.752000 225.022400 1015.683200 1.000000
155.380480 801.860800 225.257600 209.342400 1.000000
77.328320 1999.888000 225.449600 1407.524800 1.000000
130.531200 1279.958400 228.374400 692.950400 1.000000
65.474720 2284.480000 229.960000 1670.384000 1.000000
134.284480 1236.715200 230.083200 650.057600 1.000000
124.521920 1398.918400 230.094400 807.441600 1.000000
127.293920 1369.777600 231.345600 779.374400 1.000000
83.192640 2024.144000 231.932800 1429.731200 1.000000
114.647040 1585.753600 232.636800 994.308800 1.000000
135.094560 1337.699200 232.696000 748.691200 1.000000
159.088640 833.928000 233.044800 241.766400 1.000000
85.729280 2016.688000 233.988800 1422.870400 1.000000
139.935200 1241.670400 235.552000 655.201600 1.000000
164.857600 841.732800 235.700800 251.036800 1.000000
175.372800 659.489600 235.800000 59.801600 1.000000
91.241760 1973.360000 236.448000 1384.273600 1.000000
136.825120 1286.068800 236.486400 698.248000 1.000000
124.784320 1509.542400 236.604800 917.648000 1.000000
93.628320 1979.424000 239.049600 1389.412800 1.000000
127.986080 1480.401600 239.110400 887.292800 1.000000
88.917120 2049.216000 239.872000 1453.244800 1.000000
171.595200 859.308800 242.384000 269.456000 1.000000
97.101920 1985.392000 242.923200 1394.582400 1.000000
141.207840 1379.958400 244.056000 788.502400 1.000000
146.964960 1272.875200 244.899200 686.531200 1.000000
144.129600 1339.752000 245.236800 751.516800 1.000000
177.704000 810.944000 247.027200 219.544000 1.000000
154.975840 1195.068800 247.524800 608.441600 1.000000
130.520640 1588.804800 248.377600 998.366400 1.000000
93.369280 2096.432000 249.014400 1498.878400 1.000000
103.018720 1993.312000 249.460800 1402.424000 1.000000
178.796800 799.283200 249.491200 205.923200 1.000000
177.905600 836.204800 250.056000 245.843200 1.000000
132.783680 1600.624000 251.220800 1010.756800 1.000000
146.648000 1397.929600 251.561600 808.115200 1.000000
139.833280 1526.115200 252.268800 935.011200 1.000000
171.385600 994.172800 252.315200 408.684800 1.000000
162.672000 1181.969600 252.688000 598.289600 1.000000
103.763840 2079.120000 252.720000 1481.268800 1.000000
129.225600 1699.840000 253.070400 1111.283200 1.000000
140.824160 1537.606400 255.259200 946.144000 1.000000
159.908640 1251.537600 255.377600 665.702400 1.000000
133.913280 1679.392000 257.787200 1091.864000 1.000000
158.516320 1321.904000 258.630400 734.420800 1.000000
141.928480 1583.803200 259.172800 994.651200 1.000000
111.155840 2063.824000 259.710400 1466.374400 1.000000
156.600640 1375.603200 259.736000 786.361600 1.000000
150.575360 1481.006400 260.000000 888.680000 1.000000
120.050080 1972.416000 263.544000 1384.081600 1.000000
154.898400 1486.030400 263.836800 894.838400 1.000000
159.891200 1395.532800 264.347200 806.177600 1.000000
168.232000 1316.139200 267.688000 728.820800 1.000000
191.633600 847.225600 268.540800 260.281600 1.000000
165.694400 1388.865600 270.078400 800.667200 1.000000
171.016000 1356.212800 271.988800 767.616000 1.000000
127.383840 2028.160000 272.134400 1437.852800 1.000000
215.436800 641.491200 274.169600 41.279680 1.000000
170.009600 1402.321600 275.102400 812.417600 1.000000
123.757920 2078.736000 275.291200 1478.299200 1.000000
210.488000 757.582400 277.028800 164.558400 1.000000
170.096000 1464.110400 277.489600 871.732800 1.000000
179.035200 1319.390400 277.708800 732.001600 1.000000
193.200000 1144.244800 281.579200 560.379200 1.000000
168.851200 1591.680000 282.888000 1002.819200 1.000000
186.236800 1298.873600 283.003200 714.966400 1.000000
168.113600 1583.627200 283.144000 994.912000 1.000000
137.772640 2056.352000 284.017600 1462.126400 1.000000
183.224000 1396.665600 284.404800 808.558400 1.000000
142.624000 2013.872000 287.307200 1422.072000 1.000000
222.137600 756.609600 288.324800 163.809600 1.000000
144.580640 2008.736000 288.361600 1417.209600 1.000000
190.313600 1324.334400 289.451200 738.787200 1.000000
201.380800 1175.152000 290.992000 591.940800 1.000000
151.798240 1963.200000 292.777600 1376.185600 1.000000
179.766400 1573.089600 293.328000 984.688000 1.000000
176.776000 1663.056000 296.296000 1076.747200 1.000000
200.400000 1292.932800 296.659200 708.267200 1.000000
153.691360 1980.304000 297.337600 1391.409600 1.000000
199.993600 1329.737600 298.308800 744.424000 1.000000
211.035200 1148.995200 299.692800 565.624000 1.000000
191.806400 1517.411200 301.499200 928.104000 1.000000
204.388800 1349.792000 303.974400 763.592000 1.000000
243.192000 675.478400 304.329600 80.411680 1.000000
126.508320 2535.904000 305.051200 1911.312000 1.000000
218.478400 1140.838400 306.433600 558.715200 1.000000
223.680000 1053.377600 306.662400 469.627200 1.000000
247.052800 659.161600 307.344000 62.757440 1.000000
186.302400 1688.544000 309.086400 1104.702400 1.000000
195.270400 1613.184000 310.619200 1026.443200 1.000000
216.118400 1324.387200 310.716800 739.328000 1.000000
246.433600 741.617600 312.144000 149.349920 1.000000
208.774400 1475.993600 313.113600 883.822400 1.000000
247.480000 753.656000 313.444800 161.220800 1.000000
176.753600 1969.936000 315.233600 1382.345600 1.000000
255.737600 664.528000 315.764800 68.587040 1.000000
195.152000 1859.792000 317.392000 1266.707200 1.000000
205.432000 1581.131200 318.320000 993.305600 1.000000
215.048000 1492.491200 318.857600 903.043200 1.000000
259.534400 659.561600 319.030400 63.689120 1.000000
224.860800 1301.830400 320.974400 717.748800 1.000000
215.414400 1532.241600 322.396800 945.089600 1.000000
260.393600 687.364800 322.803200 93.254080 1.000000
204.270400 1661.984000 322.892800 1076.435200 1.000000
241.942400 1046.544000 323.588800 463.713600 1.000000
179.507200 2091.088000 324.441600 1493.742400 1.000000
266.051200 630.704000 324.558400 32.693920 1.000000
259.985600 722.374400 324.795200 128.698560 1.000000
220.680000 1469.260800 325.932800 879.704000 1.000000
261.955200 712.881600 326.163200 119.690400 1.000000
216.492800 1560.496000 327.249600 974.390400 1.000000
216.134400 1548.502400 327.268800 960.939200 1.000000
269.683200 664.457600 330.232000 68.780480 1.000000
220.579200 1595.987200 331.408000 1010.420800 1.000000
267.507200 757.380800 333.481600 166.683200 1.000000
270.681600 773.073600 336.488000 182.636800 1.000000
200.715200 2004.704000 338.678400 1416.267200 1.000000
243.880000 1307.022400 339.236800 723.057600 1.000000
278.452800 711.129600 341.865600 118.929760 1.000000
229.521600 1569.246400 341.985600 983.310400 1.000000
276.556800 752.054400 342.435200 161.448000 1.000000
199.609600 2042.928000 342.592000 1448.598400 1.000000
200.843200 2056.880000 342.694400 1460.318400 1.000000
260.878400 1103.344000 344.704000 520.985600 1.000000
196.705600 2166.288000 345.326400 1557.331200 1.000000
235.259200 1611.776000 346.176000 1027.745600 1.000000
247.291200 1484.408000 349.998400 894.526400 1.000000
284.904000 754.011200 350.411200 163.507200 1.000000
269.808000 1113.275200 353.078400 533.092800 1.000000
262.107200 1234.744000 353.452800 653.971200 1.000000
212.814400 2050.304000 353.819200 1455.088000 1.000000
239.505600 1626.352000 353.824000 1042.860800 1.000000
289.500800 769.920000 355.704000 179.619200 1.000000
269.260800 1195.756800 355.878400 614.931200 1.000000
251.910400 1472.924800 355.960000 884.624000 1.000000
259.964800 1334.801600 356.876800 751.009600 1.000000
294.964800 702.212800 357.732800 109.575200 1.000000
255.100800 1459.912000 358.694400 870.921600 1.000000
247.712000 1613.600000 358.828800 1028.787200 1.000000
292.713600 761.268800 358.931200 171.403200 1.000000
277.764800 1110.849600 360.494400 530.763200 1.000000
277.228800 1105.606400 360.524800 524.753600 1.000000
255.472000 1516.078400 361.025600 929.107200 1.000000
279.806400 1063.529600 361.798400 481.968000 1.000000
298.708800 711.305600 362.593600 119.019680 1.000000
267.140800 1335.761600 363.737600 752.937600 1.000000
253.955200 1592.144000 363.838400 1007.817600 1.000000
261.998400 1474.152000 365.267200 886.048000 1.000000
230.089600 2000.880000 365.590400 1413.414400 1.000000
255.481600 1583.052800 365.764800 998.331200 1.000000
255.318400 1619.040000 366.291200 1033.766400 1.000000
236.273600 1919.696000 366.700800 1328.724800 1.000000
286.961600 1057.448000 367.940800 475.072000 1.000000
250.508800 1701.312000 368.073600 1116.784000 1.000000
251.233600 1690.384000 369.144000 1107.174400 1.000000
274.457600 1347.652800 370.670400 763.883200 1.000000
260.545600 1607.088000 373.024000 1023.369600 1.000000
272.632000 1481.457600 373.740800 892.952000 1.000000
268.576000 1508.323200 373.844800 921.352000 1.000000
281.542400 1341.928000 376.929600 759.641600 1.000000
288.494400 1204.598400 378.033600 624.246400 1.000000
315.739200 715.907200 378.192000 123.961600 1.000000
208.305600 2508.336000 378.494400 1889.520000 1.000000
268.811200 1587.734400 379.339200 1003.683200 1.000000
281.681600 1389.972800 380.025600 807.140800 1.000000
286.612800 1350.003200 382.555200 766.268800 1.000000
279.001600 1502.814400 383.142400 917.187200 1.000000
303.032000 1085.880000 384.129600 505.246400 1.000000
325.731200 635.043200 385.900800 40.143840 1.000000
328.635200 703.768000 388.134400 111.809600 1.000000
277.555200 1658.592000 388.156800 1076.801600 1.000000
285.883200 1518.513600 388.476800 932.825600 1.000000
290.472000 1394.004800 388.838400 809.587200 1.000000
283.102400 1527.654400 388.987200 941.990400 1.000000
331.572800 656.193600 391.761600 62.057440 1.000000
289.849600 1509.518400 393.710400 924.454400 1.000000
297.960000 1386.544000 394.166400 803.761600 1.000000
330.873600 739.067200 395.164800 150.264800 1.000000
316.708800 1088.230400 398.422400 508.494400 1.000000
284.452800 1691.168000 399.720000 1109.126400 1.000000
313.820800 1216.500800 400.713600 635.697600 1.000000
297.323200 1539.889600 403.603200 954.516800 1.000000
324.883200 1047.619200 404.369600 468.038400 1.000000
336.657600 829.504000 404.942400 244.337600 1.000000
345.761600 678.611200 407.116800 89.441600 1.000000
311.632000 1357.096000 407.382400 775.424000 1.000000
331.654400 1098.460800 413.398400 519.020800 1.000000
250.918400 2475.472000 414.700800 1862.000000 1.000000
248.020800 2565.472000 415.555200 1938.896000 1.000000
314.577600 1490.940800 416.212800 905.579200 1.000000
319.995200 1383.953600 417.203200 801.584000 1.000000
329.174400 1228.995200 419.532800 649.012800 1.000000
332.896000 1248.537600 420.756800 669.177600 1.000000
323.796800 1376.289600 420.892800 794.105600 1.000000
315.795200 1548.587200 421.281600 965.369600 1.000000
326.561600 1389.400000 423.523200 805.288000 1.000000
317.512000 1577.518400 424.334400 995.208000 1.000000
259.664000 2544.400000 424.576000 1921.888000 1.000000
259.721600 2552.960000 425.699200 1929.312000 1.000000
265.880000 2468.112000 427.363200 1857.072000 1.000000
332.521600 1348.790400 427.430400 767.505600 1.000000
340.907200 1261.385600 429.022400 682.361600 1.000000
313.643200 1699.600000 429.072000 1118.739200 1.000000
349.577600 1085.851200 429.305600 507.188800 1.000000
335.516800 1362.536000 429.646400 781.054400 1.000000
280.067200 2296.016000 430.353600 1689.232000 1.000000
344.603200 1231.003200 430.510400 652.820800 1.000000
349.625600 1107.299200 430.564800 528.227200 1.000000
363.147200 838.934400 431.438400 255.801600 1.000000
267.324800 2538.544000 432.001600 1916.560000 1.000000
370.030400 743.232000 432.121600 155.586400 1.000000
267.760000 2558.992000 432.758400 1934.752000 1.000000
373.729600 649.344000 433.758400 56.753600 1.000000
330.084800 1532.848000 434.897600 950.340800 1.000000
320.966400 1714.896000 435.036800 1133.548800 1.000000
274.632000 2474.272000 436.153600 1861.872000 1.000000
334.974400 1508.649600 436.816000 925.641600 1.000000
342.243200 1391.457600 437.694400 810.011200 1.000000
376.387200 733.939200 438.568000 146.264960 1.000000
333.894400 1545.564800 438.822400 962.923200 1.000000
277.188800 2463.632000 438.979200 1852.752000 1.000000
337.211200 1520.984000 440.038400 938.193600 1.000000
307.622400 2025.152000 440.288000 1438.276800 1.000000
382.124800 630.883200 440.505600 38.358880 1.000000
373.190400 750.785600 440.774400 164.128000 1.000000
282.436800 2475.568000 443.230400 1863.024000 1.000000
384.072000 660.734400 443.478400 70.097120 1.000000
377.788800 817.694400 444.774400 232.921600 1.000000
345.022400 1488.609600 445.113600 903.449600 1.000000
332.998400 1720.080000 446.289600 1139.419200 1.000000
346.812800 1471.052800 446.707200 885.486400 1.000000
333.443200 1697.024000 447.238400 1116.496000 1.000000
288.073600 2450.144000 447.288000 1842.560000 1.000000
351.974400 1393.955200 447.676800 812.416000 1.000000
298.430400 2290.496000 448.236800 1682.544000 1.000000
288.340800 2468.752000 448.304000 1858.336000 1.000000
368.054400 1130.875200 448.638400 552.790400 1.000000
370.915200 1088.315200 448.822400 510.491200 1.000000
338.808000 1654.656000 448.899200 1075.187200 1.000000
373.568000 1000.016000 449.417600 421.153600 1.000000
353.147200 1399.662400 449.620800 818.368000 1.000000
367.483200 1111.158400 449.819200 531.998400 1.000000
389.547200 642.654400 450.504000 50.997440 1.000000
374.281600 1040.979200 451.884800 462.035200 1.000000
290.294400 2509.152000 451.913600 1891.968000 1.000000
317.361600 2036.384000 451.993600 1446.814400 1.000000
290.764800 2554.432000 453.691200 1929.792000 1.000000
393.452800 673.976000 454.974400 84.087360 1.000000
344.958400 1668.496000 456.088000 1089.638400 1.000000
380.379200 1005.643200 456.260800 425.660800 1.000000
395.264000 681.078400 456.881600 91.028000 1.000000
372.022400 1219.379200 457.315200 640.452800 1.000000
377.129600 1096.716800 457.726400 518.150400 1.000000
394.214400 769.145600 459.961600 183.000000 1.000000
383.451200 1068.878400 461.430400 491.164800 1.000000
315.457600 2289.856000 463.105600 1684.704000 1.000000
307.750400 2449.616000 466.019200 1843.296000 1.000000
321.398400 2296.080000 468.510400 1690.288000 1.000000
374.745600 1387.761600 468.550400 808.888000 1.000000
363.600000 1521.369600 468.572800 938.244800 1.000000
378.555200 1353.171200 469.841600 773.873600 1.000000
400.680000 874.982400 470.644800 294.262400 1.000000
361.302400 1653.120000 470.926400 1075.044800 1.000000
342.404800 1959.664000 471.476800 1371.996800 1.000000
388.976000 1166.499200 472.097600 588.819200 1.000000
394.336000 1107.931200 474.582400 531.264000 1.000000
391.806400 1205.036800 474.742400 628.252800 1.000000
399.110400 1049.668800 475.824000 473.488000 1.000000
381.980800 1387.444800 475.960000 807.662400 1.000000
396.148800 1119.763200 476.414400 544.395200 1.000000
386.736000 1311.563200 476.892800 732.937600 1.000000
382.920000 1418.427200 477.262400 837.307200 1.000000
365.916800 1710.192000 478.440000 1131.048000 1.000000
389.216000 1366.288000 480.473600 786.753600 1.000000
402.246400 1107.536000 481.713600 530.393600 1.000000
371.768000 1648.032000 482.065600 1069.884800 1.000000
324.684800 2538.832000 482.590400 1918.544000 1.000000
352.792000 2024.208000 483.305600 1435.750400 1.000000
409.518400 1000.539200 483.856000 422.337600 1.000000
327.038400 2418.928000 484.481600 1816.832000 1.000000
360.867200 1910.992000 485.216000 1326.472000 1.000000
376.128000 1711.360000 487.328000 1131.878400 1.000000
406.699200 1212.832000 492.366400 637.140800 1.000000
397.488000 1379.652800 493.814400 798.988800 1.000000
402.371200 1366.425600 494.188800 787.947200 1.000000
350.020800 2291.600000 494.387200 1686.272000 1.000000
416.001600 1145.812800 496.126400 570.174400 1.000000
339.123200 2546.944000 497.656000 1926.880000 1.000000
417.990400 1166.393600 498.076800 591.843200 1.000000
341.113600 2563.584000 498.161600 1941.184000 1.000000
436.897600 749.038400 498.265600 164.689600 1.000000
414.118400 1230.508800 498.515200 654.027200 1.000000
372.699200 1994.560000 499.857600 1406.726400 1.000000
390.073600 1729.104000 500.011200 1151.876800 1.000000
389.390400 1684.768000 501.108800 1107.054400 1.000000
390.852800 1704.768000 501.118400 1126.571200 1.000000
415.259200 1243.889600 501.160000 668.176000 1.000000
344.931200 2570.144000 503.118400 1945.776000 1.000000
398.220800 1654.208000 504.764800 1077.900800 1.000000
389.795200 1881.408000 506.568000 1298.440000 1.000000
398.851200 1708.096000 509.604800 1130.033600 1.000000
381.147200 2036.624000 509.804800 1446.686400 1.000000
418.171200 1382.248000 510.192000 805.595200 1.000000
410.059200 1558.900800 511.777600 980.488000 1.000000
405.475200 1711.376000 515.644800 1134.363200 1.000000
409.920000 1692.656000 517.891200 1116.430400 1.000000
393.048000 2022.064000 518.611200 1432.961600 1.000000
365.452800 2499.344000 519.728000 1887.536000 1.000000
439.704000 1222.099200 522.432000 647.588800 1.000000
423.651200 1551.366400 523.307200 973.500800 1.000000
432.067200 1360.801600 523.331200 784.496000 1.000000
392.504000 2122.752000 523.697600 1524.907200 1.000000
447.249600 1125.683200 526.768000 550.403200 1.000000
447.608000 1185.942400 529.427200 611.337600 1.000000
378.894400 2510.912000 532.513600 1896.384000 1.000000
437.315200 1493.686400 533.126400 914.032000 1.000000
463.169600 944.803200 533.214400 367.846400 1.000000
467.979200 753.630400 533.308800 170.241600 1.000000
454.096000 1147.913600 534.360000 573.408000 1.000000
446.387200 1349.950400 535.470400 775.828800 1.000000
426.278400 1707.024000 535.499200 1131.216000 1.000000
465.147200 955.401600 536.076800 376.980800 1.000000
384.364800 2461.360000 536.276800 1853.232000 1.000000
474.609600 700.689600 536.384000 113.287040 1.000000
430.624000 1675.200000 537.897600 1100.315200 1.000000
441.939200 1485.524800 538.233600 905.156800 1.000000
456.481600 1223.168000 538.880000 648.353600 1.000000
453.894400 1254.606400 539.451200 678.348800 1.000000
445.532800 1495.465600 541.604800 916.518400 1.000000
412.321600 2123.264000 543.496000 1527.067200 1.000000
462.430400 1216.596800 544.240000 641.697600 1.000000
458.329600 1280.448000 545.041600 705.001600 1.000000
470.184000 1083.715200 545.616000 509.488000 1.000000
454.116800 1459.273600 548.870400 879.508800 1.000000
423.702400 2037.968000 549.809600 1449.099200 1.000000
424.371200 2080.448000 550.457600 1488.296000 1.000000
421.046400 2129.248000 550.785600 1532.561600 1.000000
474.785600 1122.400000 551.937600 548.656000 1.000000
444.328000 1708.096000 552.041600 1132.672000 1.000000
444.545600 1694.064000 552.275200 1119.732800 1.000000
495.038400 624.083200 552.364800 32.476000 1.000000
477.040000 1115.313600 553.012800 542.660800 1.000000
433.196800 2006.672000 557.184000 1419.835200 1.000000
473.739200 1228.339200 557.761600 655.771200 1.000000
469.750400 1331.899200 558.358400 753.542400 1.000000
451.180800 1710.320000 558.364800 1133.888000 1.000000
460.529600 1580.216000 558.872000 1004.664000 1.000000
435.297600 2103.392000 561.723200 1510.140800 1.000000
503.990400 638.824000 562.422400 49.523040 1.000000
481.932800 1253.238400 565.204800 679.918400 1.000000
509.337600 653.577600 569.316800 67.242560 1.000000
465.059200 1675.696000 569.321600 1101.284800 1.000000
443.963200 2074.416000 569.819200 1483.440000 1.000000
473.760000 1521.980800 569.844800 944.083200 1.000000
443.139200 2118.640000 571.817600 1524.376000 1.000000
474.448000 1552.451200 571.864000 976.409600 1.000000
443.944000 2146.656000 572.811200 1549.867200 1.000000
489.163200 1266.412800 573.118400 692.728000 1.000000
444.321600 2137.696000 573.182400 1541.712000 1.000000
516.121600 643.076800 573.912000 54.669760 1.000000
450.928000 2113.088000 577.764800 1519.179200 1.000000
475.017600 1671.920000 578.945600 1098.596800 1.000000
478.923200 1603.952000 580.297600 1029.737600 1.000000
487.630400 1488.236800 580.787200 909.859200 1.000000
458.176000 2012.128000 581.428800 1425.628800 1.000000
482.147200 1597.588800 583.358400 1022.816000 1.000000
501.739200 1263.540800 584.081600 691.393600 1.000000
454.720000 2135.616000 584.476800 1540.915200 1.000000
487.872000 1536.043200 584.675200 958.414400 1.000000
503.140800 1253.524800 585.584000 680.740800 1.000000
504.952000 1220.072000 585.868800 648.155200 1.000000
459.987200 2103.344000 586.329600 1511.174400 1.000000
484.236800 1670.048000 586.625600 1097.096000 1.000000
507.483200 1235.510400 588.424000 662.273600 1.000000
511.342400 1129.862400 588.473600 556.942400 1.000000
487.084800 1654.448000 588.819200 1081.254400 1.000000
461.616000 2142.960000 589.310400 1547.075200 1.000000
511.144000 1208.608000 590.366400 636.600000 1.000000
468.889600 2120.656000 595.096000 1528.004800 1.000000
528.688000 910.948800 595.598400 334.905600 1.000000
469.502400 2130.432000 595.644800 1535.897600 1.000000
470.177600 2102.288000 596.067200 1510.718400 1.000000
470.004800 2137.136000 596.465600 1542.174400 1.000000
497.870400 1568.643200 598.243200 993.059200 1.000000
499.876800 1588.952000 599.974400 1015.456000 1.000000
540.865600 680.464000 599.976000 93.939360 1.000000
502.910400 1582.134400 602.091200 1008.472000 1.000000
500.689600 1658.384000 602.875200 1087.097600 1.000000
497.747200 1703.008000 602.948800 1131.060800 1.000000
501.595200 1694.960000 603.844800 1122.158400 1.000000
535.156800 913.729600 604.204800 337.076800 1.000000
478.246400 2166.576000 606.211200 1568.689600 1.000000
504.729600 1648.112000 606.516800 1076.641600 1.000000
503.401600 1684.912000 607.315200 1113.584000 1.000000
516.715200 1509.465600 609.360000 933.427200 1.000000
506.472000 1677.568000 610.681600 1106.697600 1.000000
509.256000 1703.248000 612.627200 1131.158400 1.000000
518.020800 1536.012800 612.729600 961.550400 1.000000
515.321600 1569.521600 613.561600 996.288000 1.000000
513.908800 1654.288000 614.960000 1083.129600 1.000000
495.601600 2041.984000 616.001600 1457.172800 1.000000
516.492800 1679.248000 617.572800 1108.164800 1.000000
516.918400 1697.328000 619.732800 1125.739200 1.000000
546.372800 1127.203200 621.281600 555.958400 1.000000
539.102400 1231.537600 621.616000 659.278400 1.000000
554.856000 918.993600 622.409600 347.161600 1.000000
530.572800 1524.976000 623.457600 950.904000 1.000000
503.547200 2081.904000 625.388800 1494.030400 1.000000
552.435200 1104.649600 625.852800 533.683200 1.000000
533.169600 1535.542400 627.288000 962.763200 1.000000
526.184000 1683.216000 627.355200 1114.014400 1.000000
536.113600 1490.132800 627.404800 914.812800 1.000000
566.182400 751.070400 627.443200 167.476800 1.000000
509.124800 2055.552000 628.110400 1469.388800 1.000000
533.537600 1568.107200 629.824000 995.552000 1.000000
513.648000 2048.368000 631.790400 1463.208000 1.000000
532.033600 1654.720000 632.051200 1084.000000 1.000000
574.670400 684.422400 634.240000 99.323360 1.000000
556.062400 1211.862400 634.792000 641.796800 1.000000
511.329600 2139.808000 635.691200 1546.932800 1.000000
535.897600 1693.696000 636.025600 1123.948800 1.000000
565.912000 1025.619200 636.883200 453.270400 1.000000
572.776000 858.737600 637.966400 280.619200 1.000000
561.899200 1200.640000 639.225600 630.147200 1.000000
509.161600 2284.000000 640.025600 1685.616000 1.000000
518.030400 2113.184000 640.403200 1523.049600 1.000000
522.200000 2061.584000 641.705600 1475.844800 1.000000
577.851200 872.816000 642.960000 296.355200 1.000000
569.032000 1100.740800 643.632000 529.040000 1.000000
552.585600 1509.248000 644.680000 934.600000 1.000000
552.144000 1547.814400 644.968000 975.334400 1.000000
578.259200 991.275200 646.412800 418.764800 1.000000
550.513600 1566.700800 646.699200 994.497600 1.000000
568.294400 1185.236800 647.172800 615.145600 1.000000
578.619200 977.828800 648.403200 405.211200 1.000000
580.270400 1014.876800 650.595200 443.025600 1.000000
549.329600 1710.256000 651.308800 1139.288000 1.000000
576.937600 1110.376000 652.208000 540.851200 1.000000
583.812800 1026.054400 653.574400 453.329600 1.000000
589.838400 858.459200 653.668800 281.224000 1.000000
522.761600 2291.712000 653.792000 1693.952000 1.000000
556.369600 1596.875200 654.171200 1026.657600 1.000000
555.134400 1666.656000 654.211200 1097.798400 1.000000
571.769600 1322.995200 655.425600 752.923200 1.000000
564.801600 1504.337600 656.022400 932.019200 1.000000
528.281600 2283.488000 658.020800 1685.680000 1.000000
590.603200 1003.182400 659.307200 431.841600 1.000000
530.438400 2256.096000 659.924800 1658.608000 1.000000
564.355200 1670.464000 663.825600 1102.452800 1.000000
595.153600 1024.988800 665.672000 453.358400 1.000000
566.662400 1704.768000 666.240000 1136.278400 1.000000
573.361600 1544.046400 666.321600 972.833600 1.000000
538.588800 2293.520000 666.681600 1696.784000 1.000000
571.094400 1590.900800 668.318400 1021.132800 1.000000
604.622400 818.497600 668.414400 238.968000 1.000000
608.062400 686.152000 668.865600 102.491680 1.000000
600.459200 959.552000 669.123200 385.507200 1.000000
601.040000 1038.403200 671.670400 467.638400 1.000000
589.995200 1321.374400 672.216000 753.243200 1.000000
549.100800 2059.808000 672.883200 1474.977600 1.000000
574.652800 1660.032000 673.158400 1091.169600 1.000000
608.976000 936.563200 676.393600 363.652800 1.000000
585.443200 1578.105600 679.291200 1008.832000 1.000000
586.289600 1517.084800 679.408000 945.315200 1.000000
614.628800 878.579200 680.171200 304.155200 1.000000
615.577600 893.150400 681.155200 315.684800 1.000000
607.523200 1164.771200 682.204800 596.579200 1.000000
621.435200 755.764800 682.630400 175.612800 1.000000
599.288000 1345.808000 682.649600 775.792000 1.000000
558.560000 2242.736000 682.942400 1647.728000 1.000000
589.420800 1555.729600 683.348800 985.150400 1.000000
619.337600 917.937600 685.070400 346.691200 1.000000
569.654400 2084.640000 685.190400 1498.534400 1.000000
589.136000 1681.744000 687.956800 1113.900800 1.000000
588.409600 1692.976000 688.073600 1123.110400 1.000000
568.652800 2116.080000 688.264000 1529.280000 1.000000
597.628800 1526.606400 688.793600 956.022400 1.000000
622.620800 945.134400 689.369600 373.265600 1.000000
613.195200 1178.483200 689.782400 608.281600 1.000000
623.521600 966.465600 690.164800 393.416000 1.000000
609.984000 1240.694400 690.800000 670.878400 1.000000
570.593600 2245.424000 691.804800 1646.240000 1.000000
628.051200 893.214400 692.814400 319.036800 1.000000
633.211200 797.180800 695.246400 219.350400 1.000000
629.523200 937.686400 696.120000 365.833600 1.000000
635.577600 766.404800 696.507200 186.680000 1.000000
605.217600 1551.712000 697.131200 981.864000 1.000000
602.110400 1576.332800 697.144000 1007.176000 1.000000
611.179200 1503.124800 697.992000 932.059200 1.000000
627.852800 1076.916800 698.088000 507.710400 1.000000
633.350400 957.152000 699.080000 385.776000 1.000000
626.556800 1172.579200 700.956800 605.995200 1.000000
636.108800 945.304000 702.174400 373.646400 1.000000
638.379200 969.054400 705.348800 396.732800 1.000000
643.916800 773.115200 705.460800 193.716800 1.000000
638.627200 990.027200 706.372800 419.705600 1.000000
645.315200 791.619200 706.878400 213.499200 1.000000
601.222400 1955.344000 706.963200 1379.492800 1.000000
619.851200 1523.513600 710.620800 952.816000 1.000000
640.350400 1095.696000 710.974400 526.628800 1.000000
627.492800 1411.385600 711.292800 843.451200 1.000000
615.979200 1710.464000 714.649600 1143.073600 1.000000
641.960000 1128.988800 714.793600 561.689600 1.000000
630.368000 1437.878400 715.627200 868.288000 1.000000
655.582400 762.924800 715.980800 184.080000 1.000000
626.731200 1536.304000 716.990400 966.529600 1.000000
647.308800 1088.758400 718.240000 520.252800 1.000000
634.721600 1399.582400 719.924800 833.396800 1.000000
651.177600 1081.155200 721.640000 513.419200 1.000000
624.924800 1710.032000 722.254400 1143.073600 1.000000
660.766400 806.553600 722.659200 229.388800 1.000000
662.195200 795.422400 724.016000 216.920000 1.000000
606.427200 2182.160000 724.224000 1590.515200 1.000000
610.572800 2085.440000 725.723200 1501.563200 1.000000
659.667200 935.361600 726.179200 364.035200 1.000000
646.803200 1371.416000 729.814400 803.892800 1.000000
643.329600 1538.785600 732.508800 971.145600 1.000000
645.654400 1579.283200 733.795200 1013.540800 1.000000
671.670400 887.126400 735.201600 313.345600 1.000000
613.635200 2272.208000 735.406400 1676.736000 1.000000
613.209600 2284.336000 735.881600 1689.152000 1.000000
659.272000 1282.299200 736.648000 717.040000 1.000000
655.793600 1361.705600 737.155200 794.942400 1.000000
666.214400 1118.320000 739.288000 551.987200 1.000000
677.539200 815.305600 739.483200 238.729600 1.000000
656.008000 1415.332800 739.940800 848.177600 1.000000
622.696000 2178.032000 740.280000 1588.465600 1.000000
679.660800 805.160000 741.734400 228.828800 1.000000
674.411200 977.470400 741.923200 408.366400 1.000000
647.617600 1680.720000 743.488000 1117.624000 1.000000
671.032000 1131.072000 743.681600 563.563200 1.000000
663.017600 1345.052800 744.803200 780.806400 1.000000
676.336000 1090.540800 746.542400 524.411200 1.000000
661.243200 1522.574400 749.243200 954.404800 1.000000
666.168000 1407.446400 749.536000 841.718400 1.000000
662.955200 1540.377600 751.009600 972.555200 1.000000
664.236800 1529.649600 752.937600 962.248000 1.000000
662.046400 1517.876800 753.614400 948.939200 1.000000
661.339200 1660.704000 754.888000 1096.166400 1.000000
644.352000 2138.928000 755.004800 1551.892800 1.000000
663.372800 1702.240000 758.828800 1136.480000 1.000000
671.078400 1544.980800 759.614400 977.857600 1.000000
679.036800 1368.180800 761.094400 803.222400 1.000000
626.240000 813.876800 762.126400 182.193600 1.000000
681.526400 1407.254400 764.536000 841.318400 1.000000
704.083200 815.390400 765.004800 239.641600 1.000000
686.913600 1294.208000 766.040000 730.926400 1.000000
685.102400 1419.841600 767.966400 854.246400 1.000000
694.128000 1278.774400 771.315200 714.876800 1.000000
683.446400 1555.435200 771.902400 989.588800 1.000000
692.172800 1381.000000 772.139200 817.488000 1.000000
687.137600 1543.860800 773.454400 978.518400 1.000000
660.617600 2196.640000 774.208000 1607.632000 1.000000
681.548800 1676.496000 774.531200 1114.188800 1.000000
686.723200 1592.688000 776.409600 1027.408000 1.000000
694.078400 1408.222400 776.619200 843.280000 1.000000
693.956800 1601.152000 782.516800 1036.358400 1.000000
723.787200 844.884800 784.801600 270.824000 1.000000
700.606400 1493.219200 785.838400 925.760000 1.000000
694.910400 1707.824000 787.577600 1143.888000 1.000000
677.873600 2144.656000 788.955200 1559.118400 1.000000
709.673600 1376.547200 790.238400 812.592000 1.000000
704.224000 1527.329600 790.627200 962.416000 1.000000
689.720000 2080.288000 796.761600 1500.417600 1.000000
712.212800 1541.310400 798.257600 976.051200 1.000000
686.876800 2185.936000 798.401600 1599.201600 1.000000
677.766400 2518.368000 800.859200 1911.376000 1.000000
725.636800 1336.835200 802.812800 774.747200 1.000000
693.766400 2191.728000 804.529600 1604.784000 1.000000
713.508800 1679.520000 804.716800 1116.905600 1.000000
680.086400 2547.232000 805.046400 1934.832000 1.000000
722.798400 1523.836800 806.708800 958.897600 1.000000
718.801600 1610.912000 807.708800 1048.433600 1.000000
754.337600 656.014400 808.880000 77.162080 1.000000
721.001600 1623.696000 810.449600 1060.296000 1.000000
725.336000 1663.440000 814.756800 1103.892800 1.000000
703.988800 2263.232000 816.052800 1673.792000 1.000000
738.411200 1368.753600 816.787200 808.499200 1.000000
714.467200 1996.768000 816.900800 1424.248000 1.000000
728.521600 1692.800000 819.321600 1131.131200 1.000000
734.646400 1497.398400 819.356800 931.145600 1.000000
733.054400 1617.328000 821.116800 1056.022400 1.000000
751.252800 1195.697600 823.441600 633.084800 1.000000
718.310400 2096.528000 824.084800 1517.065600 1.000000
716.547200 2145.104000 824.432000 1561.107200 1.000000
740.083200 1509.916800 826.990400 944.998400 1.000000
748.814400 1377.465600 827.825600 815.990400 1.000000
742.547200 1566.249600 829.369600 1003.382400 1.000000
769.262400 885.001600 830.990400 314.972800 1.000000
746.193600 1522.131200 831.499200 957.928000 1.000000
765.641600 992.384000 832.102400 426.339200 1.000000
749.649600 1496.985600 832.846400 932.488000 1.000000
743.078400 1696.672000 832.878400 1135.811200 1.000000
771.849600 844.412800 833.176000 273.705600 1.000000
751.432000 1542.041600 833.684800 977.889600 1.000000
772.849600 882.400000 834.795200 311.752000 1.000000
764.164800 1155.835200 834.891200 593.214400 1.000000
729.548800 2113.056000 835.073600 1532.873600 1.000000
778.083200 772.417600 837.422400 197.100800 1.000000
778.155200 789.489600 837.969600 214.772800 1.000000
758.692800 1394.816000 838.032000 833.513600 1.000000
776.193600 882.438400 838.393600 312.390400 1.000000
727.164800 2268.272000 838.963200 1679.888000 1.000000
778.576000 840.574400 839.067200 268.339200 1.000000
757.659200 1565.652800 840.948800 1003.307200 1.000000
740.385600 1974.800000 842.603200 1404.294400 1.000000
783.921600 804.718400 843.667200 230.710400 1.000000
784.963200 856.660800 844.947200 284.427200 1.000000
773.081600 1186.248000 845.243200 625.452800 1.000000
784.934400 832.865600 845.428800 262.256000 1.000000
782.208000 905.064000 845.780800 338.214400 1.000000
775.366400 1176.030400 846.211200 613.280000 1.000000
758.715200 1619.680000 846.313600 1059.308800 1.000000
763.379200 1519.051200 846.345600 955.884800 1.000000
782.073600 977.489600 846.755200 412.140800 1.000000
770.443200 1437.041600 849.265600 875.649600 1.000000
741.696000 2271.744000 851.580800 1683.664000 1.000000
753.108800 1934.784000 851.716800 1367.979200 1.000000
764.091200 1608.992000 851.987200 1049.112000 1.000000
752.668800 1992.000000 852.177600 1423.228800 1.000000
785.872000 1060.630400 852.488000 498.940800 1.000000
753.425600 1973.072000 852.619200 1402.251200 1.000000
767.377600 1622.448000 853.142400 1064.174400 1.000000
790.294400 886.844800 853.646400 318.132800 1.000000
744.576000 2254.848000 853.720000 1667.456000 1.000000
789.339200 897.552000 853.776000 330.747200 1.000000
790.110400 974.433600 854.038400 409.958400 1.000000
789.835200 963.801600 854.369600 398.993600 1.000000
742.403200 2286.176000 854.744000 1699.024000 1.000000
779.417600 1351.067200 855.755200 790.843200 1.000000
752.752000 2092.416000 856.502400 1514.281600 1.000000
750.299200 2148.736000 857.316800 1565.620800 1.000000
773.240000 1517.219200 857.486400 953.876800 1.000000
783.683200 1274.918400 858.371200 715.227200 1.000000
769.084800 1688.560000 858.449600 1129.950400 1.000000
770.884800 1699.056000 859.550400 1140.185600 1.000000
793.321600 1043.648000 860.920000 478.675200 1.000000
796.756800 967.529600 861.046400 402.936000 1.000000
759.891200 1947.296000 861.574400 1379.462400 1.000000
783.908800 1386.784000 861.891200 826.488000 1.000000
782.084800 1436.313600 862.291200 875.672000 1.000000
805.048000 660.396800 862.920000 78.317760 1.000000
787.728000 1297.313600 863.299200 738.331200 1.000000
779.908800 1689.104000 868.617600 1131.497600 1.000000
773.235200 1991.696000 869.641600 1423.825600 1.000000
764.148800 2201.024000 869.899200 1617.072000 1.000000
782.912000 1665.808000 871.358400 1108.406400 1.000000
767.889600 2102.848000 872.204800 1523.592000 1.000000
796.131200 1367.388800 872.363200 807.617600 1.000000
792.292800 1559.827200 874.812800 999.782400 1.000000
817.691200 656.491200 874.985600 74.430240 1.000000
799.499200 1326.892800 875.558400 767.427200 1.000000
817.990400 873.558400 880.960000 304.640000 1.000000
793.324800 1697.616000 881.257600 1140.308800 1.000000
805.355200 1359.644800 881.345600 800.816000 1.000000
809.716800 1286.019200 883.760000 727.190400 1.000000
808.608000 1305.673600 883.985600 746.419200 1.000000
782.872000 2146.544000 885.545600 1566.470400 1.000000
779.692800 2155.792000 885.608000 1575.398400 1.000000
789.646400 1990.656000 886.574400 1425.144000 1.000000
807.491200 1446.038400 886.624000 886.648000 1.000000
814.832000 1251.403200 887.740800 692.870400 1.000000
825.788800 946.065600 889.193600 380.257600 1.000000
793.864000 1973.184000 889.726400 1404.841600 1.000000
794.331200 1979.744000 889.835200 1411.404800 1.000000
816.819200 1349.576000 891.220800 790.587200 1.000000
817.078400 1316.417600 891.656000 758.556800 1.000000
813.408000 1454.134400 892.601600 893.716800 1.000000
820.737600 1253.715200 893.219200 695.283200 1.000000
796.609600 1967.888000 893.382400 1400.584000 1.000000
805.680000 1708.672000 893.454400 1151.123200 1.000000
830.344000 955.771200 894.099200 390.904000 1.000000
807.052800 1687.632000 894.308800 1130.580800 1.000000
788.646400 2446.736000 894.353600 1859.056000 1.000000
830.291200 909.937600 894.964800 342.299200 1.000000
814.606400 1495.142400 895.020800 933.016000 1.000000
817.641600 1406.662400 895.688000 848.628800 1.000000
838.419200 643.171200 896.768000 61.976320 1.000000
826.297600 1265.217600 898.686400 708.035200 1.000000
836.984000 945.569600 899.427200 380.753600 1.000000
825.883200 1339.881600 900.072000 782.817600 1.000000
826.262400 1304.806400 900.424000 747.710400 1.000000
798.014400 2253.200000 902.417600 1670.240000 1.000000
820.353600 1522.692800 903.188800 961.033600 1.000000
804.707200 2188.336000 904.672000 1609.392000 1.000000
802.582400 2155.216000 904.860800 1574.873600 1.000000
819.288000 1697.648000 906.412800 1140.076800 1.000000
825.985600 1506.507200 907.168000 945.246400 1.000000
830.225600 1414.184000 907.492800 856.539200 1.000000
827.172800 1593.160000 909.590400 1034.308800 1.000000
810.452800 2160.624000 910.878400 1581.252800 1.000000
838.972800 1263.728000 911.033600 706.163200 1.000000
829.539200 1568.440000 912.835200 1009.275200 1.000000
819.204800 1965.552000 913.040000 1399.588800 1.000000
835.110400 1502.592000 913.310400 939.822400 1.000000
815.923200 2166.464000 916.624000 1587.524800 1.000000
816.496000 2243.152000 918.251200 1660.512000 1.000000
836.358400 1692.000000 921.089600 1136.220800 1.000000
857.784000 1001.796800 922.017600 439.726400 1.000000
859.387200 992.883200 923.302400 431.404800 1.000000
851.004800 1309.062400 924.916800 753.296000 1.000000
853.273600 1287.123200 924.968000 732.622400 1.000000
848.592000 1521.491200 926.379200 962.009600 1.000000
850.363200 1590.468800 932.856000 1032.067200 1.000000
851.310400 1681.456000 934.446400 1127.273600 1.000000
851.990400 1697.504000 937.353600 1141.532800 1.000000
861.736000 1413.089600 938.505600 856.744000 1.000000
842.868800 1977.280000 940.337600 1413.216000 1.000000
852.894400 2099.904000 945.364800 1526.656000 1.000000
888.640000 662.774400 945.678400 82.216000 1.000000
863.998400 1707.216000 948.441600 1152.614400 1.000000
847.132800 2461.104000 952.681600 1866.048000 1.000000
881.587200 1393.121600 957.708800 837.688000 1.000000
876.838400 1703.264000 958.939200 1150.462400 1.000000
867.048000 1949.440000 959.292800 1387.870400 1.000000
865.222400 2086.256000 960.121600 1515.006400 1.000000
880.107200 1551.240000 960.849600 994.289600 1.000000
864.188800 2137.776000 961.028800 1562.308800 1.000000
887.595200 1404.523200 962.976000 849.177600 1.000000
888.777600 1361.104000 963.790400 806.403200 1.000000
884.987200 1531.633600 965.771200 974.102400 1.000000
871.990400 2257.984000 968.806400 1675.872000 1.000000
882.321600 1953.568000 972.344000 1391.729600 1.000000
875.560000 2272.000000 973.017600 1688.608000 1.000000
905.939200 1253.929600 976.664000 700.486400 1.000000
903.108800 1404.972800 978.523200 849.897600 1.000000
916.049600 950.390400 979.067200 387.872000 1.000000
909.056000 1343.958400 982.203200 791.232000 1.000000
911.811200 1321.902400 983.995200 769.793600 1.000000
889.505600 2256.576000 984.723200 1675.072000 1.000000
918.675200 1338.156800 989.696000 783.737600 1.000000
919.148800 1326.684800 991.755200 774.539200 1.000000
921.849600 1360.035200 994.086400 806.508800 1.000000
922.824000 1318.886400 994.710400 769.944000 1.000000
905.804800 2088.736000 997.180800 1519.054400 1.000000
923.864000 1402.859200 998.019200 848.856000 1.000000
918.534400 1599.155200 998.872000 1045.254400 1.000000
928.664000 1337.278400 998.880000 785.036800 1.000000
909.406400 2167.856000 1001.523200 1595.596800 1.000000
924.736000 1681.504000 1003.524800 1129.729600 1.000000
915.606400 2272.368000 1009.790400 1691.984000 1.000000
951.628800 737.520000 1010.190400 164.417600 1.000000
942.804800 1344.243200 1014.105600 793.200000 1.000000
934.942400 1684.656000 1015.312000 1134.476800 1.000000
935.339200 1697.776000 1015.588800 1147.129600 1.000000
923.953600 2107.216000 1015.806400 1537.416000 1.000000
924.529600 2244.176000 1015.939200 1665.280000 1.000000
927.113600 2084.592000 1016.894400 1515.758400 1.000000
949.312000 1196.305600 1017.411200 645.049600 1.000000
925.393600 2280.768000 1018.723200 1701.824000 1.000000
944.265600 1533.300800 1019.032000 977.524800 1.000000
941.824000 1706.944000 1022.460800 1156.374400 1.000000
945.841600 1580.891200 1022.843200 1027.780800 1.000000
956.214400 1344.476800 1027.721600 794.299200 1.000000
956.673600 1358.156800 1028.166400 807.104000 1.000000
939.046400 2268.608000 1030.004800 1689.584000 1.000000
941.796800 2166.192000 1032.456000 1596.049600 1.000000
945.630400 2086.272000 1034.088000 1518.795200 1.000000
950.859200 1906.768000 1035.696000 1352.342400 1.000000
957.555200 1805.248000 1038.744000 1254.433600 1.000000
978.083200 1074.497600 1042.625600 518.364800 1.000000
964.513600 1812.896000 1045.502400 1263.828800 1.000000
987.942400 800.929600 1047.233600 233.801600 1.000000
987.603200 874.809600 1047.313600 311.648000 1.000000
970.433600 1671.136000 1049.691200 1123.211200 1.000000
964.161600 2272.976000 1054.030400 1696.256000 1.000000
976.355200 1810.032000 1057.452800 1260.636800 1.000000
972.830400 2147.040000 1060.145600 1579.390400 1.000000
973.440000 2257.472000 1061.860800 1682.800000 1.000000
974.500800 2191.104000 1062.401600 1619.696000 1.000000
991.395200 1412.928000 1063.396800 862.518400 1.000000
980.467200 1945.312000 1063.796800 1389.494400 1.000000
993.480000 1420.844800 1066.313600 871.192000 1.000000
979.310400 2136.192000 1066.414400 1569.508800 1.000000
979.995200 2250.448000 1068.112000 1675.904000 1.000000
990.612800 1695.232000 1068.326400 1146.811200 1.000000
989.699200 1824.624000 1068.929600 1274.772800 1.000000
1003.537600 1137.136000 1069.172800 586.020800 1.000000
993.984000 1686.928000 1070.249600 1137.392000 1.000000
992.764800 1660.688000 1072.361600 1118.403200 1.000000
993.169600 1804.864000 1072.604800 1255.548800 1.000000
986.851200 2182.016000 1073.900800 1613.504000 1.000000
995.441600 1871.296000 1078.139200 1319.672000 1.000000
998.537600 1862.816000 1079.496000 1311.081600 1.000000
996.796800 2123.392000 1080.246400 1558.947200 1.000000
996.168000 2456.400000 1085.316800 1866.800000 1.000000
999.276800 2279.616000 1085.852800 1704.176000 1.000000
1015.252800 1454.580800 1088.513600 904.460800 1.000000
1025.059200 1124.156800 1091.062400 573.838400 1.000000
1006.985600 2142.528000 1091.062400 1577.376000 1.000000
1006.273600 2268.432000 1091.672000 1692.080000 1.000000
1033.273600 844.059200 1094.886400 279.904000 1.000000
1004.118400 2993.200000 1095.257600 2334.672000 1.000000
1015.369600 1958.976000 1096.340800 1403.924800 1.000000
1013.944000 2249.536000 1097.211200 1674.512000 1.000000
1032.321600 1177.742400 1099.064000 627.078400 1.000000
1016.523200 2083.088000 1100.185600 1519.120000 1.000000
1027.828800 1567.835200 1100.283200 1018.953600 1.000000
1025.622400 1549.520000 1100.513600 1000.076800 1.000000
1011.198400 2981.296000 1102.774400 2325.712000 1.000000
1031.499200 1414.473600 1102.849600 866.628800 1.000000
1023.481600 2069.696000 1105.220800 1507.609600 1.000000
1016.936000 2978.768000 1108.076800 2323.648000 1.000000
1017.158400 2992.160000 1108.334400 2334.400000 1.000000
1026.768000 2269.872000 1111.388800 1693.936000 1.000000
1039.985600 1578.355200 1113.843200 1031.657600 1.000000
1041.945600 1448.473600 1114.235200 899.811200 1.000000
1032.744000 2237.392000 1116.132800 1664.768000 1.000000
1052.048000 1152.814400 1117.433600 605.395200 1.000000
1054.272000 1108.704000 1118.200000 559.449600 1.000000
1037.230400 2105.568000 1119.668800 1542.510400 1.000000
1047.291200 1515.379200 1120.284800 965.785600 1.000000
1040.644800 2085.712000 1122.809600 1524.403200 1.000000
1053.590400 1548.107200 1126.624000 1001.164800 1.000000
1042.801600 2165.664000 1127.067200 1594.697600 1.000000
1049.660800 1930.800000 1127.817600 1379.014400 1.000000
1048.264000 2005.312000 1128.080000 1451.619200 1.000000
1060.731200 1473.096000 1128.681600 923.876800 1.000000
1056.598400 1704.080000 1131.422400 1158.873600 1.000000
1051.785600 2139.280000 1132.937600 1573.016000 1.000000
1056.724800 1985.520000 1133.945600 1432.302400 1.000000
1057.400000 1942.224000 1135.156800 1391.497600 1.000000
1055.432000 2438.992000 1137.121600 1854.336000 1.000000
1056.964800 2098.272000 1137.190400 1537.145600 1.000000
1057.716800 2108.176000 1138.644800 1545.988800 1.000000
1081.708800 803.964800 1140.627200 239.953600 1.000000
1063.404800 2067.760000 1142.262400 1507.641600 1.000000
1063.904000 1958.576000 1142.336000 1405.961600 1.000000
1065.982400 1950.976000 1143.264000 1399.624000 1.000000
1067.593600 2016.528000 1144.836800 1464.513600 1.000000
1081.425600 1114.419200 1145.707200 565.899200 1.000000
1078.624000 1608.832000 1151.065600 1064.414400 1.000000
1075.416000 1947.088000 1152.241600 1396.120000 1.000000
1072.750400 2417.936000 1152.374400 1835.968000 1.000000
1085.865600 1207.579200 1152.520000 661.651200 1.000000
1069.072000 2978.192000 1152.734400 2324.752000 1.000000
1079.580800 1616.816000 1153.689600 1072.200000 1.000000
1082.233600 1523.206400 1153.833600 975.358400 1.000000
1082.528000 1473.670400 1154.452800 925.896000 1.000000
1082.264000 1587.870400 1155.472000 1042.380800 1.000000
1091.332800 1118.571200 1156.566400 570.401600 1.000000
1083.465600 1683.504000 1156.668800 1139.987200 1.000000
1091.678400 1436.320000 1160.512000 889.883200 1.000000
1081.180800 2096.176000 1160.683200 1533.292800 1.000000
1086.419200 1691.328000 1161.225600 1147.724800 1.000000
1089.944000 1946.336000 1165.635200 1396.438400 1.000000
1088.595200 2007.552000 1165.723200 1454.401600 1.000000
1095.184000 1518.089600 1166.089600 969.859200 1.000000
1086.620800 2080.736000 1166.480000 1520.822400 1.000000
1088.681600 1996.576000 1166.648000 1443.388800 1.000000
1098.436800 1387.449600 1166.889600 843.508800 1.000000
1090.657600 2420.672000 1167.713600 1839.472000 1.000000
1097.976000 1682.512000 1170.659200 1139.164800 1.000000
1102.553600 1373.164800 1170.849600 828.937600 1.000000
1106.441600 1209.281600 1171.436800 665.785600 1.000000
1104.913600 1361.900800 1173.144000 818.876800 1.000000
1104.812800 1547.270400 1173.872000 1000.968000 1.000000
1104.308800 1587.288000 1176.376000 1042.097600 1.000000
1112.387200 1370.147200 1180.558400 827.438400 1.000000
1108.064000 1622.640000 1180.604800 1079.308800 1.000000
1106.484800 1883.776000 1181.908800 1336.267200 1.000000
1112.203200 1700.192000 1184.828800 1156.489600 1.000000
1111.564800 2034.016000 1185.220800 1479.168000 1.000000
1113.632000 1534.532800 1185.611200 988.363200 1.000000
1117.849600 1593.297600 1186.872000 1049.684800 1.000000
1114.478400 1517.171200 1187.337600 968.723200 1.000000
1116.902400 1612.848000 1188.931200 1069.198400 1.000000
1117.606400 1587.947200 1189.486400 1043.540800 1.000000
1114.947200 2446.416000 1189.803200 1861.408000 1.000000
1118.544000 1580.627200 1191.060800 1036.577600 1.000000
1119.838400 1555.512000 1191.411200 1010.140800 1.000000
1116.350400 2038.976000 1191.976000 1484.256000 1.000000
1127.203200 1232.355200 1192.222400 689.761600 1.000000
1122.896000 1567.640000 1192.707200 1023.475200 1.000000
1119.992000 2213.776000 1195.033600 1651.712000 1.000000
1124.094400 1606.416000 1195.627200 1063.216000 1.000000
1120.304000 2065.168000 1196.064000 1509.753600 1.000000
1133.752000 1224.672000 1199.704000 683.432000 1.000000
1126.331200 2054.336000 1201.206400 1499.406400 1.000000
1126.913600 2034.816000 1201.729600 1481.209600 1.000000
1126.316800 2995.984000 1203.300800 2342.528000 1.000000
1139.579200 1233.299200 1206.507200 691.603200 1.000000
1142.556800 1192.766400 1207.731200 650.510400 1.000000
1134.760000 1847.024000 1208.523200 1296.158400 1.000000
1139.115200 1677.520000 1209.534400 1135.824000 1.000000
1138.956800 1561.875200 1209.796800 1016.945600 1.000000
1140.700800 1668.192000 1210.468800 1127.598400 1.000000
1136.889600 1971.584000 1210.494400 1420.643200 1.000000
1147.318400 1269.163200 1213.251200 726.040000 1.000000
1144.867200 1944.784000 1218.393600 1397.699200 1.000000
1160.289600 852.014400 1220.376000 295.017600 1.000000
1150.688000 1615.344000 1220.812800 1074.051200 1.000000
1151.788800 1554.049600 1221.408000 1009.902400 1.000000
1151.390400 1605.904000 1221.836800 1064.371200 1.000000
1153.214400 1478.403200 1222.553600 934.228800 1.000000
1152.352000 1667.936000 1223.780800 1127.596800 1.000000
1164.337600 745.558400 1225.564800 179.147200 1.000000
1156.948800 1562.968000 1226.008000 1019.508800 1.000000
1161.369600 1555.950400 1231.800000 1012.036800 1.000000
1162.204800 1608.400000 1233.033600 1066.976000 1.000000
1165.880000 1671.264000 1235.024000 1131.128000 1.000000
1166.132800 1581.716800 1236.019200 1040.528000 1.000000
1167.228800 1560.041600 1236.636800 1017.318400 1.000000
1170.449600 1523.480000 1239.062400 977.840000 1.000000
1172.400000 1606.160000 1242.998400 1065.569600 1.000000
1174.417600 1536.916800 1243.496000 993.017600 1.000000
1176.412800 1678.880000 1245.561600 1138.568000 1.000000
1182.028800 1597.328000 1251.416000 1056.044800 1.000000
1193.953600 999.097600 1256.619200 451.411200 1.000000
1190.646400 1682.592000 1258.952000 1143.227200 1.000000
1191.782400 1604.736000 1260.027200 1064.420800 1.000000
1194.760000 1536.345600 1262.576000 993.880000 1.000000
1193.688000 1613.408000 1262.660800 1074.400000 1.000000
1197.136000 1665.712000 1264.806400 1127.710400 1.000000
1196.388800 1933.952000 1265.299200 1390.486400 1.000000
1196.467200 1916.896000 1265.641600 1371.774400 1.000000
1199.916800 1553.017600 1268.419200 1011.748800 1.000000
1202.430400 1562.806400 1271.030400 1021.388800 1.000000
1203.705600 1587.249600 1272.300800 1047.339200 1.000000
1202.392000 1938.576000 1272.968000 1394.564800 1.000000
1205.502400 1623.200000 1274.275200 1084.665600 1.000000
1207.312000 1931.376000 1275.636800 1388.488000 1.000000
1209.208000 1667.616000 1277.011200 1129.419200 1.000000
1206.036800 1951.360000 1277.080000 1407.102400 1.000000
1207.254400 1614.304000 1277.166400 1075.755200 1.000000
1208.846400 1583.297600 1277.580800 1043.712000 1.000000
1216.942400 1350.102400 1281.414400 807.932800 1.000000
1214.313600 1677.680000 1282.252800 1139.488000 1.000000
1213.796800 1577.494400 1283.284800 1037.088000 1.000000
1214.704000 1589.942400 1283.417600 1050.308800 1.000000
1215.880000 1657.664000 1284.076800 1120.577600 1.000000
1216.830400 1601.904000 1284.406400 1062.564800 1.000000
1216.616000 1687.424000 1285.161600 1148.945600 1.000000
1219.123200 1626.368000 1286.737600 1088.201600 1.000000
1220.088000 1923.248000 1287.316800 1381.344000 1.000000
1221.244800 1612.464000 1288.486400 1074.124800 1.000000
1220.048000 1583.537600 1288.811200 1043.289600 1.000000
1222.796800 1946.256000 1290.307200 1403.049600 1.000000
1223.758400 1541.265600 1290.465600 999.481600 1.000000
1222.960000 1934.512000 1291.286400 1391.995200 1.000000
1232.787200 712.998400 1294.857600 145.997280 1.000000
1234.268800 705.412800 1295.601600 136.922240 1.000000
1235.291200 1669.984000 1301.761600 1133.032000 1.000000
1235.756800 1692.960000 1301.873600 1154.265600 1.000000
1236.699200 1683.744000 1305.964800 1145.865600 1.000000
1242.419200 1659.696000 1308.563200 1123.131200 1.000000
1248.622400 661.124800 1311.080000 89.987360 1.000000
1245.040000 1577.390400 1311.556800 1039.043200 1.000000
1254.096000 714.846400 1316.222400 148.242080 1.000000
1249.403200 1603.024000 1316.240000 1066.494400 1.000000
1250.993600 1616.208000 1317.097600 1079.513600 1.000000
1251.481600 1587.465600 1317.764800 1049.768000 1.000000
1258.881600 1654.448000 1323.272000 1120.644800 1.000000
1263.625600 711.209600 1325.936000 145.075840 1.000000
1262.033600 1679.936000 1326.769600 1142.873600 1.000000
1262.131200 1394.329600 1327.654400 856.739200 1.000000
1263.076800 1928.496000 1328.595200 1379.211200 1.000000
1261.872000 1517.020800 1329.456000 977.243200 1.000000
1263.323200 1615.328000 1329.611200 1080.176000 1.000000
1268.243200 707.643200 1331.446400 141.693760 1.000000
1265.339200 1557.000000 1331.859200 1018.740800 1.000000
1267.195200 1604.576000 1333.140800 1068.624000 1.000000
1267.344000 1577.196800 1333.214400 1039.899200 1.000000
1275.945600 1595.478400 1340.825600 1056.734400 1.000000
1278.513600 1550.835200 1344.236800 1012.776000 1.000000
1279.657600 1558.222400 1346.692800 1020.520000 1.000000
1282.105600 1440.118400 1346.710400 904.987200 1.000000
1282.939200 1674.368000 1347.878400 1139.451200 1.000000
1282.585600 1485.387200 1349.380800 947.340800 1.000000
1283.894400 1531.520000 1350.113600 992.524800 1.000000
1287.182400 979.704000 1350.553600 434.041600 1.000000
1286.555200 1526.113600 1352.844800 986.846400 1.000000
1287.644800 1573.129600 1353.065600 1036.313600 1.000000
1290.856000 1546.958400 1355.948800 1009.284800 1.000000
1292.808000 1539.312000 1358.128000 1001.092800 1.000000
1294.736000 957.443200 1358.131200 410.294400 1.000000
1295.168000 1577.166400 1359.675200 1040.329600 1.000000
1296.396800 1390.472000 1360.088000 856.368000 1.000000
1302.926400 1435.339200 1366.508800 901.060800 1.000000
1308.616000 1386.940800 1372.659200 851.096000 1.000000
1312.054400 1557.827200 1377.150400 1022.112000 1.000000
1318.540800 1584.907200 1382.648000 1050.971200 1.000000
1317.651200 1539.532800 1382.763200 1004.112000 1.000000
1337.992000 2155.696000 1400.136000 1596.929600 1.000000
1336.628800 954.465600 1400.848000 406.870400 1.000000
1342.196800 1459.057600 1406.201600 925.844800 1.000000
1344.300800 1579.214400 1408.414400 1045.289600 1.000000
1353.038400 1540.625600 1413.233600 1005.883200 1.000000
1350.390400 1358.324800 1413.566400 824.915200 1.000000
1350.609600 820.016000 1414.905600 266.560000 1.000000
1354.480000 1306.467200 1417.806400 773.072000 1.000000
1357.856000 1435.547200 1421.259200 903.001600 1.000000
1359.121600 907.972800 1422.340800 360.787200 1.000000
1361.678400 1667.120000 1425.524800 1135.070400 1.000000
1363.488000 1916.800000 1426.747200 1376.416000 1.000000
1362.867200 1444.371200 1427.160000 911.246400 1.000000
1367.467200 1656.512000 1430.334400 1126.012800 1.000000
1367.251200 1279.880000 1430.745600 747.172800 1.000000
1367.745600 1899.616000 1431.507200 1358.065600 1.000000
1371.916800 1034.238400 1435.779200 497.603200 1.000000
1381.836800 1498.915200 1444.540800 965.884800 1.000000
1383.875200 1665.712000 1444.745600 1135.971200 1.000000
1385.124800 1559.304000 1447.912000 1026.820800 1.000000
1386.908800 1542.172800 1449.878400 1008.785600 1.000000
1388.859200 1403.804800 1452.216000 873.558400 1.000000
1400.852800 1440.556800 1463.412800 909.628800 1.000000
1403.230400 1660.304000 1463.964800 1130.044800 1.000000
1411.510400 1657.376000 1470.788800 1127.659200 1.000000
1414.838400 2160.656000 1470.995200 1605.776000 1.000000
1410.707200 882.838400 1475.464000 336.555200 1.000000
1415.616000 2128.416000 1475.544000 1574.062400 1.000000
1416.552000 1402.427200 1475.772800 875.288000 1.000000
1414.368000 1426.137600 1476.091200 896.891200 1.000000
1414.689600 1552.924800 1476.732800 1021.680000 1.000000
1419.982400 1588.636800 1481.865600 1060.712000 1.000000
1428.915200 2153.120000 1484.550400 1598.619200 1.000000
1426.067200 892.214400 1490.636800 339.492800 1.000000
1441.169600 1587.324800 1499.465600 1059.363200 1.000000
1440.283200 1598.699200 1499.752000 1070.504000 1.000000
1438.651200 1575.721600 1500.580800 1046.880000 1.000000
1440.592000 1549.185600 1500.643200 1017.988800 1.000000
1446.052800 1396.984000 1507.862400 869.264000 1.000000
1447.228800 1576.036800 1509.324800 1047.292800 1.000000
1450.928000 1601.696000 1510.704000 1073.416000 1.000000
1469.396800 2231.248000 1516.294400 1680.336000 1.000000
1458.504000 1577.523200 1518.350400 1049.187200 1.000000
1461.803200 1413.971200 1522.307200 889.361600 1.000000
1464.988800 1402.083200 1526.022400 874.774400 1.000000
1471.440000 1604.352000 1530.969600 1078.324800 1.000000
1471.800000 1542.630400 1531.560000 1013.449600 1.000000
1470.444800 1115.267200 1533.596800 582.686400 1.000000
1469.321600 1532.032000 1534.020800 1002.128000 1.000000
1482.608000 1595.169600 1540.526400 1068.526400 1.000000
1481.150400 1324.811200 1542.851200 798.561600 1.000000
1482.708800 1583.251200 1543.192000 1056.742400 1.000000
1495.803200 1313.092800 1557.014400 786.972800 1.000000
1499.537600 1319.241600 1560.561600 793.134400 1.000000
1504.512000 1548.910400 1564.091200 1021.228800 1.000000
1506.208000 1311.662400 1567.923200 787.128000 1.000000
1510.692800 1536.976000 1569.465600 1010.635200 1.000000
1524.153600 1318.436800 1584.955200 793.852800 1.000000
1533.672000 1360.902400 1594.400000 835.872000 1.000000
1535.160000 1331.544000 1595.950400 806.720000 1.000000
1540.046400 1581.040000 1597.120000 1056.409600 1.000000
1537.488000 1360.113600 1598.908800 835.552000 1.000000
1563.200000 1320.936000 1624.000000 798.934400 1.000000
1595.795200 1480.944000 1655.536000 958.211200 1.000000
1608.592000 1487.078400 1665.760000 967.059200 1.000000
1596.548800 741.339200 1668.464000 189.452800 1.000000
1612.640000 1575.929600 1669.184000 1054.392000 1.000000
1613.216000 1432.291200 1672.416000 910.528000 1.000000
1646.544000 1561.163200 1702.432000 1040.921600 1.000000
1662.944000 1455.371200 1721.504000 936.433600 1.000000
1665.440000 1485.184000 1723.216000 966.688000 1.000000
1705.568000 1904.144000 1725.312000 1375.939200 1.000000
1670.592000 1561.776000 1725.792000 1041.956800 1.000000
1674.944000 1681.360000 1727.376000 1160.707200 1.000000
1680.736000 1542.001600 1734.880000 1022.411200 1.000000
1679.136000 1516.425600 1736.320000 997.374400 1.000000
1716.064000 2252.528000 1743.456000 1711.888000 1.000000
1696.544000 1522.035200 1752.416000 1003.459200 1.000000
1689.856000 1224.216000 1752.976000 703.940800 1.000000
1774.784000 2963.408000 1761.088000 2373.040000 1.000000
1751.056000 2262.144000 1774.464000 1723.024000 1.000000
1754.256000 2135.872000 1790.192000 1598.009600 1.000000
1742.528000 1762.112000 1791.536000 1238.496000 1.000000
1752.880000 2031.808000 1792.896000 1499.131200 1.000000
1731.664000 1222.328000 1794.784000 703.766400 1.000000
1752.688000 1834.800000 1799.360000 1311.344000 1.000000
1751.136000 1849.008000 1799.760000 1324.804800 1.000000
1765.168000 2143.328000 1799.760000 1605.152000 1.000000
1780.864000 2257.584000 1799.776000 1720.336000 1.000000
1763.328000 2115.728000 1799.808000 1580.014400 1.000000
1792.928000 2373.904000 1800.688000 1818.976000 1.000000
1800.640000 2795.776000 1800.800000 2210.064000 1.000000
1765.360000 2078.352000 1803.440000 1543.729600 1.000000
1757.168000 1552.675200 1808.704000 1033.814400 1.000000
1769.488000 1984.960000 1809.456000 1456.593600 1.000000
1755.552000 1525.208000 1810.384000 1009.321600 1.000000
1776.896000 2146.080000 1810.544000 1608.576000 1.000000
1766.928000 1841.136000 1812.608000 1319.899200 1.000000
1777.040000 2089.360000 1812.688000 1554.851200 1.000000
1741.744000 900.028800 1813.360000 367.313600 1.000000
1795.328000 2251.712000 1814.992000 1715.168000 1.000000
1774.144000 1903.968000 1815.296000 1381.225600 1.000000
1754.336000 1261.628800 1815.792000 744.892800 1.000000
1785.504000 2110.096000 1819.584000 1574.246400 1.000000
1752.512000 909.622400 1824.336000 378.166400 1.000000
1808.896000 2266.064000 1825.680000 1728.592000 1.000000
1787.168000 1920.352000 1827.504000 1396.702400 1.000000
1753.600000 890.310400 1827.872000 355.795200 1.000000
1769.744000 1404.923200 1828.224000 892.777600 1.000000
1794.416000 2089.920000 1828.688000 1559.344000 1.000000
1787.280000 1901.536000 1829.024000 1378.134400 1.000000
1793.408000 1910.448000 1833.648000 1389.481600 1.000000
1816.912000 2221.568000 1838.432000 1685.632000 1.000000
1806.432000 2021.120000 1842.192000 1491.392000 1.000000
1803.664000 1729.072000 1853.904000 1213.814400 1.000000
1815.904000 1912.064000 1856.048000 1391.496000 1.000000
1798.864000 1315.020800 1859.168000 802.416000 1.000000
1879.984000 2826.896000 1868.368000 2242.704000 1.000000
1809.952000 1346.441600 1870.352000 834.000000 1.000000
1801.504000 894.521600 1875.232000 364.563200 1.000000
1839.376000 1990.544000 1875.456000 1466.299200 1.000000
1893.776000 2882.000000 1877.024000 2290.128000 1.000000
1848.352000 2074.592000 1880.192000 1545.681600 1.000000
1844.608000 1947.904000 1881.392000 1427.097600 1.000000
1900.576000 2869.056000 1883.920000 2277.936000 1.000000
1850.240000 2005.072000 1884.832000 1478.846400 1.000000
1851.280000 2029.680000 1885.184000 1503.542400 1.000000
1853.360000 2077.088000 1885.344000 1549.464000 1.000000
1844.464000 1776.128000 1890.176000 1259.324800 1.000000
1825.504000 1148.620800 1891.216000 632.177600 1.000000
1881.904000 2285.040000 1893.440000 1753.600000 1.000000
1913.392000 2885.344000 1894.160000 2294.528000 1.000000
1839.472000 1365.968000 1897.616000 856.627200 1.000000
1855.248000 1755.936000 1901.856000 1239.089600 1.000000
1836.352000 1111.908800 1903.472000 595.742400 1.000000
1871.280000 2008.736000 1905.296000 1483.948800 1.000000
1868.768000 1958.480000 1905.904000 1438.444800 1.000000
1926.448000 2879.664000 1906.336000 2290.592000 1.000000
1825.056000 628.795200 1909.296000 72.848480 1.000000
1876.048000 1989.984000 1909.648000 1465.552000 1.000000
1930.880000 2891.024000 1909.824000 2300.416000 1.000000
1912.288000 2354.000000 1910.880000 1805.424000 1.000000
1873.856000 1902.672000 1911.824000 1384.011200 1.000000
1831.424000 632.124800 1915.056000 77.208320 1.000000
1882.496000 1981.504000 1917.328000 1458.715200 1.000000
1869.872000 1746.160000 1918.512000 1234.691200 1.000000
1884.896000 1927.440000 1921.680000 1408.560000 1.000000
1893.312000 1965.984000 1926.336000 1446.612800 1.000000
1895.552000 1985.056000 1928.016000 1461.385600 1.000000
1900.368000 2104.864000 1929.072000 1578.590400 1.000000
1892.816000 1920.592000 1929.568000 1401.600000 1.000000
1892.080000 1894.832000 1929.696000 1379.489600 1.000000
1873.664000 1406.624000 1930.448000 897.819200 1.000000
1880.768000 1434.068800 1937.600000 926.409600 1.000000
1902.160000 1901.184000 1938.880000 1386.867200 1.000000
1932.368000 2239.008000 1939.488000 1706.944000 1.000000
1884.736000 1419.606400 1942.416000 910.408000 1.000000
1875.792000 1092.704000 1943.568000 577.545600 1.000000
1947.568000 2262.976000 1951.824000 1733.728000 1.000000
1924.560000 1957.024000 1958.960000 1437.705600 1.000000
1903.712000 1454.534400 1959.536000 947.816000 1.000000
1894.032000 1076.678400 1963.536000 558.945600 1.000000
1975.264000 2392.976000 1964.528000 1839.232000 1.000000
1908.736000 1437.571200 1964.896000 930.086400 1.000000
1977.200000 2442.128000 1965.792000 1884.688000 1.000000
1910.368000 1451.196800 1965.872000 944.020800 1.000000
1898.016000 1119.704000 1965.984000 606.036800 1.000000
1979.552000 2412.176000 1968.640000 1859.536000 1.000000
1887.664000 711.707200 1970.768000 167.806400 1.000000
1910.656000 1308.662400 1971.824000 800.200000 1.000000
1987.360000 2423.072000 1975.856000 1868.544000 1.000000
1924.992000 1461.896000 1978.864000 954.694400 1.000000
1900.144000 813.003200 1979.472000 279.185600 1.000000
1998.224000 2731.168000 1979.488000 2165.056000 1.000000
1991.248000 2397.904000 1982.288000 1846.736000 1.000000
1990.896000 2348.960000 1983.744000 1803.344000 1.000000
1950.320000 1890.960000 1985.696000 1377.520000 1.000000
2007.792000 2764.080000 1985.872000 2194.432000 1.000000
2006.768000 2724.320000 1987.600000 2160.368000 1.000000
1981.552000 2243.856000 1988.240000 1721.632000 1.000000
2004.800000 2490.784000 1989.312000 1926.512000 1.000000
1923.200000 1124.337600 1990.752000 611.675200 1.000000
2037.680000 2921.648000 1993.824000 2349.648000 1.000000
1997.744000 2271.776000 2000.944000 1747.008000 1.000000
2047.488000 2916.816000 2002.224000 2345.696000 1.000000
1935.872000 1068.360000 2005.824000 554.156800 1.000000
2054.144000 2905.856000 2008.112000 2335.600000 1.000000
2034.176000 2749.472000 2009.008000 2182.112000 1.000000
1974.704000 1707.840000 2020.144000 1202.809600 1.000000
2051.936000 2815.312000 2021.744000 2240.416000 1.000000
2019.264000 2241.968000 2021.856000 1721.024000 1.000000
1969.424000 1493.539200 2022.640000 989.369600 1.000000
1941.968000 779.708800 2024.096000 245.804800 1.000000
2057.984000 2831.104000 2026.336000 2255.280000 1.000000
1959.552000 1168.931200 2026.960000 661.070400 1.000000
2025.808000 2215.760000 2029.584000 1694.992000 1.000000
1958.128000 1019.931200 2029.904000 504.979200 1.000000
1969.936000 1191.268800 2035.392000 685.758400 1.000000
2032.032000 2205.360000 2036.784000 1684.992000 1.000000
2012.048000 2016.224000 2038.480000 1499.657600 1.000000
2072.112000 2811.200000 2039.936000 2239.168000 1.000000
2012.848000 1992.752000 2041.264000 1476.510400 1.000000
2036.240000 2227.856000 2041.776000 1707.600000 1.000000
2004.128000 1842.784000 2043.120000 1337.315200 1.000000
2061.600000 2379.888000 2044.272000 1832.864000 1.000000
2004.960000 1772.176000 2044.944000 1266.678400 1.000000
2008.000000 1827.424000 2046.224000 1319.908800 1.000000
2099.984000 2929.040000 2046.432000 2359.104000 1.000000
1996.816000 1599.620800 2046.528000 1089.571200 1.000000
1984.144000 1218.854400 2048.640000 711.497600 1.000000
2010.768000 1729.600000 2051.328000 1225.382400 1.000000
2067.264000 2421.152000 2051.568000 1865.568000 1.000000
2020.288000 1901.424000 2054.592000 1392.753600 1.000000
2019.440000 1781.840000 2057.888000 1277.819200 1.000000
2097.008000 2849.360000 2058.864000 2272.560000 1.000000
2023.600000 1817.792000 2059.488000 1312.790400 1.000000
2023.968000 1798.384000 2059.680000 1294.856000 1.000000
1996.080000 1257.004800 2060.064000 751.486400 1.000000
1976.240000 753.363200 2061.424000 218.187200 1.000000
2007.968000 1468.160000 2061.872000 966.172800 1.000000
2039.552000 2033.456000 2061.904000 1516.940800 1.000000
2024.256000 1778.944000 2062.256000 1275.950400 1.000000
2082.176000 2434.992000 2063.472000 1880.320000 1.000000
2041.280000 2012.048000 2065.296000 1497.172800 1.000000
2042.464000 1996.736000 2067.424000 1482.080000 1.000000
2129.280000 2946.400000 2071.920000 2377.008000 1.000000
2037.776000 1800.032000 2073.264000 1296.241600 1.000000
2048.944000 1984.944000 2074.528000 1473.276800 1.000000
2107.792000 2772.016000 2074.992000 2206.224000 1.000000
2037.472000 1764.720000 2075.392000 1262.513600 1.000000
2134.848000 2953.632000 2075.680000 2383.200000 1.000000
2106.080000 2707.488000 2078.048000 2151.200000 1.000000
2097.392000 2327.008000 2080.992000 1786.016000 1.000000
2077.776000 2206.048000 2081.296000 1688.592000 1.000000
2042.512000 1735.232000 2082.064000 1232.292800 1.000000
1999.280000 739.894400 2086.384000 203.441600 1.000000
2146.864000 2953.616000 2086.496000 2383.056000 1.000000
2118.464000 2710.192000 2088.992000 2155.488000 1.000000
2126.288000 2807.792000 2089.488000 2238.832000 1.000000
2027.024000 1255.300800 2090.992000 750.676800 1.000000
2115.552000 2441.648000 2092.064000 1887.488000 1.000000
2035.952000 1240.908800 2099.376000 735.836800 1.000000
2039.568000 1268.856000 2103.984000 764.723200 1.000000
2160.048000 2904.752000 2106.448000 2341.408000 1.000000
2026.544000 749.585600 2107.632000 221.905600 1.000000
2058.160000 1473.880000 2111.856000 969.739200 1.000000
2143.648000 2467.328000 2115.184000 1920.592000 1.000000
2115.216000 2192.320000 2117.520000 1677.392000 1.000000
2039.248000 932.907200 2119.696000 413.118400 1.000000
2057.520000 1264.926400 2121.680000 762.870400 1.000000
2059.344000 1292.588800 2121.792000 790.467200 1.000000
2053.696000 952.715200 2129.440000 437.374400 1.000000
2052.512000 974.347200 2131.376000 458.368000 1.000000
2071.552000 1260.816000 2136.704000 756.478400 1.000000
2068.416000 1161.507200 2137.616000 655.425600 1.000000
2085.392000 1501.524800 2140.576000 1002.040000 1.000000
2074.624000 1200.523200 2143.312000 694.380800 1.000000
2052.160000 702.920000 2143.344000 164.372800 1.000000
2220.160000 2961.664000 2150.400000 2394.848000 1.000000
2112.816000 1736.272000 2150.896000 1236.236800 1.000000
2218.704000 2889.120000 2154.480000 2331.056000 1.000000
2222.368000 2912.112000 2155.616000 2353.808000 1.000000
2144.464000 1976.048000 2162.096000 1478.323200 1.000000
2234.144000 2928.608000 2165.152000 2366.640000 1.000000
2242.064000 2986.256000 2167.616000 2415.712000 1.000000
2088.784000 963.587200 2169.280000 447.796800 1.000000
2154.688000 1962.944000 2171.920000 1470.470400 1.000000
2087.776000 919.048000 2172.496000 398.475200 1.000000
2244.000000 2949.664000 2172.848000 2385.088000 1.000000
2252.496000 2928.560000 2180.880000 2367.840000 1.000000
2259.248000 2945.344000 2186.032000 2380.976000 1.000000
2108.640000 990.374400 2186.848000 476.937600 1.000000
2264.688000 2885.968000 2194.880000 2333.440000 1.000000
2112.784000 926.886400 2195.408000 408.859200 1.000000
2123.296000 971.033600 2203.632000 457.540800 1.000000
2130.832000 1016.891200 2208.704000 507.075200 1.000000
2110.560000 635.254400 2209.760000 89.520000 1.000000
2116.240000 625.156800 2214.640000 79.586400 1.000000
2132.128000 948.638400 2217.792000 427.452800 1.000000
2258.960000 2711.136000 2219.152000 2145.888000 1.000000
2262.704000 2773.328000 2220.416000 2195.024000 1.000000
2294.112000 2870.976000 2222.992000 2320.944000 1.000000
2270.704000 2752.000000 2227.376000 2179.632000 1.000000
2307.920000 2977.888000 2227.696000 2410.592000 1.000000
2140.000000 828.065600 2228.112000 308.753600 1.000000
2146.896000 643.225600 2245.696000 100.715520 1.000000
2347.904000 2964.832000 2264.352000 2400.320000 1.000000
2177.680000 866.899200 2267.296000 345.369600 1.000000
2171.680000 677.763200 2271.104000 138.546080 1.000000
2373.248000 1512.518400 2286.112000 1300.593600 1.000000
2368.848000 1427.112000 2290.144000 1220.244800 1.000000
2187.888000 594.124800 2292.896000 48.176320 1.000000
2200.512000 721.032000 2298.880000 188.584000 1.000000
2202.736000 806.998400 2299.040000 271.024000 1.000000
2336.416000 1240.284800 2300.336000 981.033600 1.000000
2350.704000 1273.764800 2307.904000 1023.004800 1.000000
2404.368000 1397.870400 2322.320000 1199.723200 1.000000
2439.968000 1396.491200 2355.952000 1202.705600 1.000000
2448.192000 1365.032000 2367.184000 1167.700800 1.000000
2438.128000 1161.526400 2402.256000 908.104000 1.000000
2560.336000 1885.296000 2425.120000 1612.528000 1.000000
2539.440000 1456.929600 2442.624000 1264.654400 1.000000
2476.896000 1116.241600 2444.032000 860.392000 1.000000
2378.976000 809.900800 2467.936000 321.398400 1.000000
2394.432000 654.790400 2504.240000 125.424960 1.000000
2549.808000 1067.502400 2507.168000 830.755200 1.000000
2691.376000 1802.784000 2542.944000 1594.883200 1.000000
2420.736000 631.099200 2543.776000 72.225600 1.000000
2693.536000 1932.992000 2546.096000 1688.928000 1.000000
2634.752000 1257.779200 2548.032000 1074.020800 1.000000
2699.984000 1736.032000 2550.304000 1544.020800 1.000000
2715.104000 1793.568000 2560.848000 1590.102400 1.000000
2719.120000 1734.832000 2565.440000 1545.433600 1.000000
2722.416000 1744.400000 2567.392000 1553.646400 1.000000
2726.928000 1805.280000 2570.112000 1604.000000 1.000000
2737.920000 1804.240000 2578.960000 1604.416000 1.000000
2741.824000 1818.080000 2581.088000 1616.784000 1.000000
2747.632000 1653.232000 2593.680000 1481.844800 1.000000
2698.864000 1299.880000 2599.184000 1124.459200 1.000000
2757.888000 1675.488000 2599.936000 1503.155200 1.000000
2768.368000 1935.616000 2604.000000 1704.432000 1.000000
2770.384000 1943.280000 2604.832000 1710.224000 1.000000
2717.616000 1334.409600 2610.144000 1163.470400 1.000000
2732.240000 1415.302400 2612.896000 1249.478400 1.000000
2776.080000 1671.680000 2615.776000 1502.060800 1.000000
2779.920000 1692.224000 2616.160000 1521.435200 1.000000
2787.664000 1672.432000 2624.976000 1505.508800 1.000000
2799.712000 1975.056000 2628.080000 1742.144000 1.000000
2779.920000 1569.128000 2631.488000 1406.595200 1.000000
2747.376000 1361.432000 2633.376000 1194.894400 1.000000
2755.264000 1383.651200 2636.032000 1218.363200 1.000000
2811.600000 1973.888000 2636.224000 1743.184000 1.000000
2804.352000 1696.816000 2636.336000 1530.716800 1.000000
2806.768000 1668.912000 2641.760000 1505.598400 1.000000
2799.904000 1616.272000 2642.016000 1454.289600 1.000000
2819.008000 1970.496000 2642.816000 1742.864000 1.000000
2762.320000 1365.560000 2645.632000 1200.100800 1.000000
2833.312000 2024.272000 2648.352000 1785.152000 1.000000
2766.320000 1340.033600 2652.464000 1173.468800 1.000000
2833.664000 1960.256000 2654.848000 1739.536000 1.000000
2773.184000 1367.603200 2655.904000 1204.526400 1.000000
2775.328000 1343.940800 2660.736000 1178.862400 1.000000
2782.000000 1379.918400 2661.184000 1218.008000 1.000000
2798.496000 1424.137600 2667.344000 1263.521600 1.000000
2811.280000 1473.380800 2671.264000 1315.468800 1.000000
2791.744000 1365.104000 2671.520000 1203.382400 1.000000
2798.592000 1372.446400 2676.752000 1210.500800 1.000000
2843.248000 1596.273600 2680.768000 1441.404800 1.000000
2819.568000 1408.260800 2689.456000 1249.859200 1.000000
2850.480000 1580.003200 2689.664000 1426.422400 1.000000
2852.368000 1573.736000 2691.696000 1420.683200 1.000000
2823.152000 1402.884800 2693.376000 1245.464000 1.000000
2836.704000 1475.275200 2694.048000 1321.203200 1.000000
2861.200000 1582.416000 2701.056000 1431.475200 1.000000
2844.304000 1456.697600 2703.984000 1302.856000 1.000000
2870.672000 1600.576000 2704.144000 1448.152000 1.000000
2869.248000 1571.776000 2707.152000 1419.937600 1.000000
2863.024000 1511.065600 2711.312000 1359.556800 1.000000
2878.432000 1553.353600 2717.376000 1401.795200 1.000000
2884.176000 1582.368000 2718.496000 1432.068800 1.000000
2892.368000 1603.968000 2722.224000 1453.993600 1.000000
2890.400000 1588.644800 2722.640000 1439.128000 1.000000
2899.152000 1625.984000 2724.608000 1475.486400 1.000000
2892.688000 1570.057600 2727.248000 1420.012800 1.000000
2904.352000 1617.184000 2730.384000 1467.816000 1.000000
2891.344000 1549.702400 2730.736000 1401.321600 1.000000
2884.672000 1477.396800 2735.808000 1327.739200 1.000000
2909.712000 1610.352000 2736.576000 1461.435200 1.000000
2917.008000 1584.481600 2745.952000 1438.054400 1.000000
2911.824000 1543.515200 2749.280000 1395.766400 1.000000
2923.680000 1580.608000 2751.696000 1434.907200 1.000000
2923.024000 1568.356800 2754.064000 1421.699200 1.000000
2917.264000 1520.904000 2757.904000 1374.465600 1.000000
2942.128000 1624.560000 2761.936000 1478.446400 1.000000
2928.400000 1545.960000 2762.848000 1400.073600 1.000000
2937.136000 1581.166400 2763.952000 1436.115200 1.000000
2940.320000 1590.332800 2764.224000 1445.312000 1.000000
2945.392000 1556.075200 2775.216000 1411.630400 1.000000
2949.984000 1552.697600 2779.920000 1408.638400 1.000000
2951.824000 1529.753600 2786.960000 1388.025600 1.000000
2959.856000 1552.824000 2788.624000 1409.867200 1.000000
2928.352000 1431.507200 2789.008000 1296.523200 1.000000
2961.168000 1547.142400 2790.208000 1404.446400 1.000000
2967.872000 1552.908800 2795.872000 1411.518400 1.000000
3015.824000 1600.384000 2817.936000 1471.755200 1.000000
3021.312000 1565.024000 2833.056000 1428.030400 1.000000
3015.152000 1547.736000 2836.672000 1411.848000 1.000000
3203.008000 2078.272000 2918.736000 1915.424000 1.000000
3248.928000 2086.704000 2954.224000 1939.920000 1.000000
3605.488000 1833.344000 3242.656000 1788.032000 1.000000
3625.760000 1833.472000 3258.064000 1789.680000 1.000000
3932.064000 1100.620800 3657.968000 1130.142400 1.000000
3954.656000 1153.057600 3671.952000 1189.310400 1.000000
3978.240000 1167.905600 3688.272000 1204.104000 1.000000
3850.688000 590.779200 3872.432000 366.318400 1.000000
3858.544000 509.806400 3891.072000 285.804800 1.000000
3881.248000 585.603200 3902.528000 366.256000 1.000000
3897.280000 614.163200 3911.280000 401.748800 1.000000
3883.488000 540.206400 3915.104000 316.310400 1.000000
3891.552000 544.761600 3921.520000 322.137600 1.000000
3901.088000 497.660800 3936.144000 276.204800 1.000000
3911.792000 530.848000 3941.408000 310.942400 1.000000
3908.880000 428.110400 3954.560000 204.729600 1.000000
3944.112000 556.041600 3972.496000 336.758400 1.000000
