2235.120000 424.704000 834.489600 2918.592000 1.000000
2942.336000 1446.300800 2187.504000 1566.910400 1.000000
2732.240000 1415.302400 2469.392000 1961.664000 1.000000
2841.952000 1507.859200 2481.888000 2006.512000 1.000000
2797.728000 1661.264000 2492.704000 2035.216000 1.000000
2798.592000 1372.446400 2525.056000 2026.768000 1.000000
295.080000 1990.080000 2561.280000 177.052800 1.000000
2849.840000 1618.896000 2601.184000 1666.496000 1.000000
3592.592000 863.881600 3018.960000 2700.000000 1.000000
3696.880000 485.259200 3229.824000 2676.080000 1.000000
2393.216000 2111.776000 3640.800000 564.840000 1.000000
