21.402080 2002.976000 98.407200 2512.000000 1.000000
24.500160 2008.096000 99.024480 2517.152000 1.000000
31.297600 2002.080000 107.614880 2510.944000 1.000000
31.295360 1991.792000 108.602880 2500.000000 1.000000
57.713440 2289.056000 115.567680 2823.264000 1.000000
59.393120 2254.720000 118.927040 2787.024000 1.000000
27.329600 1775.168000 119.332160 2280.096000 1.000000
65.474720 2284.480000 123.093280 2816.128000 1.000000
48.694560 2008.432000 123.785440 2516.848000 1.000000
52.704000 1986.032000 130.454400 2493.008000 1.000000
61.740320 1991.184000 138.629280 2498.048000 1.000000
77.655680 2244.624000 141.704800 2774.784000 1.000000
44.004000 1520.009600 146.252000 2048.480000 1.000000
87.328800 2269.232000 146.431520 2800.064000 1.000000
71.684960 2014.256000 146.472000 2521.952000 1.000000
16.584000 1126.248000 147.956800 1657.696000 1.000000
19.724480 1177.364800 148.263520 1708.272000 1.000000
51.444480 1552.998400 150.732000 2080.304000 1.000000
90.727840 2256.080000 151.738400 2786.240000 1.000000
32.706880 1276.395200 152.755520 1805.648000 1.000000
52.148160 1498.289600 153.394880 2027.904000 1.000000
77.328320 1999.888000 153.476320 2507.536000 1.000000
82.468000 2049.840000 156.005600 2559.712000 1.000000
99.999840 2221.456000 161.728000 2747.072000 1.000000
93.369280 2096.432000 161.956800 2606.064000 1.000000
50.439040 1365.228800 162.529600 1893.504000 1.000000
47.208800 1330.281600 163.148800 1859.040000 1.000000
45.031040 1283.782400 164.747200 1813.488000 1.000000
13.912528 816.235200 165.217600 1359.713600 1.000000
12.453024 806.508800 165.753600 1351.084800 1.000000
17.795680 847.171200 167.596800 1389.412800 1.000000
55.994400 1327.635200 171.752000 1856.176000 1.000000
31.756160 1007.347200 172.396800 1545.078400 1.000000
97.947040 2008.752000 174.068800 2516.000000 1.000000
23.756160 850.569600 174.816000 1391.918400 1.000000
31.358240 917.609600 175.806400 1456.414400 1.000000
103.623520 2063.312000 176.315200 2578.368000 1.000000
101.525920 1994.416000 178.211200 2500.560000 1.000000
29.373920 843.144000 178.862400 1384.777600 1.000000
103.018720 1993.312000 179.096000 2499.824000 1.000000
68.500320 1394.496000 179.419200 1924.640000 1.000000
104.143040 2013.776000 180.435200 2521.600000 1.000000
62.440160 1262.707200 181.864000 1791.024000 1.000000
111.155840 2063.824000 182.433600 2581.008000 1.000000
81.425760 1516.513600 183.238400 2042.768000 1.000000
104.292480 1968.368000 183.296000 2472.768000 1.000000
86.513120 1600.400000 186.940800 2121.808000 1.000000
87.302080 1524.940800 188.721600 2051.776000 1.000000
101.496320 1796.416000 190.592000 2302.544000 1.000000
42.578720 861.588800 191.190400 1402.291200 1.000000
90.859680 1534.636800 191.556800 2061.520000 1.000000
78.877600 1367.249600 192.641600 1895.328000 1.000000
123.757920 2078.736000 193.425600 2591.168000 1.000000
121.055360 1989.936000 195.859200 2496.960000 1.000000
43.670720 762.528000 197.324800 1307.718400 1.000000
69.909440 1132.937600 198.611200 1661.376000 1.000000
29.731520 517.684800 199.283200 1080.707200 1.000000
51.112320 826.945600 200.620800 1368.371200 1.000000
104.922400 1606.752000 200.777600 2129.584000 1.000000
50.942240 806.264000 201.883200 1348.904000 1.000000
59.795680 969.265600 202.083200 1504.635200 1.000000
58.033280 886.614400 203.592000 1425.483200 1.000000
103.398880 1534.198400 203.748800 2060.784000 1.000000
66.440800 979.808000 204.867200 1512.953600 1.000000
82.438080 1196.448000 205.544000 1725.680000 1.000000
80.599200 1144.291200 209.841600 1672.528000 1.000000
114.647040 1585.753600 210.660800 2108.864000 1.000000
99.630240 1349.310400 211.713600 1877.008000 1.000000
73.430560 964.702400 212.142400 1498.315200 1.000000
137.772640 2056.352000 212.817600 2562.896000 1.000000
89.132480 1191.040000 213.851200 1718.736000 1.000000
71.889440 892.390400 216.257600 1429.219200 1.000000
37.885120 334.358400 217.420800 916.942400 1.000000
74.648480 906.075200 218.353600 1442.972800 1.000000
67.736640 784.436800 218.780800 1330.169600 1.000000
144.580640 2008.736000 219.721600 2514.816000 1.000000
101.765120 1233.140800 222.283200 1759.728000 1.000000
152.897760 2099.312000 223.617600 2610.960000 1.000000
110.551360 1340.278400 223.686400 1866.656000 1.000000
121.991040 1520.227200 224.000000 2046.496000 1.000000
80.977600 891.740800 225.660800 1429.364800 1.000000
169.536000 2288.624000 227.966400 2820.704000 1.000000
44.587040 293.571200 228.257600 884.060800 1.000000
85.205280 888.619200 228.905600 1425.648000 1.000000
150.978240 1971.552000 229.372800 2474.544000 1.000000
84.136000 866.307200 230.476800 1403.830400 1.000000
81.459840 820.998400 230.849600 1361.852800 1.000000
151.798240 1963.200000 230.915200 2465.728000 1.000000
124.521920 1398.918400 232.017600 1927.216000 1.000000
168.958400 2231.088000 232.195200 2758.512000 1.000000
57.421600 362.865600 235.486400 941.622400 1.000000
159.127520 1984.912000 235.787200 2489.568000 1.000000
93.132960 878.588800 236.020800 1414.843200 1.000000
83.121280 768.768000 236.750400 1311.331200 1.000000
120.683840 1270.419200 237.044800 1796.144000 1.000000
127.293920 1369.777600 237.278400 1895.680000 1.000000
122.534080 1297.068800 237.844800 1822.320000 1.000000
138.454400 1511.304000 238.568000 2038.144000 1.000000
139.833280 1526.115200 239.444800 2051.872000 1.000000
141.928480 1583.803200 239.923200 2105.792000 1.000000
93.308800 830.254400 240.905600 1368.836800 1.000000
185.550400 2262.064000 245.068800 2793.568000 1.000000
123.928320 1190.640000 246.156800 1716.656000 1.000000
103.869440 892.363200 246.168000 1427.478400 1.000000
124.616160 1200.678400 247.699200 1725.504000 1.000000
128.004480 1238.513600 248.084800 1763.728000 1.000000
65.073600 272.304000 248.865600 860.156800 1.000000
179.507200 2091.088000 248.944000 2605.472000 1.000000
150.575360 1481.006400 251.772800 2008.656000 1.000000
73.484000 311.979200 253.635200 895.777600 1.000000
193.732800 2269.024000 255.150400 2800.544000 1.000000
197.776000 2296.640000 256.940800 2828.400000 1.000000
185.288000 2072.704000 257.512000 2592.800000 1.000000
77.404800 237.382400 260.721600 827.948800 1.000000
195.528000 2142.848000 261.710400 2663.744000 1.000000
204.139200 2276.704000 263.758400 2809.888000 1.000000
163.659200 1515.371200 264.204800 2040.832000 1.000000
191.419200 2021.408000 264.969600 2528.528000 1.000000
86.108000 251.092800 266.665600 841.216000 1.000000
159.891200 1395.532800 267.534400 1921.696000 1.000000
176.776000 1663.056000 268.782400 2179.728000 1.000000
122.884480 820.596800 268.932800 1360.324800 1.000000
133.356800 947.550400 271.038400 1478.046400 1.000000
158.516320 1321.904000 272.008000 1846.704000 1.000000
158.628480 1308.017600 272.057600 1831.360000 1.000000
127.425920 850.494400 272.112000 1388.267200 1.000000
214.364800 2295.328000 272.865600 2826.208000 1.000000
128.308480 835.420800 273.108800 1373.944000 1.000000
197.001600 2012.928000 273.952000 2520.064000 1.000000
200.715200 2004.704000 274.688000 2510.544000 1.000000
154.975840 1195.068800 276.137600 1720.032000 1.000000
96.528320 262.443200 277.428800 851.448000 1.000000
133.167200 839.644800 277.654400 1377.315200 1.000000
105.489920 367.620800 278.694400 943.475200 1.000000
94.917120 193.275200 279.091200 789.800000 1.000000
133.885440 849.593600 279.126400 1386.702400 1.000000
186.302400 1688.544000 279.532800 2205.920000 1.000000
170.009600 1402.321600 279.664000 1928.512000 1.000000
171.016000 1356.212800 280.713600 1880.992000 1.000000
168.232000 1316.139200 282.283200 1838.256000 1.000000
162.672000 1181.969600 283.200000 1707.392000 1.000000
213.268800 2109.872000 283.728000 2634.720000 1.000000
146.483840 934.779200 284.622400 1466.457600 1.000000
195.152000 1859.792000 285.504000 2383.392000 1.000000
224.542400 2253.312000 286.232000 2783.728000 1.000000
169.296000 1239.699200 287.641600 1765.504000 1.000000
195.270400 1613.184000 287.932800 2132.672000 1.000000
191.806400 1517.411200 289.345600 2042.048000 1.000000
108.305440 275.852800 290.244800 861.326400 1.000000
134.704160 617.553600 291.432000 1170.460800 1.000000
179.035200 1319.390400 291.710400 1843.312000 1.000000
215.259200 2000.784000 291.825600 2504.560000 1.000000
237.070400 2293.392000 296.216000 2824.560000 1.000000
219.897600 2002.432000 296.702400 2505.232000 1.000000
158.311840 857.441600 299.555200 1392.841600 1.000000
228.896000 2057.872000 300.204800 2570.928000 1.000000
155.380480 801.860800 301.612800 1340.817600 1.000000
190.313600 1324.334400 302.393600 1847.200000 1.000000
131.494400 370.043200 303.001600 944.574400 1.000000
213.425600 1678.640000 304.267200 2193.072000 1.000000
192.315200 1332.678400 304.457600 1855.216000 1.000000
201.542400 1394.001600 307.724800 1918.240000 1.000000
250.532800 2266.448000 311.444800 2796.832000 1.000000
215.414400 1532.241600 312.731200 2055.136000 1.000000
236.273600 1919.696000 315.588800 2433.296000 1.000000
209.585600 1405.656000 316.094400 1930.896000 1.000000
226.640000 1671.248000 316.964800 2186.000000 1.000000
142.669120 280.073600 317.697600 862.342400 1.000000
207.558400 1290.059200 320.771200 1811.616000 1.000000
249.590400 2063.072000 320.865600 2578.192000 1.000000
265.043200 2488.384000 321.771200 2982.528000 1.000000
201.726400 1198.828800 322.848000 1720.336000 1.000000
155.173600 381.515200 323.507200 955.443200 1.000000
178.796800 799.283200 323.776000 1336.904000 1.000000
269.518400 2479.408000 325.744000 2972.368000 1.000000
266.436800 2293.536000 326.844800 2824.176000 1.000000
231.644800 1608.016000 327.009600 2124.768000 1.000000
154.275680 273.888000 327.323200 856.492800 1.000000
274.632000 2474.272000 332.601600 2966.992000 1.000000
242.848000 1707.232000 332.603200 2222.352000 1.000000
191.633600 847.225600 333.132800 1381.068800 1.000000
260.155200 2004.864000 334.609600 2507.952000 1.000000
278.196800 2290.464000 336.433600 2821.952000 1.000000
250.508800 1701.312000 337.804800 2215.456000 1.000000
244.976000 1621.408000 338.094400 2138.352000 1.000000
282.436800 2475.568000 340.044800 2967.600000 1.000000
192.270400 674.339200 341.764800 1219.409600 1.000000
247.712000 1613.600000 341.955200 2130.768000 1.000000
173.697600 321.304000 342.921600 896.635200 1.000000
278.054400 2245.616000 343.409600 2773.888000 1.000000
234.435200 1330.790400 344.184000 1851.856000 1.000000
260.960000 1870.400000 344.238400 2383.968000 1.000000
247.291200 1484.408000 344.864000 2007.600000 1.000000
263.412800 1936.512000 345.180800 2446.048000 1.000000
252.699200 1536.289600 347.139200 2058.096000 1.000000
199.238400 682.430400 349.699200 1226.952000 1.000000
223.680000 1053.377600 350.988800 1576.328000 1.000000
277.216000 2013.184000 350.995200 2516.848000 1.000000
251.910400 1472.924800 352.406400 1996.736000 1.000000
170.068800 90.792000 352.640000 695.270400 1.000000
259.547200 1575.536000 353.422400 2094.160000 1.000000
265.513600 1710.704000 353.676800 2225.440000 1.000000
241.056000 1296.398400 353.684800 1820.000000 1.000000
260.652800 1615.040000 354.112000 2131.952000 1.000000
265.518400 1700.080000 354.147200 2214.208000 1.000000
300.577600 2466.352000 357.883200 2958.784000 1.000000
230.265600 1059.089600 358.336000 1582.878400 1.000000
176.208000 95.422720 358.976000 699.584000 1.000000
261.998400 1474.152000 360.968000 1999.360000 1.000000
214.620800 695.520000 363.552000 1238.686400 1.000000
268.811200 1587.734400 364.851200 2104.992000 1.000000
238.451200 1060.358400 367.142400 1583.313600 1.000000
307.750400 2449.616000 368.792000 2943.312000 1.000000
214.251200 528.144000 371.633600 1084.699200 1.000000
272.632000 1481.457600 371.641600 2005.200000 1.000000
226.336000 690.145600 374.476800 1234.128000 1.000000
313.816000 2264.096000 375.163200 2791.776000 1.000000
249.528000 1045.982400 377.512000 1569.304000 1.000000
260.595200 1220.433600 377.926400 1742.640000 1.000000
222.936000 572.016000 378.121600 1123.846400 1.000000
223.454400 590.555200 379.273600 1140.849600 1.000000
200.438400 71.650080 380.131200 675.843200 1.000000
288.283200 1599.115200 380.820800 2115.152000 1.000000
215.510400 342.753600 381.832000 917.816000 1.000000
289.032000 1584.480000 382.120000 2101.984000 1.000000
215.817600 355.737600 382.227200 928.196800 1.000000
274.457600 1347.652800 382.444800 1868.016000 1.000000
236.224000 694.124800 382.705600 1234.753600 1.000000
228.748800 559.699200 383.182400 1112.758400 1.000000
256.254400 1052.475200 383.364800 1574.992000 1.000000
320.854400 2226.176000 384.475200 2753.744000 1.000000
280.158400 1355.300800 387.160000 1873.664000 1.000000
269.590400 1227.195200 388.608000 1744.736000 1.000000
240.492800 634.619200 390.846400 1180.033600 1.000000
328.419200 2258.384000 391.598400 2786.496000 1.000000
299.896000 1598.860800 392.420800 2114.512000 1.000000
218.385600 117.957920 393.784000 717.536000 1.000000
286.612800 1350.003200 394.353600 1870.240000 1.000000
333.792000 2232.896000 396.624000 2758.640000 1.000000
222.411200 144.972320 397.678400 741.513600 1.000000
272.796800 1047.724800 399.745600 1571.230400 1.000000
253.216000 702.568000 399.836800 1243.104000 1.000000
292.704000 1343.313600 400.195200 1863.024000 1.000000
250.761600 597.409600 401.216000 1146.523200 1.000000
247.137600 539.716800 402.030400 1093.241600 1.000000
223.048000 66.387040 402.160000 672.121600 1.000000
306.819200 1543.926400 402.454400 2062.512000 1.000000
255.737600 664.528000 404.979200 1206.812800 1.000000
279.806400 1063.529600 405.628800 1585.432000 1.000000
229.889600 114.338240 406.900800 713.123200 1.000000
299.956800 1352.390400 406.977600 1872.144000 1.000000
261.955200 712.881600 407.068800 1253.531200 1.000000
312.548800 1564.019200 407.070400 2080.736000 1.000000
253.552000 552.908800 407.257600 1104.814400 1.000000
255.168000 527.342400 407.576000 1083.076800 1.000000
320.966400 1714.896000 407.668800 2227.792000 1.000000
283.315200 1083.276800 407.750400 1604.128000 1.000000
314.577600 1490.940800 409.414400 2011.568000 1.000000
257.534400 569.081600 409.627200 1119.947200 1.000000
317.678400 1610.944000 409.811200 2125.472000 1.000000
317.512000 1577.518400 410.232000 2094.752000 1.000000
315.795200 1548.587200 411.176000 2066.832000 1.000000
305.094400 1346.361600 411.379200 1865.024000 1.000000
266.051200 630.704000 414.014400 1174.972800 1.000000
319.937600 1502.948800 417.222400 2022.896000 1.000000
322.217600 1562.761600 417.732800 2079.888000 1.000000
272.891200 724.137600 418.376000 1263.662400 1.000000
294.248000 1073.219200 418.630400 1594.310400 1.000000
332.998400 1720.080000 419.195200 2233.472000 1.000000
258.043200 381.160000 419.572800 949.476800 1.000000
333.443200 1697.024000 421.624000 2207.440000 1.000000
278.452800 711.129600 422.022400 1250.412800 1.000000
271.152000 565.723200 423.625600 1115.867200 1.000000
336.924800 1708.816000 423.683200 2220.736000 1.000000
330.084800 1532.848000 423.987200 2051.104000 1.000000
249.992000 120.865440 424.187200 718.870400 1.000000
352.792000 2024.208000 425.216000 2533.728000 1.000000
342.404800 1959.664000 426.212800 2471.264000 1.000000
303.032000 1085.880000 426.376000 1605.728000 1.000000
333.049600 1598.388800 426.580800 2113.824000 1.000000
333.894400 1545.564800 427.644800 2061.968000 1.000000
364.980800 2237.440000 429.480000 2765.408000 1.000000
371.006400 2173.408000 430.755200 2696.688000 1.000000
278.128000 559.966400 430.772800 1110.368000 1.000000
326.561600 1389.400000 430.841600 1907.072000 1.000000
334.974400 1508.649600 430.995200 2028.576000 1.000000
308.584000 1078.337600 431.515200 1598.884800 1.000000
288.358400 684.617600 432.854400 1225.019200 1.000000
292.713600 761.268800 433.660800 1296.403200 1.000000
337.211200 1520.984000 434.028800 2040.896000 1.000000
282.096000 571.371200 435.600000 1120.104000 1.000000
360.867200 1910.992000 437.046400 2418.096000 1.000000
332.521600 1348.790400 437.980800 1867.248000 1.000000
316.708800 1088.230400 439.560000 1608.352000 1.000000
292.384000 626.142400 439.814400 1170.366400 1.000000
335.516800 1362.536000 440.507200 1881.920000 1.000000
298.774400 746.643200 441.008000 1281.612800 1.000000
345.022400 1488.609600 441.369600 2010.416000 1.000000
344.321600 1478.977600 441.720000 2001.424000 1.000000
354.171200 1670.496000 443.956800 2181.728000 1.000000
380.544000 2266.768000 444.147200 2795.376000 1.000000
372.699200 1994.560000 444.508800 2508.048000 1.000000
353.982400 1598.257600 445.016000 2112.144000 1.000000
357.539200 1677.376000 445.702400 2187.936000 1.000000
332.896000 1248.537600 446.048000 1764.480000 1.000000
295.219200 554.825600 446.473600 1104.790400 1.000000
273.968000 92.292640 447.873600 692.529600 1.000000
278.555200 110.163680 449.356800 708.350400 1.000000
381.865600 2044.720000 449.630400 2558.928000 1.000000
360.742400 1664.656000 450.158400 2175.232000 1.000000
384.020800 2096.464000 450.763200 2613.792000 1.000000
381.147200 2036.624000 451.384000 2547.632000 1.000000
340.907200 1261.385600 452.350400 1777.168000 1.000000
365.916800 1710.192000 452.856000 2221.472000 1.000000
331.654400 1098.460800 454.276800 1616.784000 1.000000
353.147200 1399.662400 457.387200 1917.664000 1.000000
285.665600 139.359200 458.238400 733.302400 1.000000
357.160000 1388.401600 459.643200 1905.184000 1.000000
300.907200 323.235200 462.096000 895.256000 1.000000
384.449600 1928.176000 462.472000 2438.960000 1.000000
295.323200 104.066080 466.166400 700.696000 1.000000
389.795200 1881.408000 467.553600 2391.040000 1.000000
382.305600 1662.688000 470.241600 2172.528000 1.000000
324.083200 600.017600 471.356800 1145.696000 1.000000
349.577600 1085.851200 471.537600 1603.776000 1.000000
325.731200 635.043200 472.056000 1177.240000 1.000000
328.635200 703.768000 472.827200 1240.968000 1.000000
330.873600 739.067200 474.520000 1274.060800 1.000000
375.070400 1405.649600 476.651200 1922.256000 1.000000
374.745600 1387.761600 477.054400 1905.696000 1.000000
303.676800 135.538560 477.075200 729.942400 1.000000
383.232000 1564.356800 477.507200 2078.080000 1.000000
384.512000 1604.864000 477.515200 2117.488000 1.000000
412.321600 2123.264000 479.380800 2641.616000 1.000000
384.593600 1557.190400 479.571200 2071.344000 1.000000
417.491200 2088.256000 480.280000 2604.976000 1.000000
406.017600 1968.432000 480.417600 2481.008000 1.000000
417.446400 2194.848000 480.779200 2717.728000 1.000000
416.041600 2131.776000 481.128000 2650.672000 1.000000
378.555200 1353.171200 482.019200 1869.456000 1.000000
408.620800 1978.880000 483.364800 2491.696000 1.000000
380.220800 1377.310400 484.081600 1893.408000 1.000000
358.793600 1013.692800 485.097600 1533.603200 1.000000
421.046400 2129.248000 485.168000 2647.408000 1.000000
391.558400 1527.988800 485.345600 2044.656000 1.000000
372.022400 1219.379200 485.662400 1734.256000 1.000000
398.220800 1654.208000 486.468800 2163.600000 1.000000
399.027200 1676.320000 487.457600 2184.336000 1.000000
405.475200 1711.376000 490.316800 2220.032000 1.000000
374.076800 1148.755200 490.939200 1665.008000 1.000000
425.528000 2159.392000 491.136000 2681.792000 1.000000
398.280000 1589.569600 491.358400 2101.936000 1.000000
324.659200 91.039040 492.728000 689.708800 1.000000
409.920000 1692.656000 493.528000 2200.832000 1.000000
423.702400 2037.968000 495.440000 2550.752000 1.000000
325.953600 63.022240 495.891200 663.750400 1.000000
407.683200 1682.304000 495.929600 2191.392000 1.000000
382.742400 1158.819200 498.476800 1673.888000 1.000000
373.568000 1000.016000 499.176000 1519.225600 1.000000
408.774400 1574.380800 500.038400 2086.592000 1.000000
435.297600 2103.392000 500.732800 2620.720000 1.000000
438.617600 2269.792000 501.324800 2795.648000 1.000000
397.488000 1379.652800 502.112000 1893.792000 1.000000
335.339200 29.700960 504.884800 635.761600 1.000000
402.371200 1366.425600 505.723200 1880.320000 1.000000
372.080000 833.809600 506.603200 1361.606400 1.000000
341.897600 117.964160 507.817600 712.745600 1.000000
361.248000 584.347200 508.228800 1128.641600 1.000000
443.944000 2146.656000 509.209600 2666.080000 1.000000
443.656000 1980.640000 510.392000 2491.728000 1.000000
443.963200 2074.416000 511.147200 2587.904000 1.000000
341.171200 24.189440 511.473600 630.897600 1.000000
362.256000 512.924800 511.681600 1064.275200 1.000000
360.796800 480.904000 511.908800 1036.942400 1.000000
393.278400 1094.732800 512.057600 1611.552000 1.000000
426.278400 1707.024000 513.091200 2216.112000 1.000000
348.244800 120.106080 514.083200 714.262400 1.000000
372.289600 672.433600 514.193600 1208.806400 1.000000
350.859200 172.644800 515.115200 760.516800 1.000000
376.387200 733.939200 515.392000 1266.763200 1.000000
373.729600 649.344000 517.590400 1188.977600 1.000000
430.624000 1675.200000 518.049600 2184.512000 1.000000
415.459200 1367.500800 518.344000 1881.280000 1.000000
452.108800 2130.640000 518.985600 2648.064000 1.000000
418.171200 1382.248000 519.486400 1896.832000 1.000000
399.443200 1073.364800 520.572800 1587.944000 1.000000
433.096000 1649.760000 521.633600 2158.528000 1.000000
374.896000 520.590400 523.787200 1070.416000 1.000000
458.176000 2012.128000 525.212800 2523.264000 1.000000
414.118400 1230.508800 525.926400 1743.888000 1.000000
424.478400 1374.473600 526.649600 1888.784000 1.000000
362.353600 115.750400 526.675200 710.347200 1.000000
415.259200 1243.889600 526.966400 1757.808000 1.000000
464.611200 2265.408000 527.488000 2791.200000 1.000000
408.376000 1096.548800 527.766400 1611.648000 1.000000
459.987200 2103.344000 527.835200 2619.984000 1.000000
461.651200 2131.488000 528.083200 2649.824000 1.000000
444.328000 1708.096000 528.137600 2216.448000 1.000000
384.715200 641.067200 528.174400 1181.512000 1.000000
417.387200 1236.067200 528.664000 1750.352000 1.000000
389.547200 642.654400 532.209600 1182.582400 1.000000
433.716800 1396.792000 535.003200 1908.880000 1.000000
387.964800 526.308800 535.374400 1074.827200 1.000000
432.067200 1360.801600 535.718400 1874.000000 1.000000
470.004800 2137.136000 535.718400 2655.104000 1.000000
468.889600 2120.656000 536.395200 2637.088000 1.000000
432.590400 1370.716800 536.572800 1884.496000 1.000000
470.177600 2102.288000 537.625600 2618.320000 1.000000
408.502400 891.400000 537.796800 1414.774400 1.000000
441.939200 1485.524800 537.852800 2001.904000 1.000000
470.537600 2084.736000 539.731200 2598.784000 1.000000
445.532800 1495.465600 540.720000 2009.568000 1.000000
478.246400 2166.576000 542.428800 2688.880000 1.000000
402.507200 634.379200 544.342400 1173.798400 1.000000
382.616000 106.728000 544.696000 700.859200 1.000000
402.587200 585.729600 546.241600 1129.024000 1.000000
480.566400 2129.984000 548.510400 2646.832000 1.000000
460.529600 1580.216000 548.937600 2090.928000 1.000000
437.483200 1190.691200 550.043200 1703.680000 1.000000
465.059200 1675.696000 551.252800 2182.416000 1.000000
393.504000 190.203200 552.369600 773.809600 1.000000
393.404800 200.129600 552.427200 783.156800 1.000000
411.563200 575.555200 555.406400 1119.680000 1.000000
487.640000 2122.880000 555.638400 2639.280000 1.000000
448.505600 1229.132800 558.076800 1740.960000 1.000000
493.752000 2129.232000 558.249600 2646.560000 1.000000
470.584000 1595.532800 559.956800 2104.064000 1.000000
447.608000 1185.942400 560.292800 1698.384000 1.000000
450.465600 1216.564800 560.342400 1728.496000 1.000000
498.089600 2270.288000 562.366400 2795.920000 1.000000
448.848000 1161.419200 562.939200 1674.400000 1.000000
417.476800 549.118400 563.136000 1095.097600 1.000000
495.601600 2041.984000 564.649600 2551.408000 1.000000
474.448000 1552.451200 566.374400 2064.672000 1.000000
424.979200 605.836800 566.545600 1147.123200 1.000000
455.784000 1195.947200 567.446400 1708.192000 1.000000
412.532800 183.555200 569.921600 767.796800 1.000000
484.236800 1670.048000 570.108800 2175.552000 1.000000
428.449600 584.102400 570.654400 1125.942400 1.000000
487.084800 1654.448000 571.017600 2160.016000 1.000000
410.852800 140.276320 571.046400 729.097600 1.000000
503.652800 2091.552000 571.435200 2606.240000 1.000000
482.147200 1597.588800 572.108800 2105.440000 1.000000
469.750400 1331.899200 573.022400 1842.976000 1.000000
414.564800 154.532640 573.038400 741.668800 1.000000
506.404800 2251.952000 574.494400 2776.688000 1.000000
508.950400 2101.904000 576.731200 2616.928000 1.000000
511.329600 2139.808000 578.163200 2657.584000 1.000000
438.139200 600.208000 578.897600 1141.724800 1.000000
487.872000 1536.043200 578.956800 2048.336000 1.000000
469.665600 1213.092800 580.073600 1724.752000 1.000000
423.273600 166.011200 581.278400 751.609600 1.000000
471.323200 1205.184000 581.702400 1717.152000 1.000000
487.630400 1488.236800 581.902400 2003.200000 1.000000
445.227200 603.110400 585.404800 1142.168000 1.000000
500.689600 1658.384000 586.979200 2164.544000 1.000000
497.870400 1568.643200 590.371200 2078.384000 1.000000
481.867200 1218.136000 591.033600 1729.280000 1.000000
499.876800 1588.952000 591.062400 2097.664000 1.000000
528.281600 2283.488000 591.537600 2810.272000 1.000000
522.200000 2061.584000 591.612800 2573.408000 1.000000
434.369600 134.520320 592.232000 723.291200 1.000000
503.064000 1500.492800 592.464000 2015.728000 1.000000
509.256000 1703.248000 593.980800 2208.640000 1.000000
486.302400 1207.793600 594.924800 1718.048000 1.000000
506.526400 1541.072000 597.100800 2052.000000 1.000000
438.142400 111.195360 598.182400 702.486400 1.000000
492.400000 1249.092800 598.878400 1758.576000 1.000000
477.728000 959.518400 600.251200 1476.697600 1.000000
516.492800 1679.248000 600.694400 2183.088000 1.000000
481.260800 951.758400 604.852800 1468.124800 1.000000
518.020800 1536.012800 605.032000 2048.224000 1.000000
539.491200 2083.728000 605.644800 2598.096000 1.000000
521.428800 1706.304000 605.785600 2211.392000 1.000000
516.715200 1509.465600 606.238400 2021.872000 1.000000
543.313600 2071.872000 612.137600 2585.104000 1.000000
532.033600 1654.720000 617.611200 2159.088000 1.000000
535.897600 1693.696000 618.544000 2198.752000 1.000000
530.572800 1524.976000 621.544000 2035.792000 1.000000
515.216000 1234.339200 622.171200 1744.400000 1.000000
558.560000 2242.736000 624.160000 2769.104000 1.000000
516.052800 1249.457600 624.280000 1758.224000 1.000000
536.113600 1490.132800 626.729600 2003.152000 1.000000
521.528000 1240.888000 628.513600 1749.328000 1.000000
491.923200 600.324800 628.936000 1139.056000 1.000000
479.227200 285.366400 629.052800 857.126400 1.000000
560.484800 2067.280000 629.961600 2580.000000 1.000000
543.465600 1538.211200 633.436800 2047.072000 1.000000
527.409600 1257.680000 633.483200 1767.152000 1.000000
496.120000 588.793600 634.601600 1127.771200 1.000000
568.652800 2116.080000 635.148800 2630.464000 1.000000
499.104000 613.620800 635.995200 1151.168000 1.000000
529.176000 1178.662400 636.353600 1692.256000 1.000000
487.875200 286.984000 636.440000 856.704000 1.000000
575.572800 2255.216000 639.550400 2781.696000 1.000000
503.990400 638.824000 639.747200 1174.662400 1.000000
550.513600 1566.700800 639.881600 2074.064000 1.000000
569.654400 2084.640000 640.088000 2596.576000 1.000000
552.456000 1587.046400 641.222400 2093.312000 1.000000
504.425600 599.936000 641.662400 1138.600000 1.000000
552.585600 1509.248000 644.860800 2018.496000 1.000000
509.337600 653.577600 645.352000 1189.131200 1.000000
539.102400 1231.537600 647.760000 1738.896000 1.000000
566.662400 1704.768000 648.891200 2208.784000 1.000000
583.496000 2084.464000 648.928000 2597.008000 1.000000
528.688000 910.948800 651.355200 1428.008000 1.000000
562.132800 1541.196800 652.836800 2050.800000 1.000000
591.801600 2123.152000 657.505600 2636.848000 1.000000
534.073600 889.721600 657.881600 1406.915200 1.000000
526.388800 675.860800 659.332800 1207.787200 1.000000
567.550400 1514.070400 659.736000 2023.920000 1.000000
596.646400 2253.984000 661.054400 2779.216000 1.000000
556.062400 1211.862400 662.848000 1718.624000 1.000000
599.001600 2287.504000 664.580800 2813.184000 1.000000
592.443200 1951.760000 666.924800 2456.816000 1.000000
532.081600 619.891200 668.225600 1153.561600 1.000000
561.899200 1200.640000 668.947200 1708.320000 1.000000
597.980800 2044.144000 669.548800 2551.536000 1.000000
588.409600 1692.976000 671.974400 2195.392000 1.000000
585.443200 1578.105600 673.252800 2084.416000 1.000000
554.195200 979.851200 673.880000 1491.209600 1.000000
585.723200 1562.244800 674.512000 2068.576000 1.000000
605.379200 2071.280000 674.592000 2584.032000 1.000000
588.827200 1595.385600 675.747200 2100.096000 1.000000
568.294400 1185.236800 676.161600 1692.480000 1.000000
554.856000 918.993600 677.316800 1436.947200 1.000000
586.289600 1517.084800 678.300800 2025.856000 1.000000
589.206400 1494.820800 678.459200 2004.720000 1.000000
598.006400 1716.224000 679.192000 2218.064000 1.000000
569.032000 1100.740800 679.361600 1609.712000 1.000000
610.572800 2085.440000 679.822400 2597.584000 1.000000
563.169600 893.419200 682.456000 1410.091200 1.000000
583.163200 1326.547200 682.940800 1833.520000 1.000000
545.241600 504.212800 683.121600 1048.811200 1.000000
543.872000 467.529600 683.132800 1015.555200 1.000000
597.628800 1526.606400 687.596800 2033.744000 1.000000
589.995200 1321.374400 689.825600 1827.824000 1.000000
602.110400 1576.332800 691.454400 2081.264000 1.000000
605.217600 1551.712000 692.270400 2058.416000 1.000000
555.572800 511.187200 692.561600 1055.641600 1.000000
562.057600 689.595200 692.964800 1218.747200 1.000000
578.259200 991.275200 694.600000 1502.696000 1.000000
565.123200 695.940800 695.246400 1224.401600 1.000000
580.270400 1014.876800 695.552000 1525.360000 1.000000
587.070400 1218.816000 696.131200 1724.944000 1.000000
597.076800 1329.008000 696.200000 1835.280000 1.000000
626.112000 1969.760000 697.433600 2476.736000 1.000000
611.179200 1503.124800 698.419200 2012.496000 1.000000
562.976000 491.116800 700.481600 1037.419200 1.000000
579.649600 848.870400 702.078400 1367.710400 1.000000
574.670400 684.422400 704.278400 1213.400000 1.000000
590.603200 1003.182400 704.806400 1513.923200 1.000000
586.424000 869.456000 708.529600 1386.785600 1.000000
643.873600 2279.616000 708.854400 2805.024000 1.000000
578.008000 676.974400 708.964800 1204.681600 1.000000
619.851200 1523.513600 710.278400 2030.496000 1.000000
581.006400 691.622400 710.729600 1219.761600 1.000000
644.352000 2138.928000 710.729600 2653.984000 1.000000
631.963200 1715.344000 714.654400 2216.320000 1.000000
601.040000 1038.403200 714.859200 1547.976000 1.000000
626.731200 1536.304000 714.945600 2042.224000 1.000000
640.734400 1955.040000 716.097600 2459.008000 1.000000
600.459200 959.552000 718.270400 1471.289600 1.000000
613.195200 1178.483200 719.148800 1683.440000 1.000000
582.761600 389.880000 723.080000 945.128000 1.000000
586.200000 431.241600 723.520000 982.444800 1.000000
627.100800 1345.596800 724.307200 1849.952000 1.000000
585.292800 361.761600 725.248000 919.931200 1.000000
604.622400 818.497600 727.224000 1338.260800 1.000000
605.024000 806.848000 728.216000 1326.601600 1.000000
647.617600 1680.720000 730.788800 2182.400000 1.000000
635.398400 1381.862400 730.891200 1886.048000 1.000000
660.480000 2044.192000 731.480000 2548.112000 1.000000
645.654400 1579.283200 732.676800 2083.072000 1.000000
614.628800 878.579200 734.017600 1395.667200 1.000000
611.078400 763.350400 734.708800 1285.368000 1.000000
628.798400 1088.641600 738.180800 1595.092800 1.000000
623.521600 966.465600 738.702400 1475.766400 1.000000
622.620800 945.134400 738.944000 1456.438400 1.000000
624.713600 990.718400 739.137600 1499.275200 1.000000
604.310400 412.318400 741.209600 961.982400 1.000000
678.644800 2286.320000 744.296000 2810.800000 1.000000
677.873600 2144.656000 745.126400 2659.808000 1.000000
632.553600 999.996800 745.808000 1510.088000 1.000000
629.523200 937.686400 745.992000 1449.585600 1.000000
632.496000 977.208000 747.169600 1486.656000 1.000000
633.350400 957.152000 747.350400 1467.740800 1.000000
680.419200 2142.544000 748.144000 2656.544000 1.000000
655.793600 1361.705600 750.241600 1865.232000 1.000000
662.046400 1517.876800 751.804800 2023.888000 1.000000
638.627200 990.027200 753.987200 1500.464000 1.000000
658.222400 1372.817600 754.326400 1875.744000 1.000000
686.876800 2185.936000 754.579200 2698.208000 1.000000
659.272000 1282.299200 756.947200 1785.456000 1.000000
663.756800 1382.923200 757.824000 1885.824000 1.000000
671.078400 1544.980800 758.316800 2049.312000 1.000000
666.168000 1407.446400 758.832000 1912.336000 1.000000
651.177600 1081.155200 760.441600 1587.004800 1.000000
626.876800 435.390400 760.947200 986.476800 1.000000
680.718400 1566.585600 763.606400 2068.208000 1.000000
699.155200 2141.648000 764.049600 2656.112000 1.000000
698.584000 2186.176000 766.985600 2702.016000 1.000000
682.377600 1654.800000 768.008000 2154.512000 1.000000
679.036800 1368.180800 772.840000 1870.592000 1.000000
708.793600 2219.904000 773.212800 2735.168000 1.000000
687.137600 1543.860800 774.566400 2047.072000 1.000000
694.910400 1707.824000 775.849600 2206.784000 1.000000
685.102400 1419.841600 777.868800 1923.904000 1.000000
709.931200 2261.600000 778.448000 2786.304000 1.000000
693.956800 1601.152000 778.854400 2100.928000 1.000000
698.500800 1695.168000 780.166400 2192.656000 1.000000
676.336000 1090.540800 784.126400 1593.275200 1.000000
692.172800 1381.000000 785.662400 1882.400000 1.000000
718.310400 2096.528000 785.731200 2605.056000 1.000000
716.076800 2080.640000 785.787200 2589.424000 1.000000
688.811200 1286.976000 786.364800 1786.144000 1.000000
674.411200 977.470400 787.036800 1485.288000 1.000000
680.560000 1102.411200 787.267200 1605.872000 1.000000
723.393600 2213.680000 790.155200 2726.896000 1.000000
700.606400 1493.219200 790.369600 1997.648000 1.000000
706.014400 1600.064000 790.828800 2099.392000 1.000000
706.972800 1609.440000 791.427200 2109.072000 1.000000
711.752000 1712.464000 792.473600 2209.904000 1.000000
714.467200 1996.768000 794.044800 2498.080000 1.000000
731.372800 2110.848000 796.848000 2629.920000 1.000000
729.956800 2285.072000 796.870400 2808.656000 1.000000
730.411200 2169.536000 798.632000 2680.128000 1.000000
712.212800 1541.310400 798.724800 2044.048000 1.000000
733.040000 2103.520000 800.340800 2612.704000 1.000000
718.801600 1610.912000 803.350400 2110.544000 1.000000
709.673600 1376.547200 803.419200 1877.264000 1.000000
739.321600 2263.104000 803.865600 2786.304000 1.000000
696.920000 1082.726400 803.940800 1585.443200 1.000000
738.566400 2278.432000 804.606400 2801.904000 1.000000
733.715200 1959.792000 805.345600 2462.768000 1.000000
741.696000 2271.744000 806.438400 2794.048000 1.000000
725.336000 1663.440000 807.740800 2160.848000 1.000000
736.934400 1967.424000 810.340800 2470.544000 1.000000
701.766400 959.910400 814.131200 1466.145600 1.000000
733.054400 1617.328000 817.600000 2114.928000 1.000000
730.430400 1529.731200 818.230400 2032.304000 1.000000
750.299200 2148.736000 819.092800 2660.256000 1.000000
725.636800 1336.835200 819.540800 1836.768000 1.000000
732.184000 1523.145600 821.112000 2025.552000 1.000000
704.083200 815.390400 821.126400 1328.822400 1.000000
739.459200 1678.656000 821.665600 2174.432000 1.000000
734.646400 1497.398400 821.948800 2000.464000 1.000000
752.752000 2092.416000 822.964800 2601.536000 1.000000
741.833600 1576.011200 825.286400 2074.976000 1.000000
760.344000 2260.080000 826.982400 2781.968000 1.000000
735.470400 1412.574400 827.489600 1912.976000 1.000000
746.601600 1684.448000 828.440000 2179.600000 1.000000
764.148800 2201.024000 830.502400 2712.928000 1.000000
738.411200 1368.753600 831.579200 1868.464000 1.000000
746.193600 1522.131200 832.760000 2024.272000 1.000000
703.806400 362.284800 835.676800 915.990400 1.000000
751.432000 1542.041600 836.897600 2042.928000 1.000000
769.880000 2112.032000 837.020800 2623.408000 1.000000
757.659200 1565.652800 841.297600 2064.896000 1.000000
758.715200 1619.680000 843.488000 2115.792000 1.000000
764.091200 1608.992000 848.078400 2106.416000 1.000000
755.632000 1366.955200 848.793600 1864.192000 1.000000
781.526400 2123.040000 851.574400 2631.776000 1.000000
770.443200 1437.041600 856.273600 1937.840000 1.000000
788.752000 2157.728000 856.907200 2670.720000 1.000000
762.432000 1199.184000 862.201600 1696.640000 1.000000
770.572800 1378.224000 863.046400 1875.760000 1.000000
778.936000 1506.993600 865.672000 2008.816000 1.000000
782.912000 1665.808000 865.793600 2159.920000 1.000000
799.891200 2273.808000 867.433600 2793.856000 1.000000
767.883200 1170.201600 868.110400 1667.184000 1.000000
754.337600 656.014400 871.800000 1182.412800 1.000000
793.324800 1697.616000 871.804800 2192.400000 1.000000
765.641600 992.384000 871.963200 1494.368000 1.000000
777.233600 1262.960000 872.963200 1758.976000 1.000000
792.292800 1559.827200 874.192000 2059.072000 1.000000
775.366400 1176.030400 874.816000 1673.824000 1.000000
783.908800 1386.784000 874.929600 1883.264000 1.000000
789.560000 1510.819200 874.966400 2011.680000 1.000000
804.177600 1972.976000 876.529600 2473.152000 1.000000
802.419200 1996.832000 876.892800 2493.040000 1.000000
783.683200 1274.918400 878.920000 1770.576000 1.000000
787.942400 1356.419200 878.948800 1853.376000 1.000000
794.902400 1449.505600 881.172800 1949.056000 1.000000
813.179200 2259.024000 881.342400 2777.792000 1.000000
787.728000 1297.313600 881.521600 1793.840000 1.000000
790.641600 1342.094400 882.102400 1838.976000 1.000000
782.804800 1179.992000 882.952000 1676.736000 1.000000
816.760000 2246.688000 883.164800 2764.896000 1.000000
815.923200 2166.464000 883.227200 2674.768000 1.000000
772.849600 882.400000 884.016000 1389.852800 1.000000
771.337600 803.838400 884.520000 1315.227200 1.000000
783.411200 1074.032000 885.628800 1571.428800 1.000000
771.492800 763.430400 886.670400 1277.587200 1.000000
796.131200 1367.388800 886.745600 1862.048000 1.000000
807.052800 1687.632000 888.334400 2180.416000 1.000000
822.804800 2279.104000 890.281600 2799.120000 1.000000
782.208000 905.064000 891.572800 1412.787200 1.000000
811.009600 1668.848000 892.768000 2160.640000 1.000000
799.368000 1294.592000 892.843200 1789.424000 1.000000
788.510400 959.185600 895.393600 1461.680000 1.000000
827.454400 2223.856000 895.408000 2734.400000 1.000000
790.110400 974.433600 895.944000 1477.137600 1.000000
769.080000 347.977600 896.041600 902.195200 1.000000
793.321600 1043.648000 896.056000 1544.614400 1.000000
768.606400 300.686400 896.112000 859.457600 1.000000
805.355200 1359.644800 896.771200 1855.792000 1.000000
767.865600 164.867200 897.998400 739.827200 1.000000
789.339200 897.552000 898.531200 1403.297600 1.000000
772.360000 322.105600 898.830400 878.524800 1.000000
808.115200 1337.134400 899.024000 1833.584000 1.000000
813.408000 1454.134400 900.235200 1952.944000 1.000000
819.288000 1697.648000 900.620800 2189.968000 1.000000
790.294400 886.844800 901.249600 1392.158400 1.000000
835.188800 2239.488000 902.878400 2758.080000 1.000000
817.465600 1514.017600 903.470400 2013.472000 1.000000
808.608000 1305.673600 903.545600 1798.512000 1.000000
779.441600 326.244800 905.217600 881.571200 1.000000
801.507200 927.206400 908.691200 1431.441600 1.000000
814.832000 1251.403200 910.265600 1745.888000 1.000000
829.384000 1675.280000 910.454400 2166.128000 1.000000
817.078400 1316.417600 910.568000 1810.336000 1.000000
827.172800 1593.160000 910.587200 2086.784000 1.000000
784.192000 192.432000 912.771200 763.905600 1.000000
821.883200 1300.161600 914.689600 1794.960000 1.000000
826.227200 1398.403200 915.580800 1893.840000 1.000000
797.801600 598.982400 915.739200 1123.782400 1.000000
820.737600 1253.715200 916.252800 1747.888000 1.000000
825.883200 1339.881600 916.470400 1834.784000 1.000000
836.358400 1692.000000 916.675200 2183.216000 1.000000
786.705600 42.173600 917.563200 633.286400 1.000000
830.225600 1414.184000 919.089600 1909.376000 1.000000
829.417600 1265.251200 924.832000 1759.456000 1.000000
844.126400 1663.856000 924.875200 2154.528000 1.000000
836.481600 1370.467200 925.137600 1866.416000 1.000000
841.932800 1420.784000 928.979200 1916.368000 1.000000
848.592000 1521.491200 929.232000 2019.344000 1.000000
861.344000 2223.808000 929.454400 2735.456000 1.000000
851.990400 1697.504000 932.014400 2189.968000 1.000000
861.478400 2069.792000 932.388800 2572.080000 1.000000
848.097600 1563.707200 933.524800 2060.352000 1.000000
807.926400 208.774400 934.334400 775.848000 1.000000
809.961600 199.512000 935.644800 768.801600 1.000000
865.222400 2086.256000 936.160000 2591.168000 1.000000
815.614400 204.796800 940.569600 773.265600 1.000000
871.990400 2257.984000 940.715200 2778.688000 1.000000
857.836800 1556.654400 941.078400 2052.144000 1.000000
867.048000 1949.440000 941.419200 2445.776000 1.000000
851.004800 1309.062400 942.497600 1802.976000 1.000000
875.560000 2272.000000 942.544000 2793.424000 1.000000
838.009600 954.672000 942.814400 1454.438400 1.000000
852.718400 1335.993600 943.150400 1830.144000 1.000000
863.998400 1707.216000 943.636800 2199.280000 1.000000
843.307200 946.916800 947.918400 1448.112000 1.000000
855.992000 1283.772800 948.451200 1777.600000 1.000000
861.736000 1413.089600 948.700800 1908.512000 1.000000
865.169600 1573.396800 949.177600 2068.048000 1.000000
878.440000 2479.152000 950.691200 2963.248000 1.000000
888.249600 2221.088000 956.187200 2731.936000 1.000000
876.838400 1703.264000 957.905600 2194.912000 1.000000
872.294400 1382.680000 958.881600 1875.568000 1.000000
889.505600 2256.576000 959.236800 2775.952000 1.000000
836.024000 222.035200 959.684800 787.784000 1.000000
859.387200 992.883200 961.947200 1490.600000 1.000000
880.107200 1551.240000 963.870400 2045.952000 1.000000
893.920000 2201.360000 965.798400 2708.352000 1.000000
845.764800 266.873600 967.499200 827.496000 1.000000
895.016000 1562.969600 975.891200 2058.144000 1.000000
905.804800 2088.736000 976.054400 2593.408000 1.000000
908.299200 2236.416000 977.190400 2751.424000 1.000000
908.820800 2257.488000 978.190400 2775.840000 1.000000
893.784000 1295.718400 982.308800 1788.160000 1.000000
864.396800 242.099200 985.179200 806.272000 1.000000
914.102400 2123.520000 985.302400 2629.392000 1.000000
906.440000 1652.352000 986.731200 2141.104000 1.000000
903.108800 1404.972800 991.252800 1895.776000 1.000000
905.939200 1253.929600 996.971200 1742.736000 1.000000
895.777600 958.756800 997.153600 1456.185600 1.000000
927.113600 2084.592000 997.961600 2588.400000 1.000000
909.056000 1343.958400 998.219200 1835.696000 1.000000
918.534400 1599.155200 1000.912000 2089.872000 1.000000
911.811200 1321.902400 1001.483200 1811.072000 1.000000
934.699200 2254.560000 1004.328000 2771.504000 1.000000
933.220800 2430.560000 1005.924800 2911.184000 1.000000
924.736000 1681.504000 1006.232000 2170.672000 1.000000
918.675200 1338.156800 1006.657600 1826.784000 1.000000
939.046400 2268.608000 1007.123200 2786.752000 1.000000
926.526400 1653.104000 1007.902400 2142.240000 1.000000
919.148800 1326.684800 1008.268800 1816.544000 1.000000
892.588800 288.408000 1009.841600 845.201600 1.000000
935.339200 1697.776000 1013.430400 2186.992000 1.000000
940.385600 2063.440000 1013.832000 2563.424000 1.000000
934.942400 1684.656000 1014.620800 2172.352000 1.000000
950.137600 2101.456000 1020.908800 2604.640000 1.000000
941.824000 1706.944000 1021.609600 2195.376000 1.000000
944.265600 1533.300800 1025.619200 2026.144000 1.000000
950.472000 1837.440000 1027.011200 2324.640000 1.000000
957.163200 2124.112000 1027.217600 2624.176000 1.000000
957.526400 2152.352000 1027.428800 2652.688000 1.000000
961.414400 2265.760000 1031.566400 2781.696000 1.000000
952.366400 1704.256000 1032.480000 2192.976000 1.000000
969.369600 2131.856000 1032.608000 2641.696000 1.000000
952.881600 1694.640000 1033.052800 2182.336000 1.000000
957.555200 1805.248000 1035.380800 2291.712000 1.000000
958.364800 1819.696000 1035.542400 2306.912000 1.000000
955.451200 1685.440000 1035.956800 2172.240000 1.000000
950.633600 1360.232000 1037.760000 1849.312000 1.000000
964.902400 2008.624000 1038.308800 2499.936000 1.000000
949.312000 1196.305600 1040.233600 1685.280000 1.000000
956.798400 1515.204800 1040.404800 2009.216000 1.000000
962.425600 1837.664000 1040.424000 2324.544000 1.000000
964.513600 1812.896000 1040.947200 2299.296000 1.000000
964.072000 1708.320000 1043.302400 2196.784000 1.000000
956.214400 1344.476800 1043.968000 1832.720000 1.000000
973.440000 2257.472000 1044.569600 2771.840000 1.000000
974.500800 2191.104000 1045.532800 2695.280000 1.000000
979.169600 2200.672000 1050.361600 2704.352000 1.000000
973.788800 1693.248000 1052.168000 2178.384000 1.000000
976.774400 1836.832000 1054.369600 2322.080000 1.000000
976.355200 1810.032000 1055.209600 2296.496000 1.000000
986.270400 2271.552000 1056.145600 2789.760000 1.000000
978.646400 1712.016000 1057.392000 2199.136000 1.000000
986.768000 2203.952000 1057.644800 2710.112000 1.000000
955.656000 145.076800 1059.852800 342.776000 1.000000
987.052800 1905.728000 1062.036800 2395.504000 1.000000
982.457600 1683.072000 1062.097600 2168.880000 1.000000
989.699200 1824.624000 1066.460800 2309.872000 1.000000
984.428800 1446.964800 1066.588800 1938.128000 1.000000
996.796800 2123.392000 1067.259200 2620.304000 1.000000
993.984000 1686.928000 1072.668800 2171.184000 1.000000
991.395200 1412.928000 1076.576000 1901.072000 1.000000
993.480000 1420.844800 1077.246400 1907.840000 1.000000
1006.985600 2142.528000 1079.294400 2640.096000 1.000000
1005.636800 2471.040000 1082.081600 2951.088000 1.000000
971.433600 134.060160 1083.198400 708.163200 1.000000
987.603200 874.809600 1085.934400 1371.657600 1.000000
1013.944000 2249.536000 1088.089600 2766.240000 1.000000
1016.840000 2135.552000 1088.100800 2632.768000 1.000000
998.560000 1171.732800 1088.750400 1657.024000 1.000000
983.881600 498.363200 1090.116800 1027.233600 1.000000
1004.086400 1173.571200 1094.547200 1659.600000 1.000000
1015.252800 1454.580800 1099.780800 1942.096000 1.000000
1020.561600 1438.356800 1104.585600 1925.552000 1.000000
1029.904000 1929.808000 1106.113600 2418.592000 1.000000
1022.956800 1524.720000 1106.432000 2015.584000 1.000000
1025.622400 1549.520000 1106.758400 2037.776000 1.000000
1043.049600 2212.544000 1109.561600 2723.408000 1.000000
1027.828800 1567.835200 1110.019200 2055.664000 1.000000
1037.230400 2105.568000 1110.318400 2603.728000 1.000000
1000.865600 91.552960 1110.932800 669.324800 1.000000
1035.182400 1925.424000 1111.584000 2413.872000 1.000000
1033.428800 1592.147200 1113.556800 2078.656000 1.000000
1037.246400 1985.696000 1113.769600 2469.872000 1.000000
1040.644800 2085.712000 1115.480000 2584.528000 1.000000
1040.480000 1585.060800 1120.862400 2071.456000 1.000000
1032.321600 1177.742400 1121.150400 1662.544000 1.000000
1042.907200 1604.208000 1122.219200 2089.776000 1.000000
1050.960000 2249.312000 1123.257600 2765.136000 1.000000
1050.275200 1969.424000 1126.883200 2459.488000 1.000000
1047.291200 1515.379200 1128.020800 2003.408000 1.000000
1057.716800 2108.176000 1132.288000 2606.512000 1.000000
1053.590400 1548.107200 1132.424000 2038.064000 1.000000
1053.840000 1570.089600 1133.710400 2056.896000 1.000000
1058.744000 1934.464000 1134.003200 2423.184000 1.000000
1056.598400 1704.080000 1134.820800 2189.232000 1.000000
1067.051200 2198.736000 1137.851200 2711.472000 1.000000
1031.435200 43.917280 1138.660800 626.659200 1.000000
1059.665600 1587.587200 1139.235200 2074.000000 1.000000
1063.904000 1958.576000 1139.313600 2448.400000 1.000000
1063.864000 1941.952000 1139.918400 2431.072000 1.000000
1035.339200 54.001440 1141.358400 635.643200 1.000000
1054.272000 1108.704000 1143.272000 1593.564800 1.000000
1065.961600 1654.288000 1145.873600 2136.576000 1.000000
1072.896000 1907.712000 1147.675200 2394.320000 1.000000
1041.745600 94.851680 1147.982400 670.134400 1.000000
1046.849600 493.414400 1148.843200 1020.800000 1.000000
1075.416000 1947.088000 1151.684800 2434.928000 1.000000
1078.624000 1608.832000 1158.304000 2092.960000 1.000000
1086.620800 2080.736000 1159.368000 2578.864000 1.000000
1086.550400 2104.128000 1161.272000 2603.712000 1.000000
1083.465600 1683.504000 1162.555200 2165.376000 1.000000
1075.782400 1186.385600 1162.944000 1668.384000 1.000000
1082.105600 1832.144000 1163.168000 2308.864000 1.000000
1082.528000 1473.670400 1164.110400 1960.128000 1.000000
1086.419200 1691.328000 1165.814400 2173.200000 1.000000
1062.544000 105.373440 1166.457600 678.316800 1.000000
1092.068800 1965.616000 1169.057600 2453.600000 1.000000
1091.619200 1931.216000 1170.755200 2418.864000 1.000000
1084.182400 1194.984000 1171.440000 1676.032000 1.000000
1081.840000 877.080000 1174.334400 1368.881600 1.000000
1098.734400 2229.808000 1174.481600 2739.696000 1.000000
1095.184000 1518.089600 1175.870400 2005.600000 1.000000
1091.332800 1118.571200 1179.580800 1601.072000 1.000000
1102.024000 1606.160000 1182.468800 2089.296000 1.000000
1104.308800 1587.288000 1183.900800 2072.288000 1.000000
1104.812800 1547.270400 1184.011200 2033.584000 1.000000
1102.553600 1373.164800 1185.681600 1854.736000 1.000000
1105.464000 1559.003200 1186.148800 2043.856000 1.000000
1106.465600 1614.784000 1186.300800 2097.056000 1.000000
1101.112000 1128.112000 1187.558400 1612.160000 1.000000
1112.203200 1700.192000 1188.056000 2183.952000 1.000000
1109.246400 1476.360000 1190.700800 1961.216000 1.000000
1116.350400 2038.976000 1191.225600 2531.312000 1.000000
1106.441600 1209.281600 1192.614400 1691.136000 1.000000
1119.992000 2213.776000 1193.041600 2724.448000 1.000000
1116.056000 1662.000000 1193.627200 2143.392000 1.000000
1112.387200 1370.147200 1194.748800 1852.192000 1.000000
1114.478400 1517.171200 1194.900800 2002.960000 1.000000
1114.326400 1603.696000 1194.955200 2086.352000 1.000000
1120.304000 2065.168000 1195.771200 2560.144000 1.000000
1119.456000 1670.496000 1198.243200 2150.976000 1.000000
1111.270400 1100.784000 1198.995200 1582.392000 1.000000
1099.692800 152.244640 1199.483200 716.320000 1.000000
1119.838400 1555.512000 1199.705600 2040.016000 1.000000
1122.368000 2150.432000 1199.740800 2658.176000 1.000000
1122.361600 2239.168000 1199.956800 2752.000000 1.000000
1124.094400 1606.416000 1204.774400 2088.112000 1.000000
1106.368000 164.776000 1206.657600 729.308800 1.000000
1129.803200 1622.464000 1208.177600 2103.984000 1.000000
1136.889600 1971.584000 1214.075200 2459.920000 1.000000
1119.236800 171.720000 1217.670400 733.590400 1.000000
1138.956800 1561.875200 1218.182400 2044.704000 1.000000
1139.800000 1587.443200 1221.086400 2070.128000 1.000000
1144.867200 1944.784000 1222.361600 2429.184000 1.000000
1139.579200 1233.299200 1224.417600 1713.040000 1.000000
1139.236800 1087.412800 1225.512000 1568.777600 1.000000
1147.420800 1547.348800 1227.875200 2031.312000 1.000000
1151.788800 1554.049600 1231.995200 2036.768000 1.000000
1157.606400 2241.920000 1234.404800 2757.760000 1.000000
1157.694400 1931.472000 1234.780800 2415.440000 1.000000
1160.244800 2262.896000 1236.200000 2777.472000 1.000000
1162.094400 1691.616000 1240.478400 2172.944000 1.000000
1157.497600 1266.304000 1240.835200 1742.976000 1.000000
1162.787200 1535.977600 1241.969600 2019.936000 1.000000
1165.880000 1671.264000 1244.593600 2149.728000 1.000000
1163.928000 1335.649600 1245.854400 1814.400000 1.000000
1166.779200 1593.446400 1246.257600 2074.400000 1.000000
1167.228800 1560.041600 1246.324800 2042.272000 1.000000
1154.532800 194.296000 1249.484800 752.475200 1.000000
1170.449600 1523.480000 1249.897600 2006.944000 1.000000
1175.529600 1589.756800 1254.516800 2070.256000 1.000000
1176.412800 1678.880000 1255.070400 2157.392000 1.000000
1177.033600 1542.387200 1257.404800 2024.688000 1.000000
1170.817600 189.028800 1264.404800 746.177600 1.000000
1176.022400 621.910400 1267.284800 1131.112000 1.000000
1190.646400 1682.592000 1269.544000 2160.832000 1.000000
1192.164800 2255.552000 1270.348800 2769.168000 1.000000
1193.688000 1613.408000 1273.353600 2092.304000 1.000000
1194.760000 1536.345600 1274.488000 2018.608000 1.000000
1190.217600 949.747200 1275.600000 1434.076800 1.000000
1197.136000 1665.712000 1275.742400 2143.680000 1.000000
1204.990400 1571.507200 1283.360000 2051.040000 1.000000
1205.502400 1623.200000 1285.209600 2102.064000 1.000000
1207.312000 1931.376000 1285.483200 2413.328000 1.000000
1207.254400 1614.304000 1287.497600 2092.992000 1.000000
1209.208000 1667.616000 1289.270400 2144.272000 1.000000
1210.489600 1529.982400 1289.771200 2011.264000 1.000000
1213.849600 2230.992000 1292.211200 2744.640000 1.000000
1214.313600 1677.680000 1293.392000 2154.864000 1.000000
1216.830400 1601.904000 1295.737600 2079.536000 1.000000
1215.880000 1657.664000 1295.792000 2134.608000 1.000000
1216.616000 1687.424000 1295.976000 2165.664000 1.000000
1220.088000 1923.248000 1296.340800 2405.520000 1.000000
1220.208000 2241.984000 1299.158400 2754.736000 1.000000
1222.960000 1934.512000 1301.217600 2415.984000 1.000000
1222.796800 1946.256000 1301.264000 2428.112000 1.000000
1224.113600 2257.392000 1303.096000 2771.104000 1.000000
1224.660800 1628.192000 1303.627200 2105.760000 1.000000
1226.342400 1530.505600 1305.387200 2011.024000 1.000000
1229.142400 1602.176000 1309.088000 2080.112000 1.000000
1228.472000 1298.155200 1309.601600 1773.392000 1.000000
1234.392000 1583.459200 1313.179200 2061.920000 1.000000
1235.291200 1669.984000 1314.670400 2145.856000 1.000000
1235.912000 2211.776000 1315.539200 2723.264000 1.000000
1238.020800 1543.731200 1316.113600 2022.672000 1.000000
1235.387200 1596.177600 1316.321600 2073.824000 1.000000
1238.427200 1617.760000 1317.465600 2094.608000 1.000000
1234.268800 705.412800 1319.067200 1204.920000 1.000000
1240.056000 2243.472000 1320.640000 2756.032000 1.000000
1242.419200 1659.696000 1321.227200 2134.896000 1.000000
1245.040000 1577.390400 1323.664000 2056.960000 1.000000
1246.073600 2221.712000 1324.988800 2732.528000 1.000000
1248.561600 1565.596800 1326.396800 2043.888000 1.000000
1243.288000 721.144000 1327.384000 1218.040000 1.000000
1249.403200 1603.024000 1329.294400 2080.304000 1.000000
1250.993600 1616.208000 1329.958400 2092.640000 1.000000
1251.481600 1587.465600 1330.264000 2065.664000 1.000000
1245.092800 100.862080 1332.409600 669.966400 1.000000
1256.592000 1568.014400 1335.208000 2047.600000 1.000000
1258.881600 1654.448000 1337.152000 2129.840000 1.000000
1254.096000 714.846400 1338.118400 1212.281600 1.000000
1262.131200 1394.329600 1341.862400 1868.992000 1.000000
1261.900800 2234.000000 1342.139200 2746.048000 1.000000
1263.323200 1615.328000 1342.185600 2092.144000 1.000000
1270.654400 1542.784000 1348.644800 2021.712000 1.000000
1275.656000 2167.712000 1351.753600 2675.824000 1.000000
1275.945600 1595.478400 1354.147200 2070.624000 1.000000
1275.724800 1617.280000 1354.899200 2092.752000 1.000000
1277.940800 1579.849600 1355.641600 2056.640000 1.000000
1278.825600 1368.947200 1357.544000 1843.248000 1.000000
1282.105600 1440.118400 1360.408000 1915.888000 1.000000
1282.585600 1485.387200 1362.048000 1961.872000 1.000000
1285.982400 1383.036800 1364.097600 1856.112000 1.000000
1283.011200 344.008000 1365.870400 877.864000 1.000000
1288.468800 1596.100800 1365.979200 2072.112000 1.000000
1287.555200 1458.480000 1366.262400 1934.928000 1.000000
1283.932800 732.689600 1366.352000 1226.488000 1.000000
1290.856000 1546.958400 1368.508800 2024.400000 1.000000
1290.428800 1566.860800 1368.684800 2043.824000 1.000000
1288.563200 753.875200 1371.152000 1246.294400 1.000000
1293.222400 1409.928000 1372.734400 1883.424000 1.000000
1291.822400 387.972800 1374.305600 914.416000 1.000000
1300.115200 1569.483200 1379.155200 2045.760000 1.000000
1302.926400 1435.339200 1381.972800 1909.104000 1.000000
1301.833600 384.372800 1383.668800 910.020800 1.000000
1311.542400 1597.403200 1389.848000 2072.480000 1.000000
1308.363200 2241.472000 1390.024000 2751.232000 1.000000
1312.054400 1557.827200 1390.846400 2034.336000 1.000000
1317.651200 1539.532800 1395.793600 2015.968000 1.000000
1318.145600 1373.240000 1396.600000 1845.584000 1.000000
1315.672000 1035.563200 1399.824000 1503.558400 1.000000
1322.208000 1429.886400 1399.977600 1902.000000 1.000000
1325.030400 108.575360 1404.123200 669.296000 1.000000
1333.529600 25.076480 1411.270400 598.729600 1.000000
1336.628800 954.465600 1416.491200 1429.758400 1.000000
1340.281600 106.190240 1417.616000 666.481600 1.000000
1339.641600 421.012800 1418.043200 942.235200 1.000000
1337.992000 2155.696000 1419.376000 2661.248000 1.000000
1344.300800 1579.214400 1419.779200 2053.664000 1.000000
1338.718400 2238.672000 1420.281600 2747.312000 1.000000
1349.056000 1420.345600 1427.360000 1891.904000 1.000000
1350.390400 1358.324800 1428.188800 1827.984000 1.000000
1351.508800 148.980000 1428.977600 701.188800 1.000000
1353.038400 1540.625600 1428.979200 2016.112000 1.000000
1353.171200 449.828800 1430.568000 966.401600 1.000000
1352.811200 145.035520 1430.737600 701.084800 1.000000
1352.804800 1452.956800 1430.868800 1925.584000 1.000000
1355.532800 962.992000 1434.238400 1435.462400 1.000000
1357.856000 1435.547200 1434.947200 1907.920000 1.000000
1358.681600 947.910400 1436.577600 1426.140800 1.000000
1364.049600 555.675200 1441.406400 1061.651200 1.000000
1363.488000 1916.800000 1447.062400 2410.000000 1.000000
1371.916800 1034.238400 1449.056000 1513.046400 1.000000
1372.371200 858.972800 1449.678400 1339.425600 1.000000
1375.928000 98.290720 1449.731200 659.638400 1.000000
1373.296000 1433.601600 1451.388800 1904.016000 1.000000
1367.745600 1899.616000 1451.756800 2386.960000 1.000000
1384.435200 91.918720 1457.771200 653.160000 1.000000
1381.836800 1498.915200 1458.280000 1972.704000 1.000000
1376.457600 2176.880000 1460.504000 2679.792000 1.000000
1384.342400 510.720000 1460.633600 1020.774400 1.000000
1385.345600 843.841600 1462.011200 1322.864000 1.000000
1385.124800 1559.304000 1464.168000 2033.456000 1.000000
1386.908800 1542.172800 1464.401600 2016.064000 1.000000
1384.884800 2247.920000 1470.518400 2752.432000 1.000000
1394.894400 900.723200 1471.692800 1377.336000 1.000000
1397.329600 846.312000 1472.748800 1326.348800 1.000000
1390.728000 2133.920000 1473.180800 2638.064000 1.000000
1396.916800 1602.320000 1474.145600 2075.280000 1.000000
1400.852800 1440.556800 1477.920000 1909.280000 1.000000
1402.672000 345.828800 1478.233600 872.254400 1.000000
1403.230400 1660.304000 1482.100800 2131.168000 1.000000
1400.382400 2153.296000 1483.459200 2655.776000 1.000000
1414.689600 1552.924800 1491.572800 2025.520000 1.000000
1414.368000 1426.137600 1491.590400 1894.352000 1.000000
1414.838400 2160.656000 1498.145600 2662.992000 1.000000
1419.982400 1588.636800 1499.064000 2060.176000 1.000000
1426.067200 892.214400 1499.740800 1362.531200 1.000000
1422.102400 1409.057600 1500.104000 1876.416000 1.000000
1433.752000 122.878240 1502.275200 678.086400 1.000000
1429.660800 847.632000 1504.214400 1326.785600 1.000000
1427.902400 1547.236800 1504.905600 2019.696000 1.000000
1415.616000 2128.416000 1505.014400 2629.696000 1.000000
1433.224000 856.395200 1506.385600 1334.992000 1.000000
1428.915200 2153.120000 1512.473600 2655.520000 1.000000
1446.814400 131.188000 1514.225600 685.248000 1.000000
1438.651200 1575.721600 1515.454400 2046.160000 1.000000
1441.169600 1587.324800 1516.459200 2058.576000 1.000000
1440.283200 1598.699200 1518.668800 2068.592000 1.000000
1439.707200 1615.520000 1518.793600 2084.848000 1.000000
1444.452800 1331.683200 1520.574400 1796.800000 1.000000
1438.171200 2235.632000 1526.348800 2742.592000 1.000000
1450.928000 1601.696000 1529.107200 2070.592000 1.000000
1453.636800 1410.846400 1529.665600 1876.400000 1.000000
1459.012800 838.344000 1532.201600 1315.752000 1.000000
1461.803200 1413.971200 1538.048000 1881.120000 1.000000
1478.211200 182.542400 1543.406400 726.601600 1.000000
1469.321600 1532.032000 1544.795200 2002.992000 1.000000
1471.508800 1409.366400 1547.232000 1874.944000 1.000000
1471.440000 1604.352000 1550.472000 2073.840000 1.000000
1475.219200 1581.940800 1550.747200 2051.056000 1.000000
1470.848000 2212.176000 1556.139200 2718.432000 1.000000
1469.396800 2231.248000 1558.179200 2735.360000 1.000000
1484.768000 1291.230400 1559.880000 1755.200000 1.000000
1482.608000 1595.169600 1560.292800 2063.376000 1.000000
1482.708800 1583.251200 1560.588800 2051.632000 1.000000
1495.803200 1313.092800 1569.953600 1775.616000 1.000000
1480.097600 2245.680000 1571.129600 2750.160000 1.000000
1485.625600 2258.448000 1575.331200 2764.448000 1.000000
1505.889600 2081.168000 1583.550400 2578.944000 1.000000
1510.803200 1320.795200 1585.004800 1781.680000 1.000000
1510.692800 1536.976000 1587.467200 2006.384000 1.000000
1527.340800 256.352000 1588.273600 788.760000 1.000000
1524.236800 1026.451200 1594.536000 1493.686400 1.000000
1529.225600 671.272000 1596.332800 1155.480000 1.000000
1524.153600 1318.436800 1597.958400 1779.904000 1.000000
1529.123200 1022.120000 1599.571200 1488.163200 1.000000
1523.793600 1620.384000 1601.792000 2086.624000 1.000000
1537.488000 1360.113600 1612.432000 1819.856000 1.000000
1533.976000 1609.392000 1614.416000 2075.200000 1.000000
1576.774400 1073.977600 1645.648000 1535.920000 1.000000
1592.854400 343.390400 1649.856000 861.275200 1.000000
1583.251200 1583.780800 1659.232000 2048.768000 1.000000
1584.724800 1601.072000 1662.704000 2064.992000 1.000000
1610.256000 359.774400 1666.512000 874.995200 1.000000
1595.795200 1480.944000 1671.696000 1940.080000 1.000000
1579.220800 2221.552000 1671.696000 2721.264000 1.000000
1615.904000 352.161600 1672.080000 868.529600 1.000000
1616.080000 363.827200 1672.496000 877.977600 1.000000
1625.968000 399.584000 1680.624000 909.804800 1.000000
1589.513600 2087.728000 1681.440000 2584.144000 1.000000
1621.136000 760.436800 1683.216000 1237.416000 1.000000
1669.632000 831.257600 1731.536000 1299.504000 1.000000
1660.816000 1470.348800 1735.664000 1929.744000 1.000000
1686.608000 825.606400 1746.832000 1293.091200 1.000000
1670.592000 1561.776000 1747.488000 2023.280000 1.000000
1700.368000 471.576000 1752.416000 969.564800 1.000000
1680.400000 1491.820800 1755.296000 1951.872000 1.000000
1680.736000 1542.001600 1757.056000 2004.592000 1.000000
1684.176000 1508.713600 1759.248000 1967.136000 1.000000
1721.344000 352.395200 1767.968000 865.798400 1.000000
1717.552000 880.137600 1777.280000 1344.736000 1.000000
1682.176000 2248.848000 1780.416000 2749.168000 1.000000
1688.560000 2417.376000 1799.280000 2880.896000 1.000000
1762.304000 233.646400 1802.416000 758.385600 1.000000
1764.064000 161.246400 1802.704000 695.812800 1.000000
1695.568000 2402.464000 1804.336000 2864.768000 1.000000
1759.376000 393.793600 1804.384000 900.900800 1.000000
1707.296000 2264.864000 1807.424000 2762.000000 1.000000
1758.944000 562.670400 1808.224000 1047.694400 1.000000
1753.600000 890.310400 1811.632000 1351.960000 1.000000
1716.032000 2205.664000 1814.704000 2705.200000 1.000000
1760.848000 1140.416000 1821.760000 1595.465600 1.000000
1754.336000 1261.628800 1823.248000 1710.736000 1.000000
1725.744000 2224.032000 1823.968000 2723.488000 1.000000
1775.088000 608.710400 1824.960000 1090.438400 1.000000
1742.528000 1762.112000 1825.824000 2235.584000 1.000000
1727.408000 2241.392000 1827.152000 2739.888000 1.000000
1774.080000 893.684800 1831.936000 1354.192000 1.000000
1750.000000 1740.000000 1832.432000 2213.008000 1.000000
1751.024000 1800.992000 1834.864000 2274.224000 1.000000
1781.744000 777.296000 1837.248000 1240.404800 1.000000
1757.168000 1552.675200 1839.264000 2016.432000 1.000000
1769.744000 1404.923200 1841.696000 1857.424000 1.000000
1774.048000 1277.062400 1842.192000 1728.000000 1.000000
1790.064000 743.057600 1842.672000 1212.424000 1.000000
1808.176000 189.110400 1844.320000 716.020800 1.000000
1747.296000 2145.312000 1844.336000 2638.720000 1.000000
1764.080000 1675.952000 1844.848000 2136.992000 1.000000
1776.656000 1292.182400 1845.264000 1740.624000 1.000000
1744.688000 2230.944000 1845.808000 2728.624000 1.000000
1744.512000 2247.280000 1845.808000 2744.768000 1.000000
1814.992000 190.041600 1850.176000 716.904000 1.000000
1766.928000 1841.136000 1853.392000 2314.128000 1.000000
1806.944000 583.473600 1854.096000 1065.800000 1.000000
1802.048000 756.691200 1855.120000 1224.236800 1.000000
1754.832000 2215.584000 1856.848000 2715.008000 1.000000
1801.504000 894.521600 1859.328000 1351.697600 1.000000
1826.240000 184.840000 1859.920000 713.512000 1.000000
1765.360000 2078.352000 1860.976000 2568.000000 1.000000
1763.328000 2115.728000 1861.536000 2609.376000 1.000000
1769.488000 2015.904000 1862.304000 2500.928000 1.000000
1759.296000 2235.392000 1863.152000 2730.560000 1.000000
1765.168000 2143.328000 1863.472000 2636.288000 1.000000
1812.960000 738.548800 1863.536000 1210.336000 1.000000
1798.864000 1315.020800 1868.576000 1764.768000 1.000000
1769.424000 2170.848000 1868.816000 2664.096000 1.000000
1834.016000 239.809600 1868.944000 759.625600 1.000000
1766.576000 2220.720000 1869.648000 2716.672000 1.000000
1772.144000 2134.672000 1871.200000 2627.216000 1.000000
1807.904000 1150.467200 1872.160000 1599.697600 1.000000
1777.040000 2089.360000 1872.752000 2576.768000 1.000000
1827.792000 621.948800 1874.288000 1098.856000 1.000000
1841.904000 238.012800 1876.128000 757.803200 1.000000
1787.280000 1901.536000 1877.024000 2374.032000 1.000000
1844.880000 204.172800 1877.904000 729.665600 1.000000
1809.952000 1346.441600 1880.752000 1795.376000 1.000000
1821.440000 1080.427200 1882.112000 1530.328000 1.000000
1793.408000 1910.448000 1882.384000 2384.032000 1.000000
1779.552000 2238.768000 1882.528000 2734.800000 1.000000
1785.504000 2110.096000 1882.992000 2598.848000 1.000000
1803.664000 1729.072000 1883.632000 2193.600000 1.000000
1785.520000 2134.208000 1884.864000 2626.816000 1.000000
1825.504000 1148.620800 1889.040000 1595.891200 1.000000
1794.416000 2089.920000 1890.176000 2575.296000 1.000000
1788.784000 2362.512000 1898.896000 2819.808000 1.000000
1806.432000 2021.120000 1900.960000 2504.432000 1.000000
1809.856000 1986.080000 1902.256000 2466.368000 1.000000
1789.248000 2464.400000 1903.024000 2927.568000 1.000000
1792.928000 2373.904000 1903.712000 2831.120000 1.000000
1880.112000 186.798400 1909.712000 712.116800 1.000000
1839.472000 1365.968000 1909.792000 1813.728000 1.000000
1861.200000 763.912000 1910.656000 1225.736000 1.000000
1799.776000 2367.104000 1910.672000 2823.360000 1.000000
1877.232000 311.081600 1911.120000 819.137600 1.000000
1812.800000 2211.104000 1917.280000 2703.760000 1.000000
1861.072000 1069.798400 1920.480000 1516.899200 1.000000
1861.664000 1088.907200 1921.968000 1535.291200 1.000000
1816.912000 2221.568000 1922.512000 2715.552000 1.000000
1896.096000 150.970880 1923.456000 679.467200 1.000000
1819.376000 2238.512000 1924.864000 2732.736000 1.000000
1813.632000 2360.208000 1925.872000 2816.640000 1.000000
1832.576000 2034.672000 1928.992000 2516.528000 1.000000
1844.464000 1776.128000 1930.000000 2247.008000 1.000000
1881.040000 790.892800 1930.208000 1251.643200 1.000000
1839.376000 1990.544000 1933.904000 2470.880000 1.000000
1838.992000 1982.320000 1934.064000 2460.512000 1.000000
1831.152000 2212.752000 1935.520000 2700.304000 1.000000
1875.792000 1092.704000 1936.048000 1538.976000 1.000000
1829.072000 2262.784000 1936.592000 2757.280000 1.000000
1844.608000 1947.904000 1937.328000 2422.912000 1.000000
1891.552000 705.315200 1937.584000 1172.334400 1.000000
1890.640000 796.676800 1938.944000 1257.441600 1.000000
1849.552000 1982.896000 1944.912000 2460.960000 1.000000
1873.664000 1406.624000 1945.616000 1854.192000 1.000000
1848.656000 2101.392000 1949.248000 2587.104000 1.000000
1853.360000 2077.088000 1952.560000 2560.256000 1.000000
1854.272000 2058.704000 1952.656000 2541.296000 1.000000
1894.032000 1076.678400 1953.184000 1522.353600 1.000000
1869.872000 1746.160000 1956.656000 2209.488000 1.000000
1884.736000 1419.606400 1957.168000 1866.256000 1.000000
1898.016000 1119.704000 1957.776000 1563.060800 1.000000
1858.192000 2078.688000 1958.784000 2565.584000 1.000000
1911.568000 796.116800 1960.880000 1254.825600 1.000000
1851.296000 2248.288000 1961.632000 2741.712000 1.000000
1868.768000 1958.480000 1962.624000 2435.952000 1.000000
1873.856000 1902.672000 1966.432000 2373.504000 1.000000
1871.280000 2008.736000 1967.728000 2487.712000 1.000000
1921.568000 802.822400 1969.680000 1260.702400 1.000000
1864.128000 2227.920000 1972.704000 2718.048000 1.000000
1914.608000 1131.025600 1975.040000 1574.785600 1.000000
1884.896000 1927.440000 1977.504000 2399.296000 1.000000
1882.496000 1981.504000 1977.856000 2460.016000 1.000000
1864.016000 2362.176000 1979.952000 2814.448000 1.000000
1962.944000 115.539680 1982.384000 647.200000 1.000000
1923.200000 1124.337600 1983.168000 1567.966400 1.000000
1892.080000 1894.832000 1984.704000 2366.272000 1.000000
1968.592000 67.279680 1986.288000 604.539200 1.000000
1892.816000 1920.592000 1986.720000 2389.568000 1.000000
1927.504000 1146.436800 1987.728000 1587.185600 1.000000
1941.968000 779.708800 1988.144000 1238.328000 1.000000
1943.488000 763.958400 1988.592000 1224.124800 1.000000
1972.016000 134.418560 1990.656000 660.302400 1.000000
1883.296000 2198.848000 1991.184000 2687.680000 1.000000
1886.016000 2248.448000 1992.864000 2740.816000 1.000000
1895.552000 1985.056000 1993.360000 2463.296000 1.000000
1901.152000 1973.728000 1998.688000 2449.856000 1.000000
1897.728000 2228.480000 2009.872000 2717.008000 1.000000
1899.744000 2226.880000 2009.904000 2718.112000 1.000000
1958.128000 1019.931200 2012.144000 1465.960000 1.000000
1900.096000 2356.144000 2016.960000 2809.712000 1.000000
1908.176000 2235.424000 2017.168000 2725.040000 1.000000
1981.232000 694.499200 2019.040000 1159.100800 1.000000
1959.552000 1168.931200 2020.912000 1610.960000 1.000000
1924.560000 1957.024000 2021.152000 2431.920000 1.000000
1995.776000 454.158400 2025.504000 941.198400 1.000000
1954.976000 1481.598400 2027.776000 1930.048000 1.000000
1973.488000 1044.948800 2028.256000 1494.419200 1.000000
2016.480000 55.850720 2029.360000 592.350400 1.000000
1912.736000 2384.672000 2029.760000 2837.456000 1.000000
1924.272000 2190.320000 2032.896000 2678.320000 1.000000
1920.048000 2374.512000 2037.776000 2825.680000 1.000000
1926.528000 2259.904000 2038.672000 2752.528000 1.000000
1969.424000 1493.539200 2041.392000 1941.104000 1.000000
1933.488000 2197.200000 2042.816000 2686.352000 1.000000
1932.368000 2239.008000 2044.272000 2730.464000 1.000000
2005.520000 719.782400 2046.816000 1179.512000 1.000000
2000.576000 860.593600 2046.912000 1310.032000 1.000000
2028.720000 492.313600 2057.504000 971.265600 1.000000
1947.840000 2197.648000 2057.856000 2686.464000 1.000000
1996.080000 1257.004800 2060.256000 1696.832000 1.000000
1950.896000 2239.008000 2062.832000 2729.536000 1.000000
2026.544000 749.585600 2065.648000 1205.161600 1.000000
1986.288000 1592.540800 2065.808000 2046.800000 1.000000
1956.336000 2221.760000 2066.464000 2711.232000 1.000000
2016.224000 990.238400 2068.416000 1433.217600 1.000000
2044.944000 394.784000 2069.072000 884.512000 1.000000
1996.704000 1452.169600 2070.656000 1897.072000 1.000000
2061.616000 94.417280 2072.224000 623.550400 1.000000
1964.944000 2195.136000 2076.320000 2683.952000 1.000000
1996.816000 1599.620800 2077.040000 2051.632000 1.000000
2068.880000 86.245440 2077.344000 615.788800 1.000000
1966.048000 2247.616000 2079.024000 2736.160000 1.000000
1968.224000 2240.000000 2081.280000 2729.728000 1.000000
1970.112000 2219.216000 2083.104000 2708.640000 1.000000
2075.920000 125.011040 2086.080000 648.276800 1.000000
2027.024000 1255.300800 2088.992000 1694.432000 1.000000
2052.160000 702.920000 2089.072000 1163.035200 1.000000
2044.752000 916.817600 2092.592000 1362.939200 1.000000
1975.264000 2392.976000 2095.296000 2844.096000 1.000000
2010.768000 1729.600000 2099.728000 2182.160000 1.000000
2052.512000 974.347200 2102.656000 1417.134400 1.000000
1977.200000 2442.128000 2103.568000 2900.768000 1.000000
1979.552000 2412.176000 2104.048000 2867.840000 1.000000
1995.232000 2215.744000 2108.672000 2704.944000 1.000000
2019.440000 1781.840000 2109.360000 2236.848000 1.000000
2059.696000 985.240000 2110.080000 1425.929600 1.000000
2020.384000 1807.312000 2111.472000 2260.592000 1.000000
1987.360000 2423.072000 2113.040000 2878.480000 1.000000
2023.968000 1798.384000 2115.600000 2251.520000 1.000000
2023.600000 1817.792000 2116.032000 2272.000000 1.000000
2015.376000 1985.744000 2117.632000 2457.808000 1.000000
2020.288000 1901.424000 2118.544000 2366.608000 1.000000
2071.680000 929.835200 2118.864000 1373.500800 1.000000
2074.192000 944.376000 2120.944000 1387.563200 1.000000
2057.520000 1264.926400 2120.944000 1703.408000 1.000000
2059.344000 1292.588800 2124.016000 1730.688000 1.000000
2116.112000 174.356800 2125.136000 688.952000 1.000000
2037.472000 1764.720000 2128.432000 2215.856000 1.000000
1998.832000 2461.200000 2129.712000 2922.880000 1.000000
2069.312000 1173.779200 2130.592000 1608.480000 1.000000
2058.160000 1473.880000 2131.648000 1912.144000 1.000000
2028.912000 1990.688000 2132.048000 2461.472000 1.000000
2087.776000 919.048000 2133.504000 1362.691200 1.000000
2019.264000 2241.968000 2134.720000 2730.928000 1.000000
2071.552000 1260.816000 2134.768000 1700.784000 1.000000
2004.800000 2490.784000 2135.072000 2955.856000 1.000000
2005.440000 2471.424000 2135.568000 2936.112000 1.000000
2088.784000 963.587200 2136.240000 1406.171200 1.000000
2125.008000 294.401600 2137.808000 793.692800 1.000000
2025.808000 2215.760000 2140.096000 2702.928000 1.000000
2110.336000 656.696000 2143.344000 1116.547200 1.000000
2039.552000 2033.456000 2143.536000 2506.064000 1.000000
2041.280000 2012.048000 2144.576000 2481.984000 1.000000
2104.000000 879.996800 2146.000000 1326.051200 1.000000
2097.808000 987.120000 2146.912000 1428.531200 1.000000
2097.600000 998.265600 2146.912000 1440.902400 1.000000
2108.640000 990.374400 2157.296000 1430.384000 1.000000
2094.080000 1332.494400 2157.936000 1772.064000 1.000000
2131.824000 621.808000 2160.432000 1085.992000 1.000000
2133.424000 602.188800 2161.056000 1067.014400 1.000000
2112.784000 926.886400 2161.168000 1365.150400 1.000000
2135.040000 600.988800 2163.952000 1064.772800 1.000000
2125.632000 872.670400 2165.936000 1318.241600 1.000000
2047.344000 2398.224000 2173.984000 2851.712000 1.000000
2056.688000 2174.624000 2175.008000 2658.688000 1.000000
2165.552000 274.476800 2175.328000 776.236800 1.000000
2140.000000 828.065600 2178.048000 1270.019200 1.000000
2045.104000 2484.464000 2179.296000 2952.912000 1.000000
2130.832000 1016.891200 2180.112000 1454.761600 1.000000
2138.752000 875.025600 2180.448000 1319.286400 1.000000
2172.048000 250.459200 2180.512000 753.726400 1.000000
2090.256000 1804.352000 2184.272000 2255.120000 1.000000
2061.600000 2379.888000 2187.872000 2827.760000 1.000000
2077.776000 2206.048000 2195.024000 2693.840000 1.000000
2067.264000 2421.152000 2199.712000 2870.464000 1.000000
2171.680000 677.763200 2201.072000 1135.812800 1.000000
2069.168000 2451.328000 2202.992000 2911.328000 1.000000
2085.792000 2172.576000 2203.056000 2656.656000 1.000000
2164.976000 851.209600 2205.168000 1294.097600 1.000000
2179.968000 713.246400 2209.888000 1168.849600 1.000000
2187.888000 594.124800 2210.960000 1059.990400 1.000000
2171.536000 856.347200 2211.072000 1300.644800 1.000000
2082.176000 2434.992000 2215.360000 2891.376000 1.000000
2177.680000 866.899200 2217.312000 1310.948800 1.000000
2165.776000 1081.283200 2218.528000 1512.222400 1.000000
2211.008000 312.688000 2219.120000 806.990400 1.000000
2217.552000 307.505600 2225.184000 800.486400 1.000000
2213.744000 535.748800 2233.184000 1006.064000 1.000000
2244.544000 243.806400 2245.696000 744.460800 1.000000
2233.456000 437.747200 2245.792000 917.696000 1.000000
2238.608000 372.897600 2246.960000 858.128000 1.000000
2112.080000 2417.488000 2249.344000 2875.264000 1.000000
2115.552000 2441.648000 2251.616000 2898.240000 1.000000
2154.688000 1962.944000 2260.640000 2406.176000 1.000000
2268.368000 177.579200 2262.272000 687.841600 1.000000
2127.952000 2439.712000 2265.168000 2896.864000 1.000000
2242.672000 676.441600 2268.544000 1127.814400 1.000000
2153.072000 2199.888000 2272.224000 2681.152000 1.000000
2141.200000 2371.392000 2273.600000 2820.128000 1.000000
2178.304000 1950.192000 2279.136000 2400.736000 1.000000
2274.016000 716.545600 2301.344000 1161.587200 1.000000
2173.200000 2453.728000 2315.264000 2913.424000 1.000000
2304.816000 754.200000 2331.216000 1189.918400 1.000000
2188.368000 2509.760000 2332.336000 2988.128000 1.000000
2337.168000 507.675200 2349.072000 961.273600 1.000000
2330.224000 1249.646400 2387.968000 1410.627200 1.000000
2411.536000 1181.107200 2461.584000 1346.259200 1.000000
2420.896000 1168.409600 2469.904000 1336.331200 1.000000
2438.128000 1161.526400 2484.768000 1329.000000 1.000000
2439.008000 1132.606400 2484.928000 1309.968000 1.000000
2452.928000 1140.944000 2496.496000 1313.358400 1.000000
2457.296000 1107.763200 2500.112000 1286.105600 1.000000
2355.584000 2480.672000 2513.008000 2942.160000 1.000000
2560.336000 1885.296000 2661.472000 1970.320000 1.000000
2672.864000 1727.504000 2758.656000 1733.216000 1.000000
2818.576000 163.481600 2770.272000 587.017600 1.000000
2699.984000 1736.032000 2783.104000 1737.888000 1.000000
2701.488000 1724.656000 2785.280000 1726.064000 1.000000
2709.216000 1744.688000 2793.488000 1746.864000 1.000000
2744.672000 1371.811200 2794.144000 1405.190400 1.000000
2747.376000 1361.432000 2797.104000 1399.006400 1.000000
2717.520000 1689.232000 2798.272000 1683.888000 1.000000
2707.824000 1830.736000 2801.872000 1843.328000 1.000000
2719.120000 1734.832000 2803.232000 1733.344000 1.000000
2703.872000 1900.720000 2806.480000 1932.432000 1.000000
2722.416000 1744.400000 2806.512000 1741.968000 1.000000
2733.040000 1686.432000 2812.096000 1678.640000 1.000000
2874.160000 60.654240 2813.424000 487.299200 1.000000
2730.656000 1794.672000 2819.344000 1797.152000 1.000000
2725.376000 1886.224000 2822.688000 1912.096000 1.000000
2737.920000 1804.240000 2829.616000 1805.296000 1.000000
2781.984000 1354.547200 2830.288000 1390.099200 1.000000
2785.664000 1394.987200 2838.160000 1420.811200 1.000000
2733.936000 1934.496000 2839.968000 1966.880000 1.000000
2735.024000 1905.264000 2842.032000 1927.984000 1.000000
2753.312000 1801.872000 2843.456000 1798.832000 1.000000
2790.128000 1441.457600 2845.264000 1455.427200 1.000000
2757.088000 1830.704000 2850.800000 1827.296000 1.000000
2767.456000 1779.872000 2856.320000 1767.920000 1.000000
2776.752000 1761.840000 2860.368000 1742.624000 1.000000
2768.240000 1851.472000 2861.168000 1844.416000 1.000000
2773.008000 1830.592000 2866.320000 1823.840000 1.000000
2785.168000 1727.408000 2866.384000 1704.960000 1.000000
2811.280000 1473.380800 2869.952000 1478.019200 1.000000
2763.792000 1966.400000 2871.792000 1996.480000 1.000000
2779.072000 1840.080000 2872.704000 1833.024000 1.000000
2804.352000 1696.816000 2882.976000 1668.864000 1.000000
2816.080000 1603.104000 2885.664000 1586.158400 1.000000
2777.456000 1976.912000 2887.408000 2004.048000 1.000000
2819.376000 1613.536000 2889.984000 1593.723200 1.000000
2828.832000 1604.096000 2897.888000 1584.844800 1.000000
2834.896000 1570.902400 2900.992000 1553.640000 1.000000
2845.296000 1491.616000 2903.472000 1489.332800 1.000000
2843.248000 1596.273600 2910.912000 1575.686400 1.000000
2819.008000 1970.496000 2928.048000 1980.864000 1.000000
2831.488000 1986.800000 2944.064000 1994.880000 1.000000
2855.760000 1805.056000 2946.944000 1798.832000 1.000000
2842.336000 2054.896000 2959.920000 2062.512000 1.000000
2892.368000 1603.968000 2960.192000 1574.444800 1.000000
2855.568000 2000.976000 2967.280000 2003.952000 1.000000
2911.824000 1543.515200 2972.976000 1523.590400 1.000000
2904.352000 1617.184000 2973.648000 1584.315200 1.000000
2857.616000 2039.568000 2974.320000 2039.248000 1.000000
2913.872000 1561.387200 2976.800000 1538.044800 1.000000
2909.712000 1610.352000 2978.256000 1576.940800 1.000000
3317.168000 252.225600 3238.080000 575.753600 1.000000
3428.864000 187.632000 3338.016000 497.499200 1.000000
3459.920000 133.611360 3359.904000 446.870400 1.000000
3248.928000 2086.704000 3368.608000 1946.592000 1.000000
3478.368000 102.888160 3372.496000 418.830400 1.000000
3484.160000 178.686400 3385.872000 481.558400 1.000000
3482.208000 241.761600 3405.840000 509.939200 1.000000
3600.144000 68.015680 3479.968000 367.540800 1.000000
3557.040000 854.632000 3507.088000 820.235200 1.000000
3483.360000 1592.564800 3524.336000 1401.152000 1.000000
3661.312000 1810.400000 3721.024000 1561.537600 1.000000
3909.792000 436.128000 3814.064000 624.072000 1.000000
