633.640000 1578.688000 427.800000 2833.472000 1.000000
232.024000 133.463680 677.656000 1871.744000 1.000000
3015.824000 1600.384000 1177.092800 1627.440000 1.000000
2700.192000 1979.984000 1330.654400 1587.156800 1.000000
2382.176000 1212.152000 2172.080000 1923.616000 1.000000
2872.064000 2137.648000 2327.504000 2339.376000 1.000000
3722.864000 406.270400 2344.272000 834.204800 1.000000
2550.704000 1531.992000 2566.256000 1125.619200 1.000000
2795.504000 1407.491200 2578.672000 1919.728000 1.000000
3460.784000 1766.512000 2878.784000 559.316800 1.000000
