622.985600 363.430400 317.283200 3006.720000 1.000000
434.736000 203.145600 528.520000 2889.216000 1.000000
804.593600 225.744000 623.697600 2711.568000 1.000000
1435.804800 258.752000 1261.459200 2621.536000 1.000000
1696.000000 284.481600 1522.670400 2597.488000 1.000000
1716.608000 296.291200 1540.811200 2601.536000 1.000000
1786.880000 38.142880 1588.028800 2349.312000 1.000000
1798.944000 29.276480 1595.470400 2340.704000 1.000000
2019.760000 300.905600 1835.136000 2557.328000 1.000000
2190.016000 341.033600 2015.744000 2607.008000 1.000000
2175.856000 412.297600 2017.488000 2680.816000 1.000000
2220.816000 381.091200 2054.576000 2642.608000 1.000000
2224.816000 422.672000 2066.464000 2682.496000 1.000000
2221.264000 453.353600 2071.136000 2714.496000 1.000000
2229.712000 442.998400 2076.688000 2701.632000 1.000000
2225.904000 499.192000 2085.712000 2769.520000 1.000000
2228.048000 481.227200 2085.856000 2745.184000 1.000000
2236.896000 455.443200 2086.256000 2713.776000 1.000000
2246.304000 420.608000 2088.544000 2677.696000 1.000000
2238.288000 467.588800 2091.616000 2727.504000 1.000000
2233.648000 493.796800 2094.240000 2756.880000 1.000000
2252.064000 456.526400 2103.968000 2711.120000 1.000000
2247.568000 482.337600 2105.856000 2741.408000 1.000000
2266.352000 440.278400 2111.808000 2691.024000 1.000000
2247.104000 537.147200 2118.672000 2802.240000 1.000000
