49.486400 2862.480000 39.535680 983.904000 1.000000
228.187200 2959.136000 162.462400 1085.587200 1.000000
411.918400 1920.176000 287.086400 153.611360 1.000000
421.811200 1922.320000 298.348800 156.454240 1.000000
451.715200 1999.776000 337.459200 246.166400 1.000000
469.953600 2032.144000 354.988800 280.633600 1.000000
528.441600 2492.992000 449.656000 742.955200 1.000000
539.228800 2511.728000 461.105600 766.438400 1.000000
560.438400 2427.824000 476.494400 685.212800 1.000000
555.512000 2579.920000 481.251200 833.539200 1.000000
567.355200 2415.488000 483.963200 674.630400 1.000000
563.094400 2481.824000 484.256000 742.000000 1.000000
566.755200 2594.512000 492.979200 848.625600 1.000000
583.465600 2494.000000 506.536000 757.057600 1.000000
587.296000 2517.296000 509.385600 778.961600 1.000000
619.753600 2570.064000 545.875200 837.347200 1.000000
622.425600 2532.240000 546.430400 804.507200 1.000000
628.508800 2526.944000 552.395200 800.142400 1.000000
634.716800 2509.296000 558.166400 785.675200 1.000000
647.436800 2374.272000 564.385600 657.769600 1.000000
658.971200 2393.424000 576.371200 678.353600 1.000000
648.102400 2661.184000 578.057600 928.720000 1.000000
699.475200 1792.496000 592.848000 72.425120 1.000000
674.027200 2395.920000 593.315200 684.896000 1.000000
666.291200 2576.112000 594.288000 852.814400 1.000000
705.089600 1785.616000 599.620800 67.935680 1.000000
685.318400 2392.096000 605.099200 681.993600 1.000000
708.451200 2410.976000 629.675200 705.115200 1.000000
718.235200 2409.456000 640.372800 706.686400 1.000000
745.059200 1791.088000 642.433600 80.795360 1.000000
726.342400 2514.864000 651.454400 809.945600 1.000000
725.942400 2798.848000 660.168000 1082.568000 1.000000
731.635200 2806.592000 665.884800 1089.739200 1.000000
747.470400 2490.864000 671.710400 793.340800 1.000000
794.857600 1741.920000 696.356800 33.929440 1.000000
796.518400 2496.704000 720.814400 810.601600 1.000000
798.344000 2535.312000 721.865600 841.926400 1.000000
829.673600 1787.664000 735.921600 95.286720 1.000000
834.531200 2927.248000 756.808000 1501.388800 1.000000
864.872000 1680.208000 772.636800 42.302560 1.000000
885.668800 2794.000000 805.508800 1400.024000 1.000000
884.875200 2813.248000 805.553600 1416.091200 1.000000
894.481600 2813.424000 814.985600 1420.833600 1.000000
901.470400 2960.784000 818.195200 1556.665600 1.000000
900.502400 2893.424000 819.574400 1497.200000 1.000000
901.342400 2997.072000 819.993600 1587.812800 1.000000
906.865600 2950.464000 825.448000 1548.046400 1.000000
909.161600 2466.176000 825.737600 1085.046400 1.000000
911.787200 2637.616000 829.667200 1257.107200 1.000000
916.403200 2987.472000 832.787200 1583.910400 1.000000
919.027200 2952.288000 836.150400 1553.497600 1.000000
920.769600 2936.608000 837.206400 1541.424000 1.000000
920.673600 2972.352000 837.816000 1570.760000 1.000000
922.401600 2691.504000 840.747200 1317.665600 1.000000
928.286400 2837.872000 845.659200 1453.526400 1.000000
931.846400 3003.488000 847.100800 1602.304000 1.000000
937.859200 2200.048000 851.792000 815.696000 1.000000
936.950400 2946.144000 852.649600 1552.830400 1.000000
942.011200 1685.200000 855.606400 181.651200 1.000000
939.632000 2563.184000 857.424000 1195.552000 1.000000
946.563200 2655.456000 863.289600 1292.496000 1.000000
947.328000 2408.384000 863.467200 1040.670400 1.000000
953.494400 1968.992000 866.841600 548.505600 1.000000
953.619200 2978.736000 867.174400 1587.121600 1.000000
953.441600 2935.328000 867.688000 1548.497600 1.000000
952.776000 2655.424000 868.689600 1291.708800 1.000000
954.952000 2040.032000 868.867200 635.683200 1.000000
955.422400 2788.912000 870.411200 1417.638400 1.000000
962.110400 2718.240000 870.955200 1355.283200 1.000000
956.859200 2323.248000 871.630400 957.057600 1.000000
960.305600 2087.056000 875.158400 692.792000 1.000000
961.604800 2969.328000 875.392000 1579.422400 1.000000
963.161600 2778.016000 876.888000 1407.764800 1.000000
963.220800 2545.664000 878.902400 1186.569600 1.000000
965.347200 2984.416000 879.142400 1592.940800 1.000000
965.606400 1941.584000 880.233600 520.846400 1.000000
968.566400 2955.776000 881.958400 1569.598400 1.000000
965.908800 2484.704000 882.475200 1127.283200 1.000000
968.344000 2094.160000 882.923200 706.177600 1.000000
968.388800 2104.112000 883.617600 717.590400 1.000000
970.086400 2760.912000 884.971200 1396.144000 1.000000
970.310400 2395.664000 886.702400 1034.956800 1.000000
971.164800 2196.512000 887.035200 821.713600 1.000000
972.425600 2792.944000 887.606400 1428.617600 1.000000
972.206400 1823.008000 887.980800 370.163200 1.000000
971.979200 2383.616000 888.249600 1022.264000 1.000000
976.648000 2969.728000 888.654400 1583.308800 1.000000
976.657600 2751.280000 891.356800 1388.516800 1.000000
972.003200 2654.400000 891.433600 1292.248000 1.000000
979.451200 2948.928000 891.668800 1566.422400 1.000000
976.742400 2442.000000 891.729600 1086.126400 1.000000
976.502400 2136.896000 894.491200 760.648000 1.000000
980.040000 2632.336000 895.280000 1276.380800 1.000000
979.072000 1910.240000 895.315200 487.384000 1.000000
983.870400 2906.304000 896.278400 1529.956800 1.000000
982.012800 2877.056000 896.476800 1503.179200 1.000000
984.304000 2934.752000 897.534400 1554.060800 1.000000
983.371200 2679.376000 899.468800 1320.752000 1.000000
983.054400 2124.928000 899.515200 746.030400 1.000000
979.747200 1591.750400 900.604800 73.553920 1.000000
988.024000 2816.592000 900.640000 1452.531200 1.000000
985.073600 2618.480000 900.905600 1264.534400 1.000000
989.894400 2959.648000 901.158400 1578.422400 1.000000
985.166400 2534.016000 903.121600 1179.630400 1.000000
989.750400 2747.168000 904.836800 1387.099200 1.000000
992.307200 2493.728000 907.105600 1144.320000 1.000000
993.624000 2664.384000 907.662400 1309.516800 1.000000
992.235200 2219.040000 907.873600 854.489600 1.000000
993.628800 2590.048000 907.958400 1239.793600 1.000000
996.827200 2639.136000 910.772800 1285.712000 1.000000
995.652800 2564.864000 911.332800 1212.800000 1.000000
996.854400 2232.944000 912.828800 870.264000 1.000000
998.548800 2626.608000 913.611200 1274.649600 1.000000
996.049600 1746.240000 914.110400 281.435200 1.000000
1000.481600 2173.008000 915.860800 806.593600 1.000000
1000.217600 2207.824000 915.979200 844.296000 1.000000
997.571200 1700.224000 916.004800 224.560000 1.000000
998.446400 2117.712000 916.884800 742.654400 1.000000
1001.940800 2092.880000 917.438400 714.686400 1.000000
1002.644800 2492.704000 917.507200 1143.811200 1.000000
1003.507200 2221.168000 919.243200 859.992000 1.000000
1003.398400 2440.752000 919.636800 1092.129600 1.000000
1005.296000 2415.760000 920.662400 1069.400000 1.000000
1005.542400 1847.088000 921.793600 414.846400 1.000000
1008.704000 2643.184000 923.003200 1294.339200 1.000000
1003.291200 1799.072000 924.654400 353.827200 1.000000
1013.068800 2794.784000 925.000000 1436.022400 1.000000
1010.716800 2503.536000 925.601600 1155.884800 1.000000
1009.145600 1901.072000 926.072000 481.980800 1.000000
1014.238400 2719.648000 927.209600 1368.305600 1.000000
1012.049600 2093.168000 927.961600 718.587200 1.000000
1019.526400 2972.848000 928.764800 1593.313600 1.000000
1014.488000 2476.272000 929.187200 1130.505600 1.000000
1013.601600 2448.624000 929.790400 1103.129600 1.000000
1019.854400 2952.816000 930.422400 1576.732800 1.000000
1012.081600 2021.184000 932.323200 629.638400 1.000000
1020.390400 2666.688000 934.147200 1319.777600 1.000000
1022.404800 2786.272000 934.235200 1429.395200 1.000000
1011.372800 1595.878400 934.326400 89.659040 1.000000
1017.755200 2132.240000 934.534400 765.638400 1.000000
1020.552000 2560.784000 934.953600 1217.363200 1.000000
1021.398400 2607.872000 935.372800 1261.200000 1.000000
1028.680000 2928.624000 935.633600 1558.420800 1.000000
1019.128000 2375.792000 935.945600 1029.281600 1.000000
1021.872000 2057.232000 937.088000 679.566400 1.000000
1025.212800 2507.408000 939.712000 1162.276800 1.000000
1021.374400 1890.448000 941.700800 470.627200 1.000000
1025.502400 2298.416000 942.020800 948.884800 1.000000
1028.593600 2078.032000 945.993600 704.534400 1.000000
1020.609600 1581.963200 946.032000 73.636160 1.000000
1027.192000 1792.576000 947.401600 353.832000 1.000000
1040.433600 2941.680000 947.408000 1570.472000 1.000000
1035.881600 2733.568000 947.456000 1385.896000 1.000000
1029.577600 2098.672000 947.462400 729.425600 1.000000
1038.012800 2744.240000 948.176000 1394.174400 1.000000
1040.577600 2684.256000 951.732800 1340.936000 1.000000
1040.684800 2725.424000 952.038400 1377.971200 1.000000
1034.705600 2084.384000 953.208000 714.030400 1.000000
1036.443200 2190.480000 953.280000 835.668800 1.000000
1040.705600 2549.376000 954.531200 1212.096000 1.000000
1049.118400 2836.656000 956.081600 1482.184000 1.000000
1037.161600 2144.816000 956.710400 785.264000 1.000000
1042.097600 2470.320000 956.947200 1129.233600 1.000000
1042.254400 2119.792000 959.398400 756.510400 1.000000
1045.443200 2406.848000 959.875200 1068.705600 1.000000
1050.355200 2732.208000 960.993600 1386.915200 1.000000
1042.806400 2000.928000 962.331200 616.472000 1.000000
1041.113600 1812.016000 963.302400 381.350400 1.000000
1054.480000 2774.352000 963.321600 1426.019200 1.000000
1049.100800 2394.368000 963.588800 1056.742400 1.000000
1054.604800 2805.152000 963.896000 1455.027200 1.000000
1040.598400 1830.448000 964.592000 399.971200 1.000000
1058.163200 2829.120000 966.521600 1478.408000 1.000000
1048.496000 2071.728000 967.952000 703.027200 1.000000
1047.694400 2058.720000 968.468800 686.726400 1.000000
1051.977600 2222.688000 968.960000 875.198400 1.000000
1052.326400 2272.320000 968.996800 928.238400 1.000000
1050.809600 2164.704000 969.256000 809.788800 1.000000
1056.318400 2427.088000 970.448000 1093.256000 1.000000
1064.144000 2608.784000 971.147200 1281.272000 1.000000
1064.835200 2844.928000 971.667200 1494.608000 1.000000
1052.670400 1969.648000 972.000000 582.832000 1.000000
1054.260800 2157.440000 972.347200 802.403200 1.000000
1058.686400 2574.064000 972.462400 1239.120000 1.000000
1053.918400 2050.096000 974.456000 679.108800 1.000000
1054.384000 1768.336000 976.499200 330.232000 1.000000
1070.139200 2801.984000 977.300800 1456.011200 1.000000
1067.672000 2745.248000 977.872000 1403.249600 1.000000
1061.057600 2175.152000 978.760000 824.771200 1.000000
1068.944000 2656.784000 979.080000 1321.793600 1.000000
1059.606400 2247.840000 979.376000 903.088000 1.000000
1071.408000 2758.736000 979.723200 1415.337600 1.000000
1070.630400 2630.176000 979.928000 1297.782400 1.000000
1066.232000 2396.944000 980.312000 1064.073600 1.000000
1059.686400 1865.984000 983.356800 451.236800 1.000000
1059.152000 1732.064000 983.990400 285.073600 1.000000
1077.854400 2828.240000 984.702400 1481.464000 1.000000
1062.353600 1812.144000 984.721600 385.859200 1.000000
1068.164800 2142.432000 986.564800 789.059200 1.000000
1060.891200 1708.832000 988.118400 255.100800 1.000000
1083.803200 2917.008000 988.592000 1556.705600 1.000000
1077.822400 2493.904000 990.147200 1166.571200 1.000000
1089.036800 2941.408000 991.308800 1579.585600 1.000000
1086.635200 2839.744000 992.284800 1493.502400 1.000000
1092.627200 2972.384000 993.140800 1609.536000 1.000000
1072.667200 1978.720000 993.422400 598.140800 1.000000
1064.360000 1602.128000 994.758400 113.313280 1.000000
1088.288000 2722.768000 996.123200 1386.616000 1.000000
1079.910400 2277.824000 996.464000 941.166400 1.000000
1081.020800 2287.616000 996.780800 953.553600 1.000000
1077.116800 1979.648000 998.785600 599.894400 1.000000
1091.408000 2669.136000 999.460800 1337.712000 1.000000
1083.814400 2267.504000 1000.027200 931.025600 1.000000
1099.718400 2960.880000 1000.772800 1600.112000 1.000000
1073.651200 1668.512000 1001.715200 205.833600 1.000000
1094.635200 2715.344000 1002.440000 1379.641600 1.000000
1081.145600 2011.104000 1003.448000 638.564800 1.000000
1081.089600 1805.696000 1004.761600 383.345600 1.000000
1077.993600 1782.000000 1005.380800 352.003200 1.000000
1100.284800 2802.832000 1005.940800 1463.078400 1.000000
1086.851200 2034.576000 1006.712000 670.273600 1.000000
1104.084800 2889.920000 1007.113600 1539.531200 1.000000
1103.955200 2811.552000 1007.660800 1470.144000 1.000000
1095.921600 2401.776000 1010.422400 1075.110400 1.000000
1104.243200 2718.480000 1011.777600 1384.768000 1.000000
1095.284800 2253.584000 1012.987200 918.948800 1.000000
1093.627200 2077.008000 1013.177600 722.321600 1.000000
1096.672000 2238.624000 1013.817600 902.484800 1.000000
1086.912000 1710.336000 1014.048000 263.408000 1.000000
1104.713600 2666.336000 1014.139200 1335.851200 1.000000
1102.897600 2479.680000 1014.344000 1157.766400 1.000000
1113.977600 2948.032000 1015.500800 1591.480000 1.000000
1095.636800 2057.728000 1015.942400 700.427200 1.000000
1103.686400 2456.480000 1016.531200 1135.800000 1.000000
1095.763200 2065.440000 1016.790400 708.763200 1.000000
1113.076800 2780.896000 1017.678400 1445.905600 1.000000
1096.731200 2005.728000 1018.036800 639.084800 1.000000
1105.817600 2526.816000 1018.368000 1203.838400 1.000000
1114.747200 2819.616000 1018.780800 1481.049600 1.000000
1092.388800 1791.552000 1019.065600 367.251200 1.000000
1104.897600 2310.448000 1020.464000 983.606400 1.000000
1115.198400 2759.712000 1021.036800 1426.516800 1.000000
1111.721600 2597.872000 1021.403200 1273.548800 1.000000
1108.883200 2297.648000 1025.220800 971.908800 1.000000
1109.054400 2288.000000 1025.427200 962.307200 1.000000
1097.728000 1863.776000 1025.931200 458.112000 1.000000
1124.811200 2877.008000 1026.118400 1530.585600 1.000000
1110.595200 2250.224000 1027.899200 920.716800 1.000000
1095.979200 1600.432000 1028.081600 116.575680 1.000000
1100.840000 1752.416000 1028.336000 320.012800 1.000000
1127.260800 2734.480000 1030.958400 1408.078400 1.000000
1124.635200 2715.136000 1031.324800 1386.267200 1.000000
1114.380800 2282.496000 1032.051200 956.881600 1.000000
1126.940800 2726.528000 1032.326400 1397.969600 1.000000
1136.400000 2976.272000 1032.916800 1618.448000 1.000000
1125.760000 2639.216000 1033.910400 1314.958400 1.000000
1116.814400 2214.752000 1034.628800 882.027200 1.000000
1116.734400 2166.032000 1035.681600 828.827200 1.000000
1133.726400 2835.008000 1036.000000 1496.086400 1.000000
1100.600000 1580.851200 1036.020800 92.857120 1.000000
1138.233600 2946.880000 1037.398400 1594.369600 1.000000
1119.134400 2043.520000 1038.476800 689.057600 1.000000
1131.710400 2592.992000 1041.036800 1272.912000 1.000000
1145.766400 2919.712000 1043.636800 1572.929600 1.000000
1131.979200 2460.304000 1043.926400 1145.147200 1.000000
1128.672000 2333.696000 1044.233600 1011.859200 1.000000
1112.217600 1677.552000 1045.100800 225.302400 1.000000
1141.340800 2703.392000 1045.984000 1379.699200 1.000000
1142.702400 2770.656000 1046.113600 1441.400000 1.000000
1147.355200 2888.032000 1046.918400 1544.372800 1.000000
1140.905600 2683.584000 1047.227200 1359.510400 1.000000
1141.979200 2675.632000 1047.881600 1352.595200 1.000000
1116.774400 1694.784000 1048.838400 248.587200 1.000000
1135.011200 2342.592000 1049.168000 1021.724800 1.000000
1139.884800 2467.920000 1050.425600 1155.056000 1.000000
1126.651200 1961.088000 1052.062400 590.339200 1.000000
1141.052800 2485.728000 1052.737600 1170.838400 1.000000
1151.395200 2713.968000 1054.864000 1392.716800 1.000000
1161.987200 2963.328000 1055.968000 1611.792000 1.000000
1137.971200 2230.208000 1056.267200 906.798400 1.000000
1123.806400 1727.216000 1056.592000 292.545600 1.000000
1127.654400 1803.232000 1057.412800 390.256000 1.000000
1133.796800 2001.024000 1057.478400 643.928000 1.000000
1138.988800 2153.840000 1058.219200 818.003200 1.000000
1159.756800 2847.664000 1058.867200 1511.902400 1.000000
1152.510400 2640.752000 1058.883200 1321.844800 1.000000
1139.689600 2104.944000 1061.292800 764.299200 1.000000
1142.852800 2135.600000 1063.108800 800.848000 1.000000
1166.014400 2875.648000 1063.531200 1537.089600 1.000000
1137.486400 1882.224000 1063.601600 495.630400 1.000000
1153.244800 2506.864000 1064.142400 1194.851200 1.000000
1126.497600 1578.180800 1064.153600 89.906080 1.000000
1160.692800 2715.648000 1065.142400 1394.416000 1.000000
1131.838400 1720.320000 1066.294400 286.180800 1.000000
1171.724800 2905.888000 1067.433600 1565.643200 1.000000
1135.003200 1744.112000 1067.528000 316.596800 1.000000
1157.070400 2480.976000 1067.873600 1170.532800 1.000000
1159.217600 2560.000000 1067.974400 1246.155200 1.000000
1169.721600 2844.112000 1068.708800 1510.118400 1.000000
1173.542400 2910.048000 1070.262400 1569.979200 1.000000
1168.000000 2704.608000 1070.897600 1386.598400 1.000000
1160.752000 2494.128000 1071.355200 1184.672000 1.000000
1143.737600 1913.472000 1071.587200 536.582400 1.000000
1176.635200 2929.344000 1071.595200 1585.918400 1.000000
1174.476800 2856.080000 1072.264000 1521.249600 1.000000
1154.145600 2240.768000 1072.300800 921.307200 1.000000
1141.187200 1760.656000 1073.843200 338.542400 1.000000
1163.889600 2474.000000 1074.553600 1165.308800 1.000000
1166.028800 2501.248000 1074.777600 1191.696000 1.000000
1178.313600 2863.712000 1075.225600 1528.628800 1.000000
1156.881600 2215.600000 1075.710400 894.897600 1.000000
1145.590400 1858.592000 1076.513600 465.817600 1.000000
1181.332800 2908.608000 1076.625600 1568.736000 1.000000
1170.475200 2635.824000 1076.686400 1320.438400 1.000000
1140.784000 1705.456000 1076.804800 268.009600 1.000000
1163.665600 2379.648000 1078.302400 1069.449600 1.000000
1141.126400 1658.080000 1079.534400 205.510400 1.000000
1186.208000 2946.352000 1080.088000 1601.808000 1.000000
1169.836800 2427.712000 1080.531200 1120.936000 1.000000
1166.617600 2387.552000 1080.569600 1080.611200 1.000000
1161.252800 2169.600000 1081.268800 845.788800 1.000000
1170.316800 2394.240000 1083.520000 1087.204800 1.000000
1175.078400 2496.528000 1083.896000 1187.996800 1.000000
1187.907200 2877.152000 1084.228800 1542.414400 1.000000
1176.500800 2479.728000 1086.496000 1172.260800 1.000000
1167.612800 2217.648000 1086.545600 899.667200 1.000000
1170.683200 2328.320000 1086.555200 1014.686400 1.000000
1182.443200 2660.432000 1086.696000 1347.657600 1.000000
1162.345600 2013.104000 1087.484800 662.451200 1.000000
1180.675200 2583.936000 1087.683200 1272.542400 1.000000
1145.891200 1552.857600 1088.544000 59.697760 1.000000
1172.632000 2288.240000 1088.664000 973.617600 1.000000
1165.400000 1927.072000 1089.969600 558.811200 1.000000
1167.625600 2088.896000 1090.843200 752.444800 1.000000
1160.174400 1870.320000 1091.472000 485.654400 1.000000
1190.616000 2696.080000 1091.907200 1379.673600 1.000000
1179.491200 2405.984000 1091.969600 1100.472000 1.000000
1158.961600 1762.992000 1092.990400 344.672000 1.000000
1189.792000 2666.352000 1093.041600 1355.587200 1.000000
1175.441600 2302.992000 1093.361600 991.808000 1.000000
1188.748800 2634.816000 1094.556800 1323.865600 1.000000
1201.628800 2900.432000 1095.112000 1565.483200 1.000000
1195.094400 2705.088000 1096.710400 1390.878400 1.000000
1204.344000 2912.464000 1097.456000 1575.729600 1.000000
1166.372800 1885.648000 1098.046400 506.608000 1.000000
1176.964800 2070.128000 1100.006400 735.360000 1.000000
1176.862400 2101.296000 1101.537600 770.507200 1.000000
1172.243200 1919.168000 1101.996800 552.483200 1.000000
1186.048000 2297.648000 1102.187200 986.172800 1.000000
1182.012800 2198.656000 1102.694400 881.387200 1.000000
1204.321600 2730.976000 1104.483200 1414.448000 1.000000
1190.470400 2366.672000 1104.816000 1062.388800 1.000000
1212.912000 2903.008000 1105.572800 1568.923200 1.000000
1176.048000 1895.168000 1105.857600 524.001600 1.000000
1204.019200 2677.344000 1105.878400 1366.521600 1.000000
1180.782400 2047.248000 1106.084800 707.731200 1.000000
1170.008000 1696.960000 1107.524800 262.062400 1.000000
1194.448000 2373.424000 1107.995200 1072.043200 1.000000
1172.993600 1746.800000 1109.592000 325.489600 1.000000
1199.390400 2456.992000 1109.856000 1153.648000 1.000000
1209.288000 2640.992000 1111.664000 1335.558400 1.000000
1177.051200 1791.792000 1111.945600 386.569600 1.000000
1199.620800 2383.264000 1111.974400 1078.782400 1.000000
1173.224000 1683.088000 1112.121600 242.315200 1.000000
1201.908800 2431.440000 1113.259200 1129.571200 1.000000
1214.334400 2741.024000 1113.408000 1424.040000 1.000000
1222.902400 2926.608000 1113.910400 1591.048000 1.000000
1189.724800 2117.216000 1114.222400 789.889600 1.000000
1189.289600 2029.456000 1116.246400 686.889600 1.000000
1212.228800 2554.064000 1118.486400 1250.585600 1.000000
1209.208000 2518.208000 1119.198400 1211.009600 1.000000
1200.460800 2209.344000 1119.257600 897.220800 1.000000
1175.246400 1609.072000 1119.643200 140.417440 1.000000
1219.361600 2733.280000 1120.123200 1419.441600 1.000000
1201.798400 2266.736000 1120.820800 958.168000 1.000000
1220.617600 2657.520000 1122.035200 1351.276800 1.000000
1211.660800 2452.224000 1122.856000 1151.649600 1.000000
1218.716800 2608.304000 1125.216000 1306.064000 1.000000
1228.211200 2750.080000 1126.027200 1434.971200 1.000000
1226.096000 2635.840000 1127.780800 1332.782400 1.000000
1238.532800 2823.760000 1132.094400 1504.209600 1.000000
1235.368000 2766.816000 1132.644800 1450.120000 1.000000
1238.976000 2840.896000 1132.673600 1517.976000 1.000000
1202.200000 1920.384000 1132.820800 561.171200 1.000000
1212.979200 2160.976000 1133.513600 847.571200 1.000000
1230.835200 2614.528000 1134.952000 1313.622400 1.000000
1241.014400 2847.696000 1135.011200 1525.598400 1.000000
1235.052800 2667.232000 1135.577600 1362.457600 1.000000
1209.291200 2042.304000 1136.286400 708.841600 1.000000
1223.492800 2367.632000 1136.827200 1069.644800 1.000000
1240.513600 2705.824000 1138.459200 1397.752000 1.000000
1247.476800 2866.032000 1138.795200 1544.206400 1.000000
1200.638400 1767.616000 1138.862400 360.803200 1.000000
1229.859200 2467.120000 1139.022400 1168.694400 1.000000
1240.724800 2732.096000 1139.217600 1420.051200 1.000000
1191.160000 1555.940800 1141.025600 71.428000 1.000000
1203.537600 1795.968000 1141.086400 403.139200 1.000000
1234.747200 2512.512000 1142.384000 1213.180800 1.000000
1216.038400 2076.704000 1142.844800 752.454400 1.000000
1226.553600 2263.952000 1143.212800 960.347200 1.000000
1202.888000 1718.560000 1143.491200 296.923200 1.000000
1244.320000 2689.968000 1143.785600 1384.180800 1.000000
1221.913600 2111.872000 1145.081600 793.904000 1.000000
1250.361600 2766.880000 1145.371200 1454.473600 1.000000
1229.564800 2288.848000 1145.705600 988.696000 1.000000
1210.118400 1780.848000 1148.633600 382.803200 1.000000
1239.492800 2428.848000 1149.409600 1130.518400 1.000000
1215.374400 1858.704000 1150.513600 487.448000 1.000000
1214.796800 1811.280000 1152.227200 426.248000 1.000000
1257.217600 2755.504000 1152.267200 1444.430400 1.000000
1256.720000 2720.528000 1153.803200 1413.108800 1.000000
1216.641600 1795.040000 1154.561600 405.336000 1.000000
1249.758400 2564.272000 1154.811200 1268.641600 1.000000
1240.460800 2342.512000 1155.401600 1046.465600 1.000000
1223.264000 1901.440000 1156.222400 540.262400 1.000000
1246.580800 2446.864000 1156.691200 1150.844800 1.000000
1225.795200 1967.440000 1157.059200 621.816000 1.000000
1253.960000 2567.872000 1158.326400 1272.788800 1.000000
1266.888000 2795.216000 1159.620800 1483.136000 1.000000
1258.224000 2584.880000 1160.521600 1289.774400 1.000000
1236.753600 2082.960000 1162.254400 763.593600 1.000000
1221.712000 1737.776000 1162.374400 325.372800 1.000000
1241.180800 2172.656000 1164.232000 862.140800 1.000000
1259.512000 2516.448000 1165.656000 1223.504000 1.000000
1239.508800 2015.216000 1166.900800 685.200000 1.000000
1254.612800 2385.440000 1167.369600 1091.408000 1.000000
1224.894400 1682.704000 1169.201600 256.316800 1.000000
1275.016000 2713.008000 1170.366400 1409.316800 1.000000
1231.545600 1816.720000 1170.481600 436.616000 1.000000
1281.918400 2866.384000 1170.630400 1547.028800 1.000000
1244.793600 2069.264000 1171.080000 749.635200 1.000000
1267.286400 2562.976000 1171.153600 1270.563200 1.000000
1252.660800 2228.208000 1171.281600 928.371200 1.000000
1268.360000 2530.656000 1173.363200 1239.459200 1.000000
1255.712000 2218.560000 1174.948800 917.065600 1.000000
1293.411200 2946.128000 1175.059200 1615.616000 1.000000
1291.468800 2904.864000 1175.305600 1580.588800 1.000000
1271.515200 2518.608000 1177.188800 1228.088000 1.000000
1282.528000 2718.784000 1177.630400 1415.184000 1.000000
1259.585600 2248.672000 1178.526400 954.140800 1.000000
1254.086400 2094.592000 1179.104000 780.174400 1.000000
1241.009600 1826.960000 1180.190400 448.683200 1.000000
1290.132800 2779.168000 1180.974400 1472.123200 1.000000
1267.792000 2348.080000 1181.659200 1056.276800 1.000000
1285.728000 2683.504000 1182.507200 1383.856000 1.000000
1249.889600 1933.296000 1183.476800 585.252800 1.000000
1293.614400 2819.040000 1183.491200 1508.902400 1.000000
1273.038400 2426.592000 1183.678400 1136.139200 1.000000
1262.155200 2190.480000 1183.742400 884.651200 1.000000
1280.654400 2529.680000 1184.904000 1243.297600 1.000000
1294.182400 2747.184000 1185.136000 1442.892800 1.000000
1272.004800 2318.304000 1185.144000 1023.017600 1.000000
1291.065600 2718.544000 1185.600000 1416.507200 1.000000
1241.912000 1748.624000 1185.868800 351.326400 1.000000
1300.904000 2886.752000 1185.964800 1566.462400 1.000000
1255.166400 1960.384000 1187.574400 620.534400 1.000000
1238.604800 1661.680000 1188.294400 233.022400 1.000000
1254.136000 1892.640000 1190.201600 534.364800 1.000000
1285.396800 2502.160000 1190.217600 1214.668800 1.000000
1283.238400 2454.160000 1190.828800 1164.972800 1.000000
1308.166400 2895.296000 1191.822400 1574.360000 1.000000
1262.577600 1998.112000 1193.532800 668.347200 1.000000
1299.374400 2673.360000 1196.332800 1374.358400 1.000000
1284.412800 2368.720000 1196.510400 1079.222400 1.000000
1298.800000 2628.096000 1197.904000 1335.452800 1.000000
1255.004800 1775.520000 1198.934400 388.768000 1.000000
1294.027200 2507.168000 1200.129600 1221.019200 1.000000
1286.542400 2358.080000 1201.084800 1069.065600 1.000000
1252.454400 1697.856000 1201.387200 285.148800 1.000000
1271.313600 2053.312000 1201.472000 736.203200 1.000000
1306.214400 2685.280000 1202.168000 1388.036800 1.000000
1305.406400 2662.048000 1202.574400 1366.356800 1.000000
1318.915200 2886.992000 1202.750400 1568.864000 1.000000
1318.489600 2863.616000 1202.937600 1549.075200 1.000000
1299.380800 2519.504000 1203.593600 1233.329600 1.000000
1276.462400 2038.672000 1205.662400 720.748800 1.000000
1268.500800 1865.152000 1206.899200 501.668800 1.000000
1273.062400 1921.120000 1208.115200 573.875200 1.000000
1272.486400 1895.120000 1209.699200 541.016000 1.000000
1281.768000 2077.408000 1209.718400 762.481600 1.000000
1328.640000 2889.184000 1210.284800 1571.558400 1.000000
1312.628800 2627.536000 1211.126400 1336.542400 1.000000
1317.264000 2679.760000 1212.398400 1385.660800 1.000000
1309.081600 2514.208000 1213.228800 1229.740800 1.000000
1303.868800 2381.200000 1213.873600 1094.177600 1.000000
1321.822400 2723.152000 1214.276800 1425.440000 1.000000
1299.380800 2280.880000 1215.340800 991.604800 1.000000
1280.902400 1971.152000 1215.836800 640.619200 1.000000
1328.308800 2782.416000 1215.862400 1479.812800 1.000000
1324.323200 2714.128000 1216.398400 1417.073600 1.000000
1298.275200 2248.976000 1217.433600 960.324800 1.000000
1327.494400 2759.120000 1217.811200 1458.035200 1.000000
1330.345600 2779.856000 1218.435200 1478.257600 1.000000
1314.896000 2537.984000 1218.740800 1255.152000 1.000000
1331.353600 2771.856000 1219.979200 1471.163200 1.000000
1302.072000 2240.496000 1220.721600 949.376000 1.000000
1322.777600 2605.600000 1220.961600 1317.400000 1.000000
1334.257600 2787.520000 1221.148800 1485.571200 1.000000
1327.465600 2656.864000 1221.334400 1365.241600 1.000000
1301.897600 2209.808000 1221.961600 919.078400 1.000000
1306.080000 2291.584000 1222.065600 1003.425600 1.000000
1305.440000 2257.920000 1223.432000 968.112000 1.000000
1306.523200 2227.184000 1224.054400 937.225600 1.000000
1332.553600 2723.712000 1224.152000 1427.921600 1.000000
1289.673600 1951.824000 1224.678400 616.611200 1.000000
1265.088000 1559.203200 1224.944000 70.185440 1.000000
1307.972800 2254.400000 1226.401600 966.452800 1.000000
1346.579200 2915.504000 1226.662400 1596.664000 1.000000
1315.596800 2377.680000 1226.972800 1094.201600 1.000000
1304.392000 2166.432000 1227.708800 870.272000 1.000000
1295.456000 1975.040000 1227.985600 646.912000 1.000000
1318.857600 2430.272000 1228.044800 1148.502400 1.000000
1321.388800 2437.408000 1228.100800 1156.038400 1.000000
1339.646400 2739.280000 1228.206400 1442.779200 1.000000
1347.297600 2873.392000 1229.296000 1560.806400 1.000000
1353.246400 2909.456000 1230.459200 1592.180800 1.000000
1285.147200 1799.776000 1230.900800 417.752000 1.000000
1325.526400 2432.320000 1232.886400 1151.846400 1.000000
1292.411200 1861.680000 1233.246400 502.299200 1.000000
1330.644800 2539.936000 1233.532800 1257.662400 1.000000
1311.484800 2174.880000 1234.467200 881.185600 1.000000
1341.800000 2686.480000 1234.886400 1395.342400 1.000000
1300.494400 1969.088000 1236.275200 640.086400 1.000000
1340.155200 2624.576000 1237.166400 1337.588800 1.000000
1355.400000 2864.832000 1237.592000 1554.585600 1.000000
1366.376000 2989.872000 1238.443200 1661.424000 1.000000
1324.235200 2328.240000 1238.862400 1042.379200 1.000000
1341.569600 2610.144000 1241.011200 1323.408000 1.000000
1338.844800 2522.544000 1241.358400 1240.051200 1.000000
1354.118400 2766.352000 1242.035200 1468.616000 1.000000
1315.358400 2125.504000 1242.593600 825.345600 1.000000
1347.156800 2634.576000 1242.668800 1347.323200 1.000000
1344.310400 2586.416000 1243.212800 1302.148800 1.000000
1355.510400 2745.264000 1243.414400 1451.937600 1.000000
1343.475200 2537.616000 1243.729600 1255.926400 1.000000
1320.088000 2148.816000 1244.782400 852.977600 1.000000
1373.942400 2996.672000 1245.088000 1668.464000 1.000000
1343.624000 2502.112000 1246.452800 1221.604800 1.000000
1343.728000 2453.072000 1249.654400 1174.329600 1.000000
1315.792000 1950.208000 1251.497600 619.004800 1.000000
1381.612800 2999.888000 1252.105600 1671.408000 1.000000
1322.014400 2053.504000 1252.438400 745.081600 1.000000
1332.300800 2231.552000 1252.544000 945.297600 1.000000
1354.225600 2557.088000 1253.393600 1276.820800 1.000000
1333.057600 2201.920000 1254.747200 912.536000 1.000000
1329.660800 2149.440000 1254.980800 856.216000 1.000000
1376.342400 2869.856000 1255.523200 1561.323200 1.000000
1325.678400 2067.856000 1255.891200 761.275200 1.000000
1360.908800 2618.064000 1256.084800 1334.008000 1.000000
1376.062400 2850.528000 1256.750400 1546.012800 1.000000
1361.409600 2602.112000 1257.625600 1319.254400 1.000000
1384.025600 2941.600000 1257.889600 1623.552000 1.000000
1351.342400 2438.384000 1257.904000 1160.054400 1.000000
1316.902400 1852.256000 1258.179200 493.918400 1.000000
1335.521600 2182.880000 1258.464000 892.321600 1.000000
1327.435200 2072.832000 1258.739200 767.036800 1.000000
1334.265600 2151.616000 1258.883200 859.308800 1.000000
1337.712000 2133.312000 1259.219200 839.481600 1.000000
1351.427200 2419.344000 1259.249600 1138.363200 1.000000
1350.134400 2392.896000 1259.400000 1114.670400 1.000000
1312.088000 1822.144000 1259.646400 454.585600 1.000000
1373.358400 2731.920000 1260.283200 1442.521600 1.000000
1341.331200 2238.896000 1260.414400 952.377600 1.000000
1356.955200 2464.880000 1261.809600 1187.923200 1.000000
1388.969600 2928.240000 1262.817600 1614.432000 1.000000
1309.393600 1709.712000 1263.580800 287.897600 1.000000
1378.683200 2761.888000 1263.924800 1468.667200 1.000000
1331.945600 2019.408000 1265.059200 703.105600 1.000000
1370.244800 2606.096000 1266.256000 1324.907200 1.000000
1347.742400 2248.592000 1266.393600 963.664000 1.000000
1312.654400 1718.928000 1266.523200 301.950400 1.000000
1352.105600 2321.536000 1266.590400 1042.142400 1.000000
1336.088000 2041.824000 1268.296000 732.702400 1.000000
1336.044800 2053.904000 1268.689600 746.310400 1.000000
1346.568000 2185.552000 1269.310400 896.420800 1.000000
1360.648000 2429.520000 1269.353600 1152.502400 1.000000
1383.990400 2719.008000 1271.840000 1431.731200 1.000000
1378.227200 2566.784000 1274.825600 1288.419200 1.000000
1397.520000 2858.560000 1274.984000 1554.422400 1.000000
1340.441600 1992.384000 1276.073600 673.470400 1.000000
1342.776000 2016.832000 1277.345600 702.289600 1.000000
1355.304000 2208.560000 1277.345600 922.540800 1.000000
1318.816000 1659.664000 1278.027200 222.659200 1.000000
1392.062400 2726.160000 1278.416000 1438.457600 1.000000
1363.502400 2307.280000 1279.096000 1028.352000 1.000000
1385.424000 2621.408000 1279.268800 1340.793600 1.000000
1313.267200 1533.091200 1281.636800 46.170080 1.000000
1344.492800 1937.584000 1282.377600 606.875200 1.000000
1378.803200 2465.856000 1282.851200 1190.960000 1.000000
1395.120000 2670.384000 1283.947200 1389.571200 1.000000
1384.896000 2539.136000 1284.128000 1262.803200 1.000000
1373.763200 2376.288000 1284.208000 1100.270400 1.000000
1371.587200 2338.608000 1284.718400 1061.577600 1.000000
1413.012800 2913.568000 1285.518400 1603.216000 1.000000
1397.916800 2679.840000 1285.993600 1396.886400 1.000000
1409.857600 2861.536000 1286.024000 1558.160000 1.000000
1353.006400 2033.600000 1286.873600 727.398400 1.000000
1333.763200 1732.672000 1287.092800 319.168000 1.000000
1410.288000 2849.744000 1287.516800 1547.515200 1.000000
1359.366400 2092.896000 1288.569600 794.715200 1.000000
1380.036800 2391.520000 1289.220800 1117.219200 1.000000
1390.136000 2505.360000 1290.321600 1231.742400 1.000000
1358.024000 2016.704000 1290.548800 704.675200 1.000000
1383.563200 2410.496000 1291.387200 1136.542400 1.000000
1367.640000 2158.912000 1291.393600 867.590400 1.000000
1389.288000 2466.896000 1291.448000 1193.856000 1.000000
1425.739200 2980.384000 1291.993600 1660.928000 1.000000
1385.873600 2436.640000 1292.668800 1163.267200 1.000000
1409.758400 2736.368000 1293.404800 1449.340800 1.000000
1345.201600 1807.296000 1294.651200 428.161600 1.000000
1364.649600 2104.480000 1294.675200 809.236800 1.000000
1376.086400 2240.736000 1295.356800 960.017600 1.000000
1414.057600 2757.456000 1295.483200 1467.224000 1.000000
1430.875200 3001.376000 1295.574400 1678.816000 1.000000
1422.396800 2867.776000 1296.432000 1565.225600 1.000000
1371.340800 2134.224000 1298.092800 842.140800 1.000000
1375.524800 2193.344000 1298.145600 909.484800 1.000000
1427.230400 2890.704000 1299.446400 1585.104000 1.000000
1422.444800 2834.992000 1300.195200 1536.094400 1.000000
1381.488000 2230.352000 1301.153600 950.460800 1.000000
1405.137600 2561.904000 1301.974400 1285.652800 1.000000
1428.379200 2867.392000 1302.286400 1566.081600 1.000000
1400.736000 2491.424000 1302.382400 1219.609600 1.000000
1355.051200 1851.232000 1302.404800 482.558400 1.000000
1375.145600 2127.696000 1302.876800 836.409600 1.000000
1370.132800 2054.928000 1302.996800 751.182400 1.000000
1379.806400 2184.864000 1303.008000 900.897600 1.000000
1438.400000 2972.832000 1304.190400 1656.320000 1.000000
1429.308800 2856.400000 1304.320000 1556.616000 1.000000
1413.616000 2585.840000 1308.796800 1312.048000 1.000000
1431.848000 2802.992000 1309.587200 1509.350400 1.000000
1394.819200 2286.096000 1310.230400 1009.929600 1.000000
1405.444800 2411.056000 1312.484800 1139.622400 1.000000
1354.513600 1718.592000 1313.121600 310.404800 1.000000
1420.681600 2610.048000 1313.937600 1336.129600 1.000000
1432.836800 2749.952000 1314.358400 1463.025600 1.000000
1433.646400 2697.472000 1318.756800 1415.884800 1.000000
1418.608000 2498.752000 1319.734400 1228.918400 1.000000
1448.542400 2867.888000 1320.380800 1567.108800 1.000000
1435.560000 2683.376000 1320.825600 1402.798400 1.000000
1433.102400 2662.752000 1321.489600 1384.740800 1.000000
1418.470400 2464.864000 1321.694400 1194.499200 1.000000
1441.172800 2758.064000 1321.782400 1471.376000 1.000000
1385.841600 2015.312000 1321.996800 691.036800 1.000000
1361.964800 1708.800000 1322.875200 300.233600 1.000000
1425.200000 2523.328000 1324.214400 1254.024000 1.000000
1440.225600 2686.992000 1325.867200 1407.182400 1.000000
1458.371200 2909.712000 1326.107200 1604.688000 1.000000
1448.241600 2757.920000 1327.555200 1472.264000 1.000000
1415.124800 2346.464000 1328.008000 1073.326400 1.000000
1451.188800 2770.288000 1329.875200 1482.521600 1.000000
1390.355200 1947.552000 1331.508800 612.134400 1.000000
1457.588800 2820.224000 1331.790400 1527.064000 1.000000
1359.120000 1532.632000 1333.438400 56.866400 1.000000
1402.315200 2087.792000 1334.502400 780.916800 1.000000
1396.800000 1977.392000 1335.996800 647.766400 1.000000
1390.488000 1911.792000 1336.350400 567.003200 1.000000
1435.841600 2472.432000 1337.334400 1203.564800 1.000000
1391.361600 1899.888000 1338.676800 552.384000 1.000000
1465.792000 2822.448000 1339.224000 1530.025600 1.000000
1472.881600 2890.848000 1341.355200 1587.440000 1.000000
1436.625600 2421.104000 1342.214400 1152.232000 1.000000
1391.401600 1853.104000 1342.451200 493.356800 1.000000
1436.302400 2433.808000 1342.486400 1164.555200 1.000000
1400.376000 1956.320000 1344.019200 623.276800 1.000000
1420.614400 2164.704000 1345.676800 867.734400 1.000000
1392.260800 1730.528000 1354.291200 335.184000 1.000000
1377.649600 1535.059200 1354.708800 61.042880 1.000000
1391.608000 1679.568000 1355.649600 264.020800 1.000000
1473.681600 2703.072000 1356.118400 1410.464000 1.000000
1440.902400 2303.648000 1356.137600 1020.115200 1.000000
1428.336000 2139.120000 1356.998400 841.339200 1.000000
1384.204800 1564.564800 1358.734400 104.815840 1.000000
1378.848000 1510.193600 1359.531200 24.360320 1.000000
1405.432000 1808.384000 1361.004800 440.798400 1.000000
1407.174400 1832.848000 1361.752000 471.732800 1.000000
1415.270400 1915.040000 1362.657600 575.800000 1.000000
1485.379200 2753.888000 1363.024000 1454.700800 1.000000
1439.897600 2199.312000 1364.516800 909.296000 1.000000
1419.988800 1938.864000 1365.016000 605.972800 1.000000
1459.496000 2416.944000 1365.888000 1138.064000 1.000000
1484.422400 2715.408000 1366.230400 1428.297600 1.000000
1473.486400 2577.152000 1367.107200 1294.654400 1.000000
1438.812800 2144.400000 1367.640000 847.491200 1.000000
1452.548800 2302.432000 1367.830400 1020.192000 1.000000
1396.899200 1598.350400 1368.259200 153.056640 1.000000
1395.921600 1606.192000 1368.502400 164.203200 1.000000
1473.230400 2545.152000 1368.852800 1265.545600 1.000000
1440.432000 2133.008000 1369.536000 835.692800 1.000000
1422.873600 1925.360000 1370.068800 590.992000 1.000000
1486.665600 2693.296000 1370.168000 1403.724800 1.000000
1477.721600 2563.824000 1371.233600 1282.792000 1.000000
1507.736000 2913.680000 1372.219200 1597.068800 1.000000
1439.369600 2077.680000 1372.489600 773.558400 1.000000
1448.404800 2210.480000 1372.508800 922.454400 1.000000
1480.699200 2575.472000 1373.120000 1293.612800 1.000000
1416.667200 1771.280000 1377.145600 391.841600 1.000000
1409.939200 1688.832000 1377.350400 281.862400 1.000000
1445.902400 2090.544000 1378.448000 788.368000 1.000000
1473.736000 2429.248000 1378.593600 1155.220800 1.000000
1409.953600 1669.680000 1378.752000 255.547200 1.000000
1461.980800 2288.000000 1379.184000 1007.348800 1.000000
1421.222400 1795.952000 1379.584000 424.688000 1.000000
1451.132800 2149.280000 1379.796800 855.528000 1.000000
1499.537600 2703.408000 1380.280000 1414.222400 1.000000
1466.828800 2306.528000 1381.547200 1026.971200 1.000000
1485.184000 2530.368000 1381.616000 1252.012800 1.000000
1461.737600 2227.584000 1382.841600 940.907200 1.000000
1431.936000 1860.192000 1385.112000 508.478400 1.000000
1449.804800 2057.024000 1385.449600 747.798400 1.000000
1441.329600 1943.344000 1386.507200 612.849600 1.000000
1478.364800 2390.336000 1386.753600 1114.310400 1.000000
1421.489600 1725.264000 1388.331200 332.065600 1.000000
1433.654400 1842.736000 1388.403200 488.500800 1.000000
1454.881600 2088.176000 1389.336000 787.211200 1.000000
1422.547200 1695.088000 1390.355200 293.139200 1.000000
1472.945600 2259.136000 1390.724800 976.292800 1.000000
1493.836800 2507.792000 1391.372800 1230.107200 1.000000
1464.976000 2167.696000 1392.779200 876.880000 1.000000
1429.768000 1743.168000 1393.737600 354.585600 1.000000
1477.848000 2273.888000 1395.198400 990.724800 1.000000
1496.856000 2496.064000 1396.904000 1218.510400 1.000000
1474.969600 2195.968000 1400.078400 906.806400 1.000000
1440.134400 1785.584000 1400.164800 413.508800 1.000000
1465.280000 2076.496000 1401.140800 771.729600 1.000000
1472.512000 2147.488000 1402.500800 853.302400 1.000000
1471.648000 2121.600000 1402.830400 826.920000 1.000000
1487.496000 2266.576000 1405.598400 984.196800 1.000000
1441.136000 1722.816000 1408.203200 331.795200 1.000000
1446.238400 1759.728000 1408.902400 383.305600 1.000000
1481.513600 2139.344000 1411.385600 845.851200 1.000000
1450.771200 1790.064000 1412.273600 420.796800 1.000000
1460.060800 1875.744000 1414.006400 532.668800 1.000000
1461.868800 1898.064000 1414.244800 558.907200 1.000000
1465.209600 1929.712000 1414.280000 596.718400 1.000000
1439.492800 1617.712000 1416.376000 188.564800 1.000000
1450.153600 1736.832000 1416.556800 350.800000 1.000000
1471.363200 1919.472000 1420.638400 586.385600 1.000000
1468.161600 1887.152000 1421.116800 545.945600 1.000000
1458.731200 1707.776000 1428.764800 314.144000 1.000000
1451.187200 1578.334400 1435.244800 136.355680 1.000000
1451.449600 1565.192000 1436.096000 117.684000 1.000000
1484.905600 1792.960000 1450.542400 431.596800 1.000000
2389.664000 1676.032000 2284.144000 1618.304000 1.000000
2582.128000 1956.928000 2388.928000 1945.808000 1.000000
2624.608000 1892.288000 2442.320000 1914.336000 1.000000
2642.832000 1952.272000 2443.888000 1971.296000 1.000000
2696.800000 1879.136000 2507.408000 1950.112000 1.000000
2547.552000 1380.526400 2517.616000 1371.987200 1.000000
2715.184000 1851.728000 2531.712000 1933.296000 1.000000
2705.440000 1802.144000 2538.384000 1875.632000 1.000000
2564.960000 1353.113600 2544.400000 1353.958400 1.000000
2594.896000 1416.144000 2554.784000 1425.534400 1.000000
2734.336000 1790.304000 2567.856000 1876.736000 1.000000
2695.888000 1522.153600 2571.424000 1393.334400 1.000000
2742.048000 1781.808000 2577.520000 1871.424000 1.000000
2656.768000 1489.249600 2590.240000 1532.252800 1.000000
2753.680000 1771.648000 2591.056000 1866.416000 1.000000
2752.832000 1760.928000 2593.152000 1857.312000 1.000000
2665.504000 1504.212800 2593.632000 1554.364800 1.000000
2640.112000 1390.400000 2606.784000 1423.766400 1.000000
2797.216000 1821.568000 2614.384000 1932.992000 1.000000
2640.576000 1345.112000 2621.504000 1374.638400 1.000000
2769.504000 1703.968000 2626.576000 1811.072000 1.000000
2807.376000 1771.232000 2638.480000 1890.640000 1.000000
2749.952000 1592.276800 2642.000000 1681.168000 1.000000
2813.728000 1765.920000 2646.656000 1890.720000 1.000000
2848.464000 1782.992000 2670.176000 1925.152000 1.000000
2859.584000 1770.048000 2683.840000 1919.344000 1.000000
2878.864000 1774.448000 2699.392000 1934.112000 1.000000
2927.264000 1717.104000 2759.344000 1914.944000 1.000000
3365.776000 1517.846400 3057.088000 2385.200000 1.000000
