95.960160 767.158400 169.430400 1336.145600 1.000000
171.968000 787.273600 243.622400 1352.086400 1.000000
159.811520 779.436800 262.747200 1347.824000 1.000000
172.334400 502.184000 266.337600 1080.390400 1.000000
186.907200 536.030400 278.492800 1106.484800 1.000000
175.337600 310.222400 281.452800 875.819200 1.000000
347.073600 1588.950400 353.243200 2195.024000 1.000000
354.640000 1672.176000 353.854400 2285.872000 1.000000
352.406400 1564.334400 361.588800 2167.696000 1.000000
357.497600 1547.080000 367.224000 2148.688000 1.000000
358.476800 1516.193600 371.619200 2115.888000 1.000000
415.398400 1956.048000 385.977600 2564.560000 1.000000
411.918400 1920.176000 393.334400 2561.504000 1.000000
405.787200 1926.048000 395.297600 2604.032000 1.000000
415.772800 1937.728000 396.344000 2581.584000 1.000000
388.147200 1516.193600 397.888000 2118.208000 1.000000
415.044800 1870.256000 400.312000 2506.736000 1.000000
422.116800 1941.664000 402.096000 2588.416000 1.000000
421.811200 1922.320000 404.454400 2563.952000 1.000000
422.934400 1910.960000 405.782400 2552.224000 1.000000
428.892800 1970.576000 407.116800 2621.152000 1.000000
421.011200 1887.136000 407.155200 2524.208000 1.000000
435.078400 1976.800000 413.571200 2627.168000 1.000000
309.352000 205.078400 414.152000 786.238400 1.000000
315.748800 214.236800 422.273600 793.364800 1.000000
451.715200 1999.776000 428.552000 2654.752000 1.000000
451.488000 2022.512000 429.065600 2681.216000 1.000000
457.537600 2013.872000 434.408000 2671.536000 1.000000
334.025600 198.260800 442.830400 776.168000 1.000000
426.491200 1257.796800 448.992000 1872.848000 1.000000
339.110400 85.131680 449.592000 673.888000 1.000000
427.504000 1256.811200 450.224000 1872.128000 1.000000
355.465600 103.324000 464.916800 687.601600 1.000000
482.969600 1860.368000 465.430400 2496.048000 1.000000
355.979200 45.235840 466.936000 636.147200 1.000000
491.368000 1983.264000 468.732800 2640.512000 1.000000
359.417600 64.725440 470.860800 651.182400 1.000000
358.364800 37.194880 470.958400 628.699200 1.000000
357.091200 29.082560 471.160000 620.510400 1.000000
369.552000 31.463520 482.523200 621.918400 1.000000
373.384000 42.071360 485.979200 630.630400 1.000000
375.619200 61.959840 487.112000 651.764800 1.000000
466.980800 1399.632000 490.003200 1985.280000 1.000000
385.782400 87.383360 493.259200 673.923200 1.000000
401.579200 189.523200 497.086400 766.680000 1.000000
397.899200 198.356800 501.395200 775.966400 1.000000
405.753600 306.108800 502.475200 867.651200 1.000000
431.051200 1677.408000 513.313600 2329.376000 1.000000
419.132800 198.158400 519.200000 773.771200 1.000000
508.651200 1498.001600 521.025600 2088.160000 1.000000
449.944000 358.144000 539.569600 893.955200 1.000000
523.464000 6.850672 586.875200 7.056656 1.000000
501.795200 255.571200 592.753600 793.121600 1.000000
507.433600 286.249600 597.809600 820.792000 1.000000
548.348800 65.247680 607.860800 55.963040 1.000000
534.262400 267.347200 625.155200 803.248000 1.000000
580.172800 260.784000 669.510400 794.859200 1.000000
699.475200 1792.496000 697.752000 2409.056000 1.000000
621.817600 338.102400 706.185600 873.555200 1.000000
626.166400 315.811200 710.777600 853.468800 1.000000
628.129600 302.211200 711.265600 840.673600 1.000000
629.528000 206.276800 716.068800 746.545600 1.000000
610.304000 1727.488000 721.393600 2361.120000 1.000000
726.422400 1789.424000 725.688000 2403.888000 1.000000
647.284800 185.001600 735.070400 728.865600 1.000000
745.059200 1791.088000 746.688000 2405.552000 1.000000
764.460800 1734.176000 770.664000 2344.608000 1.000000
768.982400 1756.400000 772.662400 2365.776000 1.000000
803.972800 1779.664000 804.772800 2389.792000 1.000000
843.638400 1785.312000 846.459200 2392.816000 1.000000
854.803200 1780.800000 858.336000 2388.032000 1.000000
790.257600 207.766400 867.945600 744.195200 1.000000
860.952000 1691.360000 869.971200 2259.168000 1.000000
900.043200 2372.672000 874.308800 2920.464000 1.000000
899.280000 2350.080000 875.804800 2896.688000 1.000000
868.512000 1710.208000 876.363200 2280.816000 1.000000
860.222400 1549.414400 876.678400 2095.536000 1.000000
902.806400 2257.360000 882.612800 2793.728000 1.000000
864.241600 1452.081600 885.692800 1988.368000 1.000000
868.473600 1506.542400 887.187200 2047.664000 1.000000
910.171200 2331.904000 887.358400 2873.536000 1.000000
909.976000 2317.456000 887.380800 2857.536000 1.000000
873.593600 1561.144000 889.060800 2111.648000 1.000000
882.467200 1699.968000 889.969600 2267.376000 1.000000
874.984000 1550.918400 891.025600 2098.640000 1.000000
877.048000 1582.675200 892.104000 2134.864000 1.000000
874.075200 1491.028800 892.596800 2028.336000 1.000000
916.726400 2435.040000 893.531200 2982.848000 1.000000
881.699200 1621.808000 895.208000 2179.120000 1.000000
819.235200 233.217600 895.708800 765.700800 1.000000
918.481600 2372.336000 896.224000 2912.976000 1.000000
875.510400 1432.984000 898.020800 1966.976000 1.000000
823.142400 191.897600 898.857600 727.017600 1.000000
919.219200 2261.104000 900.388800 2792.304000 1.000000
878.616000 1417.267200 901.622400 1949.376000 1.000000
883.897600 1488.427200 903.652800 2026.944000 1.000000
827.713600 174.140800 904.196800 718.001600 1.000000
884.779200 1433.289600 906.577600 1966.160000 1.000000
897.152000 1724.368000 907.161600 2290.160000 1.000000
924.587200 2213.728000 907.225600 2742.448000 1.000000
885.521600 1425.324800 908.268800 1957.280000 1.000000
887.809600 1481.532800 908.656000 2019.264000 1.000000
892.609600 1503.611200 909.811200 2044.928000 1.000000
901.273600 1702.848000 910.750400 2262.592000 1.000000
929.883200 2283.504000 911.136000 2814.688000 1.000000
837.523200 225.606400 911.612800 760.160000 1.000000
925.920000 2150.112000 911.969600 2671.760000 1.000000
933.331200 2299.744000 912.371200 2835.728000 1.000000
931.344000 2266.336000 913.417600 2795.696000 1.000000
937.344000 2394.544000 914.216000 2935.312000 1.000000
934.489600 2215.680000 917.300800 2742.816000 1.000000
940.438400 2383.328000 917.564800 2924.432000 1.000000
938.929600 2302.496000 917.958400 2837.984000 1.000000
908.195200 1706.672000 918.449600 2266.480000 1.000000
939.576000 2340.224000 918.756800 2875.568000 1.000000
937.612800 2233.520000 921.347200 2759.424000 1.000000
937.859200 2200.048000 922.638400 2723.120000 1.000000
941.988800 2310.448000 922.750400 2842.512000 1.000000
914.321600 1703.008000 923.686400 2260.272000 1.000000
938.585600 2163.248000 924.153600 2685.552000 1.000000
947.328000 2408.384000 924.772800 2948.816000 1.000000
937.884800 2109.056000 926.369600 2628.400000 1.000000
944.816000 2238.064000 927.571200 2764.240000 1.000000
942.806400 2224.352000 927.678400 2749.760000 1.000000
953.352000 2460.336000 929.492800 3004.944000 1.000000
951.841600 2360.144000 930.340800 2897.776000 1.000000
952.155200 2282.608000 934.126400 2810.160000 1.000000
948.988800 2184.832000 934.969600 2707.440000 1.000000
957.267200 2416.944000 935.129600 2957.120000 1.000000
956.867200 2386.992000 935.470400 2926.192000 1.000000
956.859200 2323.248000 938.076800 2856.096000 1.000000
943.902400 1999.232000 938.126400 2511.264000 1.000000
955.276800 2248.448000 938.961600 2774.272000 1.000000
941.446400 1913.536000 939.379200 2423.968000 1.000000
925.468800 1571.809600 940.040000 2077.984000 1.000000
923.776000 1542.785600 940.300800 2049.184000 1.000000
951.072000 2133.856000 940.622400 2649.584000 1.000000
946.278400 1968.800000 941.811200 2479.600000 1.000000
956.105600 2221.632000 942.187200 2744.656000 1.000000
955.377600 2123.264000 944.459200 2639.504000 1.000000
928.446400 1550.988800 944.584000 2056.176000 1.000000
954.542400 2068.480000 946.278400 2582.816000 1.000000
953.086400 2052.496000 946.907200 2565.040000 1.000000
958.529600 2140.656000 947.307200 2656.800000 1.000000
954.952000 2040.032000 948.398400 2552.880000 1.000000
954.459200 2008.096000 948.411200 2519.584000 1.000000
929.460800 1492.579200 948.428800 1998.752000 1.000000
964.684800 2226.960000 950.027200 2749.952000 1.000000
953.296000 1948.832000 950.401600 2458.512000 1.000000
964.473600 2174.352000 950.785600 2693.824000 1.000000
961.444800 2114.768000 952.524800 2628.480000 1.000000
952.692800 1854.480000 953.644800 2362.176000 1.000000
969.872000 2277.792000 953.929600 2803.712000 1.000000
973.638400 2371.472000 954.252800 2907.152000 1.000000
970.684800 2266.624000 954.564800 2792.544000 1.000000
956.755200 1917.776000 954.852800 2426.224000 1.000000
961.806400 2024.352000 955.548800 2536.016000 1.000000
976.742400 2442.000000 956.025600 2980.400000 1.000000
961.849600 1988.512000 958.550400 2495.504000 1.000000
940.865600 1507.014400 958.593600 2011.984000 1.000000
968.344000 2094.160000 959.312000 2607.296000 1.000000
968.388800 2104.112000 959.712000 2617.120000 1.000000
945.875200 1583.993600 960.348800 2086.608000 1.000000
962.233600 1956.768000 960.760000 2464.608000 1.000000
974.753600 2186.400000 962.262400 2705.440000 1.000000
980.969600 2366.192000 962.395200 2900.912000 1.000000
966.508800 1997.408000 962.825600 2505.456000 1.000000
978.752000 2283.632000 962.974400 2809.808000 1.000000
981.483200 2345.984000 963.348800 2877.168000 1.000000
979.635200 2302.608000 963.678400 2831.408000 1.000000
940.539200 1414.884800 964.094400 1923.184000 1.000000
980.913600 2290.176000 964.843200 2816.736000 1.000000
960.803200 1802.128000 965.398400 2306.544000 1.000000
947.308800 1471.633600 965.491200 1977.552000 1.000000
982.211200 2259.520000 966.912000 2783.392000 1.000000
988.107200 2397.952000 967.440000 2933.904000 1.000000
981.596800 2228.384000 967.795200 2749.696000 1.000000
984.993600 2338.080000 967.987200 2869.120000 1.000000
984.936000 2354.192000 968.056000 2886.432000 1.000000
964.336000 1833.744000 968.376000 2339.088000 1.000000
950.347200 1487.209600 969.160000 1991.056000 1.000000
988.161600 2373.600000 969.369600 2908.896000 1.000000
894.907200 58.982240 969.984000 604.406400 1.000000
951.769600 1506.702400 971.339200 2009.296000 1.000000
976.345600 1963.008000 971.900800 2471.120000 1.000000
955.731200 1554.710400 972.198400 2056.144000 1.000000
992.574400 2405.360000 973.488000 2940.640000 1.000000
989.758400 2325.488000 973.521600 2854.416000 1.000000
974.038400 1959.472000 973.587200 2465.072000 1.000000
966.232000 1765.728000 973.969600 2268.496000 1.000000
983.054400 2124.928000 974.076800 2637.392000 1.000000
985.457600 2170.352000 974.385600 2686.624000 1.000000
964.048000 1661.584000 974.456000 2162.944000 1.000000
959.633600 1573.521600 975.368000 2075.680000 1.000000
992.068800 2342.640000 975.457600 2873.680000 1.000000
959.851200 1566.806400 975.704000 2068.336000 1.000000
972.206400 1823.008000 976.465600 2327.488000 1.000000
997.635200 2463.312000 976.918400 3003.376000 1.000000
958.524800 1505.449600 976.937600 2008.112000 1.000000
951.939200 1371.342400 977.160000 1880.656000 1.000000
959.088000 1508.688000 977.312000 2012.784000 1.000000
968.320000 1698.416000 978.710400 2198.656000 1.000000
991.632000 2208.960000 978.777600 2726.416000 1.000000
984.878400 2068.160000 978.809600 2578.128000 1.000000
981.150400 1967.216000 978.832000 2474.480000 1.000000
992.235200 2219.040000 979.206400 2737.664000 1.000000
985.692800 2052.576000 979.726400 2562.160000 1.000000
973.944000 1784.864000 980.020800 2287.808000 1.000000
990.203200 2165.808000 980.225600 2681.504000 1.000000
977.137600 1838.080000 980.819200 2342.672000 1.000000
997.195200 2271.376000 980.924800 2794.224000 1.000000
958.819200 1436.310400 980.963200 1940.896000 1.000000
957.960000 1426.158400 981.364800 1929.536000 1.000000
963.899200 1534.009600 981.771200 2036.000000 1.000000
999.990400 2402.192000 982.139200 2936.288000 1.000000
965.230400 1559.174400 982.174400 2059.152000 1.000000
958.964800 1393.318400 982.424000 1901.264000 1.000000
1003.398400 2440.752000 983.955200 2977.920000 1.000000
987.462400 1958.928000 986.302400 2464.496000 1.000000
976.622400 1681.264000 986.491200 2182.176000 1.000000
995.011200 2201.632000 986.771200 2717.392000 1.000000
1003.102400 2342.016000 986.851200 2871.872000 1.000000
1005.296000 2415.760000 987.966400 2950.288000 1.000000
960.696000 1326.603200 988.094400 1838.384000 1.000000
962.291200 1348.321600 989.040000 1858.352000 1.000000
979.259200 1706.304000 989.182400 2206.704000 1.000000
998.446400 2117.712000 989.212800 2629.984000 1.000000
965.305600 1407.108800 989.524800 1912.736000 1.000000
993.803200 2022.832000 989.937600 2530.160000 1.000000
982.500800 1755.600000 990.081600 2257.200000 1.000000
969.491200 1477.262400 990.187200 1979.952000 1.000000
992.947200 1968.896000 990.187200 2474.720000 1.000000
1005.232000 2294.864000 990.193600 2821.632000 1.000000
972.352000 1506.548800 990.582400 2009.312000 1.000000
978.553600 1658.080000 990.676800 2157.456000 1.000000
976.673600 1602.512000 990.814400 2102.768000 1.000000
1000.481600 2173.008000 991.392000 2687.984000 1.000000
966.409600 1361.787200 991.822400 1868.992000 1.000000
983.672000 1728.256000 991.827200 2229.632000 1.000000
994.814400 1982.864000 992.521600 2487.280000 1.000000
1009.099200 2349.760000 992.849600 2880.192000 1.000000
976.363200 1537.852800 993.308800 2038.992000 1.000000
972.035200 1451.134400 993.382400 1953.248000 1.000000
1013.376000 2455.808000 993.476800 2995.072000 1.000000
976.936000 1550.780800 993.561600 2051.328000 1.000000
1003.363200 2162.592000 993.872000 2676.656000 1.000000
1001.940800 2092.880000 993.940800 2604.128000 1.000000
1008.032000 2287.152000 994.364800 2809.984000 1.000000
991.360000 1848.592000 994.937600 2350.752000 1.000000
979.747200 1591.750400 995.534400 2090.368000 1.000000
1015.596800 2462.832000 995.915200 3002.496000 1.000000
1004.142400 2134.144000 996.819200 2644.944000 1.000000
1010.929600 2314.624000 996.910400 2840.944000 1.000000
1011.731200 2263.552000 997.780800 2785.568000 1.000000
1007.918400 2150.656000 998.427200 2664.160000 1.000000
986.972800 1661.344000 998.990400 2160.080000 1.000000
1011.377600 2236.464000 999.579200 2755.888000 1.000000
1003.788800 2050.544000 1000.400000 2555.872000 1.000000
1017.673600 2309.504000 1000.683200 2833.440000 1.000000
1019.128000 2375.792000 1000.872000 2907.728000 1.000000
992.881600 1768.400000 1001.265600 2270.944000 1.000000
1012.091200 2199.584000 1001.691200 2715.584000 1.000000
1010.862400 2191.776000 1001.742400 2707.568000 1.000000
1018.024000 2350.800000 1002.401600 2880.224000 1.000000
977.292800 1371.353600 1002.529600 1878.800000 1.000000
1015.662400 2289.008000 1002.660800 2813.024000 1.000000
980.206400 1410.947200 1003.574400 1914.864000 1.000000
996.049600 1746.240000 1004.025600 2247.088000 1.000000
982.291200 1448.888000 1004.326400 1950.928000 1.000000
1015.035200 2218.720000 1004.532800 2735.776000 1.000000
1013.056000 2114.288000 1005.942400 2623.792000 1.000000
1006.867200 1975.344000 1005.966400 2478.832000 1.000000
1020.003200 2300.720000 1006.040000 2824.944000 1.000000
989.494400 1556.494400 1006.348800 2055.760000 1.000000
1016.584000 2171.584000 1006.856000 2685.152000 1.000000
977.185600 1280.467200 1006.894400 1793.008000 1.000000
997.571200 1700.224000 1007.099200 2198.960000 1.000000
979.526400 1302.532800 1007.299200 1813.648000 1.000000
1003.260800 1822.416000 1007.971200 2322.112000 1.000000
1025.731200 2415.376000 1009.091200 2949.840000 1.000000
1005.542400 1847.088000 1009.974400 2346.224000 1.000000
1021.772800 2228.016000 1010.508800 2746.496000 1.000000
976.484800 1229.112000 1010.563200 1751.312000 1.000000
1027.590400 2399.344000 1010.640000 2930.896000 1.000000
1023.614400 2239.792000 1010.998400 2759.824000 1.000000
996.014400 1580.252800 1011.856000 2078.176000 1.000000
996.152000 1536.684800 1012.848000 2036.960000 1.000000
1028.342400 2354.960000 1012.886400 2883.872000 1.000000
1012.635200 1948.656000 1013.108800 2451.504000 1.000000
1017.380800 2054.432000 1013.267200 2561.824000 1.000000
998.588800 1593.782400 1014.291200 2091.344000 1.000000
987.187200 1319.459200 1014.433600 1829.440000 1.000000
1006.177600 1759.536000 1014.828800 2257.312000 1.000000
988.865600 1343.204800 1015.424000 1851.168000 1.000000
990.379200 1380.424000 1015.600000 1885.776000 1.000000
1022.531200 2150.256000 1015.603200 2661.088000 1.000000
1000.083200 1563.950400 1016.433600 2062.736000 1.000000
998.156800 1545.240000 1016.472000 2043.840000 1.000000
1008.788800 1776.752000 1016.539200 2276.560000 1.000000
1015.116800 1911.744000 1016.816000 2414.768000 1.000000
1004.043200 1663.440000 1016.883200 2160.416000 1.000000
1014.408000 1905.104000 1016.996800 2407.872000 1.000000
1021.872000 2057.232000 1018.648000 2562.912000 1.000000
988.692800 1258.052800 1019.222400 1773.088000 1.000000
998.491200 1474.884800 1019.558400 1974.544000 1.000000
1031.788800 2224.656000 1021.577600 2741.472000 1.000000
1013.174400 1749.264000 1021.713600 2247.984000 1.000000
1015.710400 1790.944000 1022.201600 2291.312000 1.000000
1037.908800 2419.056000 1022.748800 2952.128000 1.000000
1034.195200 2267.856000 1022.828800 2787.984000 1.000000
994.956800 1324.451200 1023.049600 1833.008000 1.000000
1034.478400 2254.928000 1023.627200 2773.600000 1.000000
1013.014400 1704.704000 1023.723200 2202.752000 1.000000
995.049600 1293.099200 1023.904000 1802.816000 1.000000
1021.977600 1904.944000 1024.116800 2407.792000 1.000000
1001.252800 1426.587200 1024.188800 1927.984000 1.000000
1032.440000 2164.848000 1024.289600 2673.712000 1.000000
1028.593600 2078.032000 1024.627200 2585.232000 1.000000
1031.251200 2112.832000 1025.246400 2620.864000 1.000000
1038.249600 2327.856000 1025.795200 2851.872000 1.000000
1029.851200 2037.040000 1026.884800 2541.776000 1.000000
1043.153600 2446.336000 1027.075200 2982.672000 1.000000
1034.934400 2170.976000 1027.104000 2684.864000 1.000000
1022.425600 1846.528000 1027.472000 2346.416000 1.000000
1011.372800 1595.878400 1027.689600 2093.280000 1.000000
1037.161600 2144.816000 1028.361600 2659.152000 1.000000
1045.462400 2420.624000 1028.457600 2955.792000 1.000000
1030.688000 2020.592000 1028.470400 2525.504000 1.000000
1012.084800 1573.358400 1028.636800 2070.720000 1.000000
1002.915200 1358.332800 1029.110400 1863.104000 1.000000
1022.422400 1815.712000 1029.275200 2312.784000 1.000000
1040.358400 2268.608000 1029.433600 2787.456000 1.000000
1039.968000 2232.688000 1029.539200 2751.216000 1.000000
1045.443200 2406.848000 1029.561600 2945.664000 1.000000
1022.371200 1799.888000 1029.768000 2296.976000 1.000000
1033.705600 2100.304000 1029.865600 2607.872000 1.000000
1045.155200 2388.032000 1029.984000 2919.072000 1.000000
1027.651200 1933.008000 1030.036800 2434.592000 1.000000
1039.248000 2217.504000 1030.059200 2731.296000 1.000000
1041.875200 2261.680000 1030.824000 2781.456000 1.000000
1027.646400 1879.872000 1031.102400 2381.024000 1.000000
1025.211200 1867.216000 1031.523200 2369.088000 1.000000
1020.900800 1712.048000 1031.894400 2208.912000 1.000000
1032.012800 1973.568000 1032.384000 2474.048000 1.000000
1030.937600 1919.920000 1033.595200 2421.120000 1.000000
1038.320000 2068.768000 1034.097600 2576.992000 1.000000
1024.937600 1738.928000 1034.388800 2236.896000 1.000000
1012.521600 1458.291200 1034.668800 1958.496000 1.000000
1045.675200 2271.728000 1035.475200 2790.352000 1.000000
1049.100800 2394.368000 1036.468800 2924.608000 1.000000
1037.193600 2001.888000 1036.524800 2504.320000 1.000000
1049.785600 2351.200000 1036.532800 2877.264000 1.000000
1049.803200 2330.192000 1037.590400 2854.512000 1.000000
1029.286400 1755.488000 1038.382400 2252.896000 1.000000
1027.512000 1710.400000 1038.766400 2206.176000 1.000000
1042.801600 2097.744000 1038.856000 2604.112000 1.000000
1034.374400 1866.112000 1039.512000 2367.296000 1.000000
1038.337600 1978.032000 1039.513600 2477.888000 1.000000
1011.542400 1312.035200 1040.209600 1819.024000 1.000000
1055.545600 2436.624000 1040.916800 2971.200000 1.000000
1053.489600 2338.000000 1040.988800 2862.080000 1.000000
1056.358400 2446.192000 1041.368000 2982.848000 1.000000
1030.100800 1703.952000 1041.491200 2200.304000 1.000000
1050.120000 2235.520000 1041.531200 2752.096000 1.000000
1026.659200 1592.428800 1041.545600 2089.536000 1.000000
1022.395200 1533.220800 1041.556800 2031.280000 1.000000
1056.318400 2427.088000 1041.622400 2962.256000 1.000000
1017.219200 1381.883200 1042.158400 1883.968000 1.000000
1012.588800 1293.934400 1042.204800 1802.704000 1.000000
1033.550400 1804.448000 1042.358400 2300.528000 1.000000
1051.196800 2195.936000 1042.524800 2710.672000 1.000000
1024.644800 1495.571200 1043.779200 1995.088000 1.000000
1037.595200 1819.312000 1044.144000 2316.960000 1.000000
1050.809600 2164.704000 1044.782400 2675.248000 1.000000
1040.598400 1830.448000 1044.916800 2330.880000 1.000000
1041.648000 1897.072000 1046.219200 2396.144000 1.000000
1048.496000 2071.728000 1046.235200 2575.760000 1.000000
1026.291200 1501.580800 1046.368000 1999.952000 1.000000
1058.980800 2341.264000 1047.369600 2864.352000 1.000000
1054.260800 2157.440000 1047.651200 2667.648000 1.000000
1052.331200 2111.248000 1048.065600 2617.632000 1.000000
1053.411200 2103.840000 1048.625600 2610.048000 1.000000
1056.921600 2209.408000 1048.838400 2724.432000 1.000000
1043.494400 1885.888000 1049.260800 2385.184000 1.000000
1059.504000 2282.608000 1049.988800 2801.920000 1.000000
1045.888000 1911.984000 1050.171200 2411.024000 1.000000
1027.065600 1433.833600 1050.224000 1933.072000 1.000000
1047.144000 1931.056000 1050.899200 2430.352000 1.000000
1052.833600 1988.032000 1053.440000 2489.232000 1.000000
1066.067200 2346.768000 1053.452800 2872.080000 1.000000
1057.966400 2115.456000 1053.729600 2621.488000 1.000000
1059.740800 2161.360000 1054.019200 2672.000000 1.000000
1061.057600 2175.152000 1054.382400 2687.120000 1.000000
1024.184000 1269.748800 1054.632000 1781.328000 1.000000
1052.670400 1969.648000 1054.776000 2469.536000 1.000000
1033.148800 1472.556800 1054.921600 1972.480000 1.000000
1043.441600 1706.816000 1055.115200 2202.480000 1.000000
1036.320000 1523.694400 1055.174400 2020.432000 1.000000
1047.587200 1821.488000 1055.328000 2319.264000 1.000000
1029.452800 1354.627200 1055.582400 1856.960000 1.000000
1065.878400 2306.224000 1055.742400 2826.384000 1.000000
1043.704000 1673.552000 1057.054400 2169.440000 1.000000
1068.027200 2318.272000 1057.076800 2839.936000 1.000000
1030.923200 1367.696000 1057.171200 1870.000000 1.000000
1041.208000 1576.025600 1058.816000 2071.680000 1.000000
1059.264000 1986.208000 1059.452800 2487.856000 1.000000
1051.329600 1788.064000 1060.747200 2282.928000 1.000000
1070.571200 2272.192000 1061.347200 2790.736000 1.000000
1053.286400 1807.520000 1061.392000 2304.160000 1.000000
1039.795200 1450.939200 1062.392000 1949.776000 1.000000
1033.625600 1295.076800 1063.248000 1803.008000 1.000000
1064.331200 2046.576000 1063.372800 2548.992000 1.000000
1075.803200 2357.584000 1063.542400 2882.352000 1.000000
1045.592000 1560.444800 1063.860800 2056.816000 1.000000
1068.164800 2142.432000 1064.272000 2649.632000 1.000000
1060.387200 1925.600000 1064.364800 2425.296000 1.000000
1041.939200 1486.731200 1064.587200 1985.008000 1.000000
1077.553600 2426.992000 1064.692800 2959.616000 1.000000
1027.838400 1186.270400 1064.840000 1701.216000 1.000000
1046.094400 1544.468800 1064.945600 2040.640000 1.000000
1040.872000 1378.984000 1065.632000 1878.832000 1.000000
1043.166400 1434.964800 1065.841600 1934.368000 1.000000
1064.451200 1989.984000 1066.350400 2490.336000 1.000000
1064.558400 1964.176000 1066.630400 2463.632000 1.000000
1076.848000 2262.256000 1069.131200 2778.768000 1.000000
1068.182400 2029.568000 1069.140800 2531.120000 1.000000
1077.774400 2303.584000 1069.206400 2822.352000 1.000000
1062.353600 1812.144000 1069.257600 2309.024000 1.000000
1058.179200 1758.544000 1071.040000 2253.312000 1.000000
1077.761600 2231.008000 1071.547200 2740.416000 1.000000
1046.713600 1367.360000 1072.084800 1867.744000 1.000000
1076.760000 2177.360000 1072.390400 2687.504000 1.000000
1081.020800 2287.616000 1072.392000 2805.760000 1.000000
1069.697600 1943.856000 1073.649600 2441.840000 1.000000
1077.878400 2135.120000 1074.401600 2642.080000 1.000000
1072.667200 1978.720000 1074.545600 2478.256000 1.000000
1055.014400 1457.897600 1075.107200 1955.056000 1.000000
1077.430400 2084.976000 1075.920000 2588.624000 1.000000
1050.628800 1397.862400 1075.952000 1895.952000 1.000000
1086.520000 2375.568000 1076.492800 2901.744000 1.000000
1083.814400 2267.504000 1076.529600 2784.192000 1.000000
1047.057600 1285.152000 1076.788800 1792.896000 1.000000
1065.180800 1720.560000 1076.822400 2213.408000 1.000000
1073.164800 1926.064000 1077.139200 2424.384000 1.000000
1062.892800 1659.584000 1077.214400 2152.752000 1.000000
1089.992000 2461.936000 1077.323200 2996.272000 1.000000
1082.025600 2161.680000 1077.801600 2670.224000 1.000000
1088.230400 2352.784000 1078.145600 2876.816000 1.000000
1075.264000 1959.056000 1078.233600 2458.112000 1.000000
1064.014400 1670.112000 1078.260800 2162.880000 1.000000
1086.971200 2292.928000 1078.891200 2809.488000 1.000000
1057.409600 1470.694400 1079.040000 1968.384000 1.000000
1055.132800 1426.779200 1079.052800 1925.168000 1.000000
1087.649600 2282.944000 1079.137600 2799.824000 1.000000
1073.769600 1915.648000 1079.337600 2412.096000 1.000000
1065.294400 1653.280000 1079.696000 2145.568000 1.000000
1066.216000 1682.320000 1080.078400 2175.184000 1.000000
1061.745600 1543.339200 1081.156800 2038.784000 1.000000
1051.961600 1253.508800 1081.160000 1765.504000 1.000000
1069.560000 1731.392000 1081.380800 2223.952000 1.000000
1077.584000 1886.768000 1081.886400 2385.712000 1.000000
1083.276800 2102.784000 1083.390400 2605.264000 1.000000
1091.379200 2309.216000 1084.102400 2827.088000 1.000000
1089.792000 2162.576000 1085.398400 2669.744000 1.000000
1064.083200 1480.051200 1086.246400 1977.808000 1.000000
1060.737600 1355.569600 1087.208000 1854.496000 1.000000
1065.126400 1441.414400 1087.265600 1939.040000 1.000000
1086.851200 2034.576000 1087.427200 2535.216000 1.000000
1057.673600 1267.032000 1087.835200 1777.392000 1.000000
1084.878400 1951.984000 1088.030400 2450.128000 1.000000
1073.651200 1668.512000 1088.291200 2160.688000 1.000000
1060.208000 1308.326400 1088.334400 1815.744000 1.000000
1071.062400 1591.492800 1088.420800 2085.024000 1.000000
1067.868800 1508.392000 1088.817600 2004.736000 1.000000
1069.024000 1526.404800 1089.624000 2022.656000 1.000000
1092.488000 2146.464000 1089.801600 2653.200000 1.000000
1093.582400 2175.152000 1090.214400 2683.008000 1.000000
1081.089600 1805.696000 1090.353600 2302.240000 1.000000
1058.841600 1232.436800 1090.377600 1744.896000 1.000000
1097.505600 2267.408000 1090.412800 2785.296000 1.000000
1079.560000 1756.688000 1090.598400 2250.288000 1.000000
1096.672000 2238.624000 1090.844800 2752.272000 1.000000
1093.627200 2077.008000 1092.057600 2581.008000 1.000000
1075.734400 1602.096000 1092.288000 2095.120000 1.000000
1086.291200 1916.368000 1092.886400 2412.240000 1.000000
1069.905600 1453.096000 1093.075200 1950.464000 1.000000
1101.824000 2353.520000 1093.297600 2876.640000 1.000000
1088.984000 1908.128000 1094.196800 2405.184000 1.000000
1072.052800 1495.312000 1094.340800 1991.392000 1.000000
1104.828800 2463.584000 1094.689600 2995.520000 1.000000
1077.536000 1546.928000 1094.921600 2042.240000 1.000000
1078.635200 1620.624000 1094.928000 2113.120000 1.000000
1095.636800 2057.728000 1094.948800 2559.152000 1.000000
1103.236800 2328.496000 1094.953600 2849.552000 1.000000
1075.998400 1553.616000 1095.148800 2047.248000 1.000000
1090.838400 1953.808000 1095.393600 2451.424000 1.000000
1102.478400 2287.056000 1095.998400 2803.392000 1.000000
1071.907200 1407.976000 1096.385600 1905.680000 1.000000
1066.886400 1297.211200 1097.169600 1805.168000 1.000000
1104.897600 2310.448000 1097.481600 2827.792000 1.000000
1078.563200 1528.132800 1098.067200 2023.024000 1.000000
1081.083200 1612.192000 1098.819200 2105.248000 1.000000
1095.326400 1961.424000 1099.164800 2458.720000 1.000000
1103.342400 2198.688000 1099.209600 2709.456000 1.000000
1069.179200 1264.374400 1099.382400 1773.776000 1.000000
1087.902400 1745.712000 1099.528000 2237.600000 1.000000
1091.046400 1854.160000 1099.915200 2351.264000 1.000000
1087.744000 1771.648000 1100.246400 2265.728000 1.000000
1099.796800 2094.256000 1100.460800 2597.616000 1.000000
1086.912000 1710.336000 1100.771200 2202.512000 1.000000
1097.833600 1979.184000 1101.272000 2479.824000 1.000000
1070.676800 1199.240000 1101.760000 1714.496000 1.000000
1109.054400 2288.000000 1102.348800 2803.856000 1.000000
1071.000000 1230.144000 1102.361600 1741.776000 1.000000
1108.883200 2297.648000 1102.379200 2814.528000 1.000000
1110.782400 2393.088000 1102.897600 2920.864000 1.000000
1083.388800 1541.153600 1103.075200 2035.504000 1.000000
1097.728000 1863.776000 1103.918400 2361.392000 1.000000
1108.124800 2237.760000 1103.980800 2750.240000 1.000000
1097.203200 1894.848000 1104.030400 2391.024000 1.000000
1073.899200 1272.488000 1104.193600 1781.280000 1.000000
1044.929600 188.758400 1105.286400 717.504000 1.000000
1108.806400 2168.912000 1105.777600 2675.664000 1.000000
1102.969600 1983.776000 1106.313600 2483.328000 1.000000
1084.382400 1454.326400 1106.872000 1950.816000 1.000000
1082.571200 1397.913600 1107.716800 1895.328000 1.000000
1096.416000 1776.512000 1108.100800 2270.032000 1.000000
1094.214400 1684.544000 1108.360000 2175.824000 1.000000
1086.707200 1460.100800 1108.758400 1954.896000 1.000000
1113.732800 2239.072000 1109.372800 2751.760000 1.000000
1106.857600 2018.384000 1109.840000 2515.152000 1.000000
1076.187200 1214.233600 1110.193600 1728.448000 1.000000
1115.659200 2252.016000 1110.425600 2764.192000 1.000000
1103.732800 1907.472000 1110.694400 2401.760000 1.000000
1099.913600 1827.600000 1110.902400 2322.496000 1.000000
1095.193600 1670.656000 1110.920000 2161.168000 1.000000
1109.523200 2049.584000 1111.256000 2548.448000 1.000000
1116.814400 2214.752000 1112.553600 2725.680000 1.000000
1119.486400 2325.120000 1112.728000 2845.888000 1.000000
1095.979200 1600.432000 1114.339200 2092.960000 1.000000
1086.940800 1344.940800 1114.673600 1846.880000 1.000000
1108.137600 1920.288000 1114.686400 2415.200000 1.000000
1112.424000 1976.160000 1116.164800 2474.016000 1.000000
1125.448000 2431.600000 1117.118400 2959.024000 1.000000
1120.985600 2236.048000 1117.142400 2747.360000 1.000000
1098.252800 1535.899200 1117.244800 2029.776000 1.000000
1122.478400 2216.112000 1118.276800 2727.136000 1.000000
1093.260800 1397.985600 1118.886400 1895.600000 1.000000
1111.865600 1893.072000 1119.107200 2387.168000 1.000000
1100.600000 1580.851200 1119.113600 2071.952000 1.000000
1094.011200 1376.740800 1120.715200 1876.800000 1.000000
1126.840000 2290.208000 1121.552000 2806.256000 1.000000
1127.342400 2313.008000 1122.011200 2830.736000 1.000000
1118.435200 1993.552000 1122.198400 2490.592000 1.000000
1101.222400 1476.580800 1123.017600 1973.344000 1.000000
1131.873600 2434.016000 1124.040000 2960.512000 1.000000
1094.620800 1288.649600 1124.064000 1796.624000 1.000000
1120.171200 2007.584000 1124.152000 2503.936000 1.000000
1093.072000 1245.649600 1124.796800 1757.584000 1.000000
1122.443200 2025.152000 1125.326400 2521.776000 1.000000
1117.555200 1920.768000 1125.494400 2415.504000 1.000000
1132.944000 2355.136000 1125.958400 2878.048000 1.000000
1127.092800 2177.472000 1126.033600 2685.776000 1.000000
1112.705600 1710.368000 1127.041600 2201.968000 1.000000
1067.332800 172.460800 1127.076800 704.224000 1.000000
1126.785600 2124.336000 1127.273600 2628.112000 1.000000
1112.233600 1724.208000 1127.718400 2215.632000 1.000000
1095.860800 1259.408000 1127.752000 1769.184000 1.000000
1130.384000 2201.360000 1128.136000 2710.592000 1.000000
1123.256000 1990.336000 1128.201600 2486.400000 1.000000
1129.683200 2116.944000 1129.944000 2619.840000 1.000000
1133.984000 2254.656000 1131.108800 2765.328000 1.000000
1116.774400 1694.784000 1131.308800 2186.000000 1.000000
1118.320000 1755.520000 1131.312000 2248.400000 1.000000
1133.395200 2167.520000 1131.481600 2672.000000 1.000000
1139.884800 2467.920000 1131.635200 2999.088000 1.000000
1100.737600 1316.350400 1132.075200 1824.128000 1.000000
1131.475200 2090.288000 1132.852800 2592.288000 1.000000
1140.360000 2445.968000 1132.918400 2973.056000 1.000000
1138.569600 2378.064000 1132.956800 2902.336000 1.000000
1120.566400 1765.184000 1133.054400 2256.832000 1.000000
1126.651200 1961.088000 1133.115200 2456.928000 1.000000
1110.502400 1458.126400 1133.318400 1954.496000 1.000000
1113.612800 1513.686400 1133.883200 2005.792000 1.000000
1124.544000 1873.696000 1134.240000 2366.720000 1.000000
1139.444800 2317.840000 1134.286400 2836.832000 1.000000
1122.944000 1832.016000 1134.452800 2326.544000 1.000000
1131.700800 2056.096000 1134.531200 2554.176000 1.000000
1123.020800 1796.368000 1134.612800 2289.952000 1.000000
1143.116800 2475.952000 1135.395200 3008.608000 1.000000
1141.558400 2414.512000 1135.408000 2939.136000 1.000000
1133.796800 2001.024000 1137.945600 2497.824000 1.000000
1128.905600 1905.200000 1138.137600 2398.576000 1.000000
1141.452800 2252.912000 1138.864000 2762.976000 1.000000
1127.654400 1803.232000 1139.003200 2296.784000 1.000000
1116.076800 1468.209600 1139.571200 1963.088000 1.000000
1134.494400 1981.504000 1139.828800 2477.120000 1.000000
1133.998400 1968.208000 1140.358400 2463.024000 1.000000
1115.233600 1394.128000 1140.592000 1892.112000 1.000000
1128.262400 1774.032000 1140.777600 2267.504000 1.000000
1142.950400 2186.784000 1140.977600 2693.312000 1.000000
1129.065600 1786.752000 1141.027200 2280.432000 1.000000
1139.689600 2104.944000 1142.790400 2606.928000 1.000000
1142.852800 2135.600000 1143.254400 2639.312000 1.000000
1133.952000 1839.424000 1143.616000 2335.136000 1.000000
1146.692800 2281.472000 1144.993600 2795.296000 1.000000
1126.497600 1578.180800 1145.264000 2071.456000 1.000000
1145.033600 2173.184000 1145.523200 2678.256000 1.000000
1148.248000 2324.576000 1145.598400 2840.656000 1.000000
1135.931200 1844.864000 1146.811200 2338.944000 1.000000
1137.486400 1882.224000 1147.451200 2374.720000 1.000000
1152.809600 2342.768000 1148.371200 2863.296000 1.000000
1119.270400 1280.777600 1149.635200 1789.648000 1.000000
1150.041600 2204.464000 1150.190400 2710.384000 1.000000
1129.956800 1506.968000 1151.358400 2001.504000 1.000000
1119.123200 1223.934400 1151.537600 1737.776000 1.000000
1127.145600 1449.073600 1151.824000 1944.384000 1.000000
1119.038400 1204.531200 1151.896000 1718.288000 1.000000
1143.737600 1913.472000 1151.976000 2407.104000 1.000000
1148.036800 2029.920000 1152.979200 2526.896000 1.000000
1142.504000 1801.392000 1153.187200 2294.400000 1.000000
1133.329600 1514.264000 1155.012800 2008.512000 1.000000
1154.505600 2205.504000 1155.310400 2711.472000 1.000000
1156.881600 2215.600000 1156.454400 2722.128000 1.000000
1140.784000 1705.456000 1156.457600 2196.208000 1.000000
1149.814400 1966.768000 1157.006400 2459.312000 1.000000
1148.108800 1894.432000 1157.027200 2386.816000 1.000000
1141.126400 1658.080000 1157.873600 2148.512000 1.000000
1148.892800 1905.376000 1158.099200 2398.320000 1.000000
1135.043200 1431.387200 1158.638400 1928.032000 1.000000
1128.961600 1256.446400 1158.737600 1768.624000 1.000000
1153.961600 2048.096000 1159.396800 2546.144000 1.000000
1132.009600 1345.171200 1159.843200 1851.024000 1.000000
1132.356800 1296.433600 1161.742400 1805.232000 1.000000
1161.252800 2169.600000 1162.606400 2672.672000 1.000000
1154.155200 1926.176000 1162.691200 2418.368000 1.000000
1145.446400 1665.008000 1162.864000 2155.136000 1.000000
1133.542400 1241.739200 1163.428800 1752.416000 1.000000
1149.888000 1753.792000 1163.532800 2245.296000 1.000000
1142.678400 1537.462400 1163.611200 2030.528000 1.000000
1169.836800 2427.712000 1163.654400 2953.872000 1.000000
1166.617600 2387.552000 1163.856000 2908.688000 1.000000
1141.185600 1481.232000 1164.344000 1975.264000 1.000000
1137.257600 1383.544000 1164.388800 1887.600000 1.000000
1157.747200 1983.584000 1164.491200 2477.152000 1.000000
1156.656000 1895.504000 1165.044800 2388.032000 1.000000
1169.876800 2401.200000 1165.422400 2924.064000 1.000000
1148.539200 1675.344000 1165.785600 2165.872000 1.000000
1134.612800 1204.427200 1166.761600 1719.280000 1.000000
1157.932800 1908.000000 1166.790400 2399.920000 1.000000
1140.270400 1357.377600 1166.868800 1863.120000 1.000000
1145.891200 1552.857600 1166.878400 2046.256000 1.000000
1170.316800 2394.240000 1167.190400 2915.600000 1.000000
1170.683200 2328.320000 1168.488000 2846.432000 1.000000
1162.345600 2013.104000 1168.665600 2509.136000 1.000000
1169.280000 2231.168000 1169.470400 2739.680000 1.000000
1164.433600 1999.040000 1170.211200 2493.248000 1.000000
1160.174400 1870.320000 1170.672000 2361.296000 1.000000
1165.025600 2055.088000 1170.784000 2551.984000 1.000000
1172.632000 2288.240000 1171.027200 2802.592000 1.000000
1156.564800 1784.064000 1171.444800 2275.472000 1.000000
1174.208000 2363.712000 1171.865600 2881.776000 1.000000
1176.196800 2435.104000 1172.136000 2961.600000 1.000000
1142.393600 1270.892800 1172.713600 1781.504000 1.000000
1166.918400 2071.168000 1172.784000 2568.640000 1.000000
1175.441600 2302.992000 1173.785600 2817.376000 1.000000
1176.081600 2264.448000 1174.747200 2776.080000 1.000000
1176.476800 2339.024000 1174.817600 2856.496000 1.000000
1158.292800 1677.872000 1175.156800 2169.024000 1.000000
1143.316800 1227.388800 1175.496000 1740.496000 1.000000
1163.425600 1851.632000 1175.499200 2341.984000 1.000000
1153.689600 1492.740800 1175.504000 1987.920000 1.000000
1165.400000 1927.072000 1175.659200 2418.240000 1.000000
1179.491200 2405.984000 1175.902400 2929.264000 1.000000
1166.022400 1879.856000 1176.931200 2370.896000 1.000000
1179.811200 2317.376000 1176.985600 2834.720000 1.000000
1174.185600 2128.960000 1177.400000 2629.600000 1.000000
1150.438400 1360.238400 1177.571200 1866.528000 1.000000
1180.379200 2389.296000 1177.745600 2910.416000 1.000000
1156.120000 1506.600000 1178.198400 2000.592000 1.000000
1156.022400 1532.579200 1178.449600 2026.896000 1.000000
1164.774400 1772.352000 1178.884800 2263.840000 1.000000
1174.035200 2055.568000 1179.747200 2551.696000 1.000000
1148.592000 1238.688000 1179.875200 1751.296000 1.000000
1175.920000 2085.408000 1180.851200 2583.744000 1.000000
1152.448000 1323.385600 1181.377600 1830.944000 1.000000
1171.676800 1944.736000 1181.648000 2435.296000 1.000000
1179.163200 2134.048000 1181.990400 2634.160000 1.000000
1173.459200 1957.840000 1182.032000 2449.120000 1.000000
1153.902400 1278.452800 1183.612800 1788.672000 1.000000
1182.544000 2211.552000 1184.153600 2717.808000 1.000000
1155.395200 1300.929600 1184.280000 1809.952000 1.000000
1177.747200 2001.872000 1184.768000 2496.848000 1.000000
1170.008000 1696.960000 1186.137600 2188.112000 1.000000
1160.942400 1382.148800 1187.792000 1893.936000 1.000000
1172.993600 1746.800000 1187.910400 2237.408000 1.000000
1189.344000 2339.760000 1187.947200 2856.480000 1.000000
1173.131200 1733.520000 1188.105600 2225.008000 1.000000
1190.470400 2366.672000 1188.196800 2884.128000 1.000000
1169.673600 1648.768000 1188.326400 2139.264000 1.000000
1177.051200 1791.792000 1188.329600 2284.096000 1.000000
1159.976000 1195.785600 1190.548800 1709.328000 1.000000
1181.017600 1920.400000 1190.659200 2411.104000 1.000000
1182.817600 1947.040000 1191.456000 2438.496000 1.000000
1192.916800 2283.680000 1191.566400 2793.168000 1.000000
1171.129600 1547.502400 1192.750400 2040.416000 1.000000
1192.934400 2266.656000 1193.484800 2778.304000 1.000000
1190.564800 2143.008000 1193.795200 2642.032000 1.000000
1166.731200 1357.856000 1194.214400 1871.136000 1.000000
1179.672000 1775.072000 1194.230400 2266.208000 1.000000
1165.772800 1399.790400 1194.609600 1904.368000 1.000000
1183.067200 1833.456000 1194.739200 2322.256000 1.000000
1189.724800 2117.216000 1194.798400 2615.680000 1.000000
1190.009600 2077.440000 1195.368000 2574.976000 1.000000
1193.652800 2242.640000 1195.484800 2751.312000 1.000000
1180.438400 1720.032000 1195.488000 2211.728000 1.000000
1189.289600 2029.456000 1196.195200 2524.624000 1.000000
1193.795200 2299.792000 1196.561600 2811.440000 1.000000
1180.468800 1692.160000 1197.276800 2182.384000 1.000000
1193.080000 2136.416000 1197.595200 2636.048000 1.000000
1171.120000 1422.035200 1197.923200 1932.080000 1.000000
1175.248000 1506.984000 1197.971200 2000.736000 1.000000
1167.804800 1288.641600 1198.528000 1799.984000 1.000000
1199.620800 2383.264000 1199.441600 2901.408000 1.000000
1198.516800 2249.152000 1200.006400 2759.264000 1.000000
1191.195200 1970.352000 1200.161600 2462.592000 1.000000
1201.908800 2431.440000 1201.057600 2959.136000 1.000000
1199.998400 2309.584000 1201.515200 2822.528000 1.000000
1201.798400 2266.736000 1203.739200 2776.320000 1.000000
1197.038400 1950.864000 1206.499200 2441.312000 1.000000
1190.820800 1738.688000 1207.819200 2228.384000 1.000000
1198.924800 1998.384000 1208.222400 2491.312000 1.000000
1208.496000 2313.472000 1209.756800 2826.368000 1.000000
1194.838400 1761.024000 1210.460800 2250.848000 1.000000
1210.038400 2376.320000 1210.985600 2895.536000 1.000000
1199.724800 1839.088000 1212.654400 2327.024000 1.000000
1197.617600 1749.712000 1213.046400 2240.048000 1.000000
1183.220800 1377.142400 1213.516800 1888.240000 1.000000
1205.118400 2006.656000 1214.507200 2500.016000 1.000000
1212.347200 2291.552000 1214.779200 2803.568000 1.000000
1188.827200 1412.342400 1215.379200 1922.800000 1.000000
1214.220800 2253.808000 1218.052800 2762.112000 1.000000
1212.979200 2160.976000 1218.960000 2662.048000 1.000000
1191.292800 1355.828800 1219.936000 1869.424000 1.000000
1218.723200 2354.368000 1220.008000 2871.088000 1.000000
1203.537600 1795.968000 1220.299200 2281.744000 1.000000
1212.294400 2106.688000 1221.064000 2601.040000 1.000000
1202.888000 1718.560000 1221.190400 2207.104000 1.000000
1212.067200 2028.352000 1221.492800 2522.896000 1.000000
1206.452800 1806.592000 1221.523200 2293.792000 1.000000
1216.660800 2151.328000 1221.934400 2651.824000 1.000000
1213.622400 2051.520000 1222.086400 2545.648000 1.000000
1218.174400 2181.200000 1223.782400 2683.872000 1.000000
1223.344000 2313.056000 1223.854400 2826.464000 1.000000
1222.169600 2375.552000 1224.444800 2894.720000 1.000000
1225.283200 2415.168000 1224.838400 2937.376000 1.000000
1223.492800 2367.632000 1224.894400 2885.600000 1.000000
1203.251200 1568.878400 1224.947200 2061.296000 1.000000
1218.491200 2168.688000 1225.112000 2670.016000 1.000000
1215.510400 2001.440000 1225.376000 2494.848000 1.000000
1223.672000 2301.920000 1226.723200 2812.768000 1.000000
1224.667200 2278.352000 1227.038400 2787.904000 1.000000
1206.755200 1612.192000 1227.312000 2100.864000 1.000000
1205.878400 1547.710400 1227.542400 2039.984000 1.000000
1221.913600 2111.872000 1228.244800 2608.736000 1.000000
1226.553600 2263.952000 1229.836800 2773.568000 1.000000
1214.796800 1811.280000 1230.028800 2297.952000 1.000000
1215.374400 1858.704000 1230.622400 2345.520000 1.000000
1205.900800 1436.955200 1231.128000 1944.720000 1.000000
1224.689600 2154.304000 1231.324800 2654.752000 1.000000
1226.977600 2249.152000 1231.492800 2757.408000 1.000000
1216.612800 1786.544000 1231.993600 2274.272000 1.000000
1216.641600 1795.040000 1231.996800 2281.808000 1.000000
1221.948800 1976.480000 1232.558400 2467.376000 1.000000
1225.494400 2142.688000 1233.195200 2641.264000 1.000000
1214.076800 1621.584000 1233.440000 2111.536000 1.000000
1224.536000 2068.880000 1233.449600 2562.848000 1.000000
1218.619200 1800.928000 1233.748800 2287.392000 1.000000
1219.000000 1865.120000 1234.168000 2351.120000 1.000000
1233.142400 2359.392000 1234.556800 2876.592000 1.000000
1223.264000 1901.440000 1236.200000 2390.000000 1.000000
1225.795200 1967.440000 1237.340800 2458.800000 1.000000
1232.995200 2230.384000 1237.496000 2736.672000 1.000000
1220.665600 1758.784000 1237.576000 2246.608000 1.000000
1221.712000 1737.776000 1238.352000 2226.672000 1.000000
1234.518400 2295.248000 1238.564800 2804.384000 1.000000
1206.195200 1272.377600 1239.156800 1786.544000 1.000000
1216.118400 1430.633600 1241.726400 1936.864000 1.000000
1236.820800 2243.552000 1241.780800 2750.048000 1.000000
1235.435200 2187.792000 1241.784000 2690.784000 1.000000
1226.987200 1820.624000 1242.390400 2306.992000 1.000000
1223.272000 1610.496000 1243.150400 2099.328000 1.000000
1194.715200 241.617600 1243.264000 763.027200 1.000000
1237.390400 2178.736000 1243.656000 2681.312000 1.000000
1224.894400 1682.704000 1244.051200 2169.952000 1.000000
1240.460800 2342.512000 1244.441600 2859.472000 1.000000
1217.798400 1397.956800 1244.929600 1908.112000 1.000000
1236.753600 2082.960000 1245.464000 2577.040000 1.000000
1217.865600 1367.131200 1245.540800 1877.952000 1.000000
1230.472000 1750.304000 1248.065600 2236.736000 1.000000
1236.184000 1941.136000 1248.108800 2431.760000 1.000000
1241.180800 2172.656000 1248.644800 2674.352000 1.000000
1245.491200 2302.544000 1248.670400 2814.352000 1.000000
1235.054400 1845.904000 1248.918400 2332.992000 1.000000
1246.580800 2446.864000 1249.139200 2974.016000 1.000000
1239.508800 2015.216000 1249.283200 2507.456000 1.000000
1238.107200 1950.976000 1249.488000 2442.320000 1.000000
1238.833600 2042.528000 1249.964800 2534.928000 1.000000
1237.361600 1908.752000 1250.438400 2396.672000 1.000000
1247.852800 2427.056000 1250.632000 2951.600000 1.000000
1234.657600 1792.880000 1251.443200 2277.312000 1.000000
1245.993600 2186.368000 1251.816000 2689.968000 1.000000
1226.353600 1481.249600 1252.086400 1984.368000 1.000000
1243.744000 2125.568000 1252.284800 2622.640000 1.000000
1225.891200 1428.992000 1252.700800 1936.064000 1.000000
1235.971200 1755.984000 1253.630400 2241.632000 1.000000
1226.929600 1418.976000 1254.184000 1926.784000 1.000000
1245.627200 2135.840000 1254.760000 2633.376000 1.000000
1252.801600 2420.784000 1255.364800 2945.360000 1.000000
1235.553600 1709.184000 1255.419200 2195.584000 1.000000
1247.017600 2101.280000 1256.737600 2596.080000 1.000000
1241.009600 1826.960000 1256.784000 2313.360000 1.000000
1241.025600 1805.248000 1256.862400 2292.096000 1.000000
1254.635200 2476.256000 1256.894400 3007.296000 1.000000
1240.752000 1769.120000 1257.550400 2255.568000 1.000000
1245.500800 1985.504000 1257.774400 2475.952000 1.000000
1255.657600 2449.872000 1257.913600 2977.168000 1.000000
1254.612800 2385.440000 1258.628800 2906.048000 1.000000
1231.150400 1408.713600 1258.948800 1916.736000 1.000000
1252.660800 2228.208000 1259.259200 2733.760000 1.000000
1249.248000 1976.880000 1262.073600 2467.424000 1.000000
1259.475200 2408.464000 1263.064000 2932.720000 1.000000
1254.086400 2094.592000 1263.912000 2589.024000 1.000000
1254.953600 2129.504000 1264.243200 2627.152000 1.000000
1248.153600 1789.984000 1264.556800 2275.344000 1.000000
1236.684800 1335.667200 1264.971200 1848.208000 1.000000
1247.284800 1685.040000 1265.649600 2170.928000 1.000000
1262.576000 2460.336000 1265.708800 2989.088000 1.000000
1241.539200 1495.140800 1266.548800 1997.376000 1.000000
1248.523200 1753.744000 1266.728000 2239.632000 1.000000
1254.136000 1892.640000 1267.649600 2381.232000 1.000000
1254.726400 1984.080000 1267.785600 2474.528000 1.000000
1251.427200 1876.656000 1267.876800 2361.792000 1.000000
1251.296000 1735.792000 1268.609600 2220.928000 1.000000
1254.107200 1918.432000 1268.742400 2407.440000 1.000000
1249.548800 1706.752000 1268.894400 2192.496000 1.000000
1262.553600 2231.888000 1269.676800 2735.456000 1.000000
1262.155200 2190.480000 1270.777600 2690.656000 1.000000
1252.454400 1697.856000 1270.916800 2184.032000 1.000000
1243.014400 1275.803200 1272.387200 1791.936000 1.000000
1258.726400 1952.752000 1272.430400 2442.384000 1.000000
1256.403200 1798.672000 1272.777600 2284.736000 1.000000
1255.004800 1775.520000 1273.921600 2262.496000 1.000000
1246.635200 1293.364800 1274.600000 1808.928000 1.000000
1257.468800 1741.808000 1275.920000 2227.472000 1.000000
1267.297600 2143.152000 1276.416000 2639.280000 1.000000
1262.886400 1912.240000 1276.785600 2400.912000 1.000000
1244.580800 1254.849600 1278.268800 1772.320000 1.000000
1262.606400 1817.168000 1278.956800 2303.216000 1.000000
1270.563200 2207.232000 1278.984000 2708.768000 1.000000
1273.038400 2426.592000 1279.251200 2951.632000 1.000000
1272.004800 2318.304000 1279.393600 2831.904000 1.000000
1251.076800 1353.246400 1279.800000 1863.744000 1.000000
1254.940800 1509.192000 1279.862400 2010.640000 1.000000
1274.699200 2419.360000 1280.001600 2942.608000 1.000000
1270.208000 1977.136000 1283.836800 2466.224000 1.000000
1268.500800 1865.152000 1284.443200 2353.872000 1.000000
1253.568000 1324.796800 1284.489600 1837.728000 1.000000
1268.398400 1881.488000 1284.502400 2369.296000 1.000000
1282.329600 2436.080000 1286.336000 2960.752000 1.000000
1267.104000 1715.280000 1286.550400 2202.624000 1.000000
1273.736000 1988.560000 1286.633600 2477.024000 1.000000
1273.803200 1970.080000 1287.555200 2458.144000 1.000000
1281.716800 2338.416000 1287.563200 2852.704000 1.000000
1283.238400 2454.160000 1287.740800 2983.184000 1.000000
1276.462400 2038.672000 1288.419200 2530.368000 1.000000
1269.760000 1734.944000 1289.360000 2220.752000 1.000000
1283.243200 2407.280000 1290.011200 2929.968000 1.000000
1272.139200 1752.704000 1290.347200 2239.456000 1.000000
1279.545600 2109.296000 1290.371200 2605.216000 1.000000
1275.248000 1935.920000 1291.092800 2423.600000 1.000000
1285.497600 2425.952000 1292.283200 2950.176000 1.000000
1281.768000 2077.408000 1293.766400 2571.232000 1.000000
1282.995200 2152.480000 1293.902400 2650.096000 1.000000
1279.363200 2007.152000 1294.089600 2496.688000 1.000000
1282.304000 2057.120000 1294.800000 2550.256000 1.000000
1265.926400 1366.873600 1295.537600 1876.096000 1.000000
1281.433600 2036.384000 1295.737600 2527.680000 1.000000
1274.350400 1604.064000 1298.108800 2103.504000 1.000000
1283.412800 1931.840000 1299.486400 2419.488000 1.000000
1284.016000 1937.520000 1299.718400 2425.088000 1.000000
1280.758400 1793.472000 1299.777600 2281.472000 1.000000
1272.670400 1487.400000 1299.840000 1987.664000 1.000000
1283.355200 1854.752000 1300.113600 2343.440000 1.000000
1276.163200 1541.708800 1300.283200 2041.984000 1.000000
1284.100800 1873.168000 1300.881600 2361.856000 1.000000
1290.182400 2156.752000 1301.259200 2655.136000 1.000000
1285.948800 1908.032000 1301.340800 2396.320000 1.000000
1276.670400 1499.518400 1302.275200 1999.392000 1.000000
1287.384000 1963.824000 1303.051200 2451.632000 1.000000
1278.424000 1585.427200 1303.420800 2085.888000 1.000000
1288.270400 1890.368000 1303.782400 2378.224000 1.000000
1279.616000 1514.004800 1304.924800 2013.952000 1.000000
1281.774400 1467.198400 1307.998400 1968.912000 1.000000
1298.275200 2248.976000 1308.630400 2753.840000 1.000000
1299.380800 2280.880000 1308.665600 2789.776000 1.000000
1286.305600 1562.096000 1310.116800 2062.096000 1.000000
1301.782400 2034.688000 1310.603200 2526.544000 1.000000
1299.000000 2148.672000 1310.691200 2645.520000 1.000000
1281.996800 1391.736000 1310.784000 1898.208000 1.000000
1292.411200 1861.680000 1311.888000 2348.064000 1.000000
1302.072000 2240.496000 1312.272000 2743.984000 1.000000
1303.868800 2381.200000 1312.361600 2900.336000 1.000000
1301.248000 2186.448000 1313.035200 2685.952000 1.000000
1295.456000 1975.040000 1313.041600 2461.520000 1.000000
1304.668800 2410.608000 1313.235200 2932.192000 1.000000
1281.574400 1248.060800 1313.361600 1765.296000 1.000000
1301.897600 2209.808000 1313.688000 2710.480000 1.000000
1283.712000 1327.308800 1314.508800 1837.904000 1.000000
1291.254400 1576.476800 1315.486400 2074.880000 1.000000
1290.681600 1501.433600 1316.022400 2001.696000 1.000000
1300.494400 1969.088000 1316.219200 2456.656000 1.000000
1306.523200 2227.184000 1316.916800 2730.400000 1.000000
1304.392000 2166.432000 1317.046400 2663.616000 1.000000
1289.544000 1423.521600 1317.553600 1927.808000 1.000000
1287.867200 1315.441600 1318.547200 1827.136000 1.000000
1290.244800 1306.440000 1320.260800 1817.488000 1.000000
1294.806400 1512.768000 1320.307200 2012.352000 1.000000
1307.342400 1999.056000 1322.264000 2487.552000 1.000000
1305.860800 1854.400000 1323.852800 2341.744000 1.000000
1296.398400 1412.667200 1324.540800 1917.024000 1.000000
1298.129600 1440.176000 1324.780800 1943.232000 1.000000
1311.484800 2174.880000 1325.083200 2672.720000 1.000000
1296.980800 1360.630400 1325.865600 1866.912000 1.000000
1302.667200 1599.163200 1327.124800 2096.880000 1.000000
1297.492800 1282.902400 1327.515200 1798.064000 1.000000
1299.206400 1396.953600 1327.536000 1902.336000 1.000000
1315.358400 2125.504000 1328.923200 2620.832000 1.000000
1304.062400 1571.571200 1328.956800 2070.496000 1.000000
1316.206400 2234.864000 1329.064000 2738.816000 1.000000
1304.788800 1542.561600 1329.276800 2041.360000 1.000000
1308.516800 1794.720000 1329.304000 2282.544000 1.000000
1311.438400 1904.560000 1329.387200 2391.168000 1.000000
1304.521600 1492.904000 1329.694400 1991.520000 1.000000
1321.388800 2437.408000 1329.771200 2961.344000 1.000000
1299.492800 1317.275200 1330.281600 1828.416000 1.000000
1315.792000 1950.208000 1330.932800 2437.824000 1.000000
1313.110400 1686.752000 1332.334400 2183.712000 1.000000
1309.393600 1709.712000 1332.409600 2203.984000 1.000000
1305.062400 1459.889600 1332.880000 1961.024000 1.000000
1313.961600 1894.000000 1333.201600 2381.568000 1.000000
1309.505600 1519.337600 1334.619200 2017.760000 1.000000
1316.902400 1852.256000 1334.932800 2339.696000 1.000000
1324.235200 2328.240000 1335.326400 2841.824000 1.000000
1325.182400 2373.200000 1336.032000 2890.288000 1.000000
1316.880000 1907.408000 1336.153600 2394.016000 1.000000
1312.227200 1583.284800 1336.236800 2081.888000 1.000000
1325.643200 2349.456000 1336.860800 2863.968000 1.000000
1322.014400 2053.504000 1337.806400 2544.624000 1.000000
1313.267200 1533.091200 1338.668800 2032.176000 1.000000
1311.320000 1408.113600 1339.515200 1912.400000 1.000000
1312.105600 1370.329600 1341.169600 1878.560000 1.000000
1329.444800 2256.528000 1342.398400 2762.896000 1.000000
1316.827200 1507.286400 1342.558400 2006.224000 1.000000
1329.660800 2149.440000 1342.883200 2646.688000 1.000000
1329.848000 2181.280000 1343.510400 2680.096000 1.000000
1323.598400 1761.472000 1344.286400 2255.440000 1.000000
1331.854400 2313.520000 1344.830400 2824.384000 1.000000
1315.720000 1308.856000 1345.014400 1819.456000 1.000000
1332.300800 2231.552000 1345.028800 2736.496000 1.000000
1331.795200 2212.048000 1345.112000 2714.016000 1.000000
1336.371200 2432.016000 1345.121600 2955.856000 1.000000
1330.846400 2080.736000 1345.814400 2574.640000 1.000000
1322.691200 1523.305600 1347.174400 2021.744000 1.000000
1333.057600 2201.920000 1347.358400 2702.560000 1.000000
1319.564800 1387.337600 1348.155200 1893.072000 1.000000
1331.945600 2019.408000 1348.993600 2509.232000 1.000000
1324.438400 1534.556800 1349.673600 2032.768000 1.000000
1318.699200 1265.500800 1350.312000 1778.880000 1.000000
1329.262400 1751.408000 1351.515200 2246.544000 1.000000
1337.712000 2133.312000 1352.067200 2628.992000 1.000000
1336.204800 1933.168000 1352.545600 2421.968000 1.000000
1327.836800 1565.174400 1352.798400 2062.992000 1.000000
1325.512000 1426.089600 1353.651200 1928.960000 1.000000
1324.193600 1313.214400 1354.868800 1824.704000 1.000000
1333.763200 1767.088000 1355.243200 2262.016000 1.000000
1334.712000 1825.040000 1356.955200 2317.296000 1.000000
1340.441600 1992.384000 1357.166400 2481.264000 1.000000
1339.862400 2109.664000 1357.318400 2604.032000 1.000000
1342.700800 2212.016000 1357.500800 2712.144000 1.000000
1333.763200 1732.672000 1357.784000 2228.752000 1.000000
1336.379200 1663.712000 1359.363200 2159.472000 1.000000
1334.048000 1601.344000 1359.497600 2098.016000 1.000000
1333.097600 1436.734400 1359.556800 1938.944000 1.000000
1338.782400 1776.400000 1359.755200 2270.912000 1.000000
1346.568000 2185.552000 1359.776000 2684.624000 1.000000
1348.350400 2350.272000 1360.273600 2866.384000 1.000000
1332.662400 1391.369600 1360.716800 1895.984000 1.000000
1348.414400 2294.672000 1361.611200 2804.608000 1.000000
1350.134400 2392.896000 1362.907200 2912.064000 1.000000
1351.342400 2438.384000 1364.414400 2962.320000 1.000000
1339.744000 1571.267200 1365.904000 2068.144000 1.000000
1352.105600 2321.536000 1366.902400 2832.480000 1.000000
1353.006400 2033.600000 1371.305600 2525.280000 1.000000
1343.363200 1435.712000 1371.553600 1937.232000 1.000000
1348.963200 1682.768000 1372.961600 2178.160000 1.000000
1359.680000 2275.312000 1373.364800 2783.440000 1.000000
1345.636800 1387.729600 1373.460800 1892.624000 1.000000
1348.748800 1562.404800 1374.755200 2058.736000 1.000000
1360.648000 2429.520000 1374.790400 2952.208000 1.000000
1349.894400 1592.088000 1375.768000 2087.696000 1.000000
1348.620800 1319.057600 1377.604800 1827.408000 1.000000
1363.502400 2307.280000 1377.881600 2817.504000 1.000000
1358.692800 1871.680000 1379.688000 2366.384000 1.000000
1357.155200 1696.192000 1380.731200 2190.992000 1.000000
1359.179200 1814.480000 1380.795200 2308.768000 1.000000
1363.958400 2091.056000 1381.659200 2584.608000 1.000000
1364.649600 2104.480000 1383.246400 2598.944000 1.000000
1368.811200 2398.256000 1383.353600 2917.200000 1.000000
1367.620800 2247.584000 1383.588800 2752.048000 1.000000
1367.640000 2158.912000 1383.724800 2655.744000 1.000000
1364.561600 1948.464000 1384.201600 2438.848000 1.000000
1357.806400 1480.641600 1384.601600 1979.728000 1.000000
1357.564800 1497.776000 1384.736000 1996.192000 1.000000
1363.244800 1861.264000 1384.796800 2356.112000 1.000000
1361.964800 1708.800000 1386.238400 2202.656000 1.000000
1372.662400 2469.408000 1386.620800 2997.712000 1.000000
1371.587200 2338.608000 1387.076800 2852.592000 1.000000
1356.256000 1246.110400 1387.400000 1761.280000 1.000000
1361.998400 1454.148800 1387.729600 1955.568000 1.000000
1373.763200 2376.288000 1387.952000 2895.040000 1.000000
1360.056000 1434.041600 1388.560000 1935.616000 1.000000
1362.921600 1471.208000 1389.779200 1971.280000 1.000000
1357.574400 1385.891200 1390.475200 1890.352000 1.000000
1362.483200 1307.756800 1392.900800 1817.152000 1.000000
1376.086400 2240.736000 1393.299200 2745.104000 1.000000
1377.118400 2290.000000 1393.651200 2798.368000 1.000000
1372.795200 1907.104000 1393.878400 2403.328000 1.000000
1370.393600 1723.040000 1394.540800 2217.088000 1.000000
1371.529600 1690.608000 1396.188800 2183.840000 1.000000
1368.425600 1423.697600 1396.619200 1924.336000 1.000000
1379.806400 2184.864000 1397.540800 2685.840000 1.000000
1368.793600 1359.524800 1397.948800 1864.848000 1.000000
1379.476800 2112.880000 1398.281600 2607.552000 1.000000
1377.347200 1916.992000 1398.628800 2413.120000 1.000000
1384.523200 2382.512000 1400.164800 2901.136000 1.000000
1382.310400 2205.264000 1400.292800 2707.568000 1.000000
1379.758400 1785.456000 1401.832000 2278.448000 1.000000
1371.435200 1405.566400 1402.286400 1908.224000 1.000000
1385.873600 2436.640000 1402.508800 2961.216000 1.000000
1374.664000 1421.436800 1403.083200 1921.824000 1.000000
1379.523200 1713.584000 1404.038400 2206.416000 1.000000
1388.564800 2401.440000 1405.382400 2923.008000 1.000000
1385.841600 2015.312000 1407.400000 2513.440000 1.000000
1392.680000 2247.888000 1409.376000 2753.600000 1.000000
1375.248000 349.294400 1411.043200 855.164800 1.000000
1392.969600 2318.144000 1411.350400 2828.848000 1.000000
1394.819200 2286.096000 1411.648000 2794.288000 1.000000
1391.361600 1899.888000 1412.270400 2394.496000 1.000000
1383.366400 1396.608000 1412.835200 1899.856000 1.000000
1390.488000 1911.792000 1412.852800 2406.384000 1.000000
1391.401600 1853.104000 1413.548800 2346.208000 1.000000
1387.603200 1378.870400 1415.108800 1883.376000 1.000000
1391.608000 1679.568000 1415.753600 2172.032000 1.000000
1386.324800 1305.636800 1415.868800 1813.328000 1.000000
1392.260800 1730.528000 1416.864000 2223.984000 1.000000
1385.996800 1352.379200 1417.724800 1857.712000 1.000000
1402.193600 2321.040000 1421.036800 2832.976000 1.000000
1395.828800 1776.320000 1421.262400 2268.144000 1.000000
1395.916800 1710.336000 1421.372800 2205.216000 1.000000
1397.049600 1692.864000 1422.299200 2185.696000 1.000000
1403.601600 2426.896000 1422.312000 2951.200000 1.000000
1400.376000 1956.320000 1423.628800 2452.800000 1.000000
1395.854400 1535.737600 1423.691200 2032.240000 1.000000
1401.267200 1927.376000 1424.164800 2422.944000 1.000000
1395.176000 1406.145600 1424.867200 1908.880000 1.000000
1402.161600 1915.776000 1425.323200 2409.648000 1.000000
1402.780800 1939.968000 1425.889600 2434.752000 1.000000
1398.724800 1555.620800 1426.296000 2051.072000 1.000000
1396.830400 1328.536000 1427.540800 1835.504000 1.000000
1403.520000 1876.736000 1427.635200 2370.688000 1.000000
1409.145600 2358.448000 1428.292800 2875.568000 1.000000
1405.432000 1808.384000 1429.595200 2302.128000 1.000000
1406.112000 1620.928000 1431.904000 2115.360000 1.000000
1406.499200 1731.600000 1432.110400 2223.952000 1.000000
1403.737600 1461.889600 1432.828800 1960.944000 1.000000
1408.732800 1982.848000 1432.926400 2482.176000 1.000000
1405.008000 1387.798400 1433.708800 1891.776000 1.000000
1406.105600 1438.313600 1434.033600 1937.696000 1.000000
1403.832000 1279.409600 1434.292800 1789.136000 1.000000
1403.604800 1240.060800 1434.896000 1753.856000 1.000000
1415.124800 2346.464000 1435.313600 2862.208000 1.000000
1408.115200 1597.489600 1435.654400 2091.536000 1.000000
1417.976000 2445.280000 1436.347200 2971.312000 1.000000
1407.198400 1407.108800 1436.420800 1909.120000 1.000000
1404.768000 1319.577600 1436.550400 1826.560000 1.000000
1412.459200 1879.392000 1436.668800 2372.912000 1.000000
1419.312000 2428.800000 1438.768000 2956.048000 1.000000
1410.139200 1476.912000 1438.956800 1975.712000 1.000000
1415.270400 1915.040000 1439.073600 2409.520000 1.000000
1411.659200 1530.723200 1439.772800 2027.728000 1.000000
1419.667200 1975.152000 1440.814400 2471.520000 1.000000
1415.240000 1678.336000 1440.838400 2171.280000 1.000000
1412.676800 1456.993600 1441.649600 1955.904000 1.000000
1415.350400 1525.267200 1442.184000 2021.472000 1.000000
1420.614400 2164.704000 1442.787200 2673.024000 1.000000
1419.988800 1938.864000 1443.500800 2433.984000 1.000000
1419.952000 1890.336000 1444.249600 2383.728000 1.000000
1422.873600 1925.360000 1445.697600 2420.160000 1.000000
1421.539200 1781.776000 1446.238400 2275.360000 1.000000
1415.803200 1301.704000 1446.355200 1810.528000 1.000000
1418.129600 1517.704000 1446.672000 2014.672000 1.000000
1426.064000 1984.288000 1450.014400 2481.072000 1.000000
1420.142400 1311.624000 1450.488000 1819.808000 1.000000
1422.630400 1496.020800 1450.945600 1994.464000 1.000000
1427.726400 1955.024000 1451.529600 2450.176000 1.000000
1428.342400 2003.296000 1452.020800 2501.024000 1.000000
1424.763200 1406.708800 1452.360000 1908.688000 1.000000
1425.926400 1701.312000 1452.454400 2194.064000 1.000000
1429.747200 2065.680000 1452.892800 2567.296000 1.000000
1430.582400 2219.584000 1453.084800 2731.216000 1.000000
1429.768000 1743.168000 1453.952000 2234.032000 1.000000
1433.755200 2455.824000 1454.576000 2983.664000 1.000000
1433.033600 2102.432000 1455.049600 2605.760000 1.000000
1430.392000 1873.264000 1455.689600 2367.776000 1.000000
1428.212800 1518.929600 1456.465600 2014.928000 1.000000
1431.936000 1860.192000 1456.854400 2353.888000 1.000000
1428.916800 1487.873600 1457.024000 1984.912000 1.000000
1429.225600 1546.841600 1457.499200 2042.464000 1.000000
1434.987200 2122.608000 1457.584000 2626.656000 1.000000
1433.654400 1842.736000 1458.027200 2335.360000 1.000000
1436.302400 2433.808000 1458.068800 2959.808000 1.000000
1430.057600 1397.531200 1458.912000 1899.536000 1.000000
1435.451200 2237.456000 1458.996800 2751.136000 1.000000
1437.609600 2189.648000 1459.513600 2699.056000 1.000000
1430.051200 1338.318400 1460.372800 1844.208000 1.000000
1435.267200 1895.264000 1460.600000 2392.304000 1.000000
1438.736000 2019.952000 1462.740800 2519.008000 1.000000
1434.516800 1474.473600 1462.814400 1971.760000 1.000000
1439.369600 2077.680000 1462.825600 2580.192000 1.000000
1431.856000 1308.787200 1463.107200 1816.048000 1.000000
1439.580800 2037.904000 1463.337600 2537.344000 1.000000
1432.934400 1364.318400 1463.736000 1868.400000 1.000000
1439.897600 2199.312000 1464.219200 2709.696000 1.000000
1433.961600 1168.612800 1465.132800 1666.336000 1.000000
1440.134400 1785.584000 1465.715200 2278.240000 1.000000
1444.364800 2192.304000 1466.792000 2702.000000 1.000000
1441.136000 1722.816000 1467.518400 2215.744000 1.000000
1439.492800 1617.712000 1467.811200 2111.600000 1.000000
1437.027200 1184.980800 1468.744000 1685.584000 1.000000
1439.868800 1425.404800 1469.620800 1925.888000 1.000000
1441.356800 1469.014400 1470.662400 1966.496000 1.000000
1443.353600 1655.952000 1470.966400 2149.200000 1.000000
1445.830400 1780.736000 1471.873600 2274.224000 1.000000
1446.238400 1759.728000 1472.545600 2251.584000 1.000000
1450.257600 2278.448000 1473.764800 2795.968000 1.000000
1445.332800 1498.907200 1474.225600 1996.608000 1.000000
1451.132800 2149.280000 1474.449600 2654.864000 1.000000
1446.092800 1669.232000 1474.510400 2163.648000 1.000000
1444.518400 1448.304000 1474.590400 1949.968000 1.000000
1448.192000 1529.016000 1476.388800 2023.824000 1.000000
1450.153600 1736.832000 1476.484800 2230.032000 1.000000
1452.940800 2265.824000 1476.656000 2781.616000 1.000000
1451.833600 1839.696000 1477.168000 2333.344000 1.000000
1449.368000 1805.744000 1477.342400 2297.856000 1.000000
1454.008000 2295.200000 1477.873600 2812.288000 1.000000
1454.764800 2434.560000 1478.486400 2967.584000 1.000000
1454.881600 2088.176000 1479.732800 2591.264000 1.000000
1451.187200 1578.334400 1479.779200 2073.696000 1.000000
1456.897600 2219.104000 1480.803200 2731.376000 1.000000
1455.060800 1403.611200 1483.417600 1906.576000 1.000000
1453.356800 1364.545600 1484.475200 1866.352000 1.000000
1458.337600 1770.016000 1485.240000 2264.864000 1.000000
1458.060800 1806.928000 1485.281600 2300.000000 1.000000
1461.737600 2227.584000 1486.160000 2739.536000 1.000000
1462.323200 2323.424000 1486.363200 2844.384000 1.000000
1458.878400 1513.080000 1487.502400 2010.512000 1.000000
1461.980800 2288.000000 1487.852800 2807.504000 1.000000
1464.488000 2366.080000 1488.321600 2891.504000 1.000000
1464.976000 2167.696000 1490.681600 2677.520000 1.000000
1465.041600 2149.456000 1490.715200 2656.720000 1.000000
1465.209600 1929.712000 1491.004800 2425.120000 1.000000
1466.628800 2346.256000 1491.056000 2869.472000 1.000000
1465.280000 2076.496000 1491.187200 2579.680000 1.000000
1466.828800 2306.528000 1491.336000 2827.296000 1.000000
1465.921600 2041.328000 1491.584000 2542.912000 1.000000
1465.627200 1813.552000 1492.281600 2308.736000 1.000000
1465.944000 1984.672000 1492.448000 2483.824000 1.000000
1467.180800 2466.992000 1492.859200 3004.992000 1.000000
1468.628800 1854.400000 1495.897600 2348.800000 1.000000
1471.376000 2052.976000 1496.174400 2556.128000 1.000000
1471.363200 1919.472000 1497.300800 2416.064000 1.000000
1471.648000 2121.600000 1498.065600 2629.760000 1.000000
1473.926400 2426.848000 1499.380800 2960.032000 1.000000
1472.512000 2147.488000 1499.691200 2656.560000 1.000000
1474.425600 2164.768000 1501.745600 2674.512000 1.000000
1475.468800 2330.512000 1502.099200 2852.992000 1.000000
1476.395200 2028.560000 1502.422400 2530.016000 1.000000
1480.105600 2099.312000 1506.910400 2604.144000 1.000000
1481.097600 2081.936000 1507.459200 2586.336000 1.000000
1483.388800 2292.800000 1509.616000 2811.520000 1.000000
1453.827200 1044.883200 1512.630400 1499.825600 1.000000
1487.496000 2266.576000 1514.320000 2784.432000 1.000000
1489.209600 2326.672000 1516.632000 2852.320000 1.000000
1494.665600 2452.880000 1522.780800 2989.616000 1.000000
1497.254400 455.316800 1527.620800 960.121600 1.000000
1508.323200 257.987200 1539.876800 768.160000 1.000000
1539.222400 298.564800 1564.475200 804.176000 1.000000
1549.280000 349.280000 1574.080000 846.496000 1.000000
1562.358400 1189.902400 1585.088000 1684.000000 1.000000
1583.790400 249.936000 1601.344000 758.019200 1.000000
1769.344000 53.671680 1772.576000 579.544000 1.000000
1758.752000 803.859200 1779.632000 1290.153600 1.000000
1781.664000 61.678720 1784.048000 585.246400 1.000000
1762.800000 815.924800 1785.760000 1301.304000 1.000000
1786.880000 38.142880 1789.488000 564.779200 1.000000
1768.496000 810.561600 1790.384000 1295.771200 1.000000
1791.696000 55.206240 1793.168000 579.369600 1.000000
1801.200000 52.517760 1802.832000 576.292800 1.000000
1808.720000 41.340000 1809.248000 565.950400 1.000000
1950.720000 1201.363200 1982.848000 1683.824000 1.000000
2006.464000 277.625600 1996.896000 770.256000 1.000000
2019.760000 300.905600 2008.448000 791.756800 1.000000
2013.264000 1213.803200 2043.856000 1694.304000 1.000000
2048.496000 7.063136 2087.232000 6.954592 1.000000
2099.456000 542.022400 2097.696000 1023.699200 1.000000
2136.224000 422.435200 2124.208000 907.070400 1.000000
2138.480000 435.918400 2126.624000 919.032000 1.000000
2149.712000 354.188800 2134.704000 842.729600 1.000000
2132.736000 798.116800 2141.536000 1266.824000 1.000000
2147.088000 513.977600 2143.360000 992.784000 1.000000
2156.480000 463.531200 2143.792000 944.193600 1.000000
2159.216000 421.777600 2146.464000 905.844800 1.000000
2152.944000 431.635200 2149.520000 919.244800 1.000000
2175.856000 412.297600 2161.504000 895.249600 1.000000
2153.232000 805.696000 2162.448000 1270.550400 1.000000
2184.592000 350.281600 2166.112000 840.270400 1.000000
2183.952000 413.518400 2170.864000 890.952000 1.000000
2190.016000 341.033600 2172.304000 830.505600 1.000000
2220.816000 381.091200 2202.368000 868.483200 1.000000
2221.264000 453.353600 2206.848000 932.083200 1.000000
2158.688000 1600.464000 2207.824000 2044.560000 1.000000
2225.904000 499.192000 2213.152000 975.761600 1.000000
2227.440000 432.963200 2213.344000 913.908800 1.000000
2229.712000 442.998400 2213.648000 922.995200 1.000000
2233.648000 493.796800 2220.672000 969.320000 1.000000
2238.288000 467.588800 2223.040000 944.998400 1.000000
2158.816000 1856.944000 2224.064000 2319.664000 1.000000
2242.576000 434.664000 2225.472000 914.790400 1.000000
2246.304000 420.608000 2228.288000 902.776000 1.000000
2245.744000 451.860800 2228.768000 930.121600 1.000000
2244.832000 505.830400 2231.680000 983.430400 1.000000
2247.568000 482.337600 2232.688000 958.340800 1.000000
2248.032000 473.326400 2233.632000 948.993600 1.000000
2252.064000 456.526400 2235.344000 934.491200 1.000000
2247.104000 537.147200 2237.136000 1006.756800 1.000000
2266.352000 440.278400 2247.104000 918.982400 1.000000
2268.560000 425.196800 2249.056000 906.099200 1.000000
2290.768000 440.027200 2268.848000 918.417600 1.000000
2230.992000 1813.488000 2297.744000 2256.400000 1.000000
2287.600000 277.953600 2305.504000 475.404800 1.000000
2393.792000 1555.233600 2413.008000 1395.468800 1.000000
2452.096000 1170.550400 2450.848000 1156.737600 1.000000
2547.552000 1380.526400 2555.120000 1206.896000 1.000000
2554.640000 1356.276800 2561.088000 1184.457600 1.000000
2581.424000 1401.024000 2592.400000 1221.617600 1.000000
2595.040000 1365.128000 2601.744000 1186.368000 1.000000
2606.720000 1380.745600 2615.392000 1199.326400 1.000000
2617.968000 1412.678400 2628.928000 1227.084800 1.000000
2648.944000 1491.089600 2633.232000 1256.232000 1.000000
2622.528000 1396.878400 2633.360000 1213.001600 1.000000
2592.208000 1924.544000 2643.552000 1691.648000 1.000000
2640.112000 1390.400000 2649.696000 1200.662400 1.000000
2602.592000 1964.704000 2656.912000 1732.160000 1.000000
2615.600000 1910.992000 2666.832000 1674.032000 1.000000
2689.472000 1416.110400 2690.256000 1203.755200 1.000000
2650.960000 1835.792000 2696.208000 1586.740800 1.000000
2678.272000 1515.904000 2698.448000 1303.094400 1.000000
2642.832000 1952.272000 2698.480000 1709.024000 1.000000
2647.920000 1911.648000 2700.240000 1667.584000 1.000000
2652.752000 1951.712000 2707.440000 1704.560000 1.000000
2661.984000 1834.048000 2708.048000 1583.563200 1.000000
2661.008000 1932.192000 2715.168000 1682.848000 1.000000
2673.648000 1826.128000 2718.864000 1573.307200 1.000000
2675.632000 1844.880000 2723.152000 1588.536000 1.000000
2668.720000 1971.696000 2727.664000 1720.896000 1.000000
2691.088000 1812.800000 2736.832000 1559.456000 1.000000
2688.416000 1873.472000 2739.152000 1609.728000 1.000000
2731.504000 1770.912000 2774.400000 1512.422400 1.000000
2755.776000 1708.352000 2792.704000 1451.873600 1.000000
2761.248000 1833.696000 2811.088000 1561.785600 1.000000
2776.240000 1755.856000 2818.464000 1489.182400 1.000000
2769.488000 1853.872000 2820.432000 1579.177600 1.000000
2731.456000 1601.504000 2825.952000 1427.212800 1.000000
2797.216000 1821.568000 2846.784000 1543.337600 1.000000
2806.064000 1751.904000 2850.240000 1479.376000 1.000000
2810.944000 1715.696000 2852.016000 1446.579200 1.000000
2803.120000 1832.000000 2854.160000 1551.065600 1.000000
2824.576000 1779.840000 2869.936000 1499.731200 1.000000
2828.384000 1732.848000 2870.304000 1457.404800 1.000000
2835.856000 1724.144000 2876.576000 1446.592000 1.000000
2846.624000 1701.232000 2886.224000 1421.628800 1.000000
2843.952000 1762.560000 2889.168000 1477.691200 1.000000
2846.784000 1767.952000 2892.544000 1481.628800 1.000000
2848.464000 1782.992000 2895.744000 1494.326400 1.000000
2787.216000 2269.024000 2897.744000 2046.128000 1.000000
2859.888000 1701.584000 2899.088000 1418.865600 1.000000
2862.768000 1711.456000 2903.568000 1425.894400 1.000000
2864.592000 1716.432000 2904.800000 1429.960000 1.000000
2859.584000 1770.048000 2905.680000 1479.563200 1.000000
2860.656000 1786.976000 2908.528000 1494.312000 1.000000
2869.600000 1720.064000 2911.200000 1430.857600 1.000000
2802.288000 2281.856000 2912.608000 2060.176000 1.000000
2871.360000 1792.176000 2921.376000 1494.508800 1.000000
2879.872000 1726.208000 2922.224000 1433.102400 1.000000
2878.864000 1774.448000 2925.792000 1475.984000 1.000000
2892.240000 1748.368000 2936.864000 1449.187200 1.000000
2912.384000 1727.344000 2952.352000 1418.734400 1.000000
2912.368000 1750.736000 2958.032000 1447.206400 1.000000
2922.720000 1748.208000 2968.480000 1441.782400 1.000000
3797.104000 5.833936 3664.336000 3.214432 1.000000
