7.455392 2978.368000 6.402688 1496.003200 1.000000
9.910928 2957.136000 9.768752 1478.516800 1.000000
193.550400 2941.008000 121.600480 1484.953600 1.000000
347.073600 1588.950400 274.142400 234.046400 1.000000
352.406400 1564.334400 278.820800 206.910400 1.000000
357.497600 1547.080000 282.019200 185.675200 1.000000
358.476800 1516.193600 283.955200 153.399200 1.000000
361.921600 1586.796800 289.198400 232.502400 1.000000
360.953600 1677.568000 291.051200 330.240000 1.000000
381.659200 1687.904000 312.636800 344.492800 1.000000
388.147200 1516.193600 314.403200 156.421440 1.000000
394.526400 1859.520000 334.537600 528.641600 1.000000
411.918400 1920.176000 353.675200 592.419200 1.000000
415.044800 1870.256000 356.361600 540.729600 1.000000
415.772800 1937.728000 359.387200 609.720000 1.000000
419.912000 1875.568000 362.251200 546.859200 1.000000
421.011200 1887.136000 363.465600 559.966400 1.000000
422.116800 1941.664000 364.355200 615.921600 1.000000
421.811200 1922.320000 364.676800 595.384000 1.000000
422.404800 1952.672000 365.956800 627.684800 1.000000
446.777600 2015.968000 391.712000 692.204800 1.000000
451.715200 1999.776000 398.592000 677.800000 1.000000
476.748800 1886.464000 410.604800 574.353600 1.000000
491.368000 1983.264000 437.846400 667.041600 1.000000
493.120000 2018.112000 438.852800 700.307200 1.000000
503.764800 1688.320000 490.496000 393.780800 1.000000
582.249600 1881.712000 491.216000 601.718400 1.000000
555.512000 2579.920000 519.068800 1239.771200 1.000000
563.094400 2481.824000 525.358400 1152.369600 1.000000
564.161600 2465.120000 525.593600 1135.440000 1.000000
567.355200 2415.488000 526.297600 1088.065600 1.000000
566.755200 2594.512000 531.124800 1253.966400 1.000000
609.694400 2554.416000 572.617600 1227.580800 1.000000
619.753600 2570.064000 582.033600 1242.083200 1.000000
622.460800 2655.616000 582.692800 1320.168000 1.000000
624.870400 2357.296000 584.352000 1048.406400 1.000000
622.208000 2594.688000 588.793600 1264.062400 1.000000
634.368000 2378.368000 592.963200 1067.000000 1.000000
637.102400 2583.312000 600.036800 1255.260800 1.000000
647.436800 2374.272000 604.814400 1067.070400 1.000000
644.180800 2481.776000 605.403200 1165.499200 1.000000
649.155200 2524.896000 611.369600 1203.982400 1.000000
654.580800 2473.728000 614.641600 1160.876800 1.000000
652.283200 2619.392000 616.054400 1294.137600 1.000000
658.356800 2537.680000 619.875200 1220.540800 1.000000
656.547200 2644.512000 620.451200 1313.744000 1.000000
688.331200 1744.512000 634.377600 454.200000 1.000000
705.089600 1785.616000 654.596800 503.033600 1.000000
696.692800 2766.400000 657.390400 1437.577600 1.000000
701.387200 2814.224000 665.977600 1480.209600 1.000000
726.422400 1789.424000 676.414400 510.417600 1.000000
726.342400 2514.864000 686.792000 1210.377600 1.000000
740.809600 2814.896000 701.956800 1485.918400 1.000000
747.470400 2490.864000 702.433600 1191.625600 1.000000
756.374400 2818.496000 716.785600 1488.417600 1.000000
764.460800 1734.176000 716.796800 455.956800 1.000000
817.552000 1772.688000 780.104000 510.662400 1.000000
829.673600 1787.664000 787.478400 527.691200 1.000000
841.401600 2977.472000 791.968000 1823.712000 1.000000
864.500800 3003.408000 812.905600 1854.992000 1.000000
860.222400 1549.414400 818.396800 319.179200 1.000000
862.339200 1475.627200 821.257600 241.059200 1.000000
863.414400 1531.432000 822.443200 300.492800 1.000000
875.084800 2801.808000 828.059200 1678.960000 1.000000
868.473600 1506.542400 828.289600 275.323200 1.000000
878.243200 2843.248000 828.670400 1716.544000 1.000000
872.468800 1450.403200 833.590400 215.344000 1.000000
874.984000 1550.918400 834.630400 320.065600 1.000000
885.668800 2794.000000 836.366400 1674.656000 1.000000
875.510400 1432.984000 837.534400 196.772800 1.000000
885.569600 2660.080000 838.816000 1549.304000 1.000000
882.918400 1545.350400 843.187200 317.788800 1.000000
883.897600 1488.427200 844.014400 257.545600 1.000000
895.577600 2949.840000 844.819200 1815.280000 1.000000
883.612800 1496.515200 845.734400 267.158400 1.000000
884.779200 1433.289600 847.260800 197.507200 1.000000
885.521600 1425.324800 848.201600 189.211200 1.000000
887.809600 1481.532800 849.124800 250.651200 1.000000
903.144000 2925.648000 850.297600 1795.792000 1.000000
892.148800 1619.376000 851.169600 393.107200 1.000000
900.190400 2620.144000 851.891200 1517.227200 1.000000
890.208000 1419.649600 854.195200 184.500800 1.000000
904.732800 2245.504000 859.412800 1151.449600 1.000000
908.384000 2349.936000 863.523200 1254.377600 1.000000
911.787200 2637.616000 863.611200 1534.862400 1.000000
919.027200 2952.288000 864.206400 1822.480000 1.000000
920.673600 2972.352000 864.692800 1840.368000 1.000000
910.171200 2331.904000 865.228800 1238.099200 1.000000
909.449600 2414.688000 866.456000 1322.502400 1.000000
917.982400 2525.584000 869.318400 1432.736000 1.000000
916.856000 2505.664000 870.160000 1409.676800 1.000000
922.401600 2691.504000 873.387200 1590.080000 1.000000
923.283200 2593.280000 875.124800 1498.278400 1.000000
924.067200 2520.976000 877.948800 1427.116800 1.000000
930.316800 2800.720000 879.049600 1690.480000 1.000000
936.950400 2946.144000 880.840000 1820.896000 1.000000
928.216000 2366.240000 883.025600 1280.582400 1.000000
924.113600 1890.480000 884.022400 767.630400 1.000000
939.046400 2771.872000 886.720000 1667.088000 1.000000
936.499200 2458.144000 888.385600 1371.804800 1.000000
934.883200 2192.048000 890.734400 1107.112000 1.000000
935.147200 2082.352000 891.476800 989.145600 1.000000
940.654400 2350.528000 893.793600 1267.646400 1.000000
935.691200 1602.048000 897.752000 445.422400 1.000000
955.422400 2788.912000 901.785600 1687.120000 1.000000
943.902400 1999.232000 902.038400 904.296000 1.000000
955.758400 2762.752000 902.201600 1662.224000 1.000000
951.841600 2360.144000 904.731200 1279.865600 1.000000
954.987200 2506.048000 905.902400 1423.625600 1.000000
965.347200 2984.416000 905.934400 1859.440000 1.000000
941.008000 1522.576000 906.065600 349.256000 1.000000
953.352000 2460.336000 906.131200 1378.420800 1.000000
952.155200 2282.608000 906.580800 1203.795200 1.000000
949.444800 2100.144000 907.009600 1011.948800 1.000000
968.883200 2996.336000 908.385600 1870.016000 1.000000
943.931200 1527.672000 908.907200 357.003200 1.000000
968.566400 2955.776000 909.628800 1834.944000 1.000000
945.875200 1583.993600 909.939200 425.568000 1.000000
953.086400 2052.496000 910.643200 963.484800 1.000000
951.846400 1926.352000 911.028800 825.819200 1.000000
956.436800 2179.136000 912.326400 1099.308800 1.000000
954.952000 2040.032000 912.536000 950.715200 1.000000
950.483200 1579.566400 913.521600 419.720000 1.000000
958.529600 2140.656000 914.572800 1060.052800 1.000000
950.628800 1542.388800 915.668800 377.408000 1.000000
971.609600 2822.928000 916.041600 1720.144000 1.000000
953.022400 1660.336000 916.236800 518.369600 1.000000
976.648000 2969.728000 916.441600 1848.912000 1.000000
965.908800 2484.704000 917.246400 1406.571200 1.000000
972.425600 2792.944000 917.256000 1695.600000 1.000000
979.451200 2948.928000 919.536000 1831.296000 1.000000
957.283200 1603.408000 921.851200 452.486400 1.000000
961.411200 1875.232000 921.992000 767.680000 1.000000
972.081600 2503.792000 922.536000 1425.400000 1.000000
956.182400 1482.798400 923.148800 304.494400 1.000000
971.620800 2425.872000 923.196800 1350.827200 1.000000
957.564800 1496.763200 924.508800 324.585600 1.000000
969.872000 2277.792000 924.555200 1202.646400 1.000000
973.054400 2547.520000 924.675200 1467.355200 1.000000
984.304000 2934.752000 925.121600 1819.664000 1.000000
964.336000 1833.744000 925.544000 722.180800 1.000000
957.960000 1426.158400 925.790400 233.816000 1.000000
982.012800 2877.056000 926.048000 1768.896000 1.000000
968.388800 2104.112000 926.126400 1023.561600 1.000000
959.088000 1508.688000 926.753600 337.876800 1.000000
974.113600 2331.440000 927.643200 1257.830400 1.000000
958.964800 1393.318400 927.868800 192.393600 1.000000
976.742400 2442.000000 928.358400 1366.984000 1.000000
964.048000 1661.584000 928.912000 523.019200 1.000000
972.643200 2117.472000 928.940800 1039.262400 1.000000
971.092800 1979.440000 929.715200 889.628800 1.000000
988.024000 2816.592000 930.497600 1715.952000 1.000000
983.371200 2679.376000 930.728000 1590.715200 1.000000
967.740800 1593.601600 932.456000 444.115200 1.000000
989.129600 2773.872000 932.891200 1678.480000 1.000000
965.230400 1559.174400 933.084800 399.396800 1.000000
975.899200 2157.024000 933.617600 1081.936000 1.000000
972.206400 1823.008000 933.641600 711.249600 1.000000
974.038400 1959.472000 934.022400 866.318400 1.000000
985.073600 2618.480000 934.044800 1536.304000 1.000000
962.291200 1348.321600 934.467200 134.216160 1.000000
976.502400 2136.896000 934.849600 1061.465600 1.000000
981.483200 2345.984000 934.963200 1272.460800 1.000000
980.340800 2213.408000 935.107200 1140.748800 1.000000
984.993600 2338.080000 935.236800 1266.670400 1.000000
986.694400 2628.848000 935.379200 1546.067200 1.000000
985.166400 2534.016000 935.600000 1455.856000 1.000000
981.596800 2228.384000 936.617600 1156.177600 1.000000
990.617600 2607.568000 937.910400 1527.334400 1.000000
966.409600 1361.787200 938.356800 153.173760 1.000000
975.500800 1719.952000 938.657600 595.577600 1.000000
977.137600 1838.080000 939.051200 730.537600 1.000000
989.062400 2512.752000 939.476800 1437.326400 1.000000
993.540800 2698.336000 939.520000 1612.048000 1.000000
981.150400 1967.216000 939.539200 879.561600 1.000000
981.862400 1982.560000 940.161600 895.572800 1.000000
988.161600 2373.600000 940.326400 1301.128000 1.000000
979.072000 1910.240000 940.499200 813.022400 1.000000
983.054400 2124.928000 940.600000 1048.403200 1.000000
985.457600 2170.352000 941.316800 1096.752000 1.000000
993.400000 2598.944000 941.337600 1520.641600 1.000000
992.307200 2493.728000 941.924800 1419.120000 1.000000
1001.926400 2864.288000 942.571200 1761.728000 1.000000
976.673600 1602.512000 942.664000 457.328000 1.000000
979.259200 1706.304000 942.958400 579.392000 1.000000
989.758400 2325.488000 943.051200 1255.723200 1.000000
996.827200 2639.136000 943.368000 1556.480000 1.000000
978.553600 1658.080000 943.408000 522.977600 1.000000
1004.705600 2910.672000 943.649600 1802.944000 1.000000
990.876800 2252.624000 944.643200 1181.939200 1.000000
976.363200 1537.852800 945.121600 377.726400 1.000000
995.652800 2564.864000 945.430400 1486.588800 1.000000
981.020800 1696.176000 945.832000 569.019200 1.000000
990.203200 2165.808000 945.947200 1091.704000 1.000000
998.548800 2626.608000 946.472000 1544.430400 1.000000
983.672000 1728.256000 947.056000 607.430400 1.000000
979.747200 1591.750400 947.084800 444.366400 1.000000
1000.720000 2659.920000 947.233600 1578.100800 1.000000
987.462400 1958.928000 947.785600 868.689600 1.000000
995.011200 2201.632000 949.604800 1131.476800 1.000000
985.678400 1701.152000 950.142400 576.056000 1.000000
980.206400 1410.947200 951.120000 219.112000 1.000000
977.292800 1371.353600 951.408000 167.780800 1.000000
1002.644800 2492.704000 951.878400 1420.315200 1.000000
996.854400 2232.944000 952.041600 1162.819200 1.000000
1002.243200 2470.480000 952.046400 1400.171200 1.000000
992.947200 1968.896000 953.504000 881.832000 1.000000
1008.704000 2643.184000 955.184000 1562.291200 1.000000
1003.398400 2440.752000 955.417600 1370.440000 1.000000
1000.481600 2173.008000 955.912000 1103.492800 1.000000
979.526400 1302.532800 956.217600 77.203520 1.000000
992.881600 1768.400000 956.843200 654.081600 1.000000
986.238400 1454.462400 956.851200 277.286400 1.000000
1005.296000 2415.760000 956.854400 1347.404800 1.000000
997.188800 1899.232000 958.449600 803.912000 1.000000
1008.668800 2466.576000 958.980800 1396.902400 1.000000
1003.507200 2221.168000 959.401600 1152.137600 1.000000
1010.716800 2503.536000 959.955200 1431.915200 1.000000
996.049600 1746.240000 959.968000 629.307200 1.000000
990.628800 1444.977600 961.787200 267.680000 1.000000
996.161600 1523.451200 962.014400 363.915200 1.000000
997.571200 1700.224000 962.572800 577.601600 1.000000
1007.174400 2213.312000 962.718400 1145.444800 1.000000
1014.488000 2476.272000 963.360000 1407.832000 1.000000
989.420800 1389.388800 963.603200 193.819200 1.000000
1020.587200 2764.496000 963.737600 1674.848000 1.000000
1007.918400 2150.656000 964.056000 1081.736000 1.000000
1022.404800 2786.272000 964.819200 1694.992000 1.000000
1025.334400 2745.984000 967.353600 1661.392000 1.000000
998.491200 1474.884800 969.364800 303.177600 1.000000
1012.049600 2093.168000 969.531200 1021.712000 1.000000
1003.291200 1799.072000 969.612800 694.219200 1.000000
1020.552000 2560.784000 970.260800 1488.259200 1.000000
1026.462400 2735.184000 970.328000 1651.872000 1.000000
1006.177600 1759.536000 970.516800 644.740800 1.000000
1000.638400 1500.304000 970.624000 334.926400 1.000000
1008.851200 1791.984000 972.096000 686.060800 1.000000
1022.712000 2488.128000 972.228800 1418.865600 1.000000
1019.128000 2375.792000 972.312000 1310.595200 1.000000
1027.568000 2631.088000 972.715200 1555.376000 1.000000
1025.212800 2507.408000 973.694400 1437.308800 1.000000
1012.081600 2021.184000 973.865600 941.729600 1.000000
1003.905600 1466.724800 974.694400 294.078400 1.000000
1008.788800 1776.752000 974.836800 666.272000 1.000000
1037.926400 2902.624000 976.408000 1800.752000 1.000000
1014.408000 1905.104000 976.468800 814.028800 1.000000
1040.433600 2941.680000 976.627200 1833.904000 1.000000
1015.116800 1911.744000 977.132800 821.780800 1.000000
1002.915200 1358.332800 977.627200 157.029280 1.000000
1021.872000 2057.232000 977.833600 986.339200 1.000000
1013.014400 1704.704000 978.675200 586.243200 1.000000
1027.590400 2399.344000 978.849600 1335.302400 1.000000
1011.372800 1595.878400 979.523200 456.667200 1.000000
1016.012800 1688.688000 982.996800 568.724800 1.000000
1021.374400 1890.448000 983.438400 799.750400 1.000000
1012.521600 1458.291200 984.104000 285.627200 1.000000
1027.609600 2134.816000 984.393600 1068.008000 1.000000
1019.574400 1745.696000 984.688000 634.102400 1.000000
1022.422400 1815.712000 985.825600 716.612800 1.000000
1022.371200 1799.888000 986.020800 699.184000 1.000000
1028.593600 2078.032000 986.363200 1008.336000 1.000000
1049.118400 2836.656000 986.787200 1745.600000 1.000000
1020.648000 1681.504000 987.467200 561.836800 1.000000
1040.705600 2549.376000 987.558400 1482.678400 1.000000
1014.392000 1493.225600 987.606400 330.926400 1.000000
1027.646400 1879.872000 988.625600 790.188800 1.000000
1030.688000 2020.592000 989.900800 947.649600 1.000000
1042.097600 2470.320000 989.934400 1405.508800 1.000000
1043.153600 2446.336000 990.489600 1384.292800 1.000000
1024.937600 1738.928000 991.140800 627.016000 1.000000
1036.443200 2190.480000 991.332800 1128.363200 1.000000
1020.609600 1581.963200 992.363200 441.633600 1.000000
1032.012800 1973.568000 992.780800 896.752000 1.000000
1036.718400 2118.944000 993.448000 1055.060800 1.000000
1022.395200 1533.220800 993.616000 380.720000 1.000000
1017.219200 1381.883200 993.752000 192.001600 1.000000
1054.480000 2774.352000 993.824000 1689.920000 1.000000
1030.937600 1919.920000 994.113600 834.324800 1.000000
1044.270400 2504.992000 994.211200 1439.592000 1.000000
1045.443200 2406.848000 994.675200 1349.249600 1.000000
1037.161600 2144.816000 995.968000 1080.812800 1.000000
1037.193600 2001.888000 996.475200 929.124800 1.000000
1024.644800 1495.571200 997.323200 336.507200 1.000000
1042.801600 2097.744000 998.580800 1032.276800 1.000000
1047.049600 2306.480000 999.129600 1247.916800 1.000000
1021.337600 1295.478400 1001.011200 79.090400 1.000000
1034.764800 1679.280000 1001.227200 560.369600 1.000000
1055.336000 2529.248000 1001.841600 1466.790400 1.000000
1027.065600 1433.833600 1002.246400 260.627200 1.000000
1043.200000 1995.888000 1002.910400 922.713600 1.000000
1058.686400 2574.064000 1003.062400 1509.396800 1.000000
1046.905600 2126.704000 1003.312000 1064.235200 1.000000
1040.598400 1830.448000 1005.625600 735.001600 1.000000
1041.113600 1812.016000 1006.168000 716.140800 1.000000
1058.617600 2407.936000 1007.500800 1351.072000 1.000000
1035.828800 1535.366400 1007.963200 386.899200 1.000000
1071.408000 2758.736000 1009.451200 1678.624000 1.000000
1035.568000 1463.356800 1010.636800 297.435200 1.000000
1059.504000 2282.608000 1011.283200 1225.854400 1.000000
1052.670400 1969.648000 1013.433600 896.046400 1.000000
1077.854400 2828.240000 1014.316800 1742.784000 1.000000
1059.606400 2247.840000 1014.392000 1192.769600 1.000000
1058.638400 2088.496000 1014.432000 1027.571200 1.000000
1041.939200 1486.731200 1014.491200 327.628800 1.000000
1071.145600 2558.144000 1014.508800 1495.524800 1.000000
1035.838400 1347.673600 1014.977600 151.056480 1.000000
1070.870400 2568.512000 1015.196800 1505.579200 1.000000
1039.795200 1450.939200 1015.889600 284.179200 1.000000
1083.803200 2917.008000 1016.918400 1818.416000 1.000000
1061.057600 2175.152000 1018.008000 1117.024000 1.000000
1037.598400 1332.142400 1018.140800 132.307040 1.000000
1043.166400 1434.964800 1018.864000 264.080000 1.000000
1054.384000 1768.336000 1020.361600 670.012800 1.000000
1092.627200 2972.384000 1021.049600 1870.912000 1.000000
1052.208000 1691.024000 1021.772800 578.803200 1.000000
1077.822400 2493.904000 1022.417600 1438.904000 1.000000
1060.387200 1925.600000 1022.662400 847.392000 1.000000
1068.182400 2029.568000 1023.462400 965.524800 1.000000
1070.571200 2272.192000 1023.472000 1219.939200 1.000000
1068.164800 2142.432000 1024.054400 1085.513600 1.000000
1082.448000 2642.352000 1024.088000 1577.044800 1.000000
1059.686400 1865.984000 1024.620800 778.707200 1.000000
1073.131200 2283.104000 1025.195200 1230.625600 1.000000
1059.152000 1732.064000 1026.347200 629.352000 1.000000
1060.891200 1708.832000 1029.982400 601.956800 1.000000
1081.331200 2402.400000 1030.051200 1348.457600 1.000000
1100.483200 2948.160000 1030.507200 1849.024000 1.000000
1071.155200 1987.136000 1032.163200 919.552000 1.000000
1079.462400 2169.904000 1032.707200 1114.555200 1.000000
1072.667200 1978.720000 1033.139200 910.726400 1.000000
1081.020800 2287.616000 1033.200000 1236.190400 1.000000
1061.745600 1543.339200 1035.169600 402.369600 1.000000
1073.164800 1926.064000 1035.388800 851.878400 1.000000
1083.814400 2267.504000 1036.372800 1215.635200 1.000000
1075.264000 1959.056000 1036.699200 889.859200 1.000000
1073.769600 1915.648000 1036.755200 839.932800 1.000000
1070.006400 1736.944000 1036.979200 636.166400 1.000000
1103.955200 2811.552000 1037.584000 1730.928000 1.000000
1083.276800 2102.784000 1039.766400 1046.752000 1.000000
1095.644800 2554.528000 1039.795200 1497.572800 1.000000
1103.518400 2728.656000 1040.800000 1657.488000 1.000000
1096.502400 2485.904000 1042.156800 1435.065600 1.000000
1100.540800 2632.864000 1042.267200 1570.054400 1.000000
1081.145600 2011.104000 1042.600000 946.542400 1.000000
1099.571200 2549.376000 1042.808000 1493.356800 1.000000
1065.126400 1441.414400 1043.134400 276.712000 1.000000
1111.822400 2826.864000 1043.745600 1746.224000 1.000000
1095.921600 2401.776000 1043.942400 1350.190400 1.000000
1060.208000 1308.326400 1043.982400 101.786400 1.000000
1073.651200 1668.512000 1044.312000 557.780800 1.000000
1067.868800 1508.392000 1044.766400 362.246400 1.000000
1077.993600 1782.000000 1045.571200 688.281600 1.000000
1086.851200 2034.576000 1045.737600 974.412800 1.000000
1094.760000 2290.912000 1046.636800 1243.729600 1.000000
1103.158400 2543.776000 1047.158400 1489.899200 1.000000
1090.696000 2110.544000 1047.747200 1056.801600 1.000000
1113.076800 2780.896000 1048.003200 1707.680000 1.000000
1090.140800 2090.080000 1048.075200 1034.172800 1.000000
1103.929600 2479.888000 1048.532800 1428.424000 1.000000
1096.672000 2238.624000 1049.873600 1188.836800 1.000000
1089.897600 1994.800000 1050.502400 931.763200 1.000000
1115.198400 2759.712000 1050.851200 1688.080000 1.000000
1077.536000 1546.928000 1051.164800 408.745600 1.000000
1101.824000 2353.520000 1051.777600 1303.792000 1.000000
1101.281600 2214.752000 1053.076800 1164.649600 1.000000
1102.478400 2287.056000 1053.268800 1240.392000 1.000000
1066.886400 1297.211200 1053.483200 89.848640 1.000000
1110.272000 2526.784000 1053.716800 1473.500800 1.000000
1104.897600 2310.448000 1055.332800 1263.144000 1.000000
1124.811200 2877.008000 1055.488000 1791.136000 1.000000
1115.984000 2661.584000 1055.512000 1599.212800 1.000000
1086.912000 1710.336000 1056.198400 609.075200 1.000000
1096.731200 2005.728000 1056.224000 945.324800 1.000000
1129.494400 2934.272000 1057.488000 1843.552000 1.000000
1118.702400 2581.680000 1059.646400 1525.214400 1.000000
1108.883200 2297.648000 1059.692800 1251.452800 1.000000
1109.054400 2288.000000 1060.398400 1241.721600 1.000000
1127.260800 2734.480000 1060.550400 1669.904000 1.000000
1102.651200 2078.848000 1060.675200 1024.315200 1.000000
1081.160000 1421.011200 1061.044800 254.641600 1.000000
1097.203200 1894.848000 1061.056000 821.040000 1.000000
1095.694400 1799.264000 1062.019200 710.240000 1.000000
1082.571200 1397.913600 1062.262400 224.116800 1.000000
1100.792000 1968.624000 1062.526400 903.955200 1.000000
1110.595200 2250.224000 1062.921600 1204.304000 1.000000
1097.728000 1863.776000 1064.371200 783.961600 1.000000
1138.233600 2946.880000 1064.664000 1854.416000 1.000000
1096.416000 1776.512000 1064.865600 685.294400 1.000000
1112.132800 2227.152000 1064.966400 1179.921600 1.000000
1100.648000 1883.744000 1065.764800 807.577600 1.000000
1113.732800 2239.072000 1066.057600 1194.030400 1.000000
1106.857600 2018.384000 1066.433600 959.956800 1.000000
1099.913600 1827.600000 1066.627200 743.804800 1.000000
1114.984000 2179.344000 1069.219200 1134.832000 1.000000
1100.840000 1752.416000 1069.257600 659.300800 1.000000
1079.441600 1251.048000 1069.488000 28.335840 1.000000
1086.940800 1344.940800 1070.208000 153.106400 1.000000
1116.784000 2205.152000 1070.627200 1159.776000 1.000000
1127.564800 2507.552000 1071.062400 1457.979200 1.000000
1093.636800 1503.334400 1071.676800 358.092800 1.000000
1145.766400 2919.712000 1071.918400 1831.520000 1.000000
1117.670400 2162.800000 1072.728000 1116.558400 1.000000
1098.252800 1535.899200 1073.681600 400.123200 1.000000
1151.307200 2947.280000 1074.828800 1856.160000 1.000000
1147.355200 2888.032000 1075.219200 1805.024000 1.000000
1105.683200 1720.480000 1076.035200 623.598400 1.000000
1100.600000 1580.851200 1076.372800 456.497600 1.000000
1132.739200 2487.280000 1076.816000 1439.238400 1.000000
1119.134400 2043.520000 1076.862400 990.547200 1.000000
1094.011200 1376.740800 1076.963200 198.337600 1.000000
1144.272000 2733.024000 1077.276800 1669.536000 1.000000
1131.979200 2460.304000 1077.572800 1414.921600 1.000000
1093.260800 1397.985600 1077.892800 227.993600 1.000000
1140.432000 2651.584000 1077.918400 1593.150400 1.000000
1139.158400 2632.864000 1079.412800 1575.284800 1.000000
1101.222400 1476.580800 1079.592000 326.582400 1.000000
1103.441600 1560.625600 1079.734400 431.670400 1.000000
1121.438400 2043.360000 1080.907200 991.336000 1.000000
1111.740800 1755.664000 1080.936000 665.105600 1.000000
1122.443200 2025.152000 1081.387200 972.918400 1.000000
1095.734400 1499.179200 1082.627200 367.612800 1.000000
1135.011200 2342.592000 1083.212800 1299.318400 1.000000
1112.705600 1710.368000 1083.555200 612.628800 1.000000
1139.884800 2467.920000 1083.936000 1423.248000 1.000000
1112.217600 1677.552000 1084.060800 574.872000 1.000000
1161.987200 2963.328000 1084.758400 1871.696000 1.000000
1136.430400 2396.352000 1085.457600 1352.531200 1.000000
1140.360000 2445.968000 1085.750400 1402.720000 1.000000
1095.860800 1259.408000 1087.982400 41.878240 1.000000
1159.756800 2847.664000 1088.312000 1771.280000 1.000000
1134.044800 2189.408000 1088.660800 1147.051200 1.000000
1126.651200 1961.088000 1088.761600 901.380800 1.000000
1149.612800 2530.896000 1089.220800 1484.940800 1.000000
1152.510400 2640.752000 1089.888000 1585.217600 1.000000
1120.566400 1765.184000 1090.502400 678.619200 1.000000
1112.982400 1575.160000 1090.617600 452.694400 1.000000
1147.356800 2464.112000 1090.617600 1421.072000 1.000000
1131.700800 2056.096000 1090.737600 1008.750400 1.000000
1137.971200 2230.208000 1090.771200 1189.532800 1.000000
1144.020800 2407.040000 1090.913600 1365.990400 1.000000
1149.036800 2526.816000 1091.272000 1481.232000 1.000000
1123.020800 1796.368000 1091.876800 712.108800 1.000000
1146.972800 2454.096000 1091.932800 1412.043200 1.000000
1166.014400 2875.648000 1092.283200 1796.560000 1.000000
1162.987200 2756.272000 1095.334400 1692.416000 1.000000
1117.539200 1532.172800 1096.006400 398.550400 1.000000
1127.654400 1803.232000 1096.326400 721.292800 1.000000
1115.844800 1475.956800 1096.563200 328.568000 1.000000
1116.076800 1468.209600 1097.697600 318.227200 1.000000
1128.262400 1774.032000 1098.297600 689.896000 1.000000
1142.852800 2135.600000 1098.777600 1092.558400 1.000000
1159.217600 2560.000000 1099.353600 1512.651200 1.000000
1113.838400 1364.454400 1099.707200 181.568000 1.000000
1180.566400 2984.496000 1100.240000 1890.816000 1.000000
1111.761600 1323.380800 1100.262400 127.112480 1.000000
1143.675200 2136.224000 1100.584000 1093.230400 1.000000
1115.233600 1394.128000 1100.656000 226.417600 1.000000
1118.750400 1455.678400 1101.060800 303.894400 1.000000
1137.486400 1882.224000 1102.438400 815.041600 1.000000
1130.286400 1687.232000 1102.867200 589.201600 1.000000
1133.952000 1839.424000 1102.996800 761.899200 1.000000
1126.497600 1578.180800 1103.825600 455.313600 1.000000
1174.582400 2785.536000 1104.955200 1718.240000 1.000000
1135.003200 1744.112000 1105.859200 655.496000 1.000000
1154.145600 2240.768000 1105.897600 1202.899200 1.000000
1175.641600 2755.760000 1106.592000 1692.160000 1.000000
1169.700800 2608.128000 1106.924800 1557.483200 1.000000
1119.846400 1329.465600 1107.840000 135.149120 1.000000
1154.505600 2205.504000 1108.025600 1167.625600 1.000000
1148.036800 2029.920000 1108.249600 980.907200 1.000000
1143.737600 1913.472000 1108.292800 851.763200 1.000000
1139.414400 1753.040000 1108.651200 667.252800 1.000000
1119.270400 1280.777600 1108.742400 67.993760 1.000000
1178.625600 2765.712000 1108.771200 1701.040000 1.000000
1156.881600 2215.600000 1109.260800 1178.980800 1.000000
1120.939200 1312.024000 1111.592000 114.830400 1.000000
1149.814400 1966.768000 1112.246400 912.652800 1.000000
1166.617600 2387.552000 1112.248000 1352.032000 1.000000
1169.836800 2427.712000 1112.259200 1391.116800 1.000000
1141.187200 1760.656000 1112.736000 675.307200 1.000000
1153.961600 2048.096000 1112.956800 1001.748800 1.000000
1189.646400 2899.296000 1113.046400 1821.600000 1.000000
1158.118400 2198.016000 1113.054400 1161.176000 1.000000
1148.108800 1894.432000 1113.268800 831.326400 1.000000
1144.753600 1811.040000 1113.768000 733.051200 1.000000
1190.792000 2884.784000 1114.353600 1808.320000 1.000000
1147.169600 1838.240000 1114.976000 764.126400 1.000000
1181.872000 2719.728000 1115.313600 1662.576000 1.000000
1175.078400 2496.528000 1115.860800 1454.436800 1.000000
1186.219200 2768.816000 1115.916800 1704.112000 1.000000
1180.675200 2583.936000 1116.307200 1537.169600 1.000000
1161.252800 2169.600000 1116.385600 1131.980800 1.000000
1174.507200 2462.976000 1116.516800 1423.996800 1.000000
1141.126400 1658.080000 1116.747200 556.169600 1.000000
1182.443200 2660.432000 1117.553600 1608.608000 1.000000
1177.716800 2521.808000 1118.505600 1479.334400 1.000000
1176.500800 2479.728000 1118.540800 1439.398400 1.000000
1139.684800 1562.187200 1118.672000 439.424000 1.000000
1157.747200 1983.584000 1119.299200 932.790400 1.000000
1146.873600 1730.944000 1119.721600 644.507200 1.000000
1176.912000 2454.832000 1119.747200 1416.777600 1.000000
1167.612800 2217.648000 1119.883200 1181.896000 1.000000
1169.280000 2231.168000 1121.016000 1194.742400 1.000000
1149.888000 1753.792000 1121.224000 669.251200 1.000000
1172.632000 2288.240000 1121.297600 1252.347200 1.000000
1142.678400 1537.462400 1122.380800 409.075200 1.000000
1186.249600 2567.664000 1123.500800 1522.387200 1.000000
1141.185600 1481.232000 1123.568000 338.918400 1.000000
1179.491200 2405.984000 1123.792000 1371.926400 1.000000
1175.441600 2302.992000 1124.068800 1267.403200 1.000000
1137.257600 1383.544000 1124.614400 204.886400 1.000000
1188.748800 2634.816000 1124.729600 1586.174400 1.000000
1164.433600 1999.040000 1125.664000 950.561600 1.000000
1176.081600 2264.448000 1125.670400 1228.793600 1.000000
1169.017600 2111.904000 1126.108800 1072.256000 1.000000
1171.248000 2173.424000 1126.108800 1137.715200 1.000000
1145.891200 1552.857600 1126.366400 428.441600 1.000000
1145.376000 1523.588800 1127.636800 390.689600 1.000000
1160.174400 1870.320000 1127.904000 804.604800 1.000000
1164.348800 1941.984000 1127.990400 889.513600 1.000000
1183.385600 2373.008000 1128.801600 1340.627200 1.000000
1152.870400 1654.720000 1128.844800 553.251200 1.000000
1165.400000 1927.072000 1129.094400 871.332800 1.000000
1186.139200 2420.608000 1129.299200 1385.731200 1.000000
1169.601600 2032.448000 1129.668800 986.958400 1.000000
1157.022400 1689.600000 1130.739200 594.688000 1.000000
1174.328000 2093.472000 1131.345600 1052.984000 1.000000
1161.355200 1808.992000 1131.403200 734.694400 1.000000
1161.768000 1819.568000 1132.185600 746.116800 1.000000
1174.035200 2055.568000 1132.606400 1012.784000 1.000000
1158.292800 1677.872000 1134.444800 581.750400 1.000000
1176.964800 2070.128000 1134.649600 1030.209600 1.000000
1153.121600 1544.016000 1134.756800 418.883200 1.000000
1212.912000 2903.008000 1134.896000 1825.680000 1.000000
1213.537600 2886.512000 1135.233600 1812.704000 1.000000
1173.459200 1957.840000 1135.476800 906.168000 1.000000
1156.022400 1532.579200 1137.420800 405.329600 1.000000
1156.120000 1506.600000 1137.800000 371.032000 1.000000
1181.764800 2082.784000 1137.872000 1042.980800 1.000000
1213.156800 2802.992000 1139.496000 1738.752000 1.000000
1150.438400 1360.238400 1140.115200 172.219200 1.000000
1199.390400 2456.992000 1141.304000 1421.910400 1.000000
1188.502400 2182.416000 1141.329600 1148.920000 1.000000
1180.782400 2047.248000 1141.484800 1005.830400 1.000000
1217.004800 2832.544000 1141.560000 1766.832000 1.000000
1192.916800 2283.680000 1141.788800 1250.824000 1.000000
1209.288000 2640.992000 1141.811200 1596.417600 1.000000
1192.934400 2266.656000 1142.624000 1233.665600 1.000000
1170.008000 1696.960000 1144.198400 607.244800 1.000000
1199.620800 2383.264000 1144.264000 1351.424000 1.000000
1201.908800 2431.440000 1144.662400 1398.769600 1.000000
1152.448000 1323.385600 1144.761600 126.882400 1.000000
1195.587200 2166.576000 1145.376000 1132.665600 1.000000
1172.993600 1746.800000 1145.446400 664.464000 1.000000
1219.684800 2807.824000 1145.708800 1742.544000 1.000000
1202.984000 2420.960000 1145.819200 1388.417600 1.000000
1182.817600 1947.040000 1145.846400 897.553600 1.000000
1191.376000 2171.888000 1146.195200 1140.067200 1.000000
1228.774400 2962.896000 1147.038400 1876.656000 1.000000
1173.131200 1733.520000 1147.358400 649.977600 1.000000
1189.724800 2117.216000 1147.419200 1081.193600 1.000000
1190.009600 2077.440000 1147.828800 1039.656000 1.000000
1173.224000 1683.088000 1147.870400 590.059200 1.000000
1209.208000 2518.208000 1148.755200 1477.526400 1.000000
1153.902400 1278.452800 1149.102400 71.373600 1.000000
1179.672000 1775.072000 1149.454400 698.833600 1.000000
1189.289600 2029.456000 1149.849600 986.881600 1.000000
1212.228800 2554.064000 1150.072000 1515.404800 1.000000
1182.051200 1876.304000 1150.214400 817.766400 1.000000
1233.371200 2917.728000 1151.272000 1841.392000 1.000000
1217.184000 2602.096000 1151.281600 1561.764800 1.000000
1160.942400 1382.148800 1151.641600 197.363200 1.000000
1183.067200 1833.456000 1151.710400 769.152000 1.000000
1192.243200 2061.008000 1152.032000 1021.955200 1.000000
1200.460800 2209.344000 1152.172800 1180.457600 1.000000
1201.798400 2266.736000 1152.747200 1236.051200 1.000000
1211.660800 2452.224000 1153.131200 1419.924800 1.000000
1185.916800 1814.480000 1153.875200 747.713600 1.000000
1218.716800 2608.304000 1154.238400 1566.705600 1.000000
1170.364800 1492.969600 1154.515200 357.976000 1.000000
1227.353600 2725.184000 1154.894400 1672.416000 1.000000
1219.076800 2558.032000 1155.544000 1519.678400 1.000000
1226.430400 2713.072000 1156.147200 1662.160000 1.000000
1172.454400 1480.905600 1157.049600 341.273600 1.000000
1211.688000 2343.504000 1157.520000 1315.856000 1.000000
1226.096000 2635.840000 1157.846400 1593.240000 1.000000
1227.499200 2668.224000 1158.003200 1622.400000 1.000000
1179.809600 1653.632000 1158.619200 556.300800 1.000000
1234.099200 2752.112000 1159.331200 1696.880000 1.000000
1166.731200 1357.856000 1159.534400 166.596800 1.000000
1197.038400 1950.864000 1160.356800 903.011200 1.000000
1238.532800 2823.760000 1160.990400 1761.760000 1.000000
1235.368000 2766.816000 1161.113600 1709.472000 1.000000
1169.043200 1370.219200 1162.668800 182.611200 1.000000
1249.483200 2978.832000 1162.753600 1894.224000 1.000000
1209.537600 2154.304000 1164.296000 1124.548800 1.000000
1190.820800 1738.688000 1165.185600 657.768000 1.000000
1179.974400 1495.832000 1165.699200 363.460800 1.000000
1233.436800 2622.192000 1166.556800 1581.380800 1.000000
1212.979200 2160.976000 1166.880000 1131.518400 1.000000
1202.200000 1920.384000 1167.240000 871.539200 1.000000
1187.760000 1599.416000 1167.494400 489.680000 1.000000
1186.787200 1546.697600 1167.817600 425.358400 1.000000
1240.724800 2732.096000 1168.035200 1678.544000 1.000000
1229.859200 2467.120000 1168.238400 1435.760000 1.000000
1209.291200 2042.304000 1169.139200 1004.921600 1.000000
1226.284800 2389.488000 1170.598400 1361.684800 1.000000
1218.340800 2227.584000 1170.835200 1199.870400 1.000000
1197.617600 1749.712000 1171.513600 672.262400 1.000000
1253.558400 2893.120000 1171.889600 1822.544000 1.000000
1210.854400 2014.672000 1172.662400 974.752000 1.000000
1212.067200 2028.352000 1173.267200 990.376000 1.000000
1200.638400 1767.616000 1173.686400 694.176000 1.000000
1249.787200 2745.600000 1175.156800 1693.936000 1.000000
1226.553600 2263.952000 1175.542400 1238.232000 1.000000
1229.564800 2288.848000 1176.702400 1264.526400 1.000000
1184.625600 1366.302400 1177.155200 180.843200 1.000000
1257.915200 2813.360000 1177.592000 1754.256000 1.000000
1221.913600 2111.872000 1178.192000 1082.692800 1.000000
1263.192000 2917.792000 1178.953600 1845.120000 1.000000
1213.940800 1912.624000 1179.656000 864.116800 1.000000
1240.712000 2458.464000 1180.809600 1428.536000 1.000000
1257.078400 2774.848000 1180.940800 1719.328000 1.000000
1237.852800 2359.952000 1181.267200 1334.944000 1.000000
1215.481600 1874.352000 1182.260800 822.440000 1.000000
1188.982400 1386.952000 1182.673600 207.460800 1.000000
1210.118400 1780.848000 1182.731200 712.153600 1.000000
1249.758400 2564.272000 1182.876800 1531.267200 1.000000
1224.536000 2068.880000 1183.276800 1037.243200 1.000000
1211.900800 1778.912000 1184.662400 710.585600 1.000000
1221.948800 1976.480000 1185.576000 933.828800 1.000000
1214.796800 1811.280000 1185.616000 750.635200 1.000000
1203.251200 1568.878400 1186.921600 455.584000 1.000000
1219.000000 1865.120000 1187.001600 812.432000 1.000000
1216.641600 1795.040000 1188.646400 731.488000 1.000000
1209.838400 1653.120000 1188.923200 560.350400 1.000000
1216.612800 1786.544000 1188.948800 721.128000 1.000000
1225.795200 1967.440000 1189.020800 927.256000 1.000000
1253.960000 2567.872000 1189.032000 1533.953600 1.000000
1237.756800 2198.896000 1189.166400 1172.620800 1.000000
1226.144000 1952.688000 1189.982400 917.409600 1.000000
1223.264000 1901.440000 1190.236800 852.059200 1.000000
1258.224000 2584.880000 1190.518400 1550.627200 1.000000
1232.662400 2086.240000 1190.544000 1056.612800 1.000000
1251.670400 2479.248000 1190.550400 1449.272000 1.000000
1253.841600 2494.096000 1191.049600 1464.632000 1.000000
1277.337600 2919.760000 1191.185600 1848.464000 1.000000
1232.368000 2045.472000 1192.425600 1013.302400 1.000000
1236.753600 2082.960000 1194.884800 1054.684800 1.000000
1241.180800 2172.656000 1195.244800 1147.321600 1.000000
1221.712000 1737.776000 1195.788800 661.630400 1.000000
1255.657600 2449.872000 1196.339200 1421.990400 1.000000
1214.900800 1592.257600 1196.616000 488.750400 1.000000
1267.844800 2620.048000 1197.888000 1583.692800 1.000000
1225.630400 1793.312000 1198.179200 731.235200 1.000000
1254.612800 2385.440000 1199.043200 1360.792000 1.000000
1275.016000 2713.008000 1199.112000 1667.232000 1.000000
1211.310400 1456.099200 1199.403200 302.977600 1.000000
1239.508800 2015.216000 1199.521600 982.052800 1.000000
1261.481600 2475.392000 1199.630400 1448.028800 1.000000
1233.620800 1899.104000 1200.664000 850.820800 1.000000
1238.833600 2042.528000 1200.796800 1011.502400 1.000000
1228.774400 1833.712000 1200.900800 777.424000 1.000000
1259.475200 2408.464000 1201.857600 1383.990400 1.000000
1213.915200 1480.596800 1202.137600 334.793600 1.000000
1266.950400 2498.320000 1203.225600 1470.428800 1.000000
1224.894400 1682.704000 1203.249600 599.329600 1.000000
1253.566400 2255.088000 1203.454400 1234.563200 1.000000
1235.054400 1845.904000 1204.702400 793.624000 1.000000
1253.553600 2209.680000 1205.268800 1186.934400 1.000000
1223.272000 1610.496000 1205.468800 509.627200 1.000000
1271.515200 2518.608000 1206.204800 1491.244800 1.000000
1262.278400 2337.936000 1207.267200 1317.515200 1.000000
1234.657600 1792.880000 1207.566400 731.019200 1.000000
1238.627200 1861.488000 1207.688000 810.110400 1.000000
1245.500800 1985.504000 1209.246400 949.675200 1.000000
1259.585600 2248.672000 1209.496000 1230.417600 1.000000
1236.675200 1772.848000 1209.918400 710.752000 1.000000
1300.926400 2940.416000 1211.809600 1866.208000 1.000000
1280.654400 2529.680000 1214.240000 1504.894400 1.000000
1217.865600 1367.131200 1214.470400 185.601600 1.000000
1274.699200 2419.360000 1214.587200 1396.310400 1.000000
1262.155200 2190.480000 1214.982400 1167.824000 1.000000
1294.182400 2747.184000 1215.008000 1700.944000 1.000000
1249.889600 1933.296000 1215.097600 892.996800 1.000000
1304.902400 2936.288000 1215.246400 1865.168000 1.000000
1297.561600 2789.104000 1216.368000 1738.528000 1.000000
1272.004800 2318.304000 1216.569600 1298.281600 1.000000
1297.158400 2778.336000 1217.320000 1728.400000 1.000000
1241.912000 1748.624000 1217.424000 682.291200 1.000000
1238.604800 1661.680000 1219.105600 577.529600 1.000000
1297.299200 2742.000000 1219.121600 1697.040000 1.000000
1258.974400 2019.696000 1220.276800 990.838400 1.000000
1285.396800 2502.160000 1220.312000 1477.958400 1.000000
1308.166400 2895.296000 1220.363200 1830.528000 1.000000
1254.107200 1918.432000 1220.686400 876.355200 1.000000
1283.238400 2454.160000 1221.078400 1432.155200 1.000000
1248.523200 1753.744000 1221.627200 689.716800 1.000000
1283.243200 2407.280000 1223.329600 1386.680000 1.000000
1248.035200 1721.536000 1224.747200 650.552000 1.000000
1262.577600 1998.112000 1224.958400 966.739200 1.000000
1247.284800 1685.040000 1226.107200 605.164800 1.000000
1256.403200 1798.672000 1228.616000 741.348800 1.000000
1262.886400 1912.240000 1228.825600 870.017600 1.000000
1249.548800 1706.752000 1228.832000 633.505600 1.000000
1309.084800 2764.032000 1229.043200 1717.904000 1.000000
1265.929600 1990.768000 1229.582400 960.432000 1.000000
1259.766400 1872.624000 1229.584000 825.203200 1.000000
1268.817600 1984.160000 1229.811200 952.624000 1.000000
1298.873600 2573.296000 1229.913600 1543.297600 1.000000
1255.004800 1775.520000 1230.091200 714.900800 1.000000
1286.542400 2358.080000 1231.390400 1338.470400 1.000000
1252.454400 1697.856000 1231.467200 624.801600 1.000000
1318.489600 2863.616000 1231.572800 1805.376000 1.000000
1324.355200 2899.872000 1233.947200 1835.904000 1.000000
1294.614400 2403.456000 1235.313600 1383.731200 1.000000
1262.606400 1817.168000 1235.435200 764.646400 1.000000
1300.211200 2489.520000 1235.654400 1468.356800 1.000000
1274.760000 2026.384000 1235.942400 999.872000 1.000000
1317.579200 2750.656000 1237.283200 1707.456000 1.000000
1268.500800 1865.152000 1238.491200 817.075200 1.000000
1245.361600 1432.372800 1238.601600 277.556800 1.000000
1273.062400 1921.120000 1239.691200 882.072000 1.000000
1272.486400 1895.120000 1240.347200 852.723200 1.000000
1275.248000 1935.920000 1242.105600 899.947200 1.000000
1309.081600 2514.208000 1242.865600 1492.380800 1.000000
1303.868800 2381.200000 1244.081600 1363.363200 1.000000
1310.672000 2496.032000 1244.742400 1475.432000 1.000000
1299.380800 2280.880000 1244.950400 1268.177600 1.000000
1323.172800 2709.008000 1244.956800 1671.296000 1.000000
1280.902400 1971.152000 1246.171200 940.190400 1.000000
1324.323200 2714.128000 1246.248000 1674.512000 1.000000
1327.494400 2759.120000 1246.323200 1713.888000 1.000000
1330.345600 2779.856000 1246.827200 1734.784000 1.000000
1272.139200 1752.704000 1246.910400 684.912000 1.000000
1285.592000 2018.000000 1247.091200 992.708800 1.000000
1314.896000 2537.984000 1247.113600 1516.768000 1.000000
1298.275200 2248.976000 1247.136000 1234.524800 1.000000
1304.926400 2362.512000 1247.283200 1346.520000 1.000000
1332.537600 2823.104000 1247.387200 1772.992000 1.000000
1331.353600 2771.856000 1248.628800 1727.984000 1.000000
1257.800000 1473.276800 1250.640000 332.840000 1.000000
1311.296000 2357.504000 1252.627200 1342.238400 1.000000
1287.384000 1963.824000 1252.633600 934.302400 1.000000
1301.897600 2209.808000 1252.715200 1195.308800 1.000000
1309.785600 2323.024000 1253.483200 1307.579200 1.000000
1265.088000 1559.203200 1254.070400 441.299200 1.000000
1284.100800 1873.168000 1254.070400 829.446400 1.000000
1287.393600 1919.392000 1254.259200 882.563200 1.000000
1346.579200 2915.504000 1254.462400 1851.680000 1.000000
1337.684800 2761.680000 1255.011200 1719.920000 1.000000
1251.076800 1353.246400 1255.017600 175.360000 1.000000
1300.691200 2130.240000 1255.412800 1112.761600 1.000000
1299.710400 2114.896000 1255.547200 1097.774400 1.000000
1336.736000 2716.112000 1256.278400 1678.976000 1.000000
1306.523200 2227.184000 1256.560000 1213.836800 1.000000
1315.596800 2377.680000 1256.598400 1363.048000 1.000000
1308.342400 2237.200000 1256.836800 1224.262400 1.000000
1304.392000 2166.432000 1257.091200 1151.716800 1.000000
1321.388800 2437.408000 1257.846400 1421.060800 1.000000
1295.456000 1975.040000 1259.390400 946.680000 1.000000
1285.147200 1799.776000 1259.499200 742.470400 1.000000
1330.356800 2522.144000 1261.377600 1500.723200 1.000000
1268.038400 1461.419200 1262.697600 319.686400 1.000000
1311.484800 2174.880000 1263.420800 1161.616000 1.000000
1263.804800 1380.678400 1263.566400 214.310400 1.000000
1322.587200 2404.272000 1263.638400 1389.809600 1.000000
1353.947200 2827.808000 1265.886400 1779.184000 1.000000
1260.404800 1314.486400 1265.888000 126.034400 1.000000
1265.926400 1366.873600 1266.668800 196.678400 1.000000
1324.235200 2328.240000 1267.372800 1314.524800 1.000000
1277.308800 1529.569600 1267.662400 408.251200 1.000000
1354.664000 2792.944000 1268.636800 1748.832000 1.000000
1341.569600 2610.144000 1269.379200 1582.891200 1.000000
1354.118400 2766.352000 1269.883200 1724.528000 1.000000
1311.806400 2094.000000 1270.025600 1077.176000 1.000000
1338.844800 2522.544000 1270.292800 1502.742400 1.000000
1315.358400 2125.504000 1271.521600 1110.995200 1.000000
1279.616000 1514.004800 1272.136000 389.419200 1.000000
1319.683200 2190.608000 1272.308800 1178.513600 1.000000
1310.136000 1987.424000 1272.488000 960.958400 1.000000
1343.475200 2537.616000 1273.369600 1517.003200 1.000000
1339.300800 2449.248000 1274.252800 1434.678400 1.000000
1298.980800 1786.480000 1274.707200 731.398400 1.000000
1305.860800 1854.400000 1275.233600 811.979200 1.000000
1286.305600 1562.096000 1276.052800 450.822400 1.000000
1329.444800 2256.528000 1276.673600 1244.278400 1.000000
1343.265600 2465.344000 1277.424000 1449.176000 1.000000
1315.792000 1950.208000 1279.091200 921.942400 1.000000
1319.105600 2042.512000 1280.060800 1024.672000 1.000000
1361.262400 2694.448000 1280.870400 1662.352000 1.000000
1322.014400 2053.504000 1281.342400 1034.241600 1.000000
1332.300800 2231.552000 1281.966400 1221.371200 1.000000
1284.913600 1452.323200 1282.326400 312.481600 1.000000
1354.225600 2557.088000 1282.337600 1536.572800 1.000000
1333.057600 2201.920000 1283.168000 1190.817600 1.000000
1316.880000 1907.408000 1283.601600 874.227200 1.000000
1290.681600 1501.433600 1283.734400 375.747200 1.000000
1368.585600 2759.536000 1284.368000 1721.264000 1.000000
1360.908800 2618.064000 1285.236800 1593.142400 1.000000
1316.902400 1852.256000 1286.409600 810.203200 1.000000
1363.281600 2628.096000 1287.030400 1602.832000 1.000000
1367.664000 2683.824000 1287.115200 1654.208000 1.000000
1351.427200 2419.344000 1287.214400 1406.649600 1.000000
1350.134400 2392.896000 1287.958400 1381.912000 1.000000
1323.049600 1978.928000 1288.084800 954.315200 1.000000
1325.340800 2009.760000 1288.091200 988.158400 1.000000
1294.806400 1512.768000 1288.252800 391.417600 1.000000
1341.331200 2238.896000 1288.328000 1229.184000 1.000000
1373.358400 2731.920000 1289.166400 1698.224000 1.000000
1348.350400 2350.272000 1289.438400 1340.368000 1.000000
1337.712000 2133.312000 1290.625600 1121.960000 1.000000
1286.920000 1368.145600 1290.953600 201.624000 1.000000
1283.712000 1327.308800 1291.158400 147.875520 1.000000
1322.363200 1886.336000 1292.011200 849.948800 1.000000
1360.764800 2485.408000 1292.203200 1471.595200 1.000000
1378.683200 2761.888000 1292.360000 1724.160000 1.000000
1331.945600 2019.408000 1293.624000 998.961600 1.000000
1323.641600 1874.048000 1294.345600 836.603200 1.000000
1370.244800 2606.096000 1295.049600 1584.164800 1.000000
1352.900800 2308.848000 1296.360000 1300.595200 1.000000
1385.784000 2782.320000 1296.604800 1742.480000 1.000000
1313.110400 1686.752000 1297.168000 605.086400 1.000000
1304.788800 1542.561600 1297.473600 426.520000 1.000000
1394.179200 2896.080000 1297.843200 1841.280000 1.000000
1339.504000 2071.808000 1298.136000 1056.433600 1.000000
1346.568000 2185.552000 1298.436800 1176.140800 1.000000
1323.598400 1761.472000 1301.428800 694.790400 1.000000
1364.947200 2404.336000 1301.745600 1394.624000 1.000000
1312.227200 1583.284800 1302.240000 481.147200 1.000000
1296.980800 1360.630400 1302.524800 194.368000 1.000000
1336.204800 1933.168000 1302.811200 905.169600 1.000000
1309.505600 1519.337600 1303.321600 401.812800 1.000000
1340.441600 1992.384000 1303.787200 971.120000 1.000000
1378.227200 2566.784000 1304.171200 1547.931200 1.000000
1359.680000 2275.312000 1304.220800 1267.891200 1.000000
1313.267200 1533.091200 1306.416000 419.505600 1.000000
1363.502400 2307.280000 1306.780800 1299.636800 1.000000
1305.062400 1459.889600 1308.115200 324.408000 1.000000
1329.262400 1751.408000 1309.051200 684.875200 1.000000
1297.492800 1282.902400 1309.414400 89.934720 1.000000
1356.505600 2067.216000 1310.683200 1050.859200 1.000000
1371.587200 2338.608000 1311.737600 1332.444800 1.000000
1384.896000 2539.136000 1312.236800 1522.403200 1.000000
1378.803200 2465.856000 1312.299200 1454.699200 1.000000
1316.827200 1507.286400 1312.718400 387.398400 1.000000
1399.568000 2742.624000 1312.752000 1709.152000 1.000000
1333.763200 1732.672000 1313.710400 659.113600 1.000000
1337.513600 1806.144000 1313.859200 750.024000 1.000000
1416.067200 2944.160000 1314.262400 1883.952000 1.000000
1400.460800 2714.864000 1315.988800 1683.520000 1.000000
1338.782400 1776.400000 1316.220800 717.052800 1.000000
1322.691200 1523.305600 1316.441600 409.753600 1.000000
1362.934400 2130.176000 1317.022400 1120.552000 1.000000
1324.438400 1534.556800 1317.878400 423.076800 1.000000
1383.563200 2410.496000 1318.929600 1401.452800 1.000000
1358.024000 2016.704000 1319.072000 999.552000 1.000000
1360.155200 2077.872000 1319.230400 1068.518400 1.000000
1367.640000 2158.912000 1319.619200 1149.230400 1.000000
1385.873600 2436.640000 1320.280000 1427.204800 1.000000
1414.995200 2838.128000 1320.291200 1792.928000 1.000000
1377.118400 2290.000000 1320.803200 1284.142400 1.000000
1384.523200 2382.512000 1321.254400 1375.822400 1.000000
1363.958400 2091.056000 1321.739200 1081.492800 1.000000
1359.169600 2030.528000 1321.905600 1016.566400 1.000000
1345.201600 1807.296000 1322.854400 753.417600 1.000000
1360.132800 1998.800000 1323.184000 980.124800 1.000000
1419.008000 2850.448000 1323.443200 1804.256000 1.000000
1414.057600 2757.456000 1325.171200 1724.832000 1.000000
1327.700800 1516.411200 1325.544000 402.224000 1.000000
1321.286400 1405.840000 1325.670400 257.190400 1.000000
1422.396800 2867.776000 1325.760000 1818.976000 1.000000
1417.718400 2817.680000 1325.865600 1775.152000 1.000000
1315.720000 1308.856000 1326.070400 127.943840 1.000000
1325.512000 1426.089600 1327.817600 284.104000 1.000000
1419.801600 2779.680000 1327.897600 1744.528000 1.000000
1355.051200 1851.232000 1328.696000 805.332800 1.000000
1381.488000 2230.352000 1329.560000 1224.896000 1.000000
1405.137600 2561.904000 1329.617600 1545.524800 1.000000
1414.752000 2705.552000 1330.012800 1678.496000 1.000000
1379.806400 2184.864000 1330.276800 1179.089600 1.000000
1364.561600 1948.464000 1331.081600 921.454400 1.000000
1382.310400 2205.264000 1331.616000 1199.424000 1.000000
1438.400000 2972.832000 1332.683200 1910.464000 1.000000
1318.699200 1265.500800 1332.942400 67.348480 1.000000
1321.448000 1304.107200 1333.691200 122.758080 1.000000
1441.868800 2993.504000 1334.432000 1928.432000 1.000000
1370.387200 1970.304000 1334.584000 941.819200 1.000000
1379.659200 2114.640000 1335.737600 1107.188800 1.000000
1333.097600 1436.734400 1335.872000 300.265600 1.000000
1326.292800 1335.100800 1335.920000 164.625600 1.000000
1324.193600 1313.214400 1336.299200 135.261760 1.000000
1413.616000 2585.840000 1336.313600 1570.224000 1.000000
1359.179200 1814.480000 1336.459200 764.094400 1.000000
1360.220800 1828.992000 1337.073600 781.001600 1.000000
1354.513600 1718.592000 1337.147200 650.726400 1.000000
1394.819200 2286.096000 1337.438400 1282.811200 1.000000
1405.318400 2440.016000 1337.467200 1433.792000 1.000000
1431.848000 2802.992000 1338.260800 1764.944000 1.000000
1332.662400 1391.369600 1338.876800 239.219200 1.000000
1390.940800 2181.872000 1340.185600 1175.696000 1.000000
1346.785600 1576.865600 1340.475200 479.598400 1.000000
1451.041600 3005.008000 1341.635200 1939.456000 1.000000
1328.459200 1304.276800 1341.659200 125.091360 1.000000
1349.894400 1592.088000 1342.188800 498.081600 1.000000
1402.193600 2321.040000 1343.177600 1317.470400 1.000000
1340.964800 1424.734400 1344.270400 285.720000 1.000000
1419.715200 2560.464000 1344.491200 1547.512000 1.000000
1361.964800 1708.800000 1346.028800 641.524800 1.000000
1418.608000 2498.752000 1346.723200 1490.396800 1.000000
1442.716800 2860.912000 1346.788800 1816.544000 1.000000
1374.817600 1871.760000 1347.446400 831.470400 1.000000
1409.145600 2358.448000 1347.515200 1353.979200 1.000000
1385.841600 2015.312000 1348.062400 992.342400 1.000000
1384.697600 1962.208000 1350.660800 934.233600 1.000000
1370.393600 1723.040000 1353.161600 659.248000 1.000000
1359.120000 1532.632000 1354.008000 427.073600 1.000000
1345.636800 1387.729600 1354.092800 237.238400 1.000000
1435.387200 2618.512000 1354.163200 1602.032000 1.000000
1419.312000 2428.800000 1354.172800 1420.363200 1.000000
1344.342400 1376.108800 1354.304000 222.606400 1.000000
1415.124800 2346.464000 1355.169600 1343.238400 1.000000
1458.371200 2909.712000 1355.198400 1858.816000 1.000000
1354.513600 1490.320000 1356.064000 371.984000 1.000000
1437.371200 2597.360000 1356.961600 1582.451200 1.000000
1350.153600 1399.808000 1357.020800 254.571200 1.000000
1451.188800 2770.288000 1357.603200 1738.304000 1.000000
1402.315200 2087.792000 1359.196800 1072.483200 1.000000
1420.329600 2335.056000 1360.014400 1331.824000 1.000000
1425.128000 2381.696000 1360.819200 1377.710400 1.000000
1368.732800 1610.864000 1361.148800 525.360000 1.000000
1391.361600 1899.888000 1362.356800 865.427200 1.000000
1456.536000 2763.408000 1363.094400 1731.136000 1.000000
1379.523200 1713.584000 1363.979200 649.568000 1.000000
1361.998400 1454.148800 1364.748800 327.352000 1.000000
1391.401600 1853.104000 1365.806400 813.500800 1.000000
1441.953600 2530.752000 1366.603200 1522.180800 1.000000
1389.435200 1798.320000 1367.344000 749.788800 1.000000
1360.056000 1434.041600 1367.878400 302.342400 1.000000
1401.267200 1927.376000 1369.662400 898.992000 1.000000
1436.625600 2421.104000 1369.937600 1417.134400 1.000000
1447.209600 2537.904000 1370.659200 1526.822400 1.000000
1357.574400 1385.891200 1370.676800 237.835200 1.000000
1420.614400 2164.704000 1371.564800 1153.652800 1.000000
1470.264000 2813.248000 1373.192000 1776.528000 1.000000
1463.353600 2700.816000 1373.716800 1674.816000 1.000000
1380.790400 1617.120000 1374.603200 533.513600 1.000000
1403.520000 1876.736000 1376.523200 841.524800 1.000000
1391.608000 1679.568000 1377.299200 609.296000 1.000000
1430.582400 2219.584000 1377.574400 1209.936000 1.000000
1356.256000 1246.110400 1377.790400 50.985920 1.000000
1384.204800 1564.564800 1378.051200 469.153600 1.000000
1375.140800 1469.372800 1379.131200 348.595200 1.000000
1421.326400 2088.272000 1379.163200 1074.976000 1.000000
1423.790400 2100.384000 1380.108800 1088.112000 1.000000
1362.483200 1307.756800 1380.204800 134.499840 1.000000
1430.870400 2198.352000 1380.651200 1189.504000 1.000000
1435.451200 2237.456000 1381.964800 1229.422400 1.000000
1427.120000 2117.408000 1381.971200 1106.134400 1.000000
1461.243200 2564.768000 1382.171200 1546.884800 1.000000
1440.902400 2303.648000 1382.332800 1295.486400 1.000000
1374.664000 1421.436800 1382.700800 286.395200 1.000000
1428.336000 2139.120000 1382.857600 1128.556800 1.000000
1464.513600 2588.288000 1383.617600 1566.851200 1.000000
1405.432000 1808.384000 1383.657600 764.881600 1.000000
1386.985600 1548.516800 1384.329600 450.348800 1.000000
1415.270400 1915.040000 1385.756800 886.420800 1.000000
1419.988800 1938.864000 1388.179200 913.464000 1.000000
1429.747200 2065.680000 1388.412800 1051.715200 1.000000
1396.899200 1598.350400 1388.464000 511.721600 1.000000
1439.897600 2199.312000 1388.552000 1191.377600 1.000000
1434.987200 2122.608000 1389.008000 1111.248000 1.000000
1384.158400 1475.208000 1389.481600 356.932800 1.000000
1485.379200 2753.888000 1391.008000 1717.152000 1.000000
1426.064000 1984.288000 1391.723200 964.118400 1.000000
1480.328000 2688.256000 1391.764800 1657.248000 1.000000
1390.915200 1507.929600 1392.044800 400.664000 1.000000
1473.486400 2577.152000 1392.534400 1558.508800 1.000000
1428.342400 2003.296000 1392.603200 984.430400 1.000000
1450.257600 2278.448000 1392.913600 1273.587200 1.000000
1440.756800 2185.664000 1392.916800 1177.060800 1.000000
1475.163200 2592.192000 1393.816000 1572.644800 1.000000
1418.136000 1844.880000 1394.222400 808.179200 1.000000
1383.366400 1396.608000 1394.716800 254.664000 1.000000
1503.140800 2899.888000 1397.132800 1846.176000 1.000000
1509.657600 2952.016000 1397.305600 1888.032000 1.000000
1439.369600 2077.680000 1397.392000 1066.059200 1.000000
1409.939200 1688.832000 1397.635200 624.662400 1.000000
1440.462400 2066.080000 1399.849600 1052.352000 1.000000
1412.800000 1703.168000 1399.908800 641.579200 1.000000
1439.580800 2037.904000 1400.619200 1023.654400 1.000000
1393.624000 1439.886400 1400.940800 313.793600 1.000000
1438.736000 2019.952000 1400.993600 1005.104000 1.000000
1462.323200 2323.424000 1401.820800 1318.062400 1.000000
1451.132800 2149.280000 1403.414400 1141.256000 1.000000
1398.489600 1473.446400 1403.556800 356.684800 1.000000
1461.980800 2288.000000 1403.708800 1283.577600 1.000000
1466.628800 2346.256000 1403.864000 1340.232000 1.000000
1473.926400 2426.848000 1404.848000 1418.865600 1.000000
1395.176000 1406.145600 1405.732800 269.276800 1.000000
1386.324800 1305.636800 1406.305600 135.428480 1.000000
1406.948800 1537.820800 1406.932800 440.164800 1.000000
1431.936000 1860.192000 1407.041600 825.987200 1.000000
1461.737600 2227.584000 1407.187200 1221.747200 1.000000
1465.240000 2273.632000 1407.472000 1269.768000 1.000000
1499.537600 2703.408000 1407.542400 1674.768000 1.000000
1485.184000 2530.368000 1407.705600 1517.672000 1.000000
1421.489600 1725.264000 1408.596800 669.163200 1.000000
1394.960000 1363.641600 1409.491200 213.825600 1.000000
1433.654400 1842.736000 1409.721600 805.763200 1.000000
1449.804800 2057.024000 1409.966400 1046.804800 1.000000
1403.737600 1461.889600 1410.305600 343.720000 1.000000
1496.360000 2625.760000 1410.862400 1603.856000 1.000000
1408.907200 1510.396800 1411.161600 404.025600 1.000000
1454.881600 2088.176000 1412.603200 1078.801600 1.000000
1429.768000 1743.168000 1413.012800 689.521600 1.000000
1388.784000 1248.896000 1414.756800 62.420320 1.000000
1396.830400 1328.536000 1415.806400 169.100800 1.000000
1464.976000 2167.696000 1416.768000 1163.036800 1.000000
1410.139200 1476.912000 1417.478400 364.500800 1.000000
1403.800000 1369.955200 1419.784000 224.270400 1.000000
1477.848000 2273.888000 1420.102400 1269.540800 1.000000
1460.371200 2045.600000 1421.864000 1033.844800 1.000000
1496.856000 2496.064000 1422.182400 1483.987200 1.000000
1401.091200 1308.105600 1422.768000 140.410240 1.000000
1465.280000 2076.496000 1424.676800 1065.532800 1.000000
1471.648000 2121.600000 1425.563200 1114.256000 1.000000
1489.209600 2326.672000 1426.675200 1323.276800 1.000000
1465.921600 2041.328000 1426.686400 1028.928000 1.000000
1445.830400 1780.736000 1427.224000 736.043200 1.000000
1444.297600 1766.320000 1427.307200 719.246400 1.000000
1483.649600 2255.872000 1427.395200 1251.833600 1.000000
1422.630400 1496.020800 1427.758400 391.112000 1.000000
1427.212800 1541.382400 1428.502400 446.350400 1.000000
1446.238400 1759.728000 1429.577600 713.984000 1.000000
1428.212800 1518.929600 1429.720000 421.579200 1.000000
1471.979200 2085.040000 1429.899200 1076.643200 1.000000
1471.606400 2068.592000 1430.396800 1057.579200 1.000000
1461.868800 1898.064000 1434.297600 871.804800 1.000000
1439.492800 1617.712000 1435.048000 542.910400 1.000000
1450.153600 1736.832000 1435.897600 685.644800 1.000000
1443.353600 1655.952000 1436.129600 588.700800 1.000000
1446.092800 1669.232000 1437.240000 605.137600 1.000000
1458.060800 1806.928000 1438.358400 766.489600 1.000000
1428.712000 1431.857600 1440.297600 309.684800 1.000000
1458.337600 1770.016000 1441.230400 728.200000 1.000000
1452.777600 1683.104000 1443.652800 622.363200 1.000000
1458.731200 1707.776000 1446.627200 654.744000 1.000000
1436.966400 1454.977600 1448.507200 342.979200 1.000000
1430.051200 1338.318400 1450.241600 183.780800 1.000000
1451.187200 1578.334400 1450.849600 496.640000 1.000000
1448.192000 1529.016000 1451.828800 433.107200 1.000000
1445.332800 1498.907200 1452.404800 397.884800 1.000000
1431.856000 1308.787200 1454.723200 148.086720 1.000000
1427.406400 1245.340800 1457.436800 65.035520 1.000000
1432.110400 1294.169600 1458.033600 129.334080 1.000000
1458.878400 1513.080000 1466.300800 417.838400 1.000000
1484.905600 1792.960000 1466.336000 755.792000 1.000000
1441.884800 1298.542400 1469.112000 134.400640 1.000000
1457.572800 1452.384000 1472.164800 339.579200 1.000000
1892.768000 1231.003200 1980.320000 138.176960 1.000000
2158.816000 1856.944000 2143.200000 949.512000 1.000000
2186.544000 1762.784000 2180.624000 880.590400 1.000000
2061.504000 1137.880000 2188.176000 74.157760 1.000000
2125.776000 1420.918400 2202.688000 429.760000 1.000000
2218.880000 1813.712000 2213.504000 932.457600 1.000000
2262.272000 1877.808000 2244.048000 1022.036800 1.000000
2229.072000 1158.379200 2357.360000 206.384000 1.000000
2588.544000 1978.416000 2484.688000 1843.008000 1.000000
2592.208000 1924.544000 2498.448000 1798.208000 1.000000
2601.440000 1917.376000 2509.056000 1794.848000 1.000000
2629.968000 2006.096000 2515.552000 1885.856000 1.000000
2626.752000 1958.976000 2523.760000 1840.288000 1.000000
2613.184000 1897.824000 2524.464000 1781.808000 1.000000
2651.824000 1975.392000 2544.352000 1865.216000 1.000000
2634.160000 1888.592000 2547.216000 1781.968000 1.000000
2652.752000 1951.712000 2551.312000 1844.448000 1.000000
2638.528000 1855.104000 2558.448000 1752.160000 1.000000
2661.008000 1932.192000 2561.776000 1830.128000 1.000000
2547.552000 1380.526400 2583.568000 1226.102400 1.000000
2669.936000 1823.424000 2595.024000 1736.896000 1.000000
2704.864000 1851.856000 2621.120000 1776.704000 1.000000
2711.392000 1823.360000 2634.544000 1749.408000 1.000000
2606.000000 1395.257600 2639.744000 1260.243200 1.000000
2789.792000 2144.432000 2643.520000 2010.736000 1.000000
2606.720000 1380.745600 2643.904000 1246.350400 1.000000
2734.000000 1858.912000 2647.024000 1793.056000 1.000000
2738.528000 1845.280000 2655.472000 1780.256000 1.000000
2746.880000 1867.136000 2655.808000 1805.024000 1.000000
2629.216000 1415.124800 2657.392000 1288.502400 1.000000
2648.944000 1491.089600 2657.984000 1379.462400 1.000000
2727.696000 1789.040000 2659.088000 1720.176000 1.000000
2604.064000 1284.686400 2665.936000 1143.548800 1.000000
2668.032000 1521.545600 2669.088000 1419.331200 1.000000
2646.560000 1438.395200 2670.544000 1322.302400 1.000000
2742.048000 1781.808000 2674.176000 1716.320000 1.000000
2640.112000 1390.400000 2675.584000 1264.952000 1.000000
2682.768000 1524.937600 2681.856000 1428.856000 1.000000
2749.808000 1774.288000 2682.416000 1711.904000 1.000000
2753.680000 1771.648000 2687.296000 1710.432000 1.000000
2744.464000 1734.496000 2687.360000 1672.576000 1.000000
2752.832000 1760.928000 2689.248000 1700.848000 1.000000
2646.400000 1343.116800 2694.112000 1218.804800 1.000000
2708.864000 1568.238400 2695.536000 1483.371200 1.000000
2662.256000 1494.454400 2700.496000 1492.889600 1.000000
2771.648000 1760.656000 2706.928000 1704.608000 1.000000
2668.448000 1499.979200 2709.376000 1523.928000 1.000000
2787.136000 1804.496000 2710.656000 1755.232000 1.000000
2797.216000 1821.568000 2715.456000 1774.848000 1.000000
2843.296000 2077.552000 2726.528000 1977.520000 1.000000
2747.616000 1589.296000 2727.904000 1519.166400 1.000000
2799.808000 1765.440000 2732.512000 1719.728000 1.000000
2818.800000 1821.152000 2732.864000 1783.312000 1.000000
2804.736000 1736.064000 2744.320000 1692.192000 1.000000
2820.416000 1768.512000 2750.592000 1730.176000 1.000000
2833.216000 1749.664000 2768.448000 1717.232000 1.000000
2828.960000 1703.872000 2775.536000 1670.560000 1.000000
2855.520000 1758.848000 2786.480000 1737.520000 1.000000
2859.584000 1770.048000 2787.040000 1749.600000 1.000000
2852.208000 1745.552000 2787.392000 1722.016000 1.000000
2863.600000 1768.128000 2791.392000 1749.184000 1.000000
2848.112000 1688.128000 2798.352000 1661.584000 1.000000
2878.864000 1774.448000 2804.512000 1761.616000 1.000000
2875.248000 1739.056000 2810.624000 1725.504000 1.000000
2878.128000 1744.448000 2811.520000 1732.400000 1.000000
2871.168000 1701.776000 2816.736000 1687.184000 1.000000
2876.176000 1705.920000 2819.264000 1692.848000 1.000000
2879.616000 1711.216000 2821.488000 1699.328000 1.000000
2892.240000 1748.368000 2823.344000 1742.400000 1.000000
2882.976000 1716.880000 2824.064000 1706.512000 1.000000
2888.784000 1726.176000 2827.040000 1718.304000 1.000000
2895.952000 1744.256000 2828.288000 1739.616000 1.000000
2896.704000 1735.072000 2831.280000 1731.280000 1.000000
2908.272000 1764.288000 2834.448000 1760.960000 1.000000
2904.352000 1744.752000 2836.992000 1743.760000 1.000000
2922.720000 1748.208000 2853.536000 1753.296000 1.000000
3463.472000 2743.792000 3080.064000 2684.512000 1.000000
