49.486400 2862.480000 56.102720 710.532800 1.000000
193.550400 2941.008000 396.163200 849.379200 1.000000
539.228800 2511.728000 414.468800 522.036800 1.000000
543.678400 2526.304000 419.859200 535.254400 1.000000
549.723200 2519.568000 424.643200 527.536000 1.000000
547.800000 2556.656000 425.760000 564.688000 1.000000
548.553600 2541.984000 427.052800 551.550400 1.000000
566.755200 2594.512000 445.905600 605.422400 1.000000
583.465600 2494.000000 459.091200 517.220800 1.000000
587.886400 2505.040000 463.968000 526.782400 1.000000
647.436800 2374.272000 519.379200 412.025600 1.000000
656.184000 2385.328000 527.160000 424.822400 1.000000
648.102400 2661.184000 532.840000 693.280000 1.000000
674.027200 2395.920000 549.299200 441.443200 1.000000
685.318400 2392.096000 559.497600 438.108800 1.000000
680.211200 2782.656000 571.566400 834.531200 1.000000
688.212800 2807.056000 580.699200 859.217600 1.000000
696.692800 2766.400000 588.108800 825.137600 1.000000
718.235200 2409.456000 595.222400 462.913600 1.000000
701.387200 2814.224000 595.964800 867.494400 1.000000
718.604800 2762.864000 610.888000 825.702400 1.000000
745.206400 2538.208000 630.355200 605.718400 1.000000
742.268800 2747.520000 630.852800 815.385600 1.000000
788.096000 2818.320000 679.860800 886.625600 1.000000
875.084800 2801.808000 747.382400 1278.798400 1.000000
901.470400 2960.784000 771.516800 1436.972800 1.000000
916.038400 2771.936000 787.492800 1264.435200 1.000000
919.027200 2952.288000 789.648000 1434.572800 1.000000
920.673600 2972.352000 790.729600 1452.737600 1.000000
921.142400 2866.944000 792.299200 1359.027200 1.000000
924.681600 2681.232000 795.848000 1180.124800 1.000000
927.416000 2948.880000 796.776000 1435.651200 1.000000
931.846400 3003.488000 800.548800 1485.454400 1.000000
936.950400 2946.144000 805.702400 1434.779200 1.000000
939.910400 2964.128000 807.497600 1453.184000 1.000000
946.563200 2655.456000 817.424000 1165.809600 1.000000
954.553600 2998.256000 822.974400 1487.854400 1.000000
952.155200 2282.608000 823.305600 766.244800 1.000000
962.110400 2718.240000 824.024000 1231.947200 1.000000
954.952000 2040.032000 825.331200 471.960000 1.000000
956.876800 2681.920000 827.232000 1191.966400 1.000000
960.971200 2995.744000 827.508800 1486.928000 1.000000
965.347200 2984.416000 832.281600 1477.275200 1.000000
968.936000 2909.008000 836.448000 1411.252800 1.000000
965.908800 2484.704000 837.348800 994.593600 1.000000
976.648000 2969.728000 842.593600 1467.808000 1.000000
979.451200 2948.928000 845.156800 1450.496000 1.000000
976.742400 2442.000000 847.710400 951.606400 1.000000
983.870400 2906.304000 849.992000 1413.235200 1.000000
982.012800 2877.056000 850.740800 1385.396800 1.000000
984.304000 2934.752000 850.750400 1439.620800 1.000000
989.172800 2948.272000 854.745600 1451.577600 1.000000
985.073600 2618.480000 856.256000 1139.404800 1.000000
986.694400 2628.848000 857.256000 1149.443200 1.000000
989.129600 2773.872000 857.654400 1293.315200 1.000000
985.166400 2534.016000 859.064000 1050.348800 1.000000
990.203200 2165.808000 861.600000 641.313600 1.000000
989.872000 2132.832000 862.028800 606.259200 1.000000
989.142400 2287.680000 862.163200 784.563200 1.000000
993.624000 2664.384000 862.811200 1186.811200 1.000000
996.934400 2898.672000 862.928000 1409.452800 1.000000
996.827200 2639.136000 866.102400 1161.894400 1.000000
1004.105600 2761.488000 871.097600 1285.936000 1.000000
1000.481600 2173.008000 872.635200 657.763200 1.000000
1003.398400 2440.752000 875.488000 959.632000 1.000000
1004.918400 2605.632000 875.764800 1132.078400 1.000000
996.049600 1746.240000 875.889600 93.394080 1.000000
1003.507200 2221.168000 876.545600 713.972800 1.000000
1009.084800 2450.768000 880.252800 972.544000 1.000000
1007.918400 2150.656000 880.656000 633.422400 1.000000
1016.425600 2897.664000 880.772800 1415.324800 1.000000
1019.526400 2972.848000 882.107200 1479.889600 1.000000
1005.542400 1847.088000 882.841600 238.148800 1.000000
1016.712000 2605.280000 886.230400 1134.777600 1.000000
1003.291200 1799.072000 886.312000 172.048000 1.000000
1012.049600 2093.168000 886.988800 563.542400 1.000000
1020.587200 2764.496000 887.489600 1291.179200 1.000000
1020.390400 2666.688000 889.720000 1198.924800 1.000000
1025.334400 2745.984000 892.854400 1278.603200 1.000000
1028.086400 2794.240000 894.518400 1321.665600 1.000000
1021.872000 2057.232000 895.752000 522.960000 1.000000
1025.212800 2507.408000 896.280000 1033.201600 1.000000
1027.590400 2399.344000 899.950400 924.241600 1.000000
1021.374400 1890.448000 901.478400 299.100800 1.000000
1040.433600 2941.680000 902.790400 1456.601600 1.000000
1037.926400 2902.624000 903.209600 1422.305600 1.000000
1048.406400 2872.368000 909.424000 1401.496000 1.000000
1049.118400 2836.656000 911.108800 1368.123200 1.000000
1042.097600 2470.320000 914.043200 999.686400 1.000000
1044.148800 2541.296000 914.292800 1080.112000 1.000000
1035.846400 1976.160000 914.713600 424.404800 1.000000
1037.161600 2144.816000 915.518400 636.331200 1.000000
1037.193600 2001.888000 915.580800 456.339200 1.000000
1038.166400 2211.216000 915.872000 710.334400 1.000000
1050.355200 2732.208000 916.281600 1269.548800 1.000000
1045.443200 2406.848000 916.481600 935.732800 1.000000
1054.480000 2774.352000 919.260800 1309.300800 1.000000
1045.697600 2176.432000 921.974400 674.710400 1.000000
1060.203200 2837.344000 923.944000 1372.392000 1.000000
1040.598400 1830.448000 925.176000 224.209600 1.000000
1052.326400 2272.320000 926.822400 789.371200 1.000000
1062.721600 2825.504000 926.859200 1361.678400 1.000000
1047.694400 2058.720000 926.944000 533.643200 1.000000
1064.144000 2608.784000 927.136000 1161.835200 1.000000
1062.633600 2690.352000 929.012800 1232.467200 1.000000
1064.068800 2708.560000 930.324800 1251.940800 1.000000
1052.670400 1969.648000 934.028800 420.947200 1.000000
1065.601600 2524.528000 935.699200 1069.331200 1.000000
1059.606400 2247.840000 937.715200 762.195200 1.000000
1070.630400 2630.176000 938.016000 1176.748800 1.000000
1061.057600 2175.152000 938.104000 679.302400 1.000000
1071.145600 2558.144000 939.787200 1103.164800 1.000000
1073.739200 2729.296000 940.675200 1271.316800 1.000000
1089.036800 2941.408000 946.654400 1468.628800 1.000000
1061.163200 1846.400000 946.838400 252.481600 1.000000
1077.822400 2493.904000 946.912000 1041.299200 1.000000
1086.635200 2839.744000 947.640000 1380.937600 1.000000
1068.182400 2029.568000 947.707200 500.758400 1.000000
1088.288000 2722.768000 953.177600 1269.603200 1.000000
1093.835200 2883.600000 953.646400 1420.283200 1.000000
1074.371200 2091.648000 954.801600 583.016000 1.000000
1094.635200 2715.344000 959.227200 1263.985600 1.000000
1094.384000 2594.416000 962.806400 1147.481600 1.000000
1101.470400 2676.400000 966.068800 1228.568000 1.000000
1102.329600 2698.800000 966.353600 1249.392000 1.000000
1086.851200 2034.576000 967.195200 516.260800 1.000000
1100.540800 2632.864000 968.038400 1186.187200 1.000000
1104.243200 2718.480000 968.724800 1268.040000 1.000000
1101.683200 2592.704000 969.728000 1148.353600 1.000000
1102.897600 2479.680000 971.414400 1032.833600 1.000000
1095.284800 2253.584000 972.684800 781.284800 1.000000
1118.003200 2959.248000 976.009600 1491.184000 1.000000
1106.856000 2519.600000 977.859200 1073.924800 1.000000
1095.636800 2057.728000 977.889600 548.358400 1.000000
1104.897600 2310.448000 979.334400 849.296000 1.000000
1111.721600 2597.872000 979.656000 1154.504000 1.000000
1087.902400 1745.712000 980.457600 127.327040 1.000000
1124.811200 2877.008000 980.547200 1418.083200 1.000000
1123.012800 2861.568000 982.273600 1407.009600 1.000000
1125.707200 2869.792000 983.854400 1414.286400 1.000000
1108.883200 2297.648000 984.924800 838.484800 1.000000
1109.054400 2288.000000 984.950400 830.196800 1.000000
1095.694400 1799.264000 987.160000 200.136000 1.000000
1099.913600 1827.600000 990.452800 239.201600 1.000000
1097.728000 1863.776000 990.476800 287.310400 1.000000
1138.233600 2946.880000 991.481600 1486.347200 1.000000
1137.081600 2885.072000 993.542400 1430.289600 1.000000
1100.840000 1752.416000 995.702400 139.749280 1.000000
1116.784000 2205.152000 996.140800 732.520000 1.000000
1125.448000 2431.600000 997.416000 991.046400 1.000000
1141.617600 2885.264000 997.449600 1430.361600 1.000000
1130.225600 2498.400000 999.472000 1059.227200 1.000000
1131.710400 2592.992000 999.574400 1153.822400 1.000000
1119.134400 2043.520000 1000.448000 536.523200 1.000000
1141.340800 2703.392000 1001.812800 1266.008000 1.000000
1137.276800 2618.384000 1003.244800 1178.462400 1.000000
1131.979200 2460.304000 1003.339200 1020.752000 1.000000
1122.443200 2025.152000 1008.816000 514.144000 1.000000
1154.937600 2933.488000 1009.022400 1477.667200 1.000000
1119.984000 1936.400000 1009.452800 396.995200 1.000000
1139.884800 2467.920000 1010.393600 1030.022400 1.000000
1112.705600 1710.368000 1011.254400 83.380640 1.000000
1149.612800 2530.896000 1012.251200 1101.203200 1.000000
1161.987200 2963.328000 1013.563200 1503.376000 1.000000
1164.657600 2982.784000 1014.342400 1520.089600 1.000000
1159.756800 2847.664000 1015.486400 1401.024000 1.000000
1116.774400 1694.784000 1016.476800 63.065600 1.000000
1131.700800 2056.096000 1017.060800 555.608000 1.000000
1136.302400 2161.104000 1017.120000 685.446400 1.000000
1166.014400 2875.648000 1020.236800 1427.126400 1.000000
1171.305600 2950.736000 1022.166400 1492.824000 1.000000
1123.806400 1727.216000 1023.630400 109.891520 1.000000
1159.958400 2635.536000 1023.795200 1201.492800 1.000000
1139.689600 2104.944000 1023.841600 618.524800 1.000000
1127.654400 1803.232000 1024.014400 214.456000 1.000000
1142.852800 2135.600000 1024.292800 658.297600 1.000000
1139.488000 2056.320000 1025.545600 558.065600 1.000000
1168.000000 2704.608000 1028.440000 1271.963200 1.000000
1137.486400 1882.224000 1028.734400 329.147200 1.000000
1125.000000 1661.728000 1029.126400 16.740000 1.000000
1174.476800 2856.080000 1029.780800 1411.257600 1.000000
1129.641600 1732.320000 1030.848000 117.506240 1.000000
1160.752000 2494.128000 1031.577600 1063.014400 1.000000
1131.838400 1720.320000 1033.137600 101.794560 1.000000
1154.145600 2240.768000 1033.408000 786.587200 1.000000
1166.028800 2501.248000 1034.936000 1070.265600 1.000000
1186.208000 2946.352000 1035.593600 1492.932800 1.000000
1189.041600 3003.552000 1036.481600 1540.745600 1.000000
1156.881600 2215.600000 1037.934400 758.371200 1.000000
1148.188800 1958.096000 1038.582400 436.443200 1.000000
1169.836800 2427.712000 1040.864000 996.696000 1.000000
1187.907200 2877.152000 1040.883200 1432.862400 1.000000
1166.617600 2387.552000 1041.435200 954.708800 1.000000
1168.420800 2417.600000 1041.648000 985.784000 1.000000
1141.187200 1760.656000 1041.918400 159.535360 1.000000
1190.792000 2884.784000 1042.408000 1441.470400 1.000000
1161.252800 2169.600000 1043.481600 706.867200 1.000000
1175.078400 2496.528000 1044.160000 1066.297600 1.000000
1182.443200 2660.432000 1045.078400 1232.676800 1.000000
1140.784000 1705.456000 1045.518400 83.677920 1.000000
1185.323200 2576.128000 1050.372800 1147.580800 1.000000
1172.632000 2288.240000 1050.470400 841.780800 1.000000
1179.459200 2467.376000 1051.144000 1038.856000 1.000000
1179.491200 2405.984000 1052.318400 976.342400 1.000000
1188.748800 2634.816000 1052.750400 1208.587200 1.000000
1152.224000 1778.064000 1053.939200 185.235200 1.000000
1195.094400 2705.088000 1055.803200 1278.299200 1.000000
1175.441600 2302.992000 1056.083200 861.969600 1.000000
1208.460800 2959.792000 1056.395200 1507.627200 1.000000
1160.174400 1870.320000 1057.872000 320.081600 1.000000
1186.139200 2420.608000 1058.051200 992.036800 1.000000
1179.046400 2205.488000 1060.883200 752.579200 1.000000
1168.601600 1972.048000 1061.179200 460.899200 1.000000
1161.768000 1819.568000 1062.284800 246.214400 1.000000
1214.689600 2934.272000 1063.046400 1487.068800 1.000000
1173.459200 1957.840000 1064.046400 442.048000 1.000000
1157.022400 1689.600000 1064.433600 63.083360 1.000000
1205.222400 2688.464000 1065.916800 1264.873600 1.000000
1201.833600 2575.056000 1066.540800 1151.128000 1.000000
1158.292800 1677.872000 1067.588800 46.699200 1.000000
1199.390400 2456.992000 1070.635200 1031.324800 1.000000
1182.560000 2056.688000 1071.852800 571.859200 1.000000
1215.864000 2763.120000 1072.646400 1333.980800 1.000000
1199.620800 2383.264000 1072.931200 954.080000 1.000000
1219.684800 2807.824000 1074.433600 1374.228800 1.000000
1228.774400 2962.896000 1075.483200 1511.576000 1.000000
1181.017600 1920.400000 1076.723200 398.188800 1.000000
1209.208000 2518.208000 1077.905600 1091.371200 1.000000
1172.993600 1746.800000 1078.086400 146.951680 1.000000
1170.008000 1696.960000 1078.393600 77.325920 1.000000
1193.080000 2136.416000 1078.398400 674.521600 1.000000
1219.361600 2733.280000 1078.444800 1308.083200 1.000000
1233.371200 2917.728000 1079.633600 1475.608000 1.000000
1177.051200 1791.792000 1079.953600 213.132800 1.000000
1189.289600 2029.456000 1080.158400 537.214400 1.000000
1230.640000 2847.744000 1082.283200 1415.358400 1.000000
1173.224000 1683.088000 1082.440000 56.417760 1.000000
1200.460800 2209.344000 1082.988800 759.635200 1.000000
1183.067200 1833.456000 1083.425600 276.508800 1.000000
1227.353600 2725.184000 1084.630400 1300.884800 1.000000
1226.430400 2713.072000 1085.136000 1290.206400 1.000000
1215.913600 2425.024000 1088.395200 1001.785600 1.000000
1242.328000 2929.840000 1089.457600 1487.228800 1.000000
1241.014400 2847.696000 1090.192000 1416.451200 1.000000
1238.532800 2823.760000 1090.555200 1395.281600 1.000000
1235.368000 2766.816000 1090.667200 1339.723200 1.000000
1197.038400 1950.864000 1092.723200 440.246400 1.000000
1235.052800 2667.232000 1095.360000 1250.763200 1.000000
1233.436800 2622.192000 1096.644800 1206.324800 1.000000
1240.724800 2732.096000 1097.548800 1308.828800 1.000000
1212.979200 2160.976000 1097.843200 709.256000 1.000000
1202.200000 1920.384000 1099.628800 403.777600 1.000000
1254.739200 2932.352000 1100.204800 1491.233600 1.000000
1253.558400 2893.120000 1100.710400 1458.392000 1.000000
1238.929600 2596.736000 1102.065600 1184.268800 1.000000
1226.553600 2263.952000 1106.472000 829.649600 1.000000
1210.854400 2014.672000 1106.568000 524.316800 1.000000
1254.332800 2790.464000 1107.252800 1366.891200 1.000000
1265.947200 2966.592000 1107.432000 1521.955200 1.000000
1257.915200 2813.360000 1108.236800 1389.169600 1.000000
1247.536000 2625.648000 1108.603200 1211.924800 1.000000
1221.913600 2111.872000 1109.696000 653.164800 1.000000
1268.132800 2960.944000 1110.758400 1515.952000 1.000000
1268.828800 2946.160000 1111.296000 1503.296000 1.000000
1270.972800 2959.456000 1112.881600 1515.593600 1.000000
1268.537600 2901.088000 1113.041600 1467.132800 1.000000
1273.208000 2971.440000 1114.172800 1527.310400 1.000000
1226.300800 2135.568000 1114.536000 682.328000 1.000000
1251.440000 2556.064000 1116.136000 1145.272000 1.000000
1240.460800 2342.512000 1117.995200 921.969600 1.000000
1246.580800 2446.864000 1118.795200 1029.073600 1.000000
1215.374400 1858.704000 1120.100800 323.380800 1.000000
1253.960000 2567.872000 1120.116800 1157.025600 1.000000
1235.435200 2187.792000 1120.908800 742.531200 1.000000
1258.224000 2584.880000 1121.385600 1174.803200 1.000000
1216.641600 1795.040000 1123.904000 234.750400 1.000000
1223.264000 1901.440000 1125.075200 380.251200 1.000000
1260.846400 2568.720000 1125.113600 1159.811200 1.000000
1235.670400 2120.432000 1125.798400 664.872000 1.000000
1275.593600 2773.536000 1127.851200 1356.958400 1.000000
1218.619200 1800.928000 1127.998400 244.710400 1.000000
1255.657600 2449.872000 1128.164800 1034.060800 1.000000
1236.753600 2082.960000 1128.268800 621.169600 1.000000
1254.612800 2385.440000 1130.360000 967.630400 1.000000
1268.216000 2597.712000 1130.692800 1189.721600 1.000000
1221.712000 1737.776000 1133.924800 147.283680 1.000000
1239.508800 2015.216000 1133.990400 537.340800 1.000000
1271.515200 2518.608000 1139.131200 1111.323200 1.000000
1297.441600 2902.880000 1139.366400 1472.422400 1.000000
1285.728000 2683.504000 1142.662400 1272.480000 1.000000
1254.086400 2094.592000 1145.124800 640.001600 1.000000
1280.654400 2529.680000 1146.000000 1123.158400 1.000000
1291.020800 2702.928000 1146.083200 1291.233600 1.000000
1272.004800 2318.304000 1146.744000 895.883200 1.000000
1294.182400 2747.184000 1147.001600 1332.190400 1.000000
1309.516800 2971.264000 1147.171200 1532.681600 1.000000
1297.561600 2789.104000 1147.353600 1373.665600 1.000000
1285.396800 2502.160000 1151.510400 1097.024000 1.000000
1249.889600 1933.296000 1151.830400 429.624000 1.000000
1283.238400 2454.160000 1153.532800 1045.822400 1.000000
1306.030400 2817.664000 1153.870400 1401.254400 1.000000
1255.166400 1960.384000 1155.278400 467.622400 1.000000
1239.768000 1697.056000 1159.595200 100.170720 1.000000
1293.017600 2515.424000 1159.942400 1111.851200 1.000000
1254.136000 1892.640000 1160.308800 374.643200 1.000000
1248.153600 1789.984000 1161.025600 234.494400 1.000000
1284.840000 2348.864000 1161.838400 932.556800 1.000000
1238.604800 1661.680000 1161.948800 47.313280 1.000000
1306.214400 2685.280000 1162.632000 1276.488000 1.000000
1305.406400 2662.048000 1163.172800 1254.096000 1.000000
1266.267200 2043.120000 1163.516800 579.595200 1.000000
1286.542400 2358.080000 1164.915200 944.348800 1.000000
1256.256000 1840.576000 1166.571200 303.956800 1.000000
1300.211200 2489.520000 1168.699200 1087.700800 1.000000
1255.004800 1775.520000 1171.440000 219.078400 1.000000
1317.264000 2679.760000 1172.984000 1273.587200 1.000000
1276.462400 2038.672000 1173.164800 576.030400 1.000000
1316.534400 2620.416000 1175.876800 1217.996800 1.000000
1324.323200 2714.128000 1176.153600 1309.267200 1.000000
1325.313600 2739.184000 1176.784000 1331.803200 1.000000
1305.625600 2433.424000 1177.264000 1030.382400 1.000000
1331.704000 2810.512000 1177.505600 1399.006400 1.000000
1281.768000 2077.408000 1178.307200 622.899200 1.000000
1327.494400 2759.120000 1178.328000 1349.284800 1.000000
1310.672000 2496.032000 1178.403200 1095.385600 1.000000
1268.500800 1865.152000 1178.611200 339.163200 1.000000
1330.345600 2779.856000 1178.956800 1369.936000 1.000000
1303.868800 2381.200000 1179.056000 971.587200 1.000000
1336.504000 2853.200000 1179.532800 1435.243200 1.000000
1288.380800 2125.248000 1180.105600 683.064000 1.000000
1272.486400 1895.120000 1180.204800 382.088000 1.000000
1299.380800 2280.880000 1180.713600 863.411200 1.000000
1323.894400 2624.912000 1182.344000 1222.014400 1.000000
1298.275200 2248.976000 1182.897600 831.264000 1.000000
1294.155200 2162.496000 1183.267200 729.649600 1.000000
1346.579200 2915.504000 1185.643200 1491.691200 1.000000
1324.852800 2578.288000 1186.776000 1178.662400 1.000000
1301.897600 2209.808000 1188.520000 786.417600 1.000000
1305.440000 2257.920000 1189.753600 840.232000 1.000000
1272.139200 1752.704000 1190.524800 179.579200 1.000000
1321.388800 2437.408000 1192.996800 1037.392000 1.000000
1289.907200 1983.600000 1193.596800 508.337600 1.000000
1338.769600 2664.928000 1194.744000 1261.894400 1.000000
1353.947200 2827.808000 1196.536000 1417.171200 1.000000
1295.456000 1975.040000 1196.611200 497.868800 1.000000
1340.155200 2624.576000 1196.968000 1223.193600 1.000000
1349.868800 2693.968000 1201.768000 1292.625600 1.000000
1354.118400 2766.352000 1201.860800 1360.798400 1.000000
1351.152000 2714.080000 1203.502400 1313.161600 1.000000
1324.235200 2328.240000 1203.832000 918.657600 1.000000
1355.510400 2745.264000 1204.228800 1343.062400 1.000000
1344.310400 2586.416000 1206.012800 1188.089600 1.000000
1300.494400 1969.088000 1206.926400 490.460800 1.000000
1364.603200 2810.992000 1207.619200 1402.409600 1.000000
1315.358400 2125.504000 1209.441600 688.150400 1.000000
1343.265600 2465.344000 1212.752000 1068.352000 1.000000
1335.331200 2347.408000 1213.408000 943.587200 1.000000
1372.235200 2828.384000 1213.860800 1419.499200 1.000000
1329.444800 2256.528000 1214.644800 841.643200 1.000000
1360.908800 2618.064000 1218.619200 1222.368000 1.000000
1350.161600 2466.960000 1219.180800 1070.993600 1.000000
1332.300800 2231.552000 1219.368000 816.120000 1.000000
1367.664000 2683.824000 1220.460800 1287.424000 1.000000
1373.358400 2731.920000 1220.657600 1334.934400 1.000000
1333.057600 2201.920000 1221.883200 781.856000 1.000000
1388.969600 2928.240000 1222.049600 1508.956800 1.000000
1390.612800 2934.368000 1222.710400 1514.313600 1.000000
1351.427200 2419.344000 1223.220800 1021.188800 1.000000
1350.134400 2392.896000 1224.632000 993.824000 1.000000
1348.350400 2350.272000 1225.129600 950.672000 1.000000
1356.955200 2464.880000 1225.352000 1071.510400 1.000000
1378.683200 2761.888000 1225.424000 1360.777600 1.000000
1360.764800 2485.408000 1225.654400 1092.745600 1.000000
1341.331200 2238.896000 1227.596800 824.212800 1.000000
1395.286400 2905.168000 1229.427200 1489.627200 1.000000
1325.340800 2009.760000 1230.004800 547.400000 1.000000
1348.414400 2294.672000 1230.057600 888.073600 1.000000
1337.712000 2133.312000 1230.097600 702.473600 1.000000
1399.283200 2941.168000 1230.448000 1520.971200 1.000000
1379.284800 2704.000000 1231.016000 1307.308800 1.000000
1359.220800 2437.808000 1231.241600 1042.992000 1.000000
1342.700800 2212.016000 1231.588800 795.974400 1.000000
1323.049600 1978.928000 1231.654400 506.028800 1.000000
1363.660800 2467.616000 1232.177600 1073.782400 1.000000
1399.083200 2908.752000 1232.433600 1493.724800 1.000000
1369.689600 2597.520000 1232.675200 1203.540800 1.000000
1360.648000 2429.520000 1233.744000 1034.419200 1.000000
1379.134400 2637.104000 1235.004800 1243.345600 1.000000
1372.475200 2523.680000 1236.488000 1132.150400 1.000000
1346.568000 2185.552000 1236.736000 764.235200 1.000000
1378.227200 2566.784000 1238.347200 1174.878400 1.000000
1359.680000 2275.312000 1242.212800 868.366400 1.000000
1385.424000 2621.408000 1242.600000 1229.681600 1.000000
1415.908800 2956.704000 1243.720000 1535.523200 1.000000
1363.502400 2307.280000 1244.323200 903.784000 1.000000
1410.761600 2885.680000 1244.486400 1474.732800 1.000000
1390.529600 2649.840000 1244.504000 1258.142400 1.000000
1351.638400 2176.992000 1245.302400 755.611200 1.000000
1407.100800 2834.336000 1245.676800 1427.785600 1.000000
1378.622400 2474.800000 1246.270400 1083.940800 1.000000
1360.832000 2252.112000 1246.729600 842.942400 1.000000
1395.120000 2670.384000 1246.862400 1279.886400 1.000000
1340.441600 1992.384000 1247.180800 528.004800 1.000000
1378.803200 2465.856000 1248.276800 1074.147200 1.000000
1373.763200 2376.288000 1249.649600 980.179200 1.000000
1425.739200 2980.384000 1250.886400 1556.945600 1.000000
1361.640000 2200.800000 1251.280000 785.193600 1.000000
1414.995200 2838.128000 1252.102400 1432.446400 1.000000
1419.008000 2850.448000 1255.310400 1444.344000 1.000000
1409.758400 2736.368000 1255.515200 1341.363200 1.000000
1344.865600 1958.016000 1256.484800 482.752000 1.000000
1383.563200 2410.496000 1256.652800 1016.328000 1.000000
1422.396800 2867.776000 1256.920000 1460.206400 1.000000
1385.873600 2436.640000 1257.374400 1044.507200 1.000000
1417.718400 2817.680000 1258.240000 1414.390400 1.000000
1396.960000 2535.056000 1259.107200 1147.241600 1.000000
1415.984000 2745.840000 1259.448000 1351.001600 1.000000
1427.230400 2890.704000 1259.572800 1481.563200 1.000000
1419.801600 2779.680000 1259.774400 1383.457600 1.000000
1422.444800 2834.992000 1259.801600 1430.417600 1.000000
1367.640000 2158.912000 1260.836800 735.508800 1.000000
1389.115200 2417.552000 1260.972800 1024.249600 1.000000
1384.523200 2382.512000 1261.830400 986.768000 1.000000
1363.958400 2091.056000 1263.753600 656.451200 1.000000
1405.137600 2561.904000 1265.113600 1172.595200 1.000000
1431.848000 2802.992000 1270.734400 1403.038400 1.000000
1434.758400 2843.984000 1270.776000 1439.417600 1.000000
1413.616000 2585.840000 1272.049600 1199.081600 1.000000
1394.438400 2358.512000 1272.068800 962.640000 1.000000
1382.310400 2205.264000 1273.118400 792.526400 1.000000
1442.716800 2860.912000 1278.209600 1456.126400 1.000000
1355.051200 1851.232000 1278.224000 318.056000 1.000000
1433.646400 2697.472000 1280.315200 1309.286400 1.000000
1441.172800 2758.064000 1283.385600 1365.088000 1.000000
1433.102400 2662.752000 1283.736000 1275.233600 1.000000
1435.560000 2683.376000 1284.136000 1294.104000 1.000000
1418.608000 2498.752000 1284.673600 1113.393600 1.000000
1458.371200 2909.712000 1286.545600 1500.454400 1.000000
1409.145600 2358.448000 1287.216000 963.836800 1.000000
1417.976000 2445.280000 1287.233600 1058.062400 1.000000
1359.179200 1814.480000 1288.305600 269.878400 1.000000
1448.241600 2757.920000 1289.508800 1364.040000 1.000000
1457.588800 2820.224000 1293.374400 1421.537600 1.000000
1385.841600 2015.312000 1295.747200 541.651200 1.000000
1384.697600 1962.208000 1300.241600 474.160000 1.000000
1472.881600 2890.848000 1301.608000 1483.625600 1.000000
1441.953600 2530.752000 1303.732800 1147.166400 1.000000
1390.488000 1911.792000 1312.939200 407.811200 1.000000
1389.180800 1874.800000 1313.027200 359.310400 1.000000
1391.361600 1899.888000 1313.939200 392.648000 1.000000
1489.985600 2844.864000 1322.971200 1428.616000 1.000000
1408.732800 1982.848000 1324.596800 506.544000 1.000000
1440.902400 2303.648000 1325.515200 891.494400 1.000000
1423.790400 2100.384000 1329.084800 654.497600 1.000000
1509.657600 2952.016000 1329.612800 1520.812800 1.000000
1512.745600 2986.032000 1329.860800 1552.379200 1.000000
1428.336000 2139.120000 1329.870400 702.160000 1.000000
1403.520000 1876.736000 1330.190400 364.968000 1.000000
1494.102400 2787.120000 1332.795200 1377.052800 1.000000
1486.665600 2693.296000 1334.140800 1290.513600 1.000000
1439.897600 2199.312000 1336.169600 774.643200 1.000000
1433.712000 2115.840000 1337.171200 674.774400 1.000000
1419.235200 1959.440000 1337.361600 478.608000 1.000000
1480.102400 2583.840000 1338.064000 1186.148800 1.000000
1477.721600 2563.824000 1338.100800 1165.958400 1.000000
1415.270400 1915.040000 1338.944000 418.992000 1.000000
1419.988800 1938.864000 1340.113600 450.947200 1.000000
1440.756800 2185.664000 1340.617600 758.691200 1.000000
1440.432000 2133.008000 1342.310400 697.446400 1.000000
1422.873600 1925.360000 1345.888000 434.849600 1.000000
1439.369600 2077.680000 1346.072000 632.036800 1.000000
1506.124800 2748.880000 1346.321600 1343.867200 1.000000
1466.628800 2346.256000 1346.961600 941.867200 1.000000
1473.926400 2426.848000 1347.206400 1027.542400 1.000000
1485.184000 2530.368000 1347.211200 1133.299200 1.000000
1398.676800 1668.992000 1348.200000 66.848800 1.000000
1461.980800 2288.000000 1349.140800 878.859200 1.000000
1496.360000 2625.760000 1349.364800 1227.467200 1.000000
1418.136000 1844.880000 1349.897600 325.299200 1.000000
1451.132800 2149.280000 1350.916800 715.974400 1.000000
1455.366400 2207.184000 1351.244800 785.784000 1.000000
1445.902400 2090.544000 1351.827200 647.843200 1.000000
1496.988800 2577.952000 1354.817600 1182.091200 1.000000
1477.251200 2370.624000 1355.686400 967.481600 1.000000
1475.468800 2330.512000 1358.240000 925.460800 1.000000
1421.222400 1795.952000 1358.969600 255.433600 1.000000
1409.939200 1688.832000 1359.147200 99.592320 1.000000
1412.800000 1703.168000 1360.963200 121.462720 1.000000
1454.881600 2088.176000 1362.660800 645.044800 1.000000
1441.329600 1943.344000 1363.160000 457.995200 1.000000
1496.856000 2496.064000 1363.182400 1100.001600 1.000000
1431.936000 1860.192000 1363.566400 345.944000 1.000000
1477.848000 2273.888000 1365.572800 860.376000 1.000000
1433.654400 1842.736000 1368.227200 324.008000 1.000000
1489.209600 2326.672000 1372.508800 922.595200 1.000000
1422.547200 1695.088000 1372.873600 112.244800 1.000000
1474.969600 2195.968000 1373.339200 771.974400 1.000000
1471.648000 2121.600000 1375.233600 683.208000 1.000000
1465.280000 2076.496000 1375.385600 628.678400 1.000000
1429.768000 1743.168000 1376.100800 180.409600 1.000000
1471.606400 2068.592000 1382.771200 619.670400 1.000000
1474.769600 2090.048000 1382.892800 648.772800 1.000000
1449.707200 1854.800000 1383.350400 338.403200 1.000000
1441.136000 1722.816000 1391.076800 154.124800 1.000000
1446.238400 1759.728000 1391.436800 209.324800 1.000000
1465.209600 1929.712000 1392.113600 440.350400 1.000000
1450.771200 1790.064000 1393.280000 251.608000 1.000000
1463.062400 1864.624000 1394.472000 358.086400 1.000000
1471.363200 1919.472000 1399.507200 429.857600 1.000000
1450.153600 1736.832000 1399.761600 174.483200 1.000000
1468.161600 1887.152000 1400.705600 386.846400 1.000000
1435.094400 1464.915200 1401.712000 92.673440 1.000000
1472.353600 1906.592000 1402.038400 412.732800 1.000000
1471.848000 1900.624000 1403.323200 404.496000 1.000000
1452.777600 1683.104000 1410.251200 94.536960 1.000000
1484.905600 1792.960000 1433.796800 260.896000 1.000000
2715.184000 1851.728000 2466.800000 2160.304000 1.000000
2738.528000 1845.280000 2488.784000 2162.176000 1.000000
2747.376000 1827.968000 2503.232000 2149.456000 1.000000
2734.336000 1790.304000 2504.480000 2107.440000 1.000000
2736.496000 1782.928000 2509.440000 2102.000000 1.000000
2753.680000 1771.648000 2528.128000 2100.064000 1.000000
2752.832000 1760.928000 2531.984000 2091.072000 1.000000
2663.184000 1522.009600 2536.592000 1804.288000 1.000000
2766.736000 1798.720000 2563.184000 2104.064000 1.000000
2769.504000 1703.968000 2565.120000 2045.232000 1.000000
2819.968000 1814.816000 2569.424000 2177.408000 1.000000
2807.376000 1771.232000 2574.480000 2129.232000 1.000000
2780.256000 1688.576000 2580.720000 2035.552000 1.000000
2544.528000 1192.452800 2604.304000 1201.513600 1.000000
2828.960000 1703.872000 2616.240000 2080.560000 1.000000
2878.864000 1774.448000 2633.632000 2182.272000 1.000000
