1377.649600 1535.059200 691.451200 217.755200 1.000000
1330.846400 2080.736000 908.843200 141.431680 1.000000
1388.969600 2928.240000 910.078400 126.836800 1.000000
1405.318400 2440.016000 977.038400 124.403200 1.000000
425.835200 302.243200 1962.400000 2139.472000 1.000000
2682.768000 1524.937600 2147.904000 1935.312000 1.000000
2703.136000 1550.552000 2167.312000 1908.768000 1.000000
3382.112000 601.675200 2187.328000 1051.283200 1.000000
899.441600 119.589280 2225.952000 667.008000 1.000000
2725.376000 1555.635200 2288.832000 1719.936000 1.000000
2640.576000 1345.112000 2297.984000 1826.752000 1.000000
2656.768000 1489.249600 2348.064000 1559.457600 1.000000
2434.096000 1166.156800 2538.576000 1275.840000 1.000000
2650.544000 2178.864000 2646.672000 993.289600 1.000000
3283.296000 516.225600 3269.344000 285.582400 1.000000
