112.568320 2588.768000 386.056000 300.784000 1.000000
94.858240 2700.816000 394.300800 409.619200 1.000000
115.139680 2770.352000 429.363200 475.545600 1.000000
152.711040 2647.360000 439.014400 363.742400 1.000000
147.825920 2687.232000 440.310400 397.542400 1.000000
171.384000 2710.480000 467.008000 417.249600 1.000000
335.915200 2375.840000 558.904000 84.507520 1.000000
411.012800 2850.944000 728.294400 672.235200 1.000000
458.004800 2927.088000 785.009600 741.867200 1.000000
533.120000 2946.656000 849.547200 764.446400 1.000000
552.193600 2916.880000 867.945600 744.195200 1.000000
582.726400 2939.072000 895.708800 765.700800 1.000000
599.308800 2931.152000 911.612800 760.160000 1.000000
453.688000 2533.936000 943.424000 137.658400 1.000000
744.345600 2476.544000 988.508800 369.348800 1.000000
1794.016000 2718.304000 1985.056000 756.654400 1.000000
1810.128000 2734.592000 1996.896000 770.256000 1.000000
1975.504000 2839.488000 2134.704000 842.729600 1.000000
2019.264000 2895.344000 2161.504000 895.249600 1.000000
2029.712000 2923.440000 2166.704000 921.041600 1.000000
2014.480000 2817.344000 2172.304000 830.505600 1.000000
2075.328000 2931.088000 2206.848000 932.083200 1.000000
2082.224000 2916.480000 2213.648000 922.995200 1.000000
2098.736000 2998.352000 2217.648000 982.516800 1.000000
2101.168000 2976.384000 2220.672000 969.320000 1.000000
2098.016000 2944.192000 2223.040000 944.998400 1.000000
2096.272000 2930.064000 2224.016000 934.254400 1.000000
2114.176000 2958.976000 2232.688000 958.340800 1.000000
2111.952000 2945.616000 2233.632000 948.993600 1.000000
2109.536000 2927.952000 2235.344000 934.491200 1.000000
