3.347200 1063.904000 3.599760 2864.256000 1.000000
8.952896 1044.673600 6.733728 2846.368000 1.000000
117.678560 1103.094400 174.489600 2774.544000 1.000000
67.754400 1136.601600 195.140800 2758.704000 1.000000
139.841440 988.036800 216.140800 2670.976000 1.000000
209.294400 1092.636800 266.776000 2789.872000 1.000000
241.206400 968.436800 322.339200 2640.544000 1.000000
268.382400 1024.102400 338.409600 2693.840000 1.000000
331.609600 1178.182400 371.420800 2848.160000 1.000000
313.470400 1075.363200 374.499200 2740.688000 1.000000
341.070400 1171.075200 381.448000 2839.664000 1.000000
331.542400 1104.915200 385.932800 2771.936000 1.000000
348.041600 1180.273600 387.854400 2850.544000 1.000000
342.876800 1149.819200 389.120000 2818.064000 1.000000
350.144000 1159.972800 393.883200 2828.368000 1.000000
329.883200 1029.195200 399.499200 2695.344000 1.000000
346.004800 1115.248000 399.745600 2780.944000 1.000000
337.160000 1030.316800 406.713600 2696.240000 1.000000
354.203200 1106.340800 408.966400 2772.272000 1.000000
348.536000 1076.564800 409.563200 2742.464000 1.000000
346.883200 1061.633600 409.576000 2727.360000 1.000000
357.779200 1072.827200 418.483200 2737.616000 1.000000
351.492800 1014.675200 424.187200 2679.872000 1.000000
363.035200 1016.193600 435.720000 2681.680000 1.000000
373.200000 1034.030400 443.715200 2698.336000 1.000000
377.235200 1043.568000 446.390400 2707.440000 1.000000
377.192000 999.668800 453.193600 2664.048000 1.000000
422.926400 999.121600 502.763200 2672.752000 1.000000
436.081600 991.121600 512.425600 2664.992000 1.000000
478.355200 1126.817600 544.520000 2741.120000 1.000000
486.992000 1041.489600 557.788800 2690.416000 1.000000
484.963200 669.577600 653.824000 2195.632000 1.000000
579.424000 927.777600 672.041600 2565.280000 1.000000
524.848000 619.233600 697.332800 2148.928000 1.000000
525.600000 632.299200 698.097600 2158.272000 1.000000
448.059200 174.731200 717.286400 1696.464000 1.000000
652.545600 1089.953600 721.617600 2719.600000 1.000000
655.073600 1100.785600 723.148800 2730.048000 1.000000
659.056000 1070.966400 731.904000 2698.464000 1.000000
568.662400 663.163200 734.561600 2182.128000 1.000000
684.072000 1008.843200 745.244800 2641.200000 1.000000
491.675200 117.497920 763.225600 1649.776000 1.000000
750.288000 1084.347200 818.065600 2689.904000 1.000000
795.198400 1085.209600 867.708800 2695.504000 1.000000
808.046400 986.616000 893.286400 2601.840000 1.000000
907.400000 231.598400 1108.376000 1712.512000 1.000000
920.001600 236.707200 1116.566400 1717.136000 1.000000
1005.681600 668.115200 1138.400000 2151.280000 1.000000
1032.483200 707.937600 1166.368000 2182.960000 1.000000
1036.336000 714.468800 1169.508800 2188.640000 1.000000
1037.662400 699.004800 1171.828800 2174.496000 1.000000
1043.356800 671.728000 1177.913600 2150.496000 1.000000
999.571200 249.440000 1185.241600 1720.848000 1.000000
1066.705600 719.403200 1195.793600 2191.392000 1.000000
1075.744000 728.457600 1205.019200 2199.600000 1.000000
1063.414400 209.004800 1243.483200 1683.840000 1.000000
1174.283200 1384.124800 1246.556800 2963.680000 1.000000
1126.777600 692.320000 1256.648000 2163.888000 1.000000
1174.836800 1218.870400 1257.044800 2785.504000 1.000000
1180.787200 1235.208000 1265.545600 2802.592000 1.000000
1092.112000 204.220800 1267.609600 1677.120000 1.000000
1056.052800 157.605120 1272.776000 1067.256000 1.000000
1100.769600 79.808160 1279.740800 1587.702400 1.000000
1196.856000 1214.510400 1280.579200 2777.888000 1.000000
1069.174400 175.598400 1282.052800 1081.308800 1.000000
1201.497600 1243.401600 1284.995200 2813.376000 1.000000
1111.123200 92.911520 1287.921600 1596.424000 1.000000
1141.144000 211.068800 1307.425600 1679.152000 1.000000
1241.123200 1218.579200 1325.932800 2778.448000 1.000000
1251.096000 1357.220800 1331.750400 2931.312000 1.000000
1397.772800 1380.046400 1492.681600 2943.088000 1.000000
1415.345600 1075.081600 1507.713600 2611.888000 1.000000
1416.840000 1373.246400 1513.444800 2933.424000 1.000000
1475.552000 734.579200 1588.243200 2172.912000 1.000000
1505.507200 758.281600 1612.112000 2189.760000 1.000000
1546.790400 1396.676800 1656.288000 2957.376000 1.000000
1574.275200 1241.116800 1681.168000 2782.624000 1.000000
1582.803200 775.369600 1685.232000 2198.016000 1.000000
1597.651200 1258.078400 1708.832000 2796.400000 1.000000
1614.352000 1294.600000 1729.600000 2838.016000 1.000000
1673.328000 304.521600 1758.912000 1710.384000 1.000000
1681.024000 265.736000 1762.208000 1680.864000 1.000000
1715.680000 626.776000 1801.488000 2057.168000 1.000000
1721.296000 794.644800 1818.032000 2206.544000 1.000000
1728.368000 806.016000 1824.336000 2218.368000 1.000000
1733.344000 785.660800 1829.792000 2198.224000 1.000000
1730.960000 850.848000 1830.912000 2265.504000 1.000000
1738.480000 942.694400 1836.608000 2491.104000 1.000000
1749.248000 918.443200 1844.688000 2464.752000 1.000000
1748.160000 941.894400 1845.344000 2491.728000 1.000000
1773.456000 324.966400 1845.360000 1719.904000 1.000000
1762.976000 774.809600 1856.224000 2183.712000 1.000000
1787.440000 459.305600 1862.624000 1846.656000 1.000000
1799.744000 317.457600 1866.608000 1711.824000 1.000000
1769.632000 833.598400 1866.944000 2240.528000 1.000000
1774.464000 793.576000 1869.488000 2198.720000 1.000000
1771.728000 922.324800 1869.904000 2458.960000 1.000000
1795.968000 451.468800 1869.936000 1837.536000 1.000000
1802.528000 299.422400 1870.464000 1699.200000 1.000000
1803.984000 363.366400 1872.960000 1750.992000 1.000000
1812.960000 365.993600 1881.456000 1752.944000 1.000000
1823.936000 356.595200 1889.888000 1742.704000 1.000000
1829.952000 347.032000 1895.440000 1734.032000 1.000000
1835.840000 318.598400 1898.240000 1710.480000 1.000000
1831.808000 530.334400 1905.184000 1956.608000 1.000000
1860.672000 128.023840 1907.440000 1570.476800 1.000000
1844.448000 382.865600 1908.432000 1767.168000 1.000000
1812.544000 926.249600 1908.944000 2460.464000 1.000000
1819.312000 937.889600 1918.496000 2472.128000 1.000000
1847.776000 516.732800 1918.912000 1940.576000 1.000000
1856.544000 379.809600 1919.152000 1762.864000 1.000000
1861.856000 329.144000 1920.064000 1716.352000 1.000000
1826.160000 837.451200 1921.104000 2237.872000 1.000000
1870.880000 305.568000 1925.504000 1695.760000 1.000000
1834.144000 829.412800 1928.544000 2229.856000 1.000000
1842.976000 736.416000 1928.720000 2143.408000 1.000000
1860.544000 566.731200 1931.536000 1988.752000 1.000000
1846.880000 719.028800 1932.784000 2131.008000 1.000000
1836.768000 948.968000 1936.048000 2486.160000 1.000000
1883.472000 320.955200 1938.816000 1708.640000 1.000000
1887.520000 287.716800 1939.840000 1681.600000 1.000000
1857.104000 749.552000 1943.584000 2157.168000 1.000000
1852.672000 819.584000 1944.912000 2219.136000 1.000000
1858.736000 805.456000 1951.104000 2203.584000 1.000000
1865.936000 734.984000 1951.872000 2139.632000 1.000000
1912.208000 382.761600 1967.840000 1758.880000 1.000000
1907.040000 707.712000 1986.720000 2115.456000 1.000000
1911.760000 657.665600 1988.144000 2070.528000 1.000000
1925.360000 650.835200 1999.760000 2061.616000 1.000000
1887.200000 1076.100800 2001.968000 2607.856000 1.000000
1912.400000 857.908800 2005.600000 2252.256000 1.000000
1919.584000 835.273600 2012.256000 2226.720000 1.000000
1933.136000 700.492800 2012.624000 2108.128000 1.000000
1938.608000 725.910400 2017.776000 2126.912000 1.000000
1925.696000 842.816000 2018.912000 2235.952000 1.000000
1960.784000 605.284800 2027.968000 2017.888000 1.000000
1913.680000 1087.844800 2028.720000 2616.208000 1.000000
1988.016000 347.628800 2029.792000 1720.304000 1.000000
1982.944000 440.475200 2031.584000 1817.520000 1.000000
1952.096000 726.211200 2031.936000 2129.920000 1.000000
1965.840000 590.164800 2032.800000 2004.512000 1.000000
1989.888000 358.430400 2032.944000 1730.432000 1.000000
1898.656000 1264.329600 2034.816000 2804.640000 1.000000
1921.872000 1068.184000 2036.496000 2597.392000 1.000000
1966.192000 626.900800 2036.544000 2037.744000 1.000000
1950.800000 794.416000 2037.312000 2185.888000 1.000000
1980.976000 572.606400 2042.704000 1985.376000 1.000000
1966.048000 728.987200 2044.368000 2127.408000 1.000000
2003.264000 361.040000 2046.272000 1731.392000 1.000000
1930.080000 1085.977600 2046.512000 2610.848000 1.000000
1958.192000 838.822400 2048.944000 2229.488000 1.000000
1961.408000 814.734400 2050.352000 2205.840000 1.000000
2051.856000 146.314240 2066.816000 1568.491200 1.000000
2078.736000 33.911360 2077.488000 1480.718400 1.000000
1958.048000 1121.993600 2080.112000 2646.032000 1.000000
2038.016000 460.299200 2082.560000 1832.192000 1.000000
2051.632000 452.907200 2095.264000 1822.720000 1.000000
1977.488000 1102.086400 2096.496000 2627.904000 1.000000
2074.208000 388.715200 2108.928000 1752.112000 1.000000
2108.960000 114.585760 2109.744000 1540.931200 1.000000
2071.216000 575.462400 2121.664000 1978.752000 1.000000
2097.408000 347.016000 2124.368000 1712.192000 1.000000
2110.112000 401.798400 2140.192000 1758.992000 1.000000
2131.296000 322.112000 2150.304000 1688.832000 1.000000
2127.728000 421.419200 2157.072000 1779.440000 1.000000
2128.816000 410.248000 2157.472000 1767.712000 1.000000
2079.504000 812.169600 2162.960000 2272.880000 1.000000
2141.888000 405.251200 2168.480000 1761.456000 1.000000
2139.104000 424.585600 2169.136000 1780.304000 1.000000
2149.600000 380.680000 2171.776000 1738.720000 1.000000
2155.952000 339.464000 2173.248000 1701.216000 1.000000
2176.224000 217.956800 2176.976000 1609.376000 1.000000
2176.752000 389.185600 2196.240000 1743.408000 1.000000
2526.096000 1492.115200 2571.904000 1564.508800 1.000000
2057.680000 1358.481600 2580.368000 2724.032000 1.000000
2524.240000 1528.244800 2587.840000 1539.297600 1.000000
2467.216000 1608.256000 2588.992000 1414.065600 1.000000
2568.432000 1281.246400 2613.584000 1037.176000 1.000000
2520.496000 1471.011200 2613.616000 1217.763200 1.000000
2516.976000 1511.374400 2619.392000 1258.105600 1.000000
2554.192000 1454.915200 2628.496000 1255.526400 1.000000
2555.376000 1424.249600 2631.824000 1164.542400 1.000000
2552.272000 1434.587200 2632.384000 1175.003200 1.000000
2599.088000 1274.984000 2635.728000 1020.251200 1.000000
2613.952000 1280.288000 2648.320000 1017.891200 1.000000
2591.888000 1391.321600 2648.832000 1166.475200 1.000000
2561.904000 1483.720000 2651.344000 1218.049600 1.000000
2603.760000 1349.881600 2656.496000 1082.446400 1.000000
2619.408000 1339.428800 2666.256000 1066.824000 1.000000
2625.184000 1325.318400 2667.056000 1053.737600 1.000000
2630.336000 1307.216000 2668.080000 1035.798400 1.000000
2526.208000 1683.120000 2669.104000 1452.300800 1.000000
2624.080000 1346.664000 2672.032000 1073.750400 1.000000
2632.688000 1322.550400 2672.752000 1048.526400 1.000000
2635.616000 1316.177600 2673.200000 1042.180800 1.000000
2636.944000 1308.849600 2673.376000 1036.526400 1.000000
2640.768000 1325.256000 2679.520000 1048.772800 1.000000
2641.760000 1319.120000 2679.600000 1042.726400 1.000000
2644.576000 1312.833600 2679.824000 1036.915200 1.000000
2641.552000 1331.012800 2680.144000 1058.953600 1.000000
2649.168000 1321.915200 2685.648000 1042.728000 1.000000
2651.664000 1315.184000 2686.416000 1036.851200 1.000000
2656.432000 1324.430400 2692.544000 1043.036800 1.000000
2664.784000 1301.680000 2694.176000 1021.080000 1.000000
2652.528000 1350.737600 2695.616000 1067.164800 1.000000
2657.376000 1338.680000 2697.504000 1054.388800 1.000000
2656.480000 1345.300800 2697.568000 1061.571200 1.000000
2670.144000 1307.828800 2699.936000 1024.729600 1.000000
2678.544000 1310.619200 2707.472000 1024.086400 1.000000
2804.288000 1314.468800 2799.568000 944.947200 1.000000
