29.594400 1672.800000 31.351840 1048.264000 1.000000
76.598400 1110.617600 33.160800 467.348800 1.000000
60.423680 1370.720000 36.554560 732.686400 1.000000
82.331040 1104.028800 38.560160 462.180800 1.000000
59.910400 1426.721600 41.782400 784.260800 1.000000
81.944160 1294.611200 51.904640 660.396800 1.000000
93.653120 1218.667200 58.323520 580.846400 1.000000
82.391200 1525.163200 72.458880 892.116800 1.000000
115.650080 1110.787200 74.048000 483.054400 1.000000
138.406720 973.756800 88.435520 325.961600 1.000000
139.841440 988.036800 90.666720 340.051200 1.000000
70.624480 1879.680000 91.092320 1295.443200 1.000000
119.147520 1294.753600 91.551520 664.600000 1.000000
73.960800 1870.000000 92.680480 1284.899200 1.000000
146.331840 971.617600 96.066560 322.352000 1.000000
79.284480 1904.192000 102.601600 1321.768000 1.000000
78.283200 1916.720000 104.835200 1331.928000 1.000000
66.381120 2116.224000 105.437760 1547.577600 1.000000
108.824640 1610.560000 105.918880 975.288000 1.000000
116.923520 1499.275200 106.729600 864.748800 1.000000
74.256480 2102.848000 110.509600 1528.352000 1.000000
59.424160 2273.008000 115.259040 1689.616000 1.000000
38.635360 2658.608000 115.848000 2036.528000 1.000000
150.560160 1210.860800 118.753120 596.883200 1.000000
65.564640 2365.792000 119.041920 1772.368000 1.000000
31.414560 2888.112000 124.688320 2239.760000 1.000000
35.140320 2847.440000 125.592000 2204.176000 1.000000
162.939200 1180.356800 128.043680 562.115200 1.000000
41.188160 2854.400000 132.355040 2211.152000 1.000000
110.751200 1957.984000 134.357760 1383.593600 1.000000
49.992320 2846.432000 139.055680 2203.296000 1.000000
59.392640 2765.792000 139.782560 2132.080000 1.000000
129.489120 1786.944000 140.526080 1203.036800 1.000000
122.414560 1891.440000 143.700640 1310.320000 1.000000
180.211200 1126.019200 147.210720 495.491200 1.000000
88.687360 2529.648000 155.346880 1911.792000 1.000000
119.449280 2095.760000 157.020960 1526.204800 1.000000
110.151680 2252.224000 158.166400 1669.856000 1.000000
127.354880 2045.872000 159.605920 1476.024000 1.000000
68.484480 2985.120000 165.444800 2316.368000 1.000000
176.944000 1437.432000 166.008000 801.480000 1.000000
152.134080 1829.792000 166.134400 1247.804800 1.000000
214.819200 959.193600 167.889600 313.369600 1.000000
108.041920 2485.760000 170.200000 1871.520000 1.000000
103.693280 2539.552000 171.412800 1920.896000 1.000000
209.294400 1092.636800 171.915200 458.392000 1.000000
94.858240 2700.816000 171.968000 2073.952000 1.000000
73.647360 3004.336000 172.468800 2333.200000 1.000000
82.300320 2922.240000 176.416000 2266.560000 1.000000
149.850080 1986.608000 176.681600 1417.206400 1.000000
126.741280 2331.472000 177.216000 1744.144000 1.000000
158.155840 1900.640000 178.286400 1324.457600 1.000000
101.596960 2726.000000 180.009600 2096.624000 1.000000
168.240000 1812.176000 182.233600 1231.339200 1.000000
112.568320 2588.768000 182.432000 1972.144000 1.000000
112.154400 2661.968000 182.913600 2033.424000 1.000000
88.306400 2973.920000 183.806400 2310.144000 1.000000
93.365920 2892.640000 184.884800 2242.384000 1.000000
92.738400 2903.920000 185.406400 2251.136000 1.000000
90.666880 2932.272000 187.014400 2274.640000 1.000000
140.878080 2281.136000 187.545600 1698.560000 1.000000
97.772320 2910.784000 188.041600 2258.544000 1.000000
134.569600 2373.584000 188.440000 1784.912000 1.000000
109.630720 2749.904000 188.625600 2117.040000 1.000000
232.478400 1008.512000 191.016000 371.324800 1.000000
186.416000 1747.552000 191.825600 1164.374400 1.000000
97.368960 2978.928000 192.534400 2314.848000 1.000000
178.008000 1835.680000 193.372800 1253.609600 1.000000
99.691360 2956.240000 194.003200 2294.976000 1.000000
146.619520 2293.040000 194.132800 1710.032000 1.000000
162.388800 2062.272000 194.977600 1495.427200 1.000000
102.785280 2939.680000 195.329600 2282.320000 1.000000
175.208000 1903.424000 195.412800 1324.923200 1.000000
172.513600 1945.472000 196.462400 1375.680000 1.000000
206.716800 1574.816000 196.604800 1021.950400 1.000000
240.180800 987.297600 196.678400 348.361600 1.000000
146.386720 2329.056000 196.707200 1741.920000 1.000000
241.206400 968.436800 196.792000 325.484800 1.000000
164.249600 2048.096000 197.136000 1476.651200 1.000000
244.604800 958.222400 199.323200 314.056000 1.000000
130.432800 2628.016000 201.008000 2008.864000 1.000000
164.393600 2114.736000 201.078400 1549.486400 1.000000
244.912000 1001.748800 201.592000 365.123200 1.000000
147.761280 2380.928000 201.704000 1791.568000 1.000000
109.310080 2962.944000 203.089600 2301.072000 1.000000
158.808000 2267.904000 204.580800 1687.632000 1.000000
113.947040 2977.056000 206.377600 2315.408000 1.000000
116.951200 2921.024000 206.484800 2266.560000 1.000000
125.376480 2803.648000 206.515200 2163.472000 1.000000
157.790240 2365.616000 206.950400 1776.112000 1.000000
250.324800 994.008000 207.067200 350.704000 1.000000
129.774240 2756.400000 208.403200 2125.056000 1.000000
117.069600 2932.176000 208.489600 2275.888000 1.000000
158.400640 2331.488000 209.609600 1747.664000 1.000000
137.353920 2693.328000 212.956800 2070.448000 1.000000
141.502880 2665.904000 213.412800 2042.176000 1.000000
155.217920 2482.048000 214.633600 1869.440000 1.000000
124.427200 2993.648000 217.558400 2329.280000 1.000000
165.961600 2340.176000 217.704000 1754.176000 1.000000
166.617600 2328.176000 218.228800 1745.984000 1.000000
168.340800 2347.472000 218.758400 1762.896000 1.000000
154.699360 2578.016000 219.467200 1961.312000 1.000000
147.825920 2687.232000 221.732800 2062.032000 1.000000
135.081440 2931.344000 223.502400 2276.624000 1.000000
152.711040 2647.360000 223.809600 2026.128000 1.000000
219.193600 1739.584000 223.822400 1158.652800 1.000000
138.369120 2886.448000 224.230400 2236.624000 1.000000
200.684800 1961.120000 225.891200 1394.444800 1.000000
268.382400 1024.102400 228.598400 386.393600 1.000000
140.995520 2958.880000 230.224000 2302.096000 1.000000
144.509120 2906.976000 231.696000 2254.160000 1.000000
150.638880 2826.304000 232.468800 2186.992000 1.000000
147.144160 2924.112000 235.544000 2269.600000 1.000000
212.065600 1910.944000 235.734400 1341.307200 1.000000
150.506560 2892.144000 236.092800 2242.880000 1.000000
191.259200 2292.720000 236.718400 1712.528000 1.000000
209.179200 2003.760000 238.276800 1437.300800 1.000000
160.400000 2820.784000 240.430400 2176.784000 1.000000
171.384000 2710.480000 244.270400 2079.312000 1.000000
172.553600 2740.928000 247.632000 2109.472000 1.000000
202.497600 2273.760000 248.633600 1694.704000 1.000000
160.340800 2931.744000 248.822400 2278.704000 1.000000
224.198400 1971.968000 250.536000 1403.556800 1.000000
179.660800 2760.432000 255.275200 2125.424000 1.000000
172.964800 2841.968000 256.580800 2203.024000 1.000000
227.057600 2056.144000 256.612800 1483.633600 1.000000
266.569600 1521.038400 257.268800 915.892800 1.000000
235.246400 1968.384000 260.566400 1401.425600 1.000000
182.756800 2793.536000 262.006400 2156.752000 1.000000
240.780800 1946.304000 262.857600 1380.246400 1.000000
249.118400 1988.880000 274.547200 1422.232000 1.000000
259.251200 1915.072000 276.384000 1337.974400 1.000000
251.673600 2012.832000 280.939200 1448.995200 1.000000
311.614400 1196.689600 285.411200 586.441600 1.000000
288.036800 1605.904000 287.756800 1005.665600 1.000000
242.835200 2297.488000 288.062400 1719.504000 1.000000
321.940800 1098.387200 289.748800 476.046400 1.000000
308.200000 1332.257600 292.697600 722.422400 1.000000
236.068800 2448.400000 293.860800 1843.152000 1.000000
329.883200 1029.195200 294.043200 399.534400 1.000000
324.235200 1177.260800 296.396800 565.760000 1.000000
246.244800 2353.440000 296.748800 1767.712000 1.000000
248.988800 2305.440000 297.033600 1727.216000 1.000000
325.091200 1186.113600 299.408000 574.980800 1.000000
331.542400 1104.915200 300.462400 484.992000 1.000000
279.088000 1915.024000 300.862400 1349.235200 1.000000
246.844800 2387.696000 300.862400 1796.480000 1.000000
337.160000 1030.316800 301.062400 400.012800 1.000000
327.982400 1162.512000 301.193600 549.859200 1.000000
279.961600 1926.144000 301.219200 1362.379200 1.000000
334.792000 1089.233600 302.846400 468.456000 1.000000
254.782400 2327.504000 304.609600 1745.072000 1.000000
331.609600 1178.182400 305.006400 566.694400 1.000000
341.809600 1014.910400 305.633600 382.587200 1.000000
280.676800 2002.048000 307.561600 1439.689600 1.000000
228.148800 2824.336000 308.054400 2188.272000 1.000000
264.824000 2256.432000 310.433600 1680.624000 1.000000
341.582400 1104.790400 310.646400 485.110400 1.000000
284.478400 2023.872000 312.422400 1460.971200 1.000000
346.163200 1052.400000 312.478400 426.217600 1.000000
352.929600 996.931200 313.288000 360.624000 1.000000
320.934400 1497.299200 314.008000 902.867200 1.000000
342.876800 1149.819200 314.380800 535.088000 1.000000
341.070400 1171.075200 314.627200 558.955200 1.000000
271.268800 2241.536000 314.881600 1665.264000 1.000000
352.662400 979.088000 314.934400 341.806400 1.000000
329.654400 1378.096000 317.644800 773.886400 1.000000
345.348800 1132.305600 317.814400 516.148800 1.000000
352.091200 1062.425600 319.121600 437.505600 1.000000
354.499200 1043.598400 321.278400 416.457600 1.000000
295.166400 2000.112000 321.883200 1426.924800 1.000000
356.497600 1024.678400 322.201600 394.859200 1.000000
350.144000 1159.972800 323.152000 546.664000 1.000000
361.284800 1006.272000 324.502400 373.284800 1.000000
363.035200 1016.193600 327.852800 385.451200 1.000000
354.753600 1180.105600 328.283200 569.588800 1.000000
363.142400 1034.896000 329.179200 406.299200 1.000000
366.124800 988.611200 330.182400 352.244800 1.000000
348.427200 1329.580800 332.291200 719.035200 1.000000
354.776000 1314.486400 335.496000 705.654400 1.000000
353.659200 1323.939200 335.606400 713.452800 1.000000
350.619200 1416.750400 339.332800 818.670400 1.000000
326.372800 1784.960000 339.332800 1212.768000 1.000000
377.192000 999.668800 341.400000 366.881600 1.000000
377.235200 1043.568000 345.622400 418.620800 1.000000
351.630400 1578.305600 349.680000 979.526400 1.000000
333.265600 1825.328000 350.611200 1249.112000 1.000000
363.224000 1482.334400 355.827200 892.620800 1.000000
373.044800 1354.598400 358.384000 753.406400 1.000000
369.742400 1550.862400 368.846400 958.089600 1.000000
374.812800 1474.996800 369.219200 887.422400 1.000000
370.824000 1571.041600 371.345600 974.700800 1.000000
379.955200 1438.096000 371.988800 841.022400 1.000000
382.734400 1470.568000 377.051200 878.720000 1.000000
391.481600 1363.484800 379.958400 758.472000 1.000000
394.561600 1345.313600 380.776000 739.956800 1.000000
445.148800 638.640000 396.286400 26.855680 1.000000
436.081600 991.121600 404.094400 359.414400 1.000000
431.752000 1043.548800 406.049600 427.057600 1.000000
464.806400 665.833600 420.881600 59.941920 1.000000
471.587200 685.934400 427.227200 81.078880 1.000000
474.012800 854.662400 435.459200 201.929600 1.000000
458.049600 1438.939200 444.105600 939.960000 1.000000
379.220800 2948.624000 452.766400 2328.592000 1.000000
488.188800 870.532800 453.640000 218.633600 1.000000
473.692800 1185.652800 458.657600 490.142400 1.000000
486.992000 1041.489600 461.561600 392.275200 1.000000
393.819200 2938.320000 465.860800 2320.480000 1.000000
409.364800 2928.224000 478.132800 2310.464000 1.000000
414.136000 2806.416000 479.571200 2210.208000 1.000000
421.579200 2759.824000 485.734400 2163.808000 1.000000
509.852800 1160.166400 488.368000 562.795200 1.000000
419.030400 2926.720000 488.953600 2311.840000 1.000000
426.324800 2761.936000 491.268800 2162.400000 1.000000
525.228800 886.027200 492.995200 239.916800 1.000000
430.462400 2774.672000 496.040000 2177.312000 1.000000
437.750400 2764.896000 503.270400 2166.416000 1.000000
534.841600 923.640000 503.702400 288.409600 1.000000
552.388800 651.062400 511.241600 44.931200 1.000000
543.777600 924.558400 513.016000 292.120000 1.000000
458.004800 2927.088000 524.902400 2312.592000 1.000000
568.662400 663.163200 529.921600 60.110080 1.000000
579.424000 927.777600 550.984000 294.657600 1.000000
538.680000 1822.272000 553.366400 1278.945600 1.000000
538.166400 1847.392000 555.512000 1304.830400 1.000000
541.056000 1917.344000 560.872000 1376.044800 1.000000
592.422400 851.448000 563.056000 204.228800 1.000000
549.185600 1902.832000 568.916800 1360.569600 1.000000
600.193600 929.505600 572.427200 297.633600 1.000000
558.032000 1847.296000 574.604800 1303.616000 1.000000
552.929600 1920.240000 575.339200 1378.912000 1.000000
620.531200 965.539200 595.249600 345.705600 1.000000
585.260800 1833.264000 602.419200 1292.883200 1.000000
547.948800 2721.248000 604.126400 2132.992000 1.000000
561.088000 2320.208000 606.448000 1581.894400 1.000000
600.022400 1898.880000 620.113600 1357.744000 1.000000
648.611200 1001.076800 626.601600 381.622400 1.000000
609.715200 1870.960000 627.184000 1331.547200 1.000000
647.000000 1057.208000 627.232000 451.956800 1.000000
613.409600 1777.280000 627.731200 1236.092800 1.000000
650.083200 979.912000 628.083200 358.307200 1.000000
612.795200 1885.568000 629.832000 1346.254400 1.000000
613.912000 1884.640000 632.092800 1345.942400 1.000000
652.545600 1089.953600 633.033600 484.734400 1.000000
656.056000 937.353600 633.740800 307.740800 1.000000
582.726400 2939.072000 642.187200 2327.504000 1.000000
601.441600 2217.056000 642.464000 1490.825600 1.000000
629.766400 1769.328000 642.689600 1228.502400 1.000000
589.224000 2891.744000 648.076800 2285.328000 1.000000
636.129600 1784.112000 649.726400 1244.652800 1.000000
600.728000 2683.296000 651.134400 2101.152000 1.000000
594.494400 2915.408000 653.320000 2307.520000 1.000000
680.606400 976.988800 658.884800 359.739200 1.000000
599.308800 2931.152000 659.278400 2320.176000 1.000000
606.347200 2698.784000 660.275200 2115.088000 1.000000
612.676800 2716.160000 666.756800 2129.040000 1.000000
628.110400 2194.144000 667.480000 1468.304000 1.000000
679.696000 1330.336000 672.462400 711.057600 1.000000
677.584000 1839.760000 692.433600 1306.892800 1.000000
720.937600 979.259200 701.787200 361.800000 1.000000
684.297600 1861.264000 703.371200 1323.796800 1.000000
724.084800 1103.291200 704.318400 503.068800 1.000000
700.187200 1797.120000 711.763200 1259.164800 1.000000
723.536000 1113.747200 715.926400 522.553600 1.000000
690.288000 2110.144000 717.251200 1573.292800 1.000000
705.281600 1769.120000 717.297600 1234.806400 1.000000
706.694400 1785.200000 719.755200 1249.529600 1.000000
705.641600 1823.088000 721.268800 1288.185600 1.000000
708.526400 1841.344000 722.529600 1313.894400 1.000000
696.702400 2119.296000 724.969600 1584.019200 1.000000
739.030400 1343.248000 734.243200 727.483200 1.000000
745.345600 1122.892800 734.720000 531.273600 1.000000
758.035200 1032.380800 739.019200 416.302400 1.000000
752.339200 1049.934400 740.784000 474.414400 1.000000
760.763200 979.835200 745.243200 363.851200 1.000000
703.795200 2720.816000 755.902400 2139.072000 1.000000
774.360000 1155.019200 764.523200 566.702400 1.000000
793.384000 954.688000 774.841600 337.590400 1.000000
786.409600 1079.665600 775.603200 494.816000 1.000000
744.345600 2476.544000 783.606400 1916.512000 1.000000
763.048000 2063.936000 788.140800 1533.750400 1.000000
802.150400 1673.488000 812.176000 1145.102400 1.000000
809.710400 1788.704000 821.579200 1264.862400 1.000000
801.401600 1971.216000 823.307200 1444.736000 1.000000
864.494400 975.953600 855.643200 369.705600 1.000000
836.945600 2361.648000 871.304000 1812.048000 1.000000
827.443200 2841.472000 871.862400 2250.320000 1.000000
851.448000 2472.000000 885.302400 1920.592000 1.000000
863.547200 2809.200000 903.809600 2222.416000 1.000000
872.481600 2800.544000 913.092800 2214.384000 1.000000
896.729600 2777.072000 935.988800 2192.528000 1.000000
982.430400 744.712000 977.212800 167.283200 1.000000
989.774400 717.132800 983.392000 135.422720 1.000000
967.923200 2868.688000 1004.780800 2278.000000 1.000000
1036.336000 714.468800 1032.147200 134.115520 1.000000
1037.662400 699.004800 1035.579200 117.118560 1.000000
1039.512000 650.032000 1036.691200 60.187840 1.000000
1040.185600 640.539200 1037.806400 48.664640 1.000000
1047.142400 707.998400 1045.345600 128.245920 1.000000
1088.176000 652.753600 1089.622400 63.860480 1.000000
1072.966400 2562.384000 1097.566400 2012.528000 1.000000
1096.924800 646.064000 1099.889600 58.358880 1.000000
1101.504000 762.728000 1103.400000 191.544000 1.000000
1084.740800 2546.480000 1107.158400 2000.560000 1.000000
1105.627200 648.107200 1109.270400 61.423200 1.000000
1091.841600 2592.976000 1113.193600 2040.480000 1.000000
1094.801600 2604.144000 1116.318400 2051.216000 1.000000
1113.156800 713.462400 1116.620800 136.750080 1.000000
1099.452800 2352.656000 1119.542400 1824.800000 1.000000
1115.470400 737.075200 1120.803200 164.534400 1.000000
1115.995200 704.465600 1120.945600 125.482560 1.000000
1104.417600 2605.440000 1126.705600 2053.264000 1.000000
1106.328000 2559.712000 1128.056000 2012.240000 1.000000
1114.558400 2384.688000 1132.080000 1854.320000 1.000000
1126.777600 692.320000 1132.161600 112.019200 1.000000
1124.904000 2583.952000 1144.588800 2036.128000 1.000000
1133.144000 2359.328000 1152.587200 1832.128000 1.000000
1136.776000 2342.368000 1155.953600 1816.688000 1.000000
1157.739200 2862.848000 1178.960000 2278.048000 1.000000
1191.992000 1394.224000 1202.556800 863.640000 1.000000
1196.856000 1214.510400 1208.779200 664.622400 1.000000
1201.497600 1243.401600 1210.641600 695.777600 1.000000
1201.270400 1365.856000 1214.116800 835.603200 1.000000
1217.588800 1277.969600 1230.480000 733.068800 1.000000
1305.937600 2817.728000 1311.083200 2247.136000 1.000000
1333.025600 2872.304000 1340.256000 2294.736000 1.000000
1337.524800 2947.920000 1341.505600 2356.816000 1.000000
1336.603200 2854.800000 1342.046400 2280.240000 1.000000
1340.411200 2765.120000 1346.011200 2198.496000 1.000000
1342.324800 2787.872000 1347.300800 2223.008000 1.000000
1348.614400 2777.872000 1354.534400 2213.664000 1.000000
1355.737600 2783.312000 1359.195200 2220.448000 1.000000
1358.395200 2768.592000 1362.280000 2206.432000 1.000000
1381.025600 2765.040000 1383.324800 2205.392000 1.000000
1386.096000 2075.296000 1388.216000 1670.816000 1.000000
1389.953600 1105.379200 1412.659200 526.118400 1.000000
1404.662400 1455.299200 1421.166400 939.113600 1.000000
1404.443200 1388.473600 1422.902400 867.108800 1.000000
1409.553600 1442.528000 1428.294400 926.440000 1.000000
1414.377600 1611.728000 1429.849600 1107.686400 1.000000
1416.840000 1373.246400 1436.195200 851.841600 1.000000
1422.592000 1577.913600 1438.668800 1072.379200 1.000000
1426.489600 1566.099200 1441.203200 1059.121600 1.000000
1427.374400 1477.372800 1443.878400 965.513600 1.000000
1426.832000 1425.488000 1445.344000 911.097600 1.000000
1427.721600 1397.561600 1446.208000 878.995200 1.000000
1429.180800 1434.780800 1447.262400 920.275200 1.000000
1427.912000 1382.110400 1447.900800 861.161600 1.000000
1435.758400 1457.102400 1454.700800 944.937600 1.000000
1437.164800 1441.187200 1455.038400 928.440000 1.000000
1452.502400 1414.348800 1471.920000 898.752000 1.000000
1521.204800 2809.120000 1510.848000 2247.968000 1.000000
1526.910400 2798.832000 1515.785600 2239.744000 1.000000
1505.507200 758.281600 1543.299200 212.081600 1.000000
1549.768000 2548.192000 1543.337600 2020.784000 1.000000
1504.963200 777.324800 1543.443200 230.699200 1.000000
1508.377600 790.913600 1546.412800 245.875200 1.000000
1561.993600 2812.032000 1550.478400 2251.824000 1.000000
1556.528000 2335.152000 1554.888000 1830.480000 1.000000
1546.790400 1396.676800 1569.560000 879.699200 1.000000
1558.232000 1403.088000 1580.974400 888.926400 1.000000
1555.043200 1252.329600 1581.806400 720.406400 1.000000
1572.476800 1434.508800 1592.982400 924.955200 1.000000
1575.724800 1552.859200 1595.217600 1061.321600 1.000000
1579.588800 1540.419200 1598.451200 1047.443200 1.000000
1575.299200 1418.200000 1598.812800 905.998400 1.000000
1606.000000 2329.680000 1600.048000 1823.600000 1.000000
1574.275200 1241.116800 1602.768000 710.120000 1.000000
1565.137600 793.675200 1605.808000 255.516800 1.000000
1580.321600 1280.881600 1606.848000 747.121600 1.000000
1678.864000 833.088000 1728.736000 301.190400 1.000000
1687.664000 777.035200 1739.696000 239.864000 1.000000
1691.984000 819.374400 1744.928000 287.734400 1.000000
1692.976000 687.171200 1750.880000 133.190560 1.000000
1698.400000 777.536000 1752.240000 241.456000 1.000000
1721.296000 794.644800 1775.952000 260.800000 1.000000
1715.680000 626.776000 1777.232000 64.460800 1.000000
1810.128000 2734.592000 1781.728000 2195.040000 1.000000
1730.960000 850.848000 1784.560000 322.371200 1.000000
1731.808000 830.900800 1787.088000 301.196800 1.000000
1723.728000 637.579200 1787.616000 75.744960 1.000000
1733.344000 785.660800 1789.808000 253.313600 1.000000
1725.968000 621.857600 1790.176000 60.661760 1.000000
1826.368000 2757.936000 1797.152000 2214.112000 1.000000
1749.856000 831.646400 1803.984000 308.329600 1.000000
1753.456000 817.867200 1810.096000 289.697600 1.000000
1762.976000 774.809600 1821.216000 241.424000 1.000000
1771.376000 855.982400 1826.208000 330.505600 1.000000
1791.808000 787.003200 1852.784000 257.520000 1.000000
1800.688000 791.590400 1861.696000 264.136000 1.000000
1826.160000 837.451200 1887.280000 313.972800 1.000000
1825.072000 762.777600 1891.408000 228.070400 1.000000
1834.144000 829.412800 1896.432000 307.577600 1.000000
1852.672000 819.584000 1915.648000 298.964800 1.000000
1866.464000 1048.990400 1919.424000 500.211200 1.000000
1985.056000 2901.888000 1932.368000 2332.800000 1.000000
1878.976000 1053.016000 1933.008000 503.033600 1.000000
1867.680000 754.224000 1935.424000 222.889600 1.000000
1898.656000 1264.329600 1940.592000 745.937600 1.000000
1887.200000 1076.100800 1941.168000 527.868800 1.000000
1992.384000 2796.032000 1944.672000 2240.304000 1.000000
1870.800000 686.808000 1944.864000 142.671040 1.000000
1868.944000 648.428800 1946.384000 98.235200 1.000000
2003.376000 2911.024000 1949.472000 2341.488000 1.000000
1900.320000 1084.201600 1954.944000 537.760000 1.000000
1880.352000 643.257600 1958.832000 94.425600 1.000000
2014.112000 2844.256000 1962.320000 2286.624000 1.000000
2019.264000 2895.344000 1963.552000 2328.544000 1.000000
1890.448000 703.254400 1965.488000 163.948800 1.000000
1910.304000 1078.038400 1965.536000 531.513600 1.000000
1913.680000 1087.844800 1968.256000 542.913600 1.000000
2028.208000 2881.232000 1973.104000 2317.520000 1.000000
1895.104000 623.867200 1976.896000 71.434720 1.000000
1900.608000 723.465600 1977.440000 185.400000 1.000000
1912.400000 857.908800 1978.944000 341.694400 1.000000
1921.872000 1068.184000 1979.120000 522.200000 1.000000
1897.920000 613.108800 1979.936000 60.367680 1.000000
1913.664000 842.244800 1981.584000 326.385600 1.000000
1930.080000 1085.977600 1987.552000 541.030400 1.000000
1907.136000 606.488000 1990.704000 53.306240 1.000000
1925.696000 842.816000 1994.416000 328.604800 1.000000
2054.480000 2916.880000 1996.944000 2349.760000 1.000000
1917.584000 637.024000 1999.168000 88.784000 1.000000
1923.824000 702.104000 2002.720000 163.697600 1.000000
1939.264000 860.736000 2008.880000 349.259200 1.000000
1933.136000 700.492800 2013.168000 164.939200 1.000000
1958.048000 1121.993600 2013.648000 578.179200 1.000000
1943.808000 843.830400 2015.136000 331.177600 1.000000
1938.608000 725.910400 2017.136000 195.012800 1.000000
2082.224000 2916.480000 2019.072000 2351.024000 1.000000
1950.592000 855.276800 2020.720000 342.612800 1.000000
1950.800000 794.416000 2025.504000 274.195200 1.000000
2088.032000 2963.408000 2025.968000 2389.904000 1.000000
1943.264000 616.416000 2027.760000 68.747680 1.000000
1957.904000 860.740800 2028.672000 348.174400 1.000000
1952.096000 726.211200 2031.136000 194.294400 1.000000
2096.272000 2930.064000 2031.936000 2361.968000 1.000000
2098.736000 2998.352000 2032.896000 2418.288000 1.000000
2101.168000 2976.384000 2033.440000 2401.536000 1.000000
1961.408000 814.734400 2034.912000 297.131200 1.000000
2099.232000 2913.264000 2035.936000 2348.528000 1.000000
2105.088000 2900.048000 2041.888000 2337.600000 1.000000
2112.896000 2987.168000 2043.280000 2410.752000 1.000000
2109.536000 2927.952000 2044.544000 2360.896000 1.000000
2114.176000 2958.976000 2045.536000 2387.808000 1.000000
1992.144000 1084.716800 2051.056000 544.432000 1.000000
2117.296000 2903.360000 2051.856000 2342.656000 1.000000
1966.192000 626.900800 2052.208000 76.722720 1.000000
2112.784000 2820.928000 2053.344000 2276.928000 1.000000
2118.512000 2889.312000 2054.176000 2329.360000 1.000000
1982.304000 854.148800 2055.424000 342.502400 1.000000
1965.840000 590.164800 2057.696000 37.806400 1.000000
1992.768000 1002.465600 2059.088000 447.979200 1.000000
2018.224000 1309.105600 2061.840000 810.632000 1.000000
1995.552000 759.564800 2075.760000 233.308800 1.000000
1985.680000 600.435200 2077.536000 49.188320 1.000000
1994.304000 605.259200 2086.144000 56.669440 1.000000
2025.168000 976.060800 2092.208000 432.276800 1.000000
2037.344000 1116.028800 2095.536000 579.265600 1.000000
2039.056000 1055.316800 2100.736000 505.206400 1.000000
2032.512000 710.230400 2120.304000 180.889600 1.000000
2037.040000 688.731200 2126.832000 155.168800 1.000000
2062.832000 1015.385600 2128.128000 464.939200 1.000000
2260.384000 23.088160 2145.328000 23.217120 1.000000
2079.504000 812.169600 2165.376000 258.604800 1.000000
2216.880000 1946.848000 2185.808000 1988.720000 1.000000
2228.480000 1957.376000 2196.848000 2001.680000 1.000000
2419.728000 1204.808000 2433.264000 1534.436800 1.000000
2482.560000 1575.369600 2460.896000 1880.352000 1.000000
2406.752000 1735.808000 2489.024000 1853.232000 1.000000
2521.024000 1410.224000 2511.200000 1764.880000 1.000000
2489.328000 1120.212800 2512.208000 1454.222400 1.000000
2530.208000 1392.859200 2520.912000 1751.648000 1.000000
2567.136000 1358.308800 2560.432000 1733.568000 1.000000
2577.536000 1407.878400 2567.152000 1772.224000 1.000000
2571.840000 1312.966400 2570.608000 1698.288000 1.000000
2574.112000 1305.595200 2572.816000 1693.360000 1.000000
2501.056000 1626.688000 2573.552000 1801.440000 1.000000
2586.272000 1312.417600 2584.032000 1702.080000 1.000000
2586.128000 1289.172800 2586.144000 1682.528000 1.000000
2602.144000 1318.596800 2599.648000 1710.336000 1.000000
2630.336000 1307.216000 2628.256000 1708.112000 1.000000
2585.536000 925.200000 2629.584000 1224.852800 1.000000
2636.944000 1308.849600 2634.544000 1709.824000 1.000000
2641.552000 1331.012800 2640.016000 1726.656000 1.000000
2668.816000 1224.897600 2657.888000 1661.344000 1.000000
2681.920000 1087.960000 2699.264000 1411.587200 1.000000
2702.496000 1137.313600 2718.080000 1547.470400 1.000000
2757.360000 1232.372800 2759.712000 1697.344000 1.000000
3378.080000 742.352000 3438.320000 1415.998400 1.000000
3991.728000 360.547200 4006.832000 675.918400 1.000000
