49.697760 1209.020800 18.180640 344.846400 1.000000
48.410560 1371.515200 36.312640 534.174400 1.000000
67.294720 1299.174400 47.032640 469.187200 1.000000
59.910400 1426.721600 51.967840 582.652800 1.000000
82.011680 1226.443200 54.808640 389.476800 1.000000
115.650080 1110.787200 79.438720 290.116800 1.000000
128.825280 973.536000 80.683680 123.038720 1.000000
138.362560 959.163200 88.854720 106.782880 1.000000
138.406720 973.756800 90.832160 124.377120 1.000000
146.331840 971.617600 99.078240 120.559680 1.000000
8.365856 1869.104000 100.414080 1035.908800 1.000000
120.088960 1307.358400 102.535680 479.936000 1.000000
73.960800 1870.000000 111.946880 1109.942400 1.000000
116.923520 1499.275200 119.229600 667.763200 1.000000
17.593280 2664.464000 127.830560 1856.096000 1.000000
32.529440 2694.160000 146.011360 1886.608000 1.000000
24.283520 2846.128000 151.575040 2016.816000 1.000000
116.860480 1871.120000 156.183840 1116.206400 1.000000
129.489120 1786.944000 157.828160 1029.747200 1.000000
140.612320 1811.440000 169.064000 1054.462400 1.000000
171.910400 1459.428800 171.918400 623.862400 1.000000
119.449280 2095.760000 178.420800 1359.891200 1.000000
209.294400 1092.636800 179.254400 262.006400 1.000000
152.134080 1829.792000 180.536000 1073.849600 1.000000
84.102240 2543.440000 181.144000 1750.432000 1.000000
107.863040 2287.744000 182.603200 1533.153600 1.000000
207.486400 1240.616000 191.524800 442.990400 1.000000
232.425600 962.772800 191.574400 117.510080 1.000000
158.155840 1900.640000 198.584000 1154.091200 1.000000
149.850080 1986.608000 198.782400 1250.334400 1.000000
103.693280 2539.552000 201.212800 1740.000000 1.000000
94.858240 2700.816000 203.572800 1890.608000 1.000000
117.031680 2508.928000 210.923200 1714.704000 1.000000
252.174400 948.022400 211.200000 104.314240 1.000000
112.568320 2588.768000 211.556800 1792.288000 1.000000
120.120320 2477.472000 212.033600 1682.640000 1.000000
101.596960 2726.000000 212.040000 1913.824000 1.000000
82.339200 2970.160000 215.232000 2114.576000 1.000000
172.513600 1945.472000 217.518400 1209.931200 1.000000
116.965120 2609.856000 217.875200 1811.616000 1.000000
164.249600 2048.096000 218.414400 1312.828800 1.000000
147.954400 2276.848000 221.304000 1526.180800 1.000000
109.630720 2749.904000 221.427200 1934.416000 1.000000
146.386720 2329.056000 222.433600 1572.478400 1.000000
164.393600 2114.736000 223.977600 1379.176000 1.000000
97.658080 2972.816000 225.499200 2119.472000 1.000000
180.179200 1976.960000 227.204800 1242.449600 1.000000
97.368960 2978.928000 227.291200 2123.424000 1.000000
102.785280 2939.680000 229.576000 2092.608000 1.000000
158.808000 2267.904000 231.571200 1517.932800 1.000000
126.610560 2690.352000 232.984000 1887.136000 1.000000
165.449600 2249.968000 235.104000 1504.212800 1.000000
158.400640 2331.488000 236.417600 1579.382400 1.000000
170.856000 2197.856000 236.478400 1455.475200 1.000000
108.707680 2968.416000 236.520000 2116.880000 1.000000
109.310080 2962.944000 237.288000 2110.832000 1.000000
129.774240 2756.400000 240.124800 1941.040000 1.000000
113.947040 2977.056000 240.465600 2124.912000 1.000000
116.951200 2921.024000 240.636800 2077.744000 1.000000
117.457440 2951.936000 242.772800 2102.944000 1.000000
155.217920 2482.048000 243.222400 1692.416000 1.000000
141.502880 2665.904000 243.761600 1860.224000 1.000000
137.353920 2693.328000 243.854400 1888.624000 1.000000
166.617600 2328.176000 244.262400 1576.694400 1.000000
167.966400 2310.256000 244.768000 1560.478400 1.000000
168.340800 2347.472000 245.963200 1592.963200 1.000000
146.167360 2675.840000 249.520000 1868.208000 1.000000
178.641600 2259.888000 249.811200 1512.798400 1.000000
125.511840 2943.200000 250.577600 2095.472000 1.000000
154.699360 2578.016000 251.019200 1786.160000 1.000000
147.825920 2687.232000 251.936000 1879.280000 1.000000
176.161600 2324.992000 252.640000 1572.499200 1.000000
134.560640 2922.560000 257.163200 2079.328000 1.000000
209.179200 2003.760000 258.894400 1272.532800 1.000000
155.420800 2701.856000 260.144000 1893.776000 1.000000
145.033440 2856.944000 261.120000 2026.384000 1.000000
197.516800 2158.928000 261.299200 1424.660800 1.000000
202.516800 2129.744000 262.579200 1385.937600 1.000000
202.497600 2273.760000 273.164800 1528.193600 1.000000
229.137600 1948.880000 274.350400 1217.166400 1.000000
160.400000 2820.784000 274.628800 1997.984000 1.000000
239.622400 1959.328000 284.710400 1230.152000 1.000000
259.251200 1915.072000 293.987200 1167.588800 1.000000
249.118400 1988.880000 295.196800 1257.051200 1.000000
311.614400 1196.689600 295.553600 401.025600 1.000000
292.264000 1469.174400 296.657600 693.766400 1.000000
314.776000 1170.044800 297.022400 370.587200 1.000000
323.624000 1088.491200 298.686400 275.787200 1.000000
329.883200 1029.195200 301.073600 204.846400 1.000000
327.532800 1042.289600 301.609600 221.262400 1.000000
230.553600 2305.360000 303.827200 1559.235200 1.000000
296.716800 1494.836800 305.444800 720.524800 1.000000
324.235200 1177.260800 306.910400 380.534400 1.000000
308.200000 1332.257600 306.939200 536.585600 1.000000
242.203200 2289.584000 307.848000 1541.812800 1.000000
325.091200 1186.113600 308.971200 389.334400 1.000000
331.542400 1104.915200 309.844800 295.352000 1.000000
331.864000 1132.481600 311.641600 328.368000 1.000000
334.792000 1089.233600 311.899200 277.448000 1.000000
338.265600 1062.392000 313.668800 246.638400 1.000000
341.809600 1014.910400 314.040000 188.347200 1.000000
341.304000 1039.230400 315.256000 218.240000 1.000000
331.609600 1178.182400 315.355200 380.732800 1.000000
331.179200 1194.312000 315.939200 398.907200 1.000000
247.588800 2233.552000 316.620800 1490.035200 1.000000
243.595200 2271.232000 317.150400 1528.089600 1.000000
341.582400 1104.790400 320.168000 295.934400 1.000000
279.088000 1915.024000 320.310400 1184.486400 1.000000
279.961600 1926.144000 320.412800 1198.910400 1.000000
233.774400 2466.992000 320.798400 1685.376000 1.000000
346.163200 1052.400000 321.472000 234.649600 1.000000
351.492800 1014.675200 322.854400 190.448000 1.000000
248.988800 2305.440000 322.992000 1560.259200 1.000000
352.929600 996.931200 323.403200 166.977600 1.000000
246.244800 2353.440000 323.521600 1597.854400 1.000000
342.876800 1149.819200 324.892800 348.244800 1.000000
341.070400 1171.075200 325.350400 373.472000 1.000000
348.536000 1076.564800 325.452800 262.860800 1.000000
320.934400 1497.299200 327.595200 723.958400 1.000000
352.091200 1062.425600 328.102400 246.444800 1.000000
354.499200 1043.598400 329.835200 224.195200 1.000000
356.497600 1024.678400 330.315200 201.387200 1.000000
254.782400 2327.504000 330.963200 1575.859200 1.000000
272.270400 2058.544000 332.129600 1322.881600 1.000000
347.209600 1196.164800 332.996800 401.881600 1.000000
350.144000 1159.972800 333.572800 360.198400 1.000000
354.203200 1106.340800 333.868800 297.862400 1.000000
341.988800 1305.824000 336.000000 512.982400 1.000000
284.478400 2023.872000 336.576000 1292.753600 1.000000
365.681600 980.763200 338.289600 148.520960 1.000000
366.124800 988.611200 338.456000 156.670720 1.000000
271.268800 2241.536000 339.768000 1500.992000 1.000000
295.166400 2000.112000 343.420800 1265.539200 1.000000
377.235200 1043.568000 353.344000 224.052800 1.000000
326.372800 1784.960000 357.790400 1042.974400 1.000000
333.265600 1825.328000 368.758400 1085.150400 1.000000
379.955200 1438.096000 385.414400 662.448000 1.000000
378.528000 1456.625600 389.289600 611.987200 1.000000
394.561600 1345.313600 394.726400 556.644800 1.000000
423.425600 1053.627200 405.484800 241.196800 1.000000
436.081600 991.121600 410.241600 150.498080 1.000000
431.752000 1043.548800 414.393600 230.284800 1.000000
452.817600 1315.433600 451.593600 538.824000 1.000000
379.220800 2948.624000 481.830400 2154.720000 1.000000
393.819200 2938.320000 493.961600 2145.488000 1.000000
484.190400 1738.896000 504.844800 1128.446400 1.000000
409.364800 2928.224000 505.996800 2136.768000 1.000000
414.136000 2806.416000 506.776000 2040.816000 1.000000
415.838400 2945.632000 514.368000 2156.032000 1.000000
534.841600 923.640000 514.787200 94.656320 1.000000
426.324800 2761.936000 518.688000 1996.544000 1.000000
437.731200 2770.992000 531.670400 2004.080000 1.000000
579.424000 927.777600 563.065600 101.320800 1.000000
527.286400 1909.856000 566.232000 1211.780800 1.000000
541.056000 1917.344000 580.614400 1219.500800 1.000000
549.185600 1902.832000 588.048000 1205.761600 1.000000
503.803200 2755.040000 588.059200 1997.744000 1.000000
500.416000 2938.768000 589.688000 2151.744000 1.000000
558.032000 1847.296000 593.390400 1148.353600 1.000000
552.929600 1920.240000 594.219200 1223.510400 1.000000
561.564800 2511.920000 603.396800 1827.008000 1.000000
585.260800 1833.264000 619.852800 1138.216000 1.000000
533.120000 2946.656000 620.960000 2159.616000 1.000000
538.155200 2747.792000 626.052800 1988.048000 1.000000
640.374400 977.281600 630.481600 168.051200 1.000000
646.209600 995.729600 636.516800 185.697600 1.000000
600.022400 1898.880000 638.720000 1203.184000 1.000000
613.409600 1777.280000 644.537600 1081.668800 1.000000
609.715200 1870.960000 644.806400 1176.702400 1.000000
652.545600 1089.953600 646.868800 302.806400 1.000000
659.196800 989.672000 649.742400 180.027200 1.000000
659.056000 1070.966400 652.580800 281.910400 1.000000
624.867200 1866.544000 658.715200 1176.028800 1.000000
629.766400 1769.328000 659.529600 1073.265600 1.000000
625.936000 1945.104000 666.184000 1253.064000 1.000000
636.129600 1784.112000 668.672000 1092.784000 1.000000
589.224000 2891.744000 672.798400 2115.968000 1.000000
680.606400 976.988800 673.321600 168.424000 1.000000
600.728000 2683.296000 673.675200 1938.848000 1.000000
598.208000 2873.024000 679.964800 2094.688000 1.000000
599.308800 2931.152000 682.723200 2150.480000 1.000000
606.347200 2698.784000 682.755200 1952.464000 1.000000
679.696000 1330.336000 686.678400 518.411200 1.000000
612.676800 2716.160000 690.432000 1963.472000 1.000000
677.584000 1839.760000 712.036800 1154.918400 1.000000
684.297600 1861.264000 719.051200 1175.083200 1.000000
652.614400 2984.800000 732.166400 2197.824000 1.000000
696.121600 1878.896000 733.785600 1191.713600 1.000000
690.288000 2110.144000 736.883200 1422.627200 1.000000
706.694400 1785.200000 737.267200 1097.212800 1.000000
705.641600 1823.088000 738.240000 1135.425600 1.000000
697.750400 2109.952000 744.185600 1423.256000 1.000000
745.345600 1122.892800 745.091200 352.732800 1.000000
746.243200 1129.979200 752.670400 363.153600 1.000000
760.763200 979.835200 760.833600 176.846400 1.000000
766.804800 1160.577600 772.491200 395.123200 1.000000
774.360000 1155.019200 780.158400 390.920000 1.000000
784.481600 1164.819200 789.593600 399.939200 1.000000
793.384000 954.688000 790.507200 150.006560 1.000000
734.019200 2321.232000 797.584000 1476.284800 1.000000
744.345600 2476.544000 804.281600 1766.960000 1.000000
802.150400 1673.488000 827.948800 993.670400 1.000000
812.814400 1708.112000 837.918400 1031.268800 1.000000
823.900800 2151.264000 866.105600 1483.883200 1.000000
842.364800 2401.632000 893.168000 1707.248000 1.000000
872.481600 2800.544000 928.753600 2054.256000 1.000000
901.788800 2880.832000 957.012800 2122.256000 1.000000
907.291200 2864.864000 962.536000 2111.312000 1.000000
967.923200 2868.688000 1021.078400 2118.352000 1.000000
999.056000 2869.216000 1045.958400 2118.544000 1.000000
1072.966400 2562.384000 1111.052800 1861.696000 1.000000
1084.740800 2546.480000 1119.315200 1851.456000 1.000000
1104.417600 2605.440000 1138.755200 1903.904000 1.000000
1106.328000 2559.712000 1140.470400 1863.424000 1.000000
1124.904000 2583.952000 1156.784000 1887.888000 1.000000
1133.144000 2359.328000 1164.196800 1688.912000 1.000000
1133.492800 2319.936000 1166.214400 1650.672000 1.000000
1136.776000 2342.368000 1169.313600 1673.040000 1.000000
1174.283200 1384.124800 1204.241600 699.825600 1.000000
1174.836800 1218.870400 1204.328000 509.156800 1.000000
1180.787200 1235.208000 1213.140800 523.787200 1.000000
1188.366400 1219.419200 1220.220800 508.080000 1.000000
1196.856000 1214.510400 1228.804800 504.480000 1.000000
1196.067200 1204.545600 1230.409600 494.313600 1.000000
1227.915200 2833.904000 1252.075200 2103.056000 1.000000
1305.937600 2817.728000 1327.891200 2094.016000 1.000000
1330.030400 2891.200000 1340.275200 2156.656000 1.000000
1339.465600 2913.664000 1349.425600 2174.256000 1.000000
1340.411200 2765.120000 1352.915200 2051.088000 1.000000
1381.025600 2765.040000 1390.017600 2056.416000 1.000000
1399.177600 1439.760000 1437.268800 778.476800 1.000000
1404.662400 1455.299200 1443.382400 795.854400 1.000000
1414.377600 1611.728000 1448.272000 967.308800 1.000000
1410.691200 1433.889600 1450.604800 770.568000 1.000000
1415.043200 1397.905600 1455.004800 729.361600 1.000000
1426.489600 1566.099200 1460.140800 917.427200 1.000000
1427.652800 1615.536000 1461.868800 974.072000 1.000000
1427.374400 1477.372800 1463.785600 821.574400 1.000000
1466.196800 2807.440000 1464.284800 2097.168000 1.000000
1426.832000 1425.488000 1466.558400 765.630400 1.000000
1427.721600 1397.561600 1467.760000 731.964800 1.000000
1429.180800 1434.780800 1468.635200 775.497600 1.000000
1435.758400 1457.102400 1473.304000 799.950400 1.000000
1437.164800 1441.187200 1476.060800 783.387200 1.000000
1452.502400 1414.348800 1492.713600 753.795200 1.000000
1476.028800 752.593600 1544.046400 48.390880 1.000000
1549.768000 2548.192000 1547.252800 1881.376000 1.000000
1550.355200 2524.672000 1549.884800 1861.488000 1.000000
1561.993600 2812.032000 1551.897600 2105.344000 1.000000
1556.528000 2335.152000 1562.384000 1695.760000 1.000000
1505.507200 758.281600 1577.656000 59.476640 1.000000
1557.404800 1579.684800 1597.232000 952.636800 1.000000
1529.065600 785.419200 1601.072000 91.561280 1.000000
1575.724800 1552.859200 1614.960000 926.113600 1.000000
1579.196800 1562.092800 1618.912000 936.083200 1.000000
1678.864000 833.088000 1766.000000 155.264160 1.000000
1810.128000 2734.592000 1777.008000 2055.824000 1.000000
1698.576000 822.132800 1788.208000 144.987520 1.000000
1731.808000 830.900800 1825.792000 156.088800 1.000000
1733.344000 785.660800 1829.472000 106.108480 1.000000
1762.976000 774.809600 1862.624000 93.092800 1.000000
1791.808000 787.003200 1893.856000 113.269280 1.000000
1800.688000 791.590400 1904.288000 119.663360 1.000000
1985.056000 2901.888000 1921.408000 2186.048000 1.000000
1826.160000 837.451200 1928.976000 172.916800 1.000000
1825.072000 762.777600 1932.192000 86.421760 1.000000
2003.376000 2911.024000 1937.648000 2194.528000 1.000000
1834.144000 829.412800 1938.032000 166.041600 1.000000
1845.504000 831.652800 1950.784000 170.593600 1.000000
2019.264000 2895.344000 1951.840000 2182.032000 1.000000
2014.112000 2844.256000 1952.000000 2141.616000 1.000000
1842.976000 736.416000 1958.032000 53.665760 1.000000
1858.736000 805.456000 1967.408000 137.473440 1.000000
1898.656000 1264.329600 1972.416000 597.744000 1.000000
1878.976000 1053.016000 1972.800000 340.643200 1.000000
1860.608000 745.883200 1976.912000 67.818080 1.000000
1887.200000 1076.100800 1979.456000 367.398400 1.000000
1865.936000 734.984000 1982.656000 54.357280 1.000000
1900.320000 1084.201600 1993.424000 377.435200 1.000000
2075.328000 2931.088000 1999.456000 2216.000000 1.000000
2082.224000 2916.480000 2006.416000 2205.216000 1.000000
1913.680000 1087.844800 2007.872000 381.561600 1.000000
2098.736000 2998.352000 2016.016000 2268.800000 1.000000
2098.016000 2944.192000 2017.200000 2228.368000 1.000000
2092.464000 2889.280000 2017.712000 2182.848000 1.000000
2101.168000 2976.384000 2017.920000 2253.184000 1.000000
2099.232000 2913.264000 2021.360000 2203.360000 1.000000
2100.944000 2923.568000 2021.504000 2210.800000 1.000000
1913.664000 842.244800 2024.960000 187.204800 1.000000
2112.896000 2987.168000 2026.112000 2262.592000 1.000000
1930.080000 1085.977600 2026.176000 382.363200 1.000000
2105.088000 2900.048000 2027.664000 2192.256000 1.000000
2111.952000 2945.616000 2029.376000 2230.416000 1.000000
2114.176000 2958.976000 2029.632000 2242.288000 1.000000
2109.536000 2927.952000 2029.856000 2215.808000 1.000000
2112.784000 2820.928000 2040.656000 2138.176000 1.000000
1933.952000 821.705600 2048.704000 166.936000 1.000000
1958.048000 1121.993600 2051.808000 422.907200 1.000000
1943.808000 843.830400 2053.648000 193.144000 1.000000
1950.592000 855.276800 2063.040000 206.084800 1.000000
1950.800000 794.416000 2071.840000 135.053920 1.000000
1945.216000 719.268800 2072.944000 41.024960 1.000000
1957.904000 860.740800 2074.544000 209.313600 1.000000
1961.408000 814.734400 2080.128000 159.295360 1.000000
1963.360000 801.665600 2084.560000 144.698080 1.000000
1992.144000 1084.716800 2090.704000 385.912000 1.000000
1966.048000 728.987200 2094.208000 55.307040 1.000000
2037.344000 1116.028800 2134.816000 420.412800 1.000000
2039.056000 1055.316800 2140.784000 339.912000 1.000000
2032.512000 710.230400 2171.552000 39.802720 1.000000
2079.504000 812.169600 2216.688000 106.379200 1.000000
