5.591920 822.483200 6.068304 1065.956800 1.000000
36.730080 1053.923200 19.287040 1286.776000 1.000000
104.953760 2612.336000 27.638240 2851.216000 1.000000
94.320160 2241.248000 28.403200 2489.904000 1.000000
95.892800 2228.240000 30.506240 2475.536000 1.000000
35.152160 603.796800 34.078880 841.292800 1.000000
113.044800 2609.824000 35.140320 2847.440000 1.000000
57.086560 1138.160000 35.924320 1362.699200 1.000000
101.960640 2235.968000 36.200800 2483.952000 1.000000
108.416640 2433.664000 38.635360 2658.608000 1.000000
103.793600 2224.432000 38.792800 2471.520000 1.000000
57.533440 1111.915200 39.621280 1334.916800 1.000000
119.774240 2617.648000 41.188160 2854.400000 1.000000
119.491840 2604.224000 41.491360 2842.736000 1.000000
68.424160 1146.572800 48.410560 1371.515200 1.000000
123.376800 2547.024000 49.452000 2779.152000 1.000000
128.148960 2608.512000 49.992320 2846.432000 1.000000
76.739840 1256.633600 50.766400 1484.806400 1.000000
124.928800 2476.816000 51.880160 2707.248000 1.000000
66.967360 898.961600 56.335040 1120.390400 1.000000
89.951040 1455.307200 57.019840 1677.488000 1.000000
115.744480 2066.544000 59.424160 2273.008000 1.000000
75.408000 1046.556800 59.709920 1267.948800 1.000000
84.810560 1198.137600 59.910400 1426.721600 1.000000
132.327360 2473.328000 60.441120 2702.736000 1.000000
79.273920 1042.889600 63.629440 1263.472000 1.000000
89.424800 1174.723200 65.878080 1400.968000 1.000000
116.234240 1921.600000 66.381120 2116.224000 1.000000
138.288160 2466.464000 67.241120 2697.104000 1.000000
84.669600 1079.030400 67.294720 1299.174400 1.000000
149.671360 2733.232000 68.484480 2985.120000 1.000000
86.568800 1072.731200 69.465120 1293.278400 1.000000
110.193280 1677.008000 70.624480 1879.680000 1.000000
139.014880 2348.624000 71.708000 2572.544000 1.000000
87.573600 1009.494400 72.915200 1230.412800 1.000000
155.183520 2752.912000 73.647360 3004.336000 1.000000
112.784640 1665.984000 73.960800 1870.000000 1.000000
122.023040 1904.720000 74.256480 2102.848000 1.000000
148.020960 2473.856000 76.231200 2701.952000 1.000000
118.244000 1688.608000 77.397120 1890.784000 1.000000
118.712480 1713.136000 78.283200 1916.720000 1.000000
120.775200 1702.544000 79.284480 1904.192000 1.000000
146.320160 2335.408000 80.028320 2559.840000 1.000000
99.496000 1073.745600 81.944160 1294.611200 1.000000
163.188800 2677.504000 82.300320 2922.240000 1.000000
101.060320 1043.937600 85.646080 1265.289600 1.000000
168.380800 2726.096000 88.306400 2973.920000 1.000000
106.487680 1083.563200 88.808320 1304.224000 1.000000
159.666240 2460.000000 88.864800 2690.592000 1.000000
164.043200 2512.352000 89.415200 2740.576000 1.000000
128.088960 1589.995200 91.075200 1790.592000 1.000000
107.607360 1015.401600 91.272320 1236.526400 1.000000
159.741440 2418.416000 91.846880 2643.616000 1.000000
172.539200 2651.056000 93.365920 2892.640000 1.000000
107.060320 996.891200 93.653120 1218.667200 1.000000
160.684800 2369.760000 94.523680 2593.616000 1.000000
164.819200 2470.256000 94.858240 2700.816000 1.000000
109.190880 1007.873600 95.264320 1229.240000 1.000000
163.096000 2338.032000 96.790240 2561.680000 1.000000
178.068800 2729.376000 97.368960 2978.928000 1.000000
113.396160 1057.513600 97.500000 1277.416000 1.000000
111.400480 968.057600 99.140800 1188.267200 1.000000
172.200000 2494.944000 101.596960 2726.000000 1.000000
169.246400 2413.984000 102.149920 2640.304000 1.000000
168.214400 2315.824000 103.693280 2539.552000 1.000000
181.491200 2657.648000 104.242080 2899.808000 1.000000
161.278400 2071.392000 107.505760 2276.912000 1.000000
184.638400 2663.024000 107.758400 2905.008000 1.000000
177.452800 2444.736000 108.356320 2671.552000 1.000000
188.691200 2714.832000 109.310080 2962.944000 1.000000
180.675200 2516.640000 109.630720 2749.904000 1.000000
164.937600 2047.792000 110.151680 2252.224000 1.000000
154.867840 1759.824000 110.751200 1957.984000 1.000000
128.433920 1081.044800 111.692000 1301.337600 1.000000
130.837920 1080.756800 112.394560 1302.628800 1.000000
179.451200 2364.544000 112.568320 2588.768000 1.000000
192.606400 2721.968000 113.045600 2970.448000 1.000000
189.552000 2633.472000 113.206080 2873.184000 1.000000
189.576000 2646.320000 113.301600 2886.448000 1.000000
193.180800 2729.104000 113.947040 2977.056000 1.000000
187.542400 2537.488000 115.139680 2770.352000 1.000000
124.862240 897.563200 115.650080 1110.787200 1.000000
120.044800 733.800000 116.492000 954.777600 1.000000
143.456320 1270.715200 116.923520 1499.275200 1.000000
193.540800 2677.040000 116.951200 2921.024000 1.000000
182.816000 2386.720000 116.965120 2609.856000 1.000000
127.427360 899.475200 117.666720 1113.873600 1.000000
136.516640 1075.150400 119.147520 1294.753600 1.000000
167.416000 1900.080000 119.449280 2095.760000 1.000000
183.262400 2254.640000 120.120320 2477.472000 1.000000
187.251200 2422.512000 121.138560 2648.864000 1.000000
159.017600 1691.744000 122.414560 1891.440000 1.000000
199.681600 2643.632000 122.683040 2884.608000 1.000000
193.203200 2498.880000 122.972800 2728.816000 1.000000
176.110400 1923.168000 124.242400 2119.312000 1.000000
182.220800 2150.240000 124.815360 2357.472000 1.000000
198.086400 2569.312000 125.376480 2803.648000 1.000000
204.083200 2696.704000 125.511840 2943.200000 1.000000
182.414400 2125.296000 126.741280 2331.472000 1.000000
170.929600 1850.240000 127.354880 2045.872000 1.000000
174.865600 1835.040000 128.676640 2030.912000 1.000000
166.366400 1584.584000 129.489120 1786.944000 1.000000
200.564800 2524.544000 129.774240 2756.400000 1.000000
148.996320 1099.347200 130.645440 1317.948800 1.000000
202.430400 2451.440000 133.656480 2678.080000 1.000000
158.670880 1256.345600 134.053440 1485.579200 1.000000
212.614400 2704.960000 134.180640 2952.272000 1.000000
212.729600 2677.552000 134.560640 2922.560000 1.000000
191.068800 2164.144000 134.569600 2373.584000 1.000000
203.387200 2490.496000 135.769920 2721.488000 1.000000
194.332800 2171.152000 136.630560 2378.864000 1.000000
206.344000 2466.688000 137.353920 2693.328000 1.000000
213.680000 2644.800000 138.369120 2886.448000 1.000000
218.004800 2713.248000 140.995520 2958.880000 1.000000
208.692800 2437.008000 141.502880 2665.904000 1.000000
159.778400 1131.225600 141.702240 1357.440000 1.000000
199.056000 2163.760000 141.843200 2371.440000 1.000000
201.932800 2206.208000 142.283040 2424.768000 1.000000
200.612800 2188.192000 143.709280 2400.512000 1.000000
218.294400 2629.456000 143.808000 2870.288000 1.000000
220.700800 2664.352000 144.509120 2906.976000 1.000000
218.776000 2617.760000 145.033440 2856.944000 1.000000
214.785600 2446.432000 146.167360 2675.840000 1.000000
151.258880 752.001600 146.331840 971.617600 1.000000
161.363200 1077.348800 146.377120 1296.872000 1.000000
201.492800 2122.256000 146.386720 2329.056000 1.000000
223.542400 2679.600000 147.144160 2924.112000 1.000000
190.603200 1716.672000 147.594400 1915.920000 1.000000
202.329600 2096.320000 148.293440 2300.912000 1.000000
225.084800 2688.560000 149.519360 2932.400000 1.000000
227.056000 2714.512000 149.643040 2959.872000 1.000000
193.142400 1790.432000 149.850080 1986.608000 1.000000
203.155200 2057.152000 149.863840 2260.768000 1.000000
209.619200 2207.792000 150.466560 2426.720000 1.000000
225.368000 2650.432000 150.506560 2892.144000 1.000000
215.924800 2315.808000 151.958400 2538.560000 1.000000
217.124800 2419.216000 152.711040 2647.360000 1.000000
169.414400 994.211200 154.361280 1205.116800 1.000000
218.004800 2355.200000 154.699360 2578.016000 1.000000
216.043200 2260.800000 155.217920 2482.048000 1.000000
223.051200 2473.184000 155.420800 2701.856000 1.000000
230.185600 2656.928000 155.848000 2898.464000 1.000000
225.344000 2443.952000 158.262880 2672.656000 1.000000
214.227200 2126.128000 158.400640 2331.488000 1.000000
211.120000 2075.920000 158.609760 2280.368000 1.000000
210.814400 2064.800000 158.808000 2267.904000 1.000000
214.003200 2108.592000 159.460160 2312.000000 1.000000
236.278400 2689.072000 160.340800 2931.744000 1.000000
231.779200 2584.432000 160.400000 2820.784000 1.000000
226.324800 2349.216000 162.496000 2572.048000 1.000000
182.760000 1078.248000 162.571200 1297.609600 1.000000
213.932800 2041.760000 162.985600 2243.984000 1.000000
218.924800 2148.720000 163.036800 2355.520000 1.000000
238.691200 2662.768000 163.169600 2905.440000 1.000000
231.422400 2491.488000 163.619200 2723.008000 1.000000
212.080000 1917.392000 164.393600 2114.736000 1.000000
239.104000 2642.416000 165.833600 2882.192000 1.000000
238.696000 2547.360000 166.284800 2780.464000 1.000000
221.801600 2123.024000 166.617600 2328.176000 1.000000
193.358400 1193.256000 167.793600 1420.958400 1.000000
222.747200 2106.288000 167.966400 2310.256000 1.000000
206.257600 1611.488000 168.240000 1812.176000 1.000000
222.088000 1997.280000 170.856000 2197.856000 1.000000
240.488000 2509.152000 172.553600 2740.928000 1.000000
216.865600 1836.288000 172.585600 2032.176000 1.000000
246.179200 2608.528000 172.964800 2841.968000 1.000000
229.611200 2111.184000 175.049600 2315.376000 1.000000
218.156800 1766.688000 175.166400 1962.032000 1.000000
231.620800 2122.832000 176.161600 2324.992000 1.000000
206.496000 1213.425600 176.944000 1437.432000 1.000000
231.115200 2056.432000 178.641600 2259.888000 1.000000
248.796800 2525.568000 179.660800 2760.432000 1.000000
222.371200 1780.768000 180.179200 1976.960000 1.000000
193.454400 909.747200 180.211200 1126.019200 1.000000
252.724800 2571.968000 181.588800 2808.448000 1.000000
253.313600 2558.464000 182.756800 2793.536000 1.000000
243.251200 2142.112000 188.148800 2348.784000 1.000000
243.270400 2074.608000 189.947200 2277.936000 1.000000
248.102400 2225.632000 190.236800 2446.512000 1.000000
240.129600 2088.896000 191.259200 2292.720000 1.000000
250.075200 2240.448000 192.321600 2460.496000 1.000000
249.292800 2120.224000 195.084800 2325.760000 1.000000
254.016000 2233.296000 196.272000 2453.632000 1.000000
246.779200 1962.944000 197.516800 2158.928000 1.000000
242.470400 1786.032000 202.267200 1984.496000 1.000000
254.393600 2070.928000 202.497600 2273.760000 1.000000
260.316800 2135.888000 205.011200 2341.760000 1.000000
222.073600 1041.380800 205.827200 1252.089600 1.000000
252.600000 1808.944000 209.179200 2003.760000 1.000000
217.505600 726.393600 210.819200 948.875200 1.000000
234.651200 1207.355200 211.140800 1433.083200 1.000000
232.523200 978.139200 211.307200 1183.155200 1.000000
243.380800 1555.710400 211.721600 1757.328000 1.000000
243.228800 1389.481600 211.824000 1613.968000 1.000000
219.784000 737.964800 214.819200 959.193600 1.000000
277.976000 2126.304000 222.600000 2335.088000 1.000000
239.385600 1064.009600 223.318400 1277.147200 1.000000
240.715200 1058.483200 223.862400 1269.472000 1.000000
265.899200 1774.752000 224.198400 1971.968000 1.000000
285.182400 2222.656000 226.854400 2441.232000 1.000000
282.553600 2101.552000 230.553600 2305.360000 1.000000
238.028800 741.868800 232.425600 962.772800 1.000000
239.652800 790.470400 232.478400 1008.512000 1.000000
236.217600 718.041600 232.793600 940.972800 1.000000
294.678400 2229.008000 236.068800 2448.400000 1.000000
305.272000 2624.976000 238.532800 2833.200000 1.000000
280.620800 1763.776000 239.622400 1959.328000 1.000000
296.390400 2094.432000 242.835200 2297.488000 1.000000
294.603200 2067.808000 243.595200 2271.232000 1.000000
271.321600 1159.337600 244.636800 1379.547200 1.000000
272.235200 1381.224000 244.643200 1597.019200 1.000000
251.289600 675.203200 245.387200 904.320000 1.000000
303.948800 2212.416000 246.305600 2431.904000 1.000000
274.089600 1366.051200 247.044800 1577.001600 1.000000
298.736000 2030.496000 247.588800 2233.552000 1.000000
302.486400 2101.936000 248.988800 2305.440000 1.000000
291.252800 1793.632000 249.118400 1988.880000 1.000000
270.088000 1092.563200 250.222400 1303.996800 1.000000
257.244800 773.990400 250.324800 994.008000 1.000000
255.059200 629.609600 251.009600 863.545600 1.000000
294.915200 1818.176000 251.673600 2012.832000 1.000000
255.833600 727.739200 252.174400 948.022400 1.000000
308.200000 2123.104000 254.782400 2327.504000 1.000000
297.641600 1772.016000 256.017600 1967.744000 1.000000
289.904000 1166.488000 263.814400 1386.984000 1.000000
266.289600 710.580800 264.291200 934.211200 1.000000
291.494400 1310.230400 266.569600 1521.038400 1.000000
321.737600 2039.616000 271.268800 2241.536000 1.000000
323.491200 1857.744000 272.270400 2058.544000 1.000000
318.291200 1719.216000 279.088000 1915.024000 1.000000
322.449600 1806.512000 280.676800 2002.048000 1.000000
306.630400 1320.248000 281.240000 1530.414400 1.000000
336.318400 1797.488000 295.166400 2000.112000 1.000000
323.195200 1141.731200 297.841600 1356.614400 1.000000
317.406400 981.769600 303.446400 1190.907200 1.000000
330.305600 1297.702400 306.155200 1505.536000 1.000000
329.076800 1120.500800 308.200000 1332.257600 1.000000
338.436800 1308.321600 311.932800 1514.702400 1.000000
326.142400 966.609600 313.076800 1176.864000 1.000000
327.779200 959.779200 314.776000 1170.044800 1.000000
315.544000 745.715200 314.969600 967.702400 1.000000
335.472000 1185.553600 314.998400 1394.958400 1.000000
344.921600 1339.400000 317.203200 1547.750400 1.000000
347.364800 1354.692800 319.504000 1564.753600 1.000000
330.579200 912.244800 319.726400 1124.174400 1.000000
332.473600 885.132800 321.940800 1098.387200 1.000000
337.392000 968.080000 324.235200 1177.260800 1.000000
335.320000 868.537600 324.790400 1082.161600 1.000000
339.443200 976.243200 325.091200 1186.113600 1.000000
336.496000 838.742400 327.225600 1053.582400 1.000000
342.057600 953.468800 327.982400 1162.512000 1.000000
337.345600 855.400000 328.155200 1069.992000 1.000000
356.441600 1374.284800 328.182400 1584.539200 1.000000
336.840000 804.115200 328.348800 1019.681600 1.000000
351.675200 1168.057600 329.654400 1378.096000 1.000000
338.955200 844.721600 329.739200 1059.286400 1.000000
338.483200 813.278400 329.883200 1029.195200 1.000000
342.928000 892.857600 331.542400 1104.915200 1.000000
392.318400 2210.016000 331.689600 2431.264000 1.000000
344.468800 921.025600 331.864000 1132.481600 1.000000
345.982400 976.355200 331.913600 1185.612800 1.000000
333.640000 583.801600 332.302400 814.888000 1.000000
367.772800 1457.147200 333.220800 1674.208000 1.000000
358.484800 1293.331200 333.681600 1499.348800 1.000000
348.214400 946.840000 336.080000 1157.966400 1.000000
356.075200 1101.875200 336.686400 1313.675200 1.000000
345.676800 813.099200 337.160000 1030.316800 1.000000
347.150400 837.736000 338.035200 1050.294400 1.000000
353.230400 987.944000 339.184000 1197.337600 1.000000
352.497600 892.048000 341.582400 1104.790400 1.000000
350.427200 797.320000 341.809600 1014.910400 1.000000
360.134400 1095.352000 341.988800 1305.824000 1.000000
355.540800 939.011200 342.876800 1149.819200 1.000000
348.545600 572.052800 344.532800 802.899200 1.000000
379.272000 1536.526400 345.283200 1736.640000 1.000000
358.364800 921.046400 345.348800 1132.305600 1.000000
357.280000 902.390400 346.004800 1115.248000 1.000000
355.912000 837.560000 346.163200 1052.400000 1.000000
369.211200 1117.536000 348.427200 1329.580800 1.000000
371.390400 1227.976000 348.427200 1436.076800 1.000000
358.809600 862.529600 348.536000 1076.564800 1.000000
376.476800 1355.235200 348.987200 1564.241600 1.000000
382.419200 1465.161600 349.449600 1682.176000 1.000000
375.836800 1331.504000 350.825600 1541.238400 1.000000
359.918400 760.443200 352.662400 979.088000 1.000000
358.172800 777.276800 352.929600 996.931200 1.000000
371.894400 1110.451200 353.659200 1323.939200 1.000000
367.363200 979.616000 353.726400 1188.904000 1.000000
364.329600 828.003200 354.499200 1043.598400 1.000000
368.838400 969.417600 354.753600 1180.105600 1.000000
372.755200 1102.995200 354.776000 1314.486400 1.000000
388.603200 1471.552000 355.028800 1687.776000 1.000000
388.331200 1458.312000 355.132800 1674.624000 1.000000
365.504000 808.312000 356.497600 1024.678400 1.000000
377.094400 1144.891200 357.264000 1355.212800 1.000000
370.731200 930.835200 358.908800 1142.142400 1.000000
368.579200 788.433600 361.284800 1006.272000 1.000000
372.665600 800.107200 363.035200 1016.193600 1.000000
387.664000 1277.827200 363.224000 1482.334400 1.000000
392.974400 1367.630400 364.976000 1577.449600 1.000000
374.494400 761.865600 365.681600 980.763200 1.000000
374.600000 769.844800 366.124800 988.611200 1.000000
378.099200 840.371200 367.785600 1057.470400 1.000000
388.870400 1099.283200 369.691200 1309.897600 1.000000
397.196800 1342.424000 369.742400 1550.862400 1.000000
399.326400 1360.899200 370.824000 1571.041600 1.000000
379.313600 755.353600 371.921600 974.771200 1.000000
376.856000 653.464000 372.448000 883.283200 1.000000
382.038400 817.419200 373.200000 1034.030400 1.000000
368.452800 431.236800 373.504000 631.864000 1.000000
386.796800 827.491200 377.235200 1043.568000 1.000000
402.633600 1262.427200 377.656000 1465.779200 1.000000
444.904000 2723.488000 379.220800 2948.624000 1.000000
403.593600 1229.816000 379.955200 1438.096000 1.000000
407.380800 1264.060800 382.734400 1470.568000 1.000000
409.673600 1183.184000 386.659200 1390.342400 1.000000
412.440000 1154.408000 391.481600 1363.484800 1.000000
457.622400 2713.072000 393.819200 2938.320000 1.000000
425.577600 1096.592000 406.102400 1307.860800 1.000000
432.356800 1039.443200 411.500800 1244.096000 1.000000
477.862400 2705.680000 412.763200 2929.152000 1.000000
474.827200 2591.424000 414.136000 2806.416000 1.000000
481.478400 2548.544000 421.579200 2759.824000 1.000000
417.136000 466.800000 421.865600 663.267200 1.000000
491.734400 2559.920000 430.462400 2774.672000 1.000000
442.420800 828.092800 431.752000 1043.548800 1.000000
492.620800 2546.896000 433.161600 2760.416000 1.000000
495.507200 2569.360000 436.112000 2782.176000 1.000000
499.009600 2548.624000 437.750400 2764.896000 1.000000
446.716800 471.672000 448.771200 669.660800 1.000000
468.648000 1148.409600 452.817600 1315.433600 1.000000
451.680000 451.716800 454.270400 649.737600 1.000000
454.275200 485.513600 454.892800 684.628800 1.000000
439.273600 21.929120 455.396800 221.598400 1.000000
462.289600 508.094400 461.528000 705.590400 1.000000
461.251200 473.443200 463.174400 671.473600 1.000000
462.297600 450.953600 464.305600 649.814400 1.000000
463.905600 490.164800 465.065600 687.620800 1.000000
470.664000 597.598400 467.067200 826.256000 1.000000
467.248000 476.572800 467.780800 674.564800 1.000000
478.920000 629.166400 474.012800 854.662400 1.000000
480.419200 501.804800 475.283200 698.512000 1.000000
483.582400 471.110400 484.963200 669.577600 1.000000
500.395200 817.732800 486.992000 1041.489600 1.000000
546.027200 2725.200000 487.510400 2949.680000 1.000000
494.782400 644.424000 488.188800 870.532800 1.000000
496.638400 609.828800 492.580800 836.518400 1.000000
499.948800 588.875200 500.070400 816.142400 1.000000
560.137600 2714.912000 500.416000 2938.768000 1.000000
511.120000 576.947200 500.665600 806.516800 1.000000
572.756800 2147.008000 512.452800 2460.816000 1.000000
493.083200 1209.094400 516.406400 1436.673600 1.000000
574.742400 2395.584000 516.784000 2599.408000 1.000000
532.766400 968.944000 521.488000 1152.830400 1.000000
522.008000 452.092800 522.102400 649.915200 1.000000
563.412800 1719.872000 527.286400 1909.856000 1.000000
538.163200 664.497600 530.782400 888.228800 1.000000
532.131200 521.081600 531.220800 720.560000 1.000000
542.640000 704.086400 534.841600 923.640000 1.000000
597.640000 2058.864000 537.385600 2363.248000 1.000000
572.230400 1660.432000 538.166400 1847.392000 1.000000
576.176000 1731.808000 541.056000 1917.344000 1.000000
581.572800 1739.024000 544.241600 1927.184000 1.000000
545.489600 500.800000 544.654400 697.568000 1.000000
554.254400 697.929600 546.078400 915.027200 1.000000
602.481600 2510.768000 547.948800 2721.248000 1.000000
600.081600 1818.176000 548.174400 2112.384000 1.000000
602.552000 1832.816000 551.662400 2129.760000 1.000000
590.956800 1734.336000 552.929600 1920.240000 1.000000
556.188800 508.926400 554.857600 704.696000 1.000000
563.542400 706.134400 555.153600 924.723200 1.000000
592.753600 1660.416000 558.032000 1847.296000 1.000000
622.272000 2197.920000 561.564800 2511.920000 1.000000
572.011200 468.924800 568.662400 663.163200 1.000000
622.761600 1841.248000 568.993600 2137.520000 1.000000
629.705600 2190.592000 570.916800 2507.312000 1.000000
631.424000 2021.072000 575.080000 2327.024000 1.000000
578.913600 520.704000 577.067200 717.886400 1.000000
632.406400 1848.208000 581.132800 2145.824000 1.000000
639.689600 2717.248000 582.726400 2939.072000 1.000000
643.096000 2038.064000 584.987200 2342.928000 1.000000
646.763200 2223.408000 586.049600 2539.200000 1.000000
645.304000 2672.160000 589.224000 2891.744000 1.000000
642.566400 1864.352000 589.764800 2159.104000 1.000000
602.166400 625.803200 592.422400 851.448000 1.000000
649.739200 2696.768000 594.494400 2915.408000 1.000000
656.089600 2232.848000 595.244800 2548.512000 1.000000
653.752000 2647.296000 598.208000 2873.024000 1.000000
655.667200 2708.848000 599.308800 2931.152000 1.000000
637.120000 1711.200000 600.022400 1898.880000 1.000000
651.998400 2474.672000 600.728000 2683.296000 1.000000
637.424000 1671.344000 601.824000 1858.080000 1.000000
659.089600 2488.128000 606.347200 2698.784000 1.000000
622.492800 930.443200 606.444800 1143.963200 1.000000
657.384000 2473.920000 606.907200 2681.968000 1.000000
643.640000 1684.768000 609.715200 1870.960000 1.000000
667.339200 2501.024000 612.676800 2716.160000 1.000000
645.792000 1591.971200 613.409600 1777.280000 1.000000
647.868800 1699.152000 613.912000 1884.640000 1.000000
651.248000 1621.120000 618.137600 1805.712000 1.000000
672.678400 1878.192000 618.763200 2173.344000 1.000000
631.171200 754.572800 620.531200 965.539200 1.000000
657.203200 1682.528000 624.867200 1866.544000 1.000000
660.019200 1583.078400 629.766400 1769.328000 1.000000
652.244800 761.848000 640.374400 977.281600 1.000000
659.640000 847.616000 647.000000 1057.208000 1.000000
666.420800 881.337600 652.545600 1089.953600 1.000000
707.576000 2760.528000 652.614400 2984.800000 1.000000
683.392000 1219.096000 653.492800 1461.091200 1.000000
668.377600 889.435200 655.073600 1100.785600 1.000000
665.540800 720.073600 656.056000 937.353600 1.000000
670.675200 860.428800 659.056000 1070.966400 1.000000
670.849600 775.628800 659.196800 989.672000 1.000000
692.315200 764.470400 680.606400 976.988800 1.000000
690.070400 882.361600 680.880000 1093.988800 1.000000
728.947200 1923.488000 690.288000 2110.144000 1.000000
728.953600 1693.392000 696.121600 1878.896000 1.000000
736.076800 1932.800000 696.702400 2119.296000 1.000000
738.132800 1913.088000 698.516800 2099.280000 1.000000
713.132800 755.756800 700.008000 969.851200 1.000000
756.547200 2510.672000 703.795200 2720.816000 1.000000
734.478400 1583.432000 705.281600 1769.120000 1.000000
755.801600 2470.720000 706.105600 2677.600000 1.000000
737.443200 1601.328000 706.694400 1785.200000 1.000000
740.132800 1660.528000 708.526400 1841.344000 1.000000
746.924800 1626.016000 714.664000 1809.312000 1.000000
734.676800 765.569600 720.937600 979.259200 1.000000
751.134400 1169.945600 724.481600 1404.219200 1.000000
762.488000 1121.356800 739.030400 1343.248000 1.000000
756.328000 608.900800 742.048000 835.696000 1.000000
789.224000 2282.320000 744.345600 2476.544000 1.000000
764.276800 899.150400 748.872000 1103.899200 1.000000
779.190400 1104.921600 756.107200 1328.004800 1.000000
775.585600 820.019200 758.035200 1032.380800 1.000000
774.380800 766.761600 760.763200 979.835200 1.000000
811.017600 2138.208000 769.369600 2328.464000 1.000000
793.032000 952.244800 774.360000 1155.019200 1.000000
819.968000 2047.536000 781.355200 2239.424000 1.000000
810.160000 919.996800 792.212800 1120.078400 1.000000
806.398400 740.932800 793.384000 954.688000 1.000000
838.137600 1611.440000 804.310400 1622.928000 1.000000
821.492800 773.865600 808.046400 986.616000 1.000000
822.576000 760.790400 809.337600 973.977600 1.000000
864.753600 2641.680000 815.734400 2856.912000 1.000000
860.720000 1970.864000 823.900800 2151.264000 1.000000
877.054400 2626.592000 827.443200 2841.472000 1.000000
841.968000 740.955200 830.636800 954.388800 1.000000
880.593600 2164.288000 836.945600 2361.648000 1.000000
852.820800 786.240000 837.993600 995.638400 1.000000
898.579200 2605.648000 851.520000 2819.488000 1.000000
907.422400 2585.760000 862.204800 2796.000000 1.000000
879.153600 767.713600 864.494400 975.953600 1.000000
905.616000 1886.880000 870.355200 2073.296000 1.000000
939.324800 2568.080000 896.729600 2777.072000 1.000000
946.566400 2663.184000 901.788800 2880.832000 1.000000
953.124800 2648.928000 907.291200 2864.864000 1.000000
910.475200 34.467840 907.400000 231.598400 1.000000
927.822400 559.448000 918.136000 751.617600 1.000000
921.849600 40.552160 920.001600 236.707200 1.000000
952.526400 564.344000 943.784000 756.105600 1.000000
1017.678400 2652.528000 967.923200 2868.688000 1.000000
995.548800 568.692800 982.150400 760.665600 1.000000
995.939200 553.051200 982.430400 744.712000 1.000000
994.272000 44.283360 988.249600 241.492800 1.000000
1004.011200 55.337280 999.571200 249.440000 1.000000
1013.091200 522.497600 1000.867200 715.468800 1.000000
1013.878400 540.387200 1001.284800 734.257600 1.000000
1017.774400 472.811200 1005.681600 668.115200 1.000000
1015.113600 15.704080 1008.964800 213.283200 1.000000
1043.300800 1497.137600 1011.524800 1719.072000 1.000000
1042.067200 1789.872000 1015.126400 1964.736000 1.000000
1045.755200 514.568000 1032.483200 707.937600 1.000000
1050.972800 505.139200 1037.662400 699.004800 1.000000
1051.670400 452.964800 1039.512000 650.032000 1.000000
1052.712000 442.656000 1040.185600 640.539200 1.000000
1059.750400 506.563200 1046.329600 699.259200 1.000000
1061.363200 443.182400 1048.148800 640.449600 1.000000
1065.288000 546.449600 1053.190400 740.617600 1.000000
1087.910400 538.891200 1075.744000 728.457600 1.000000
1102.395200 456.048000 1088.176000 652.753600 1.000000
1124.808000 2192.384000 1089.828800 2382.848000 1.000000
1106.904000 486.256000 1090.769600 677.240000 1.000000
1126.595200 2393.744000 1091.841600 2592.976000 1.000000
1128.737600 2370.864000 1092.923200 2569.024000 1.000000
1130.164800 2404.768000 1094.801600 2604.144000 1.000000
1111.627200 449.720000 1096.924800 646.064000 1.000000
1134.102400 2386.960000 1097.854400 2584.416000 1.000000
1139.758400 2406.288000 1104.417600 2605.440000 1.000000
1145.641600 2363.840000 1106.328000 2559.712000 1.000000
1142.990400 2179.488000 1108.632000 2368.288000 1.000000
1119.296000 50.346880 1108.793600 246.342400 1.000000
1129.241600 520.396800 1113.156800 713.462400 1.000000
1149.947200 2149.984000 1115.203200 2337.184000 1.000000
1150.168000 2173.536000 1116.035200 2362.528000 1.000000
1133.716800 484.910400 1117.950400 680.832000 1.000000
1158.739200 2154.384000 1122.280000 2341.632000 1.000000
1159.156800 2386.720000 1124.904000 2583.952000 1.000000
1143.609600 497.334400 1126.777600 692.320000 1.000000
1149.022400 533.152000 1133.140800 725.051200 1.000000
1165.520000 2171.968000 1133.144000 2359.328000 1.000000
1169.454400 2155.792000 1136.776000 2342.368000 1.000000
1178.604800 2404.864000 1145.073600 2604.176000 1.000000
1180.672000 1202.729600 1157.676800 1389.065600 1.000000
1196.121600 2190.800000 1162.598400 2373.648000 1.000000
1188.568000 1184.921600 1164.392000 1370.291200 1.000000
1198.968000 1200.212800 1174.283200 1384.124800 1.000000
1196.857600 1030.251200 1174.836800 1218.870400 1.000000
1208.721600 2346.768000 1175.435200 2542.288000 1.000000
1212.974400 995.110400 1188.454400 1187.214400 1.000000
1214.356800 1189.739200 1190.107200 1373.244800 1.000000
1193.267200 1625.968000 1191.393600 1843.296000 1.000000
1220.704000 1014.004800 1196.067200 1204.545600 1.000000
1220.492800 1023.963200 1196.856000 1214.510400 1.000000
1261.459200 2621.536000 1227.915200 2833.904000 1.000000
1269.782400 2632.544000 1237.920000 2845.264000 1.000000
1269.779200 1113.788800 1245.332800 1298.292800 1.000000
1286.491200 1165.337600 1251.096000 1357.220800 1.000000
1332.532800 2608.096000 1305.937600 2817.728000 1.000000
1362.587200 2658.640000 1333.025600 2872.304000 1.000000
1364.313600 2642.288000 1336.603200 2854.800000 1.000000
1367.241600 2556.720000 1340.411200 2765.120000 1.000000
1376.248000 2569.728000 1348.614400 2777.872000 1.000000
1379.233600 2687.008000 1351.377600 2902.416000 1.000000
1382.340800 2575.232000 1355.737600 2783.312000 1.000000
1385.708800 2541.104000 1357.702400 2747.360000 1.000000
1380.550400 2739.008000 1357.846400 2960.656000 1.000000
1384.552000 2561.120000 1358.395200 2768.592000 1.000000
1394.454400 780.993600 1372.350400 986.361600 1.000000
1407.891200 2559.632000 1381.025600 2765.040000 1.000000
1406.142400 1989.360000 1382.051200 2123.632000 1.000000
1408.395200 2581.328000 1382.465600 2789.104000 1.000000
1414.379200 794.217600 1389.414400 995.241600 1.000000
1415.251200 908.979200 1389.953600 1105.379200 1.000000
1422.923200 1370.875200 1396.590400 1546.385600 1.000000
1424.032000 1197.859200 1397.772800 1380.046400 1.000000
1428.331200 1201.729600 1404.443200 1388.473600 1.000000
1430.798400 1275.321600 1404.662400 1455.299200 1.000000
1431.508800 1283.779200 1404.763200 1462.992000 1.000000
1436.926400 1261.161600 1409.553600 1442.528000 1.000000
1439.841600 1435.385600 1414.377600 1611.728000 1.000000
1442.107200 1216.862400 1415.043200 1397.905600 1.000000
1442.139200 1426.921600 1416.390400 1603.584000 1.000000
1443.552000 1190.401600 1416.840000 1373.246400 1.000000
1451.496000 1222.739200 1424.518400 1404.856000 1.000000
1451.081600 1388.484800 1426.489600 1566.099200 1.000000
1453.068800 1245.673600 1426.832000 1425.488000 1.000000
1451.398400 1297.504000 1427.374400 1477.372800 1.000000
1456.392000 1438.928000 1427.652800 1615.536000 1.000000
1455.083200 1203.324800 1427.912000 1382.110400 1.000000
1455.236800 1254.937600 1429.180800 1434.780800 1.000000
1461.724800 1277.843200 1435.758400 1457.102400 1.000000
1462.880000 1261.982400 1437.164800 1441.187200 1.000000
1467.096000 1364.851200 1441.891200 1542.281600 1.000000
1469.384000 1245.657600 1443.089600 1423.953600 1.000000
1478.688000 1235.272000 1452.502400 1414.348800 1.000000
1510.801600 1331.323200 1484.332800 1507.088000 1.000000
1517.270400 1326.787200 1489.390400 1501.611200 1.000000
1522.670400 2597.488000 1501.156800 2804.160000 1.000000
1533.636800 592.580800 1504.963200 777.324800 1.000000
1536.857600 606.145600 1508.377600 790.913600 1.000000
1539.107200 556.052800 1511.132800 743.590400 1.000000
1534.315200 2577.296000 1512.464000 2781.648000 1.000000
1540.811200 2601.536000 1521.204800 2809.120000 1.000000
1550.700800 585.388800 1521.518400 770.425600 1.000000
1549.598400 1395.457600 1521.572800 1567.820800 1.000000
1547.736000 2593.200000 1526.910400 2798.832000 1.000000
1565.720000 1343.451200 1538.614400 1515.876800 1.000000
1566.790400 1239.038400 1539.670400 1419.227200 1.000000
1574.432000 1213.404800 1546.790400 1396.676800 1.000000
1569.932800 2357.024000 1549.768000 2548.192000 1.000000
1579.924800 1378.347200 1554.539200 1550.342400 1.000000
1578.251200 2153.888000 1556.528000 2335.152000 1.000000
1587.638400 57.147680 1556.984000 250.974400 1.000000
1585.513600 1220.891200 1558.232000 1403.088000 1.000000
1594.745600 1254.544000 1562.542400 1435.145600 1.000000
1594.956800 607.592000 1565.137600 793.675200 1.000000
1595.102400 1372.476800 1568.865600 1544.432000 1.000000
1596.801600 1068.062400 1568.905600 1256.008000 1.000000
1600.528000 637.264000 1570.795200 820.091200 1.000000
1603.008000 1053.952000 1574.275200 1241.116800 1.000000
1603.104000 1236.908800 1575.299200 1418.200000 1.000000
1595.470400 2340.704000 1575.600000 2530.960000 1.000000
1602.192000 1382.432000 1575.724800 1552.859200 1.000000
1602.432000 1371.604800 1575.836800 1541.198400 1.000000
1599.043200 2130.848000 1576.212800 2312.208000 1.000000
1605.088000 1068.438400 1577.056000 1255.995200 1.000000
1605.440000 1368.862400 1579.588800 1540.419200 1.000000
1613.344000 589.832000 1582.803200 775.369600 1.000000
1605.872000 2154.608000 1584.561600 2336.640000 1.000000
1624.928000 595.856000 1593.440000 777.873600 1.000000
1623.536000 2301.920000 1604.672000 2487.712000 1.000000
1623.104000 2146.352000 1606.000000 2329.680000 1.000000
1704.480000 615.070400 1672.608000 797.724800 1.000000
1720.752000 593.179200 1687.664000 777.035200 1.000000
1725.264000 116.147840 1687.760000 310.355200 1.000000
1728.672000 91.873920 1690.912000 282.868800 1.000000
1728.000000 497.019200 1692.976000 687.171200 1.000000
1732.448000 593.894400 1698.400000 777.536000 1.000000
1728.320000 638.499200 1698.576000 822.132800 1.000000
1745.520000 76.816640 1706.864000 269.003200 1.000000
1748.544000 663.092800 1713.632000 846.844800 1.000000
1751.888000 434.329600 1715.680000 626.776000 1.000000
1754.816000 611.084800 1721.296000 794.644800 1.000000
1761.200000 444.060800 1723.728000 637.579200 1.000000
1762.416000 426.680000 1725.968000 621.857600 1.000000
1765.280000 669.822400 1730.960000 850.848000 1.000000
1767.744000 454.001600 1731.120000 646.732800 1.000000
1766.400000 649.908800 1731.808000 830.900800 1.000000
1778.272000 619.435200 1743.760000 802.243200 1.000000
1783.408000 733.833600 1748.160000 941.894400 1.000000
1784.512000 652.824000 1749.856000 831.646400 1.000000
1792.016000 136.881120 1751.856000 322.670400 1.000000
1799.792000 121.423200 1758.880000 309.241600 1.000000
1804.400000 143.390880 1763.792000 329.772800 1.000000
1800.400000 738.414400 1764.640000 947.153600 1.000000
1804.272000 655.113600 1769.632000 833.598400 1.000000
1815.968000 138.338400 1773.456000 324.966400 1.000000
1810.720000 609.227200 1774.464000 793.576000 1.000000
1824.864000 592.694400 1787.824000 775.352000 1.000000
1825.408000 678.992000 1790.720000 856.184000 1.000000
1827.072000 573.760000 1792.528000 757.956800 1.000000
1833.568000 559.640000 1795.728000 745.491200 1.000000
1840.640000 141.798240 1797.584000 327.699200 1.000000
1841.440000 130.754240 1799.744000 317.457600 1.000000
1837.696000 611.320000 1800.688000 791.590400 1.000000
1844.368000 189.350400 1802.336000 374.787200 1.000000
1846.640000 178.371200 1803.984000 363.366400 1.000000
1844.832000 577.280000 1806.544000 761.796800 1.000000
1855.440000 181.518400 1812.960000 365.993600 1.000000
1861.984000 181.752000 1820.000000 364.592000 1.000000
1864.832000 86.944960 1820.528000 275.891200 1.000000
1862.464000 344.164800 1821.696000 539.248000 1.000000
1868.032000 172.825600 1823.936000 356.595200 1.000000
1862.704000 579.721600 1825.072000 762.777600 1.000000
1864.272000 657.240000 1826.160000 837.451200 1.000000
1873.280000 103.490240 1828.624000 291.259200 1.000000
1872.736000 161.755200 1829.952000 347.032000 1.000000
1872.256000 649.873600 1834.144000 829.412800 1.000000
1884.672000 124.088480 1838.400000 312.196800 1.000000
1879.264000 657.779200 1841.936000 837.712000 1.000000
1884.304000 350.771200 1842.112000 544.016000 1.000000
1882.048000 550.532800 1842.976000 736.416000 1.000000
1887.152000 200.072000 1844.448000 382.865600 1.000000
1882.944000 758.411200 1846.000000 964.683200 1.000000
1886.336000 532.329600 1846.880000 719.028800 1.000000
1896.112000 255.676800 1849.632000 441.924800 1.000000
1894.352000 337.932800 1850.896000 534.252800 1.000000
1889.472000 745.683200 1852.192000 950.510400 1.000000
1889.888000 640.732800 1852.672000 819.584000 1.000000
1901.424000 195.196800 1856.544000 379.809600 1.000000
1893.728000 670.254400 1856.624000 849.763200 1.000000
1897.200000 564.540800 1857.104000 749.552000 1.000000
1895.536000 755.176000 1857.808000 962.046400 1.000000
1900.048000 624.139200 1858.736000 805.456000 1.000000
1908.464000 179.243200 1861.776000 364.926400 1.000000
1907.136000 571.574400 1867.680000 754.224000 1.000000
1911.664000 459.259200 1868.944000 648.428800 1.000000
1915.200000 197.043200 1870.224000 380.206400 1.000000
1916.592000 371.056000 1871.840000 565.280000 1.000000
1919.888000 385.449600 1875.904000 578.724800 1.000000
1915.936000 854.590400 1878.976000 1053.016000 1.000000
1913.136000 780.064000 1881.344000 983.851200 1.000000
1914.288000 1266.851200 1884.032000 1447.494400 1.000000
1923.760000 877.494400 1887.200000 1076.100800 1.000000
1930.400000 462.393600 1887.760000 652.609600 1.000000
1931.232000 448.539200 1888.128000 637.097600 1.000000
1938.048000 172.278400 1891.888000 354.174400 1.000000
1942.112000 85.763520 1894.288000 274.216000 1.000000
1942.032000 154.830400 1894.960000 340.964800 1.000000
1943.648000 105.864160 1895.024000 291.723200 1.000000
1939.888000 432.416000 1895.104000 623.867200 1.000000
1941.760000 422.400000 1897.920000 613.108800 1.000000
1944.400000 481.665600 1901.632000 670.651200 1.000000
1923.696000 1425.942400 1901.728000 1684.592000 1.000000
1945.280000 396.476800 1902.240000 588.833600 1.000000
1948.144000 521.689600 1907.040000 707.712000 1.000000
1950.640000 448.790400 1907.104000 638.620800 1.000000
1952.512000 416.628800 1907.136000 606.488000 1.000000
1958.448000 138.469440 1908.928000 325.958400 1.000000
1958.688000 200.169600 1912.208000 382.761600 1.000000
1953.664000 663.582400 1913.664000 842.244800 1.000000
1959.584000 466.352000 1916.688000 656.572800 1.000000
1961.952000 448.043200 1917.584000 637.024000 1.000000
1960.768000 870.209600 1921.872000 1068.184000 1.000000
1967.696000 213.152000 1922.336000 393.088000 1.000000
1964.464000 572.030400 1922.880000 754.748800 1.000000
1968.336000 460.595200 1925.360000 650.835200 1.000000
1966.272000 665.308800 1925.696000 842.816000 1.000000
1975.520000 121.403680 1927.120000 299.648000 1.000000
1973.408000 546.635200 1930.912000 731.619200 1.000000
1985.296000 76.779680 1933.632000 266.392000 1.000000
1976.016000 641.955200 1933.952000 821.705600 1.000000
1983.088000 176.776000 1935.312000 361.115200 1.000000
1981.600000 542.380800 1938.608000 725.910400 1.000000
1987.040000 240.161600 1938.800000 424.950400 1.000000
1980.480000 684.512000 1939.264000 860.736000 1.000000
1983.328000 666.857600 1943.808000 843.830400 1.000000
1988.400000 534.001600 1945.216000 719.268800 1.000000
1974.208000 1387.497600 1947.104000 1567.203200 1.000000
1993.696000 432.979200 1948.272000 623.092800 1.000000
1989.376000 703.096000 1948.848000 880.472000 1.000000
1993.152000 695.358400 1949.840000 873.556800 1.000000
1991.504000 678.057600 1950.592000 855.276800 1.000000
1993.264000 614.444800 1950.800000 794.416000 1.000000
1994.240000 542.577600 1952.096000 726.211200 1.000000
1999.392000 301.622400 1952.976000 484.708800 1.000000
1996.960000 651.393600 1955.888000 829.897600 1.000000
1999.056000 683.048000 1957.904000 860.740800 1.000000
1994.576000 923.726400 1958.048000 1121.993600 1.000000
2009.120000 285.651200 1960.784000 469.062400 1.000000
2003.120000 635.942400 1961.408000 814.734400 1.000000
2013.488000 83.782400 1962.736000 271.144000 1.000000
2014.560000 398.083200 1965.840000 590.164800 1.000000
2012.688000 555.680000 1968.752000 741.958400 1.000000
2018.352000 247.059200 1969.904000 430.825600 1.000000
1974.224000 2697.680000 1974.432000 2914.352000 1.000000
2017.344000 621.443200 1974.864000 800.843200 1.000000
1976.032000 2629.680000 1975.504000 2839.488000 1.000000
2023.248000 410.867200 1976.144000 600.835200 1.000000
2020.592000 605.238400 1977.840000 785.606400 1.000000
2022.976000 649.753600 1979.904000 828.857600 1.000000
2029.760000 382.708800 1980.976000 572.606400 1.000000
2024.144000 676.915200 1982.304000 854.148800 1.000000
2034.352000 257.731200 1982.944000 440.475200 1.000000
1982.560000 2741.456000 1983.136000 2960.464000 1.000000
2030.304000 237.504000 1983.696000 419.345600 1.000000
2034.896000 293.299200 1985.280000 476.524800 1.000000
2033.056000 409.760000 1985.680000 600.435200 1.000000
2030.208000 543.969600 1985.936000 727.297600 1.000000
2039.024000 164.563200 1988.016000 347.628800 1.000000
2040.896000 176.704000 1989.888000 358.430400 1.000000
2033.520000 670.036800 1990.960000 849.254400 1.000000
2031.712000 849.446400 1991.728000 1047.371200 1.000000
2030.240000 887.684800 1992.144000 1084.716800 1.000000
1994.000000 2585.680000 1992.384000 2796.032000 1.000000
2033.936000 797.996800 1992.768000 1002.465600 1.000000
2035.008000 612.620800 1994.144000 793.296000 1.000000
2041.616000 414.702400 1994.304000 605.259200 1.000000
2044.096000 295.792000 1994.608000 478.886400 1.000000
2036.416000 651.643200 1994.656000 831.563200 1.000000
2039.264000 575.652800 1995.552000 759.564800 1.000000
2038.528000 678.540800 1995.664000 858.302400 1.000000
2042.000000 526.142400 1996.480000 712.054400 1.000000
2054.928000 179.907200 2003.264000 361.040000 1.000000
2002.336000 2694.192000 2003.376000 2911.024000 1.000000
2060.128000 90.578080 2005.136000 278.160000 1.000000
2056.144000 159.724000 2005.472000 340.820800 1.000000
2042.704000 998.025600 2007.408000 1187.355200 1.000000
2064.976000 53.263520 2010.640000 242.272000 1.000000
2060.336000 293.443200 2010.880000 476.569600 1.000000
2013.648000 2632.128000 2014.112000 2844.256000 1.000000
2064.576000 339.377600 2014.368000 529.016000 1.000000
2015.744000 2607.008000 2014.480000 2817.344000 1.000000
2049.472000 697.051200 2016.704000 872.646400 1.000000
2017.488000 2680.816000 2019.264000 2895.344000 1.000000
2072.208000 366.739200 2023.600000 557.513600 1.000000
2065.536000 778.998400 2025.168000 976.060800 1.000000
2083.824000 67.017120 2027.376000 254.470400 1.000000
2074.864000 419.864000 2027.536000 610.041600 1.000000
2073.376000 705.366400 2030.224000 903.161600 1.000000
2083.952000 556.105600 2032.336000 748.729600 1.000000
2085.488000 266.899200 2033.904000 449.528000 1.000000
2085.712000 363.686400 2035.616000 553.398400 1.000000
2084.256000 503.524800 2037.040000 688.731200 1.000000
2073.920000 918.012800 2037.344000 1116.028800 1.000000
2077.696000 855.382400 2039.056000 1055.316800 1.000000
2089.056000 291.764800 2039.152000 473.704000 1.000000
2106.400000 269.363200 2051.632000 452.907200 1.000000
2102.240000 811.646400 2062.832000 1015.385600 1.000000
2119.392000 139.245120 2064.576000 322.313600 1.000000
2118.448000 346.828800 2066.320000 534.963200 1.000000
2120.800000 280.038400 2068.624000 459.552000 1.000000
2118.208000 552.961600 2069.072000 753.406400 1.000000
2129.376000 55.912160 2071.648000 245.497600 1.000000
2066.464000 2682.496000 2073.520000 2896.640000 1.000000
2115.376000 822.198400 2073.856000 1023.424000 1.000000
2131.136000 209.769600 2074.208000 388.715200 1.000000
2133.696000 179.881600 2079.264000 360.147200 1.000000
2125.728000 613.873600 2079.504000 812.169600 1.000000
2076.688000 2701.632000 2082.224000 2916.480000 1.000000
2085.296000 1879.024000 2084.768000 1669.376000 1.000000
2139.968000 281.976000 2085.968000 462.491200 1.000000
2144.208000 87.840160 2086.544000 274.492800 1.000000
2140.768000 330.945600 2087.088000 516.288000 1.000000
2145.408000 211.164800 2089.872000 390.190400 1.000000
2147.024000 233.240000 2093.008000 412.676800 1.000000
2089.264000 2714.208000 2096.272000 2930.064000 1.000000
2153.600000 167.179200 2097.408000 347.016000 1.000000
2151.872000 279.302400 2097.872000 459.515200 1.000000
2091.616000 2727.504000 2098.016000 2944.192000 1.000000
2093.536000 2775.808000 2098.736000 2998.352000 1.000000
2093.088000 2698.464000 2099.232000 2913.264000 1.000000
2155.920000 474.969600 2100.528000 678.190400 1.000000
2108.848000 1613.632000 2101.152000 1397.070400 1.000000
2094.240000 2756.880000 2101.168000 2976.384000 1.000000
2162.768000 310.348800 2107.744000 492.339200 1.000000
2103.968000 2711.120000 2109.536000 2927.952000 1.000000
2164.896000 223.560000 2110.112000 401.798400 1.000000
2107.520000 2614.672000 2112.784000 2820.928000 1.000000
2105.248000 2765.536000 2112.896000 2987.168000 1.000000
2105.856000 2741.408000 2114.176000 2958.976000 1.000000
2173.088000 220.500800 2116.704000 398.641600 1.000000
2112.528000 2676.096000 2118.512000 2889.312000 1.000000
2184.384000 43.318400 2124.496000 233.299200 1.000000
2180.544000 292.980800 2125.808000 474.448000 1.000000
2185.648000 231.352000 2128.816000 410.248000 1.000000
2188.000000 195.356800 2131.232000 375.622400 1.000000
2190.688000 141.502080 2131.296000 322.112000 1.000000
2180.112000 438.001600 2131.696000 626.835200 1.000000
2188.368000 219.156800 2132.816000 397.017600 1.000000
2127.696000 2688.176000 2134.864000 2901.968000 1.000000
2196.272000 196.502400 2138.816000 375.676800 1.000000
2195.344000 245.910400 2139.104000 424.585600 1.000000
2146.416000 2016.656000 2139.968000 1873.760000 1.000000
2203.040000 146.166560 2143.360000 327.769600 1.000000
2213.040000 36.908640 2150.752000 226.588800 1.000000
2214.288000 192.513600 2155.088000 371.675200 1.000000
2219.248000 146.437280 2158.688000 326.451200 1.000000
2223.776000 60.927520 2162.528000 249.385600 1.000000
2224.880000 155.003200 2163.520000 334.139200 1.000000
2227.696000 187.283200 2168.304000 367.766400 1.000000
2172.352000 2076.768000 2171.312000 1942.544000 1.000000
2236.000000 123.325280 2174.688000 306.518400 1.000000
2237.232000 144.876000 2175.904000 324.681600 1.000000
2236.000000 209.798400 2176.752000 389.185600 1.000000
2240.208000 100.974080 2178.416000 283.328000 1.000000
2245.088000 111.456640 2183.360000 295.160000 1.000000
2246.608000 274.172800 2185.776000 472.889600 1.000000
2248.832000 124.596640 2186.512000 306.628800 1.000000
2204.208000 2184.496000 2189.776000 2078.592000 1.000000
2262.192000 537.364800 2205.168000 726.451200 1.000000
2208.224000 2071.440000 2211.024000 1934.240000 1.000000
2212.880000 2084.304000 2215.728000 1949.712000 1.000000
2219.072000 2080.048000 2223.008000 1943.184000 1.000000
2225.008000 2160.944000 2223.552000 2051.632000 1.000000
2238.160000 1693.760000 2225.184000 1443.676800 1.000000
2224.096000 2082.112000 2228.352000 1945.200000 1.000000
2229.696000 2079.616000 2233.728000 1940.336000 1.000000
2313.024000 157.451360 2250.000000 333.905600 1.000000
2250.912000 2103.792000 2254.304000 1966.624000 1.000000
2387.040000 1499.718400 2382.336000 1219.524800 1.000000
2382.064000 2052.944000 2390.864000 1844.768000 1.000000
2445.440000 1960.688000 2405.040000 1776.080000 1.000000
2413.088000 1576.313600 2406.896000 1279.366400 1.000000
2424.896000 1443.659200 2412.896000 1168.201600 1.000000
2425.936000 1473.582400 2415.088000 1188.496000 1.000000
2429.888000 1501.782400 2419.424000 1214.363200 1.000000
2440.768000 1436.424000 2428.208000 1159.188800 1.000000
2435.456000 1567.113600 2428.368000 1265.936000 1.000000
2446.320000 1412.340800 2433.376000 1133.939200 1.000000
2452.528000 1428.065600 2440.208000 1148.755200 1.000000
2455.712000 1538.184000 2448.032000 1230.409600 1.000000
2466.736000 1419.401600 2454.416000 1137.444800 1.000000
2463.344000 1581.452800 2457.040000 1277.292800 1.000000
2464.416000 1891.472000 2467.552000 1618.416000 1.000000
2475.680000 1578.782400 2468.880000 1271.758400 1.000000
2482.368000 1400.596800 2469.104000 1116.060800 1.000000
2493.840000 1589.064000 2487.456000 1280.820800 1.000000
2503.024000 1406.320000 2489.328000 1120.212800 1.000000
2566.320000 236.252800 2491.616000 383.625600 1.000000
2490.064000 1848.272000 2491.808000 1566.097600 1.000000
2509.872000 1395.158400 2496.656000 1108.764800 1.000000
2510.960000 1618.448000 2505.728000 1308.697600 1.000000
2514.480000 1601.088000 2508.560000 1289.816000 1.000000
2508.144000 1810.896000 2508.960000 1520.371200 1.000000
2519.952000 1264.195200 2509.440000 1018.792000 1.000000
2560.560000 1818.560000 2511.680000 1628.240000 1.000000
2516.496000 1803.584000 2516.976000 1511.374400 1.000000
2515.424000 1824.272000 2517.168000 1534.246400 1.000000
2517.456000 1794.064000 2517.520000 1500.512000 1.000000
2521.312000 1697.344000 2517.920000 1391.035200 1.000000
2519.904000 1747.968000 2518.144000 1447.116800 1.000000
2516.432000 1899.696000 2520.224000 1622.288000 1.000000
2520.080000 1807.824000 2521.008000 1514.961600 1.000000
2523.456000 1714.656000 2521.024000 1410.224000 1.000000
2522.736000 1738.384000 2521.856000 1436.809600 1.000000
2537.728000 1545.024000 2530.144000 1221.700800 1.000000
2531.792000 1699.952000 2530.208000 1392.859200 1.000000
2531.904000 1739.264000 2531.136000 1437.078400 1.000000
2537.024000 1556.174400 2531.840000 1234.662400 1.000000
2534.320000 1812.192000 2534.896000 1519.726400 1.000000
2537.136000 1784.720000 2537.568000 1488.265600 1.000000
2549.488000 1746.784000 2548.128000 1444.236800 1.000000
2554.752000 1707.056000 2552.432000 1397.873600 1.000000
2556.656000 1811.936000 2557.328000 1517.326400 1.000000
2563.984000 1721.216000 2561.248000 1413.918400 1.000000
2560.512000 1852.736000 2562.560000 1565.662400 1.000000
2566.384000 1746.816000 2564.816000 1442.032000 1.000000
2569.024000 1674.464000 2567.136000 1358.308800 1.000000
2577.968000 1654.800000 2574.752000 1336.516800 1.000000
2578.896000 1750.832000 2577.440000 1445.939200 1.000000
2585.424000 1597.684800 2579.408000 1273.496000 1.000000
2608.464000 1188.132800 2585.536000 925.200000 1.000000
2591.664000 1612.432000 2586.128000 1289.172800 1.000000
2599.184000 1606.880000 2593.056000 1281.326400 1.000000
2599.632000 1618.928000 2593.552000 1293.622400 1.000000
2600.208000 1683.264000 2595.616000 1366.481600 1.000000
2564.704000 2807.600000 2599.648000 2935.120000 1.000000
2601.632000 1738.560000 2599.824000 1429.204800 1.000000
2609.488000 1617.648000 2604.256000 1290.646400 1.000000
2614.960000 1625.840000 2608.800000 1299.668800 1.000000
2619.200000 1615.824000 2613.312000 1287.945600 1.000000
2623.824000 1662.400000 2619.408000 1339.428800 1.000000
2639.296000 1572.555200 2623.648000 1238.600000 1.000000
2627.968000 1668.640000 2624.080000 1346.664000 1.000000
2630.432000 1627.040000 2624.896000 1299.004800 1.000000
2630.368000 1650.496000 2625.184000 1325.318400 1.000000
2631.056000 1663.936000 2626.432000 1340.316800 1.000000
2630.944000 1691.264000 2626.880000 1372.020800 1.000000
2632.880000 1659.104000 2628.544000 1334.588800 1.000000
2636.304000 1654.448000 2631.664000 1328.929600 1.000000
2637.168000 1683.488000 2633.328000 1362.059200 1.000000
2641.424000 1657.584000 2637.088000 1331.134400 1.000000
2645.488000 1652.096000 2640.768000 1325.256000 1.000000
2646.848000 1687.472000 2643.904000 1366.292800 1.000000
2651.680000 1672.864000 2647.200000 1348.032000 1.000000
2645.280000 1874.416000 2648.304000 1548.481600 1.000000
2656.192000 1663.456000 2651.824000 1336.635200 1.000000
2656.384000 1676.096000 2652.528000 1350.737600 1.000000
2661.200000 1581.028800 2656.928000 1238.145600 1.000000
2662.192000 1665.904000 2657.376000 1338.680000 1.000000
2658.736000 1901.312000 2665.184000 1569.032000 1.000000
2673.488000 1658.848000 2668.848000 1329.672000 1.000000
2696.288000 1390.145600 2679.328000 1077.598400 1.000000
2682.384000 1574.075200 2679.920000 1228.246400 1.000000
2694.432000 1560.440000 2689.664000 1213.768000 1.000000
2706.352000 1564.172800 2701.568000 1214.913600 1.000000
2945.280000 343.473600 2850.880000 122.834560 1.000000
2994.720000 2523.488000 3040.560000 2088.400000 1.000000
3007.152000 2344.896000 3048.000000 1834.048000 1.000000
3708.288000 1970.416000 3187.536000 1669.088000 1.000000
3132.736000 2894.640000 3194.336000 2899.984000 1.000000
3166.032000 2882.336000 3227.456000 2882.736000 1.000000
3417.536000 1207.033600 3378.080000 742.352000 1.000000
3451.328000 922.644800 3466.784000 744.883200 1.000000
3747.104000 82.258720 3610.976000 36.049760 1.000000
3726.304000 2093.104000 3774.496000 1585.054400 1.000000
