84.739520 811.264000 32.193120 178.963200 1.000000
68.424160 1146.572800 36.312640 534.174400 1.000000
75.384000 1053.172800 36.571520 441.550400 1.000000
71.495840 1175.153600 37.479360 556.656000 1.000000
84.669600 1079.030400 47.032640 469.187200 1.000000
84.810560 1198.137600 51.967840 582.652800 1.000000
96.852960 1011.947200 55.531680 398.198400 1.000000
72.797920 1436.163200 56.416000 837.753600 1.000000
89.424800 1174.723200 57.024800 560.894400 1.000000
100.478240 1037.124800 60.767360 425.080000 1.000000
27.897280 2335.648000 61.301120 1716.432000 1.000000
120.044800 733.800000 65.452960 103.116160 1.000000
97.098080 1234.998400 69.359840 618.611200 1.000000
109.190880 1007.873600 69.916160 393.161600 1.000000
25.841600 2515.664000 71.974240 1918.912000 1.000000
100.987040 1227.312000 72.893600 612.212800 1.000000
62.789600 1893.072000 75.000640 1347.374400 1.000000
98.953280 1339.376000 78.101600 736.596800 1.000000
27.754240 2626.768000 78.889280 2019.344000 1.000000
124.862240 897.563200 79.438720 290.116800 1.000000
133.859200 751.740800 80.683680 123.038720 1.000000
27.760320 2642.512000 80.842400 2034.752000 1.000000
37.177760 2514.928000 81.905440 1919.904000 1.000000
127.427360 899.475200 83.264640 293.137600 1.000000
22.817280 2789.488000 83.637280 2164.128000 1.000000
127.863360 908.219200 83.750880 300.896000 1.000000
97.545920 1484.496000 84.135040 896.180800 1.000000
89.467520 1654.848000 87.324320 1097.881600 1.000000
39.143520 2631.360000 90.591360 2025.248000 1.000000
48.452480 2539.088000 93.574240 1943.696000 1.000000
60.697920 2376.688000 97.797920 1782.224000 1.000000
63.741120 2444.672000 105.139840 1865.104000 1.000000
55.248800 2622.880000 105.484960 2018.608000 1.000000
63.184480 2508.272000 107.964960 1922.496000 1.000000
142.782080 1034.300800 108.027040 441.443200 1.000000
78.738560 2294.672000 108.797440 1682.512000 1.000000
110.193280 1677.008000 110.849440 1121.144000 1.000000
112.784640 1665.984000 111.946880 1109.942400 1.000000
148.996320 1099.347200 116.040800 495.604800 1.000000
155.201920 1006.668800 117.855680 412.641600 1.000000
128.088960 1589.995200 119.213120 1033.776000 1.000000
143.456320 1270.715200 119.229600 667.763200 1.000000
79.624800 2424.048000 119.419200 1845.296000 1.000000
89.049600 2320.928000 119.738880 1708.240000 1.000000
92.974880 2297.328000 122.571040 1686.208000 1.000000
128.450720 1703.760000 127.607520 1148.723200 1.000000
87.994560 2427.440000 127.674720 1848.192000 1.000000
159.778400 1131.225600 128.535520 523.099200 1.000000
158.670880 1256.345600 133.754560 644.734400 1.000000
94.268480 2523.056000 138.551360 1938.352000 1.000000
175.734400 992.208000 139.509600 400.641600 1.000000
87.808800 2698.576000 140.623680 2093.616000 1.000000
83.038880 2894.224000 144.532800 2260.064000 1.000000
124.156480 2143.824000 146.637600 1587.294400 1.000000
102.218080 2618.448000 150.648160 2024.416000 1.000000
91.521760 2916.256000 154.546560 2280.384000 1.000000
155.289920 1669.120000 156.183840 1116.206400 1.000000
104.778400 2661.440000 156.392000 2060.464000 1.000000
161.715200 1599.360000 156.979200 1044.817600 1.000000
188.710400 1107.915200 157.896800 504.676800 1.000000
154.867840 1759.824000 158.222400 1213.740800 1.000000
113.044800 2609.824000 160.217600 2017.440000 1.000000
136.664800 2117.920000 160.566400 1565.724800 1.000000
125.419200 2420.144000 163.288000 1839.856000 1.000000
175.105600 1608.160000 169.209600 1053.982400 1.000000
194.705600 1203.987200 169.401600 594.283200 1.000000
194.160000 1211.422400 171.870400 602.616000 1.000000
139.634880 2333.152000 171.910400 1761.584000 1.000000
219.784000 737.964800 172.368000 112.881760 1.000000
132.327360 2473.328000 172.556800 1894.464000 1.000000
128.148960 2608.512000 173.612800 2017.104000 1.000000
135.075360 2439.504000 174.142400 1861.936000 1.000000
197.569600 1223.286400 174.488000 615.790400 1.000000
127.791520 2664.432000 176.667200 2062.768000 1.000000
138.288160 2466.464000 178.166400 1887.616000 1.000000
167.416000 1900.080000 178.420800 1359.891200 1.000000
217.505600 873.782400 179.254400 262.006400 1.000000
206.496000 1213.425600 183.344000 604.044800 1.000000
197.753600 1531.832000 186.235200 969.692800 1.000000
176.110400 1923.168000 188.446400 1382.936000 1.000000
148.020960 2473.856000 188.483200 1894.784000 1.000000
149.792960 2460.208000 188.604800 1881.264000 1.000000
237.608000 694.571200 190.929600 46.550560 1.000000
230.139200 882.843200 191.275200 272.859200 1.000000
139.258400 2826.768000 194.796800 2206.400000 1.000000
159.020960 2402.560000 195.147200 1828.480000 1.000000
241.246400 749.750400 195.539200 126.414720 1.000000
242.800000 730.353600 197.168000 106.167520 1.000000
193.142400 1790.432000 198.782400 1250.334400 1.000000
230.640000 1033.337600 199.385600 444.012800 1.000000
143.903680 2850.096000 199.833600 2226.848000 1.000000
169.700800 2260.976000 200.780800 1689.840000 1.000000
168.214400 2315.824000 201.212800 1740.000000 1.000000
165.875200 2403.856000 201.339200 1830.064000 1.000000
206.257600 1611.488000 201.612800 1059.856000 1.000000
164.819200 2470.256000 203.572800 1890.608000 1.000000
182.414400 2125.296000 204.611200 1574.129600 1.000000
167.606400 2435.456000 204.684800 1859.232000 1.000000
169.246400 2413.984000 205.040000 1838.272000 1.000000
182.857600 2169.744000 207.174400 1617.328000 1.000000
182.220800 2150.240000 207.960000 1600.336000 1.000000
155.485120 2814.976000 210.356800 2196.624000 1.000000
237.552000 1115.361600 210.753600 516.422400 1.000000
179.451200 2364.544000 211.556800 1792.288000 1.000000
172.200000 2494.944000 212.040000 1913.824000 1.000000
163.188800 2677.504000 213.180800 2075.584000 1.000000
163.958400 2895.888000 217.833600 2266.320000 1.000000
266.716800 730.505600 218.892800 105.261280 1.000000
168.361600 2793.232000 219.926400 2178.528000 1.000000
202.329600 2096.320000 221.174400 1549.232000 1.000000
180.675200 2516.640000 221.427200 1934.416000 1.000000
201.492800 2122.256000 222.433600 1572.478400 1.000000
175.726400 2668.576000 222.716800 2069.280000 1.000000
199.056000 2163.760000 223.817600 1613.600000 1.000000
212.080000 1917.392000 223.977600 1379.176000 1.000000
243.228800 1389.481600 225.929600 815.664000 1.000000
178.068800 2729.376000 227.291200 2123.424000 1.000000
174.353600 2777.968000 227.393600 2163.808000 1.000000
185.500800 2591.664000 228.080000 2001.040000 1.000000
181.958400 2677.024000 228.678400 2077.856000 1.000000
196.036800 2402.208000 230.564800 1828.768000 1.000000
182.692800 2722.560000 231.059200 2117.824000 1.000000
203.436800 2259.520000 231.329600 1689.552000 1.000000
193.203200 2498.880000 233.153600 1919.600000 1.000000
214.920000 2099.392000 234.984000 1553.592000 1.000000
229.630400 1823.648000 235.662400 1285.985600 1.000000
214.227200 2126.128000 236.417600 1579.382400 1.000000
222.088000 1997.280000 236.478400 1455.475200 1.000000
188.691200 2714.832000 237.288000 2110.832000 1.000000
215.412800 2156.656000 239.808000 1606.928000 1.000000
200.564800 2524.544000 240.124800 1941.040000 1.000000
193.180800 2729.104000 240.465600 2124.912000 1.000000
196.867200 2603.632000 240.574400 2012.096000 1.000000
193.540800 2677.040000 240.636800 2077.744000 1.000000
194.968000 2687.216000 241.984000 2086.672000 1.000000
190.768000 2793.552000 242.129600 2177.856000 1.000000
195.808000 2705.424000 242.772800 2102.944000 1.000000
218.924800 2148.720000 243.065600 1600.160000 1.000000
216.043200 2260.800000 243.222400 1692.416000 1.000000
200.243200 2659.920000 243.849600 2062.960000 1.000000
206.344000 2466.688000 243.854400 1888.624000 1.000000
221.878400 2133.536000 244.163200 1585.036800 1.000000
222.747200 2106.288000 244.768000 1560.478400 1.000000
196.889600 2745.408000 245.211200 2137.504000 1.000000
222.465600 2095.008000 245.385600 1550.025600 1.000000
195.694400 2759.808000 245.446400 2152.560000 1.000000
225.038400 2140.992000 245.963200 1592.963200 1.000000
189.315200 2915.312000 247.556800 2288.976000 1.000000
202.859200 2652.224000 247.670400 2056.240000 1.000000
214.785600 2446.432000 249.520000 1868.208000 1.000000
231.115200 2056.432000 249.811200 1512.798400 1.000000
204.083200 2696.704000 250.577600 2095.472000 1.000000
218.004800 2355.200000 251.019200 1786.160000 1.000000
212.670400 2481.504000 251.228800 1904.704000 1.000000
231.620800 2122.832000 252.640000 1572.499200 1.000000
230.955200 2138.720000 253.212800 1591.132800 1.000000
211.396800 2687.184000 256.771200 2087.584000 1.000000
219.384000 2498.928000 256.792000 1918.160000 1.000000
237.518400 2108.928000 258.702400 1562.340800 1.000000
252.600000 1808.944000 258.894400 1272.532800 1.000000
223.051200 2473.184000 260.144000 1893.776000 1.000000
218.776000 2617.760000 261.120000 2026.384000 1.000000
246.779200 1962.944000 261.299200 1424.660800 1.000000
210.411200 2817.936000 262.507200 2205.040000 1.000000
217.612800 2780.288000 267.654400 2171.104000 1.000000
223.542400 2679.600000 268.683200 2081.232000 1.000000
220.393600 2734.512000 269.222400 2129.040000 1.000000
214.248000 2945.200000 271.128000 2335.952000 1.000000
265.899200 1774.752000 271.448000 1237.465600 1.000000
254.393600 2070.928000 273.164800 1528.193600 1.000000
220.716800 2811.168000 273.174400 2199.456000 1.000000
230.185600 2656.928000 273.724800 2061.088000 1.000000
231.779200 2584.432000 274.628800 1997.984000 1.000000
336.544000 714.129600 280.971200 102.663040 1.000000
260.316800 2135.888000 282.228800 1590.204800 1.000000
244.092800 2568.368000 282.902400 1981.696000 1.000000
236.278400 2689.072000 283.192000 2089.168000 1.000000
295.684800 1526.865600 283.464000 977.627200 1.000000
281.451200 1751.248000 283.572800 1215.076800 1.000000
280.620800 1763.776000 284.710400 1230.152000 1.000000
246.179200 2608.528000 289.928000 2019.936000 1.000000
329.865600 789.057600 290.800000 177.331200 1.000000
282.584000 1817.984000 291.060800 1284.046400 1.000000
237.489600 2947.776000 292.883200 2331.808000 1.000000
253.313600 2558.464000 294.763200 1971.072000 1.000000
291.252800 1793.632000 295.196800 1257.051200 1.000000
266.011200 2321.536000 295.216000 1753.760000 1.000000
328.417600 950.867200 296.905600 360.907200 1.000000
327.779200 959.779200 297.022400 370.587200 1.000000
329.753600 923.601600 297.668800 329.828800 1.000000
336.758400 786.102400 299.308800 175.300800 1.000000
319.062400 1214.387200 299.798400 627.393600 1.000000
332.016000 955.849600 300.856000 366.286400 1.000000
336.496000 838.742400 300.924800 234.969600 1.000000
338.273600 826.204800 301.609600 221.262400 1.000000
294.244800 1856.864000 303.724800 1322.918400 1.000000
282.553600 2101.552000 303.827200 1559.235200 1.000000
257.544000 2618.512000 304.457600 2033.664000 1.000000
323.048000 1289.417600 305.444800 720.524800 1.000000
273.662400 2352.224000 305.964800 1784.560000 1.000000
320.939200 1455.646400 306.748800 875.732800 1.000000
337.392000 968.080000 306.910400 380.534400 1.000000
329.076800 1120.500800 306.939200 536.585600 1.000000
338.928000 939.561600 307.536000 349.212800 1.000000
339.443200 976.243200 308.971200 389.334400 1.000000
345.676800 813.099200 309.796800 206.281600 1.000000
342.928000 892.857600 309.844800 295.352000 1.000000
347.150400 837.736000 311.556800 235.272000 1.000000
344.468800 921.025600 311.641600 328.368000 1.000000
345.806400 876.822400 311.899200 277.448000 1.000000
348.081600 848.097600 313.668800 246.638400 1.000000
347.412800 869.089600 313.843200 268.513600 1.000000
350.792000 790.232000 314.217600 180.564800 1.000000
351.966400 764.043200 314.569600 150.289920 1.000000
350.971200 823.878400 315.256000 218.240000 1.000000
345.561600 968.364800 315.355200 380.732800 1.000000
313.051200 1742.672000 315.881600 1207.142400 1.000000
298.736000 2030.496000 316.620800 1490.035200 1.000000
294.603200 2067.808000 317.150400 1528.089600 1.000000
352.497600 892.048000 320.168000 295.934400 1.000000
318.291200 1719.216000 320.310400 1184.486400 1.000000
355.912000 837.560000 321.472000 234.649600 1.000000
302.486400 2101.936000 322.992000 1560.259200 1.000000
358.172800 777.276800 323.403200 166.977600 1.000000
298.532800 2147.616000 323.521600 1597.854400 1.000000
355.540800 939.011200 324.892800 348.244800 1.000000
357.280000 902.390400 325.313600 306.697600 1.000000
358.809600 862.529600 325.452800 262.860800 1.000000
327.236800 1720.144000 328.491200 1187.784000 1.000000
364.329600 828.003200 329.835200 224.195200 1.000000
365.504000 808.312000 330.315200 201.387200 1.000000
340.030400 1491.456000 330.433600 917.857600 1.000000
368.579200 788.433600 330.617600 178.824000 1.000000
351.675200 1168.057600 331.147200 594.892800 1.000000
349.841600 1275.220800 331.353600 706.691200 1.000000
368.028800 770.132800 331.500800 158.846240 1.000000
323.491200 1857.744000 332.129600 1322.881600 1.000000
312.100800 2094.848000 332.134400 1552.496000 1.000000
361.828800 987.104000 332.996800 401.881600 1.000000
343.896000 1346.683200 333.084800 778.278400 1.000000
367.947200 858.688000 335.108800 258.851200 1.000000
318.411200 2052.816000 337.246400 1513.729600 1.000000
289.334400 2810.496000 337.803200 2226.096000 1.000000
374.494400 761.865600 338.289600 148.520960 1.000000
374.600000 769.844800 338.456000 156.670720 1.000000
321.737600 2039.616000 339.768000 1500.992000 1.000000
336.318400 1797.488000 343.420800 1265.539200 1.000000
298.265600 2804.624000 344.763200 2220.848000 1.000000
357.131200 1478.067200 346.888000 904.683200 1.000000
300.516800 2796.000000 347.025600 2214.000000 1.000000
382.038400 817.419200 347.520000 211.552000 1.000000
372.755200 1102.995200 348.008000 519.932800 1.000000
300.433600 2838.688000 348.288000 2245.952000 1.000000
386.796800 827.491200 353.344000 224.052800 1.000000
320.566400 2796.576000 366.412800 2214.592000 1.000000
384.400000 1329.038400 368.008000 764.190400 1.000000
404.288000 1250.532800 386.076800 684.633600 1.000000
399.326400 1360.899200 387.462400 794.110400 1.000000
419.297600 809.827200 388.641600 207.804800 1.000000
407.380800 1264.060800 391.489600 700.094400 1.000000
346.977600 2858.720000 391.894400 2266.320000 1.000000
407.252800 1292.648000 392.110400 730.193600 1.000000
415.852800 1078.268800 394.368000 503.849600 1.000000
420.457600 1148.299200 401.140800 572.721600 1.000000
444.123200 767.956800 408.459200 143.238240 1.000000
442.420800 828.092800 414.393600 230.284800 1.000000
445.931200 822.003200 419.864000 231.161600 1.000000
478.294400 1056.102400 451.593600 538.824000 1.000000
412.294400 2870.976000 457.571200 2277.712000 1.000000
489.187200 1320.793600 479.340800 756.702400 1.000000
444.904000 2723.488000 481.830400 2154.720000 1.000000
457.622400 2713.072000 493.961600 2145.488000 1.000000
460.366400 2699.136000 495.964800 2131.072000 1.000000
471.329600 2703.504000 505.996800 2136.768000 1.000000
474.827200 2591.424000 506.776000 2040.816000 1.000000
532.766400 968.944000 508.560000 392.507200 1.000000
531.582400 948.998400 509.244800 374.358400 1.000000
480.566400 2541.520000 512.238400 1990.640000 1.000000
542.640000 704.086400 514.787200 94.656320 1.000000
487.131200 2547.152000 518.688000 1996.544000 1.000000
491.734400 2559.920000 522.945600 2009.648000 1.000000
485.260800 2492.352000 526.064000 1812.304000 1.000000
554.254400 697.929600 527.966400 86.807360 1.000000
555.092800 666.622400 530.022400 47.467040 1.000000
499.009600 2548.624000 532.374400 1995.680000 1.000000
512.190400 2696.000000 545.873600 2131.744000 1.000000
515.940800 2717.376000 550.393600 2152.960000 1.000000
563.412800 1719.872000 566.232000 1211.780800 1.000000
572.230400 1660.432000 572.184000 1147.310400 1.000000
576.176000 1731.808000 580.614400 1219.500800 1.000000
585.852800 1716.880000 588.048000 1205.761600 1.000000
590.956800 1734.336000 594.219200 1223.510400 1.000000
624.980800 733.588800 601.056000 132.412800 1.000000
526.550400 2718.720000 601.646400 2154.640000 1.000000
603.283200 3002.400000 605.700800 2749.280000 1.000000
602.481600 2510.768000 618.364800 1974.768000 1.000000
642.766400 750.920000 620.200000 155.804800 1.000000
594.614400 2722.144000 620.960000 2159.616000 1.000000
652.244800 761.848000 630.481600 168.051200 1.000000
637.120000 1711.200000 638.720000 1203.184000 1.000000
645.792000 1591.971200 644.537600 1081.668800 1.000000
643.640000 1684.768000 644.806400 1176.702400 1.000000
666.598400 845.507200 645.747200 265.560000 1.000000
666.420800 881.337600 646.868800 302.806400 1.000000
647.868800 1699.152000 649.110400 1192.625600 1.000000
670.849600 775.628800 649.742400 180.027200 1.000000
670.675200 860.428800 652.580800 281.910400 1.000000
643.096000 2038.064000 654.657600 1373.067200 1.000000
657.203200 1682.528000 658.715200 1176.028800 1.000000
660.019200 1583.078400 659.529600 1073.265600 1.000000
673.619200 2995.696000 660.048000 2923.072000 1.000000
669.334400 1599.784000 668.672000 1092.784000 1.000000
645.304000 2672.160000 672.798400 2115.968000 1.000000
651.998400 2474.672000 673.675200 1938.848000 1.000000
649.739200 2696.768000 677.428800 2137.792000 1.000000
653.752000 2647.296000 679.964800 2094.688000 1.000000
655.667200 2708.848000 682.723200 2150.480000 1.000000
659.089600 2488.128000 682.755200 1952.464000 1.000000
704.224000 1125.388800 687.851200 535.750400 1.000000
667.339200 2501.024000 690.432000 1963.472000 1.000000
711.686400 997.617600 696.908800 432.857600 1.000000
686.776000 2481.120000 708.358400 1947.232000 1.000000
674.510400 2758.128000 709.523200 2199.296000 1.000000
733.958400 1107.512000 719.441600 520.960000 1.000000
744.081600 1125.473600 730.224000 539.393600 1.000000
707.576000 2760.528000 732.166400 2197.824000 1.000000
728.953600 1693.392000 733.785600 1191.713600 1.000000
733.790400 1655.264000 735.651200 1150.768000 1.000000
728.947200 1923.488000 736.883200 1422.627200 1.000000
738.388800 1289.401600 736.979200 678.022400 1.000000
737.443200 1601.328000 737.267200 1097.212800 1.000000
720.985600 2678.272000 744.459200 2126.336000 1.000000
757.238400 900.452800 745.307200 334.353600 1.000000
774.380800 766.761600 760.833600 176.846400 1.000000
793.032000 952.244800 780.158400 390.920000 1.000000
772.065600 2339.600000 788.073600 1823.920000 1.000000
767.820800 2768.464000 789.408000 2206.752000 1.000000
806.398400 740.932800 790.507200 150.006560 1.000000
776.724800 2314.656000 791.859200 1799.904000 1.000000
789.224000 2282.320000 804.281600 1766.960000 1.000000
821.492800 773.865600 809.822400 188.107200 1.000000
806.547200 1780.640000 810.427200 1282.385600 1.000000
817.665600 1591.414400 816.883200 1095.153600 1.000000
836.784000 759.851200 825.612800 174.980800 1.000000
839.062400 803.043200 827.475200 224.766400 1.000000
836.801600 1573.678400 836.497600 1077.608000 1.000000
860.720000 1970.864000 866.105600 1483.883200 1.000000
879.153600 767.713600 870.676800 189.995200 1.000000
858.784000 2549.616000 873.318400 2016.816000 1.000000
877.054400 2626.592000 888.840000 2087.296000 1.000000
883.128000 2253.296000 892.296000 1748.816000 1.000000
883.945600 2209.392000 893.168000 1707.248000 1.000000
904.771200 1944.288000 910.283200 1454.068800 1.000000
909.412800 2596.096000 921.996800 2062.896000 1.000000
972.851200 2848.080000 956.740800 2279.792000 1.000000
1017.678400 2652.528000 1021.078400 2118.352000 1.000000
1020.552000 1837.824000 1025.715200 1307.534400 1.000000
1126.595200 2393.744000 1125.100800 1890.768000 1.000000
1159.156800 2386.720000 1156.784000 1887.888000 1.000000
1169.454400 2155.792000 1169.313600 1673.040000 1.000000
1178.603200 2172.144000 1176.385600 1690.944000 1.000000
1197.622400 2644.992000 1186.569600 2124.752000 1.000000
1184.110400 1169.012800 1187.860800 664.054400 1.000000
1188.568000 1184.921600 1193.542400 682.041600 1.000000
1198.968000 1200.212800 1204.241600 699.825600 1.000000
1196.857600 1030.251200 1204.328000 509.156800 1.000000
1220.628800 1226.030400 1220.102400 730.996800 1.000000
1216.006400 1198.259200 1222.848000 699.433600 1.000000
1220.492800 1023.963200 1228.804800 504.480000 1.000000
1220.704000 1014.004800 1230.409600 494.313600 1.000000
1261.459200 2621.536000 1252.075200 2103.056000 1.000000
1269.352000 2633.088000 1256.888000 2114.704000 1.000000
1248.350400 1095.852800 1257.689600 584.497600 1.000000
1332.532800 2608.096000 1316.638400 2094.816000 1.000000
1347.484800 3002.752000 1322.392000 2458.528000 1.000000
1312.052800 1057.459200 1327.926400 552.611200 1.000000
1353.206400 2916.432000 1331.092800 2338.128000 1.000000
1355.616000 2677.056000 1340.275200 2156.656000 1.000000
1374.881600 2813.632000 1345.252800 2268.256000 1.000000
1367.241600 2556.720000 1352.915200 2051.088000 1.000000
1369.075200 2580.624000 1353.784000 2072.224000 1.000000
1374.529600 2615.072000 1357.924800 2101.520000 1.000000
1392.691200 2550.800000 1375.852800 2047.200000 1.000000
1408.395200 2581.328000 1388.240000 2075.744000 1.000000
1407.196800 2600.544000 1389.840000 2093.616000 1.000000
1407.891200 2559.632000 1390.017600 2056.416000 1.000000
1430.798400 1275.321600 1443.382400 795.854400 1.000000
1435.035200 1196.611200 1446.992000 704.041600 1.000000
1439.841600 1435.385600 1448.272000 967.308800 1.000000
1444.345600 1247.536000 1457.345600 765.886400 1.000000
1443.552000 1190.401600 1458.432000 703.544000 1.000000
1448.684800 1408.334400 1458.609600 940.364800 1.000000
1451.081600 1388.484800 1460.140800 917.427200 1.000000
1451.398400 1297.504000 1463.785600 821.574400 1.000000
1453.068800 1245.673600 1466.558400 765.630400 1.000000
1454.174400 1216.411200 1467.760000 731.964800 1.000000
1455.236800 1254.937600 1468.635200 775.497600 1.000000
1455.166400 1204.520000 1469.544000 719.108800 1.000000
1461.724800 1277.843200 1473.304000 799.950400 1.000000
1462.880000 1261.982400 1476.060800 783.387200 1.000000
1463.334400 1247.204800 1476.867200 766.761600 1.000000
1480.276800 1418.324800 1491.011200 952.604800 1.000000
1478.688000 1235.272000 1492.713600 753.795200 1.000000
1531.891200 1329.681600 1545.390400 865.123200 1.000000
1569.932800 2357.024000 1547.252800 1881.376000 1.000000
1535.422400 1345.542400 1548.257600 881.683200 1.000000
1571.859200 2334.800000 1549.884800 1861.488000 1.000000
1573.248000 2311.424000 1551.769600 1839.520000 1.000000
1578.251200 2153.888000 1562.384000 1695.760000 1.000000
1297.587200 2822.336000 1563.352000 2263.840000 1.000000
1580.616000 2134.992000 1565.176000 1677.248000 1.000000
1588.028800 2349.312000 1565.710400 1877.264000 1.000000
1583.046400 2142.512000 1569.177600 1683.120000 1.000000
1585.718400 2124.608000 1569.577600 1667.552000 1.000000
1594.721600 2363.888000 1571.308800 1890.640000 1.000000
1595.470400 2340.704000 1574.606400 1868.704000 1.000000
1590.302400 2145.056000 1574.808000 1686.976000 1.000000
1559.688000 1211.155200 1577.243200 731.148800 1.000000
1534.793600 574.968000 1577.656000 59.476640 1.000000
1561.065600 1227.961600 1579.048000 747.680000 1.000000
1595.966400 2148.944000 1579.361600 1691.552000 1.000000
1558.950400 1067.969600 1585.113600 563.470400 1.000000
1601.552000 2145.808000 1585.848000 1688.576000 1.000000
1546.956800 609.868800 1587.915200 101.525600 1.000000
1575.107200 1222.468800 1592.217600 741.880000 1.000000
1580.504000 1356.993600 1593.948800 898.204800 1.000000
1623.104000 2146.352000 1605.024000 1688.832000 1.000000
1602.192000 1382.432000 1614.960000 926.113600 1.000000
1605.440000 1368.862400 1617.952000 911.888000 1.000000
1660.032000 620.689600 1710.896000 117.191680 1.000000
1670.560000 620.854400 1722.880000 120.036800 1.000000
1683.232000 602.496000 1738.192000 102.716960 1.000000
1710.896000 659.312000 1763.056000 163.260800 1.000000
1720.752000 593.179200 1778.688000 91.891840 1.000000
1835.136000 2557.328000 1791.488000 2073.440000 1.000000
1739.056000 590.894400 1798.352000 91.441600 1.000000
1743.216000 611.252800 1801.552000 113.428160 1.000000
1744.240000 602.606400 1803.824000 103.793120 1.000000
1743.808000 588.724800 1804.432000 90.110080 1.000000
1752.896000 646.467200 1809.792000 154.046560 1.000000
1754.816000 611.084800 1814.944000 114.859840 1.000000
1763.584000 633.449600 1822.768000 140.043680 1.000000
1765.760000 626.312000 1825.216000 132.270720 1.000000
1766.400000 649.908800 1825.792000 156.088800 1.000000
1766.448000 600.252800 1829.472000 106.108480 1.000000
1771.408000 622.120000 1831.872000 128.139360 1.000000
1779.216000 665.492800 1837.008000 175.806400 1.000000
1785.792000 621.299200 1847.264000 128.549760 1.000000
1919.312000 2761.552000 1857.584000 2248.944000 1.000000
1827.072000 573.760000 1895.920000 76.333920 1.000000
1837.696000 611.320000 1904.288000 119.663360 1.000000
1984.384000 2685.840000 1921.408000 2186.048000 1.000000
1864.272000 657.240000 1928.976000 172.916800 1.000000
1862.704000 579.721600 1932.192000 86.421760 1.000000
1994.000000 2585.680000 1935.408000 2100.560000 1.000000
1872.256000 649.873600 1938.032000 166.041600 1.000000
2022.880000 2878.336000 1941.008000 2465.760000 1.000000
1914.288000 1266.851200 1941.040000 814.075200 1.000000
2023.072000 2901.104000 1943.408000 2394.416000 1.000000
1879.760000 637.745600 1947.232000 153.477120 1.000000
1886.672000 663.968000 1951.360000 180.808000 1.000000
2017.488000 2680.816000 1951.840000 2182.032000 1.000000
2013.648000 2632.128000 1952.000000 2141.616000 1.000000
1889.888000 640.732800 1957.360000 158.204320 1.000000
1915.936000 854.590400 1972.800000 340.643200 1.000000
2048.944000 2794.352000 1973.744000 2280.672000 1.000000
1901.072000 562.723200 1976.912000 67.818080 1.000000
1906.016000 631.800000 1977.696000 147.816160 1.000000
1923.760000 877.494400 1979.456000 367.398400 1.000000
1928.192000 866.905600 1983.152000 354.372800 1.000000
1937.200000 884.859200 1993.424000 377.435200 1.000000
1951.632000 1093.657600 1993.600000 615.136000 1.000000
2066.464000 2682.496000 1997.904000 2186.560000 1.000000
2076.128000 2793.968000 1998.176000 2281.488000 1.000000
2076.688000 2701.632000 2006.416000 2205.216000 1.000000
2085.712000 2769.520000 2009.872000 2261.648000 1.000000
2085.856000 2745.184000 2010.944000 2243.024000 1.000000
1930.032000 528.657600 2011.264000 29.617440 1.000000
1956.032000 880.480000 2013.664000 373.121600 1.000000
2086.256000 2713.776000 2013.840000 2215.424000 1.000000
2093.536000 2775.808000 2016.016000 2268.800000 1.000000
1960.768000 870.209600 2017.120000 362.161600 1.000000
2091.616000 2727.504000 2017.200000 2228.368000 1.000000
2088.544000 2677.696000 2017.712000 2182.848000 1.000000
2094.240000 2756.880000 2017.920000 2253.184000 1.000000
2093.088000 2698.464000 2021.360000 2203.360000 1.000000
1953.664000 663.582400 2024.960000 187.204800 1.000000
2105.248000 2765.536000 2026.112000 2262.592000 1.000000
2099.584000 2685.824000 2027.664000 2192.256000 1.000000
2105.856000 2741.408000 2029.632000 2242.288000 1.000000
2103.968000 2711.120000 2029.856000 2215.808000 1.000000
1957.520000 648.412800 2031.264000 170.646400 1.000000
2118.672000 2802.240000 2037.104000 2291.344000 1.000000
1980.336000 872.121600 2039.888000 364.716800 1.000000
2107.520000 2614.672000 2040.656000 2138.176000 1.000000
1980.480000 684.512000 2051.536000 210.966400 1.000000
1994.576000 923.726400 2051.808000 422.907200 1.000000
1983.328000 666.857600 2053.648000 193.144000 1.000000
1982.016000 632.148800 2056.752000 155.283360 1.000000
2134.096000 2688.624000 2057.472000 2196.816000 1.000000
1991.504000 678.057600 2063.040000 206.084800 1.000000
1993.264000 614.444800 2071.840000 135.053920 1.000000
1909.680000 1014.907200 2071.872000 650.468800 1.000000
1988.400000 534.001600 2072.944000 41.024960 1.000000
2121.536000 2124.816000 2073.184000 2053.632000 1.000000
2003.120000 635.942400 2080.128000 159.295360 1.000000
2022.784000 877.123200 2084.640000 373.825600 1.000000
2014.384000 669.780800 2090.112000 198.408000 1.000000
2010.032000 543.102400 2094.208000 55.307040 1.000000
2031.296000 870.012800 2094.992000 364.635200 1.000000
2017.344000 621.443200 2097.536000 144.413920 1.000000
2020.592000 605.238400 2102.368000 126.176320 1.000000
2033.936000 797.996800 2103.632000 287.689600 1.000000
2073.920000 918.012800 2134.816000 420.412800 1.000000
2065.536000 778.998400 2137.664000 274.390400 1.000000
2077.696000 855.382400 2140.784000 339.912000 1.000000
2061.328000 553.425600 2151.024000 66.856000 1.000000
2137.008000 855.134400 2205.856000 348.745600 1.000000
2125.728000 613.873600 2216.688000 106.379200 1.000000
2488.608000 1901.312000 2512.096000 2031.008000 1.000000
2615.072000 1693.584000 2562.432000 1986.960000 1.000000
2696.176000 1501.283200 2659.024000 1823.152000 1.000000
2765.136000 1595.025600 2712.064000 1967.984000 1.000000
3628.720000 1730.736000 3489.648000 1929.296000 1.000000
3774.608000 2196.144000 3549.312000 2749.568000 1.000000
3519.392000 240.948800 3721.936000 200.662400 1.000000
3529.040000 219.292800 3734.688000 182.678400 1.000000
3535.568000 197.112000 3744.144000 160.595200 1.000000
3698.192000 28.737600 3949.488000 30.229120 1.000000
