353.963200 2481.184000 476.016000 1720.496000 1.000000
342.817600 2612.048000 610.304000 1727.488000 1.000000
673.619200 2995.696000 888.758400 447.670400 1.000000
907.422400 2585.760000 1075.982400 154.148800 1.000000
1017.678400 2652.528000 1194.715200 241.617600 1.000000
1261.459200 2621.536000 1435.804800 258.752000 1.000000
1358.851200 2591.616000 1530.094400 246.582400 1.000000
1367.241600 2556.720000 1545.160000 212.680000 1.000000
1522.670400 2597.488000 1696.000000 284.481600 1.000000
1588.028800 2349.312000 1786.880000 38.142880 1.000000
1805.072000 2520.112000 1991.936000 260.659200 1.000000
1976.032000 2629.680000 2149.712000 354.188800 1.000000
2002.336000 2694.192000 2159.216000 421.777600 1.000000
2017.488000 2680.816000 2175.856000 412.297600 1.000000
2015.744000 2607.008000 2190.016000 341.033600 1.000000
2054.576000 2642.608000 2220.816000 381.091200 1.000000
2066.464000 2682.496000 2224.816000 422.672000 1.000000
2076.688000 2701.632000 2229.712000 442.998400 1.000000
2093.536000 2775.808000 2230.784000 506.950400 1.000000
2094.240000 2756.880000 2233.648000 493.796800 1.000000
2091.616000 2727.504000 2238.288000 467.588800 1.000000
2088.544000 2677.696000 2246.304000 420.608000 1.000000
2118.672000 2802.240000 2247.104000 537.147200 1.000000
2103.968000 2711.120000 2252.064000 456.526400 1.000000
2111.808000 2691.024000 2266.352000 440.278400 1.000000
