87.994560 2427.440000 309.944000 361.451200 1.000000
117.077440 2573.632000 370.241600 508.643200 1.000000
225.038400 2140.992000 384.769600 95.416160 1.000000
164.819200 2470.256000 394.300800 409.619200 1.000000
216.043200 2260.800000 396.734400 184.198400 1.000000
225.344000 2443.952000 447.785600 383.251200 1.000000
293.556800 2086.032000 451.614400 50.981600 1.000000
231.422400 2491.488000 462.345600 431.758400 1.000000
240.488000 2509.152000 474.241600 449.230400 1.000000
209.406400 2696.304000 482.523200 621.918400 1.000000
259.270400 2533.520000 499.750400 473.083200 1.000000
246.179200 2608.528000 502.435200 547.353600 1.000000
4.111328 1045.067200 586.875200 7.056656 1.000000
500.427200 834.488000 685.259200 29.132480 1.000000
519.550400 2704.192000 785.009600 741.867200 1.000000
602.481600 2510.768000 815.041600 581.593600 1.000000
609.840000 2693.392000 867.945600 744.195200 1.000000
659.089600 2488.128000 886.187200 555.419200 1.000000
639.689600 2717.248000 895.708800 765.700800 1.000000
649.739200 2696.768000 904.060800 750.619200 1.000000
789.224000 2282.320000 988.508800 369.348800 1.000000
819.968000 2047.536000 990.131200 110.537280 1.000000
802.150400 2202.144000 993.081600 284.420800 1.000000
877.724800 2307.504000 1080.641600 406.350400 1.000000
864.753600 2641.680000 1098.574400 733.131200 1.000000
1017.678400 2652.528000 1243.264000 763.027200 1.000000
1915.808000 2923.552000 1614.048000 1674.544000 1.000000
1587.860800 2380.992000 1785.680000 373.910400 1.000000
1588.028800 2349.312000 1789.488000 564.779200 1.000000
1916.784000 3016.176000 1959.840000 1628.976000 1.000000
1835.136000 2557.328000 2008.448000 791.756800 1.000000
2022.880000 2878.336000 2099.200000 1290.123200 1.000000
1976.032000 2629.680000 2134.704000 842.729600 1.000000
2002.336000 2694.192000 2146.464000 905.844800 1.000000
2017.488000 2680.816000 2161.504000 895.249600 1.000000
2015.744000 2607.008000 2172.304000 830.505600 1.000000
2054.576000 2642.608000 2202.368000 868.483200 1.000000
2076.688000 2701.632000 2213.648000 922.995200 1.000000
2093.536000 2775.808000 2217.648000 982.516800 1.000000
2094.240000 2756.880000 2220.672000 969.320000 1.000000
2091.616000 2727.504000 2223.040000 944.998400 1.000000
2089.264000 2714.208000 2224.016000 934.254400 1.000000
2095.952000 2740.704000 2224.624000 956.816000 1.000000
2105.248000 2765.536000 2227.536000 977.131200 1.000000
2088.544000 2677.696000 2228.288000 902.776000 1.000000
2103.968000 2711.120000 2235.344000 934.491200 1.000000
2099.584000 2685.824000 2237.104000 911.350400 1.000000
2118.672000 2802.240000 2237.136000 1006.756800 1.000000
2084.192000 2594.752000 2239.968000 830.700800 1.000000
2111.808000 2691.024000 2247.104000 918.982400 1.000000
