76.739840 1256.633600 31.558720 2820.944000 1.000000
84.669600 1079.030400 101.250080 2583.312000 1.000000
128.433920 1081.044800 146.644640 2583.072000 1.000000
163.528000 930.025600 222.268800 2386.320000 1.000000
375.796800 1397.284800 344.419200 2896.224000 1.000000
356.864000 1234.208000 357.598400 2698.144000 1.000000
317.406400 981.769600 364.960000 2422.896000 1.000000
368.540800 1266.739200 365.028800 2727.792000 1.000000
325.940800 907.908800 386.915200 2350.768000 1.000000
332.185600 929.880000 388.035200 2372.656000 1.000000
330.579200 912.244800 390.948800 2355.472000 1.000000
338.928000 939.561600 392.534400 2381.040000 1.000000
342.057600 953.468800 394.576000 2393.648000 1.000000
401.652800 1276.180800 395.308800 2737.008000 1.000000
345.561600 968.364800 395.334400 2408.432000 1.000000
402.633600 1262.427200 398.403200 2725.056000 1.000000
344.468800 921.025600 402.390400 2362.144000 1.000000
354.457600 977.523200 402.846400 2417.552000 1.000000
407.380800 1264.060800 403.196800 2726.384000 1.000000
403.593600 1229.816000 404.512000 2694.208000 1.000000
342.928000 892.857600 404.987200 2336.176000 1.000000
345.982400 976.355200 408.022400 2418.528000 1.000000
349.473600 911.640000 409.323200 2354.272000 1.000000
355.540800 939.011200 410.657600 2380.336000 1.000000
345.806400 876.822400 411.116800 2321.392000 1.000000
347.412800 869.089600 413.401600 2312.400000 1.000000
352.497600 892.048000 415.840000 2335.232000 1.000000
357.280000 902.390400 418.955200 2345.824000 1.000000
448.884800 1347.040000 423.449600 2845.408000 1.000000
356.308800 847.280000 425.235200 2292.768000 1.000000
365.291200 893.510400 426.134400 2336.496000 1.000000
354.732800 748.464000 437.425600 2202.128000 1.000000
369.601600 839.216000 439.089600 2285.376000 1.000000
358.172800 777.276800 441.358400 2230.640000 1.000000
372.665600 800.107200 447.752000 2248.032000 1.000000
348.545600 572.052800 454.078400 2057.296000 1.000000
482.065600 1392.891200 485.104000 2759.840000 1.000000
439.300800 835.790400 506.390400 2276.368000 1.000000
445.931200 822.003200 515.731200 2260.944000 1.000000
381.947200 418.433600 545.595200 1788.944000 1.000000
492.982400 920.067200 567.692800 2263.328000 1.000000
492.289600 912.731200 572.489600 2243.648000 1.000000
483.582400 471.110400 631.236800 1827.264000 1.000000
652.689600 2460.048000 721.585600 2999.488000 1.000000
659.640000 847.616000 727.041600 2256.032000 1.000000
668.643200 752.048000 745.819200 2171.024000 1.000000
757.238400 900.452800 814.086400 2292.352000 1.000000
764.276800 899.150400 821.534400 2289.760000 1.000000
764.792000 890.732800 832.420800 2289.120000 1.000000
820.233600 892.865600 878.649600 2281.520000 1.000000
848.136000 1186.550400 880.262400 2550.896000 1.000000
995.939200 553.051200 1094.449600 1858.784000 1.000000
1018.803200 557.510400 1112.836800 1862.576000 1.000000
994.272000 44.283360 1133.894400 1376.633600 1.000000
1004.011200 55.337280 1143.633600 1383.136000 1.000000
1050.972800 505.139200 1146.257600 1813.168000 1.000000
1052.712000 442.656000 1151.024000 1763.136000 1.000000
1087.910400 538.891200 1178.265600 1839.456000 1.000000
1092.556800 555.752000 1180.505600 1853.632000 1.000000
1045.755200 514.568000 1185.926400 1318.126400 1.000000
1129.241600 520.396800 1216.572800 1820.832000 1.000000
1132.446400 546.656000 1217.553600 1841.568000 1.000000
1196.857600 1030.251200 1248.230400 2360.672000 1.000000
1216.006400 1198.259200 1260.804800 2525.456000 1.000000
1424.032000 1197.859200 1474.897600 2513.088000 1.000000
1423.603200 1164.128000 1475.259200 2480.816000 1.000000
1423.270400 1293.745600 1476.524800 2616.544000 1.000000
1430.798400 1275.321600 1481.990400 2587.488000 1.000000
1453.068800 1245.673600 1505.592000 2554.896000 1.000000
1462.880000 1261.982400 1516.916800 2572.016000 1.000000
1461.724800 1277.843200 1518.105600 2588.208000 1.000000
1478.688000 1235.272000 1531.123200 2542.192000 1.000000
1534.793600 574.968000 1584.974400 1836.288000 1.000000
1558.632000 589.409600 1605.936000 1844.704000 1.000000
1613.344000 589.832000 1656.432000 1841.936000 1.000000
1606.048000 1062.755200 1658.016000 2365.856000 1.000000
1683.312000 623.484800 1721.552000 1866.608000 1.000000
1701.344000 337.180800 1725.616000 1624.832000 1.000000
1741.024000 164.924800 1759.904000 1417.436800 1.000000
1730.960000 609.203200 1765.552000 1848.928000 1.000000
1751.888000 434.329600 1773.600000 1703.088000 1.000000
1742.336000 617.009600 1775.296000 1855.904000 1.000000
1766.448000 600.252800 1795.472000 1838.384000 1.000000
1766.400000 649.908800 1798.480000 1886.288000 1.000000
1778.272000 619.435200 1805.056000 1851.968000 1.000000
1783.024000 592.168000 1810.704000 1832.064000 1.000000
1811.056000 125.110240 1814.896000 1382.352000 1.000000
1784.512000 652.824000 1815.008000 1886.720000 1.000000
1788.320000 636.147200 1817.728000 1870.032000 1.000000
1796.096000 684.019200 1827.568000 1917.776000 1.000000
1810.720000 609.227200 1836.880000 1845.760000 1.000000
1819.616000 573.344000 1842.016000 1812.752000 1.000000
1820.240000 558.584000 1844.528000 1802.720000 1.000000
1846.640000 178.371200 1846.048000 1421.992000 1.000000
1855.440000 181.518400 1854.784000 1424.056000 1.000000
1862.464000 344.164800 1867.552000 1616.112000 1.000000
1887.152000 200.072000 1880.784000 1440.046400 1.000000
1862.704000 579.721600 1881.072000 1814.864000 1.000000
1868.432000 528.961600 1883.616000 1774.048000 1.000000
1884.304000 350.771200 1886.048000 1620.592000 1.000000
1897.392000 349.608000 1896.112000 1618.992000 1.000000
1882.048000 550.532800 1897.200000 1788.848000 1.000000
1886.336000 532.329600 1898.576000 1773.120000 1.000000
1877.072000 664.553600 1902.704000 1888.320000 1.000000
1890.944000 543.257600 1906.272000 1785.184000 1.000000
1915.344000 210.526400 1906.944000 1444.086400 1.000000
1915.200000 197.043200 1907.360000 1431.209600 1.000000
1911.664000 459.259200 1917.072000 1712.352000 1.000000
1912.368000 499.166400 1919.776000 1746.256000 1.000000
1919.984000 398.377600 1921.856000 1660.512000 1.000000
1937.936000 198.352000 1923.840000 1433.584000 1.000000
1922.000000 450.940800 1924.336000 1703.184000 1.000000
1884.416000 850.129600 1926.416000 2159.680000 1.000000
1931.232000 448.539200 1933.232000 1701.248000 1.000000
1958.448000 138.469440 1937.376000 1380.961600 1.000000
1952.512000 416.628800 1947.424000 1670.400000 1.000000
1944.992000 535.660800 1953.776000 1773.216000 1.000000
1948.144000 521.689600 1955.888000 1761.744000 1.000000
1923.760000 877.494400 1959.840000 2186.976000 1.000000
1957.040000 495.611200 1961.216000 1738.816000 1.000000
1986.624000 202.166400 1966.816000 1430.555200 1.000000
1972.352000 418.921600 1967.712000 1673.984000 1.000000
1953.664000 663.582400 1971.712000 1880.288000 1.000000
1978.256000 468.620800 1976.640000 1714.208000 1.000000
1960.464000 689.316800 1979.664000 1903.600000 1.000000
1985.008000 422.697600 1979.856000 1673.200000 1.000000
1914.288000 1266.851200 1984.512000 2556.320000 1.000000
1931.120000 1078.462400 1988.048000 2373.472000 1.000000
2013.584000 259.033600 1990.768000 1490.321600 1.000000
1960.768000 870.209600 1991.648000 2176.992000 1.000000
2014.672000 273.136000 1996.848000 1503.670400 1.000000
1980.480000 684.512000 1998.880000 1898.624000 1.000000
2005.600000 428.752000 1999.184000 1680.064000 1.000000
1993.264000 614.444800 2003.728000 1832.240000 1.000000
1967.872000 886.299200 2005.360000 2194.576000 1.000000
2039.024000 164.563200 2006.144000 1394.427200 1.000000
2040.896000 176.704000 2008.336000 1404.156800 1.000000
1999.056000 683.048000 2015.248000 1895.504000 1.000000
2033.056000 409.760000 2019.760000 1660.000000 1.000000
2028.400000 467.046400 2020.672000 1707.216000 1.000000
2054.912000 211.838400 2024.336000 1433.808000 1.000000
2067.536000 163.809600 2029.936000 1391.830400 1.000000
2012.448000 767.371200 2031.456000 2080.640000 1.000000
1994.576000 923.726400 2034.128000 2227.952000 1.000000
2031.152000 679.659200 2045.312000 1888.960000 1.000000
2085.488000 266.899200 2055.056000 1489.411200 1.000000
2031.712000 849.446400 2060.304000 2152.784000 1.000000
2106.400000 269.363200 2070.688000 1491.532800 1.000000
2120.800000 280.038400 2085.696000 1499.883200 1.000000
2131.056000 340.723200 2095.264000 1574.294400 1.000000
2145.408000 211.164800 2099.456000 1425.224000 1.000000
2139.968000 281.976000 2102.272000 1497.712000 1.000000
2153.600000 167.179200 2102.496000 1387.294400 1.000000
2160.304000 189.579200 2110.464000 1404.963200 1.000000
2073.920000 918.012800 2118.320000 2221.824000 1.000000
2188.368000 219.156800 2137.280000 1429.355200 1.000000
2203.040000 146.166560 2139.920000 1370.040000 1.000000
2205.936000 167.358400 2145.488000 1385.112000 1.000000
2563.984000 1721.216000 2686.224000 1287.147200 1.000000
2560.512000 1852.736000 2716.576000 1450.456000 1.000000
2624.048000 1678.800000 2729.952000 1215.596800 1.000000
2655.792000 1681.824000 2758.352000 1205.995200 1.000000
2662.192000 1665.904000 2760.432000 1184.857600 1.000000
2673.488000 1658.848000 2768.496000 1172.891200 1.000000
2666.672000 1680.816000 2769.712000 1199.697600 1.000000
