137.086240 886.104000 174.489600 2774.544000 1.000000
327.779200 959.779200 355.776000 2840.864000 1.000000
345.443200 984.820800 367.456000 2865.200000 1.000000
330.579200 912.244800 370.409600 2792.064000 1.000000
355.540800 939.011200 389.120000 2818.064000 1.000000
349.473600 911.640000 389.296000 2790.512000 1.000000
363.292800 949.452800 393.883200 2828.368000 1.000000
347.412800 869.089600 396.500800 2747.072000 1.000000
352.497600 892.048000 397.388800 2770.656000 1.000000
338.924800 820.889600 397.939200 2701.936000 1.000000
362.448000 929.464000 398.124800 2807.952000 1.000000
338.483200 813.278400 399.499200 2695.344000 1.000000
357.280000 902.390400 399.745600 2780.944000 1.000000
339.788800 783.576000 405.979200 2667.744000 1.000000
365.291200 893.510400 408.966400 2772.272000 1.000000
358.809600 862.529600 409.563200 2742.464000 1.000000
356.308800 847.280000 409.576000 2727.360000 1.000000
350.427200 797.320000 414.665600 2679.152000 1.000000
358.172800 777.276800 429.624000 2662.960000 1.000000
368.579200 788.433600 433.732800 2671.792000 1.000000
372.665600 800.107200 435.720000 2681.680000 1.000000
382.038400 817.419200 443.715200 2698.336000 1.000000
384.275200 781.204800 453.193600 2664.048000 1.000000
348.545600 572.052800 454.588800 2486.544000 1.000000
395.040000 773.904000 462.472000 2653.120000 1.000000
445.950400 867.550400 494.665600 2750.064000 1.000000
468.648000 1148.409600 503.198400 2875.536000 1.000000
445.931200 822.003200 504.971200 2701.520000 1.000000
446.569600 780.236800 512.425600 2664.992000 1.000000
523.888000 956.886400 562.692800 2798.352000 1.000000
493.083200 1209.094400 595.841600 2844.464000 1.000000
622.492800 930.443200 632.238400 2894.096000 1.000000
599.041600 928.697600 647.022400 2753.104000 1.000000
668.377600 889.435200 723.148800 2730.048000 1.000000
806.966400 1033.500800 811.688000 2981.760000 1.000000
764.792000 890.732800 822.251200 2713.696000 1.000000
812.777600 509.745600 953.217600 2201.936000 1.000000
1004.011200 55.337280 1060.491200 2245.936000 1.000000
955.868800 555.361600 1078.556800 2231.776000 1.000000
1017.774400 472.811200 1138.400000 2151.280000 1.000000
1050.972800 505.139200 1171.828800 2174.496000 1.000000
1054.550400 475.089600 1177.913600 2150.496000 1.000000
1059.750400 506.563200 1179.059200 2174.624000 1.000000
1092.556800 555.752000 1203.520000 2216.192000 1.000000
1575.107200 1222.468800 1232.811200 2961.584000 1.000000
1184.110400 1169.012800 1233.272000 2934.928000 1.000000
1132.446400 546.656000 1242.036800 2202.928000 1.000000
1195.636800 1209.454400 1243.616000 2975.168000 1.000000
1132.158400 471.588800 1248.724800 2143.264000 1.000000
1143.609600 497.334400 1256.648000 2163.888000 1.000000
1196.857600 1030.251200 1257.044800 2785.504000 1.000000
1109.862400 433.161600 1288.284800 1581.539200 1.000000
1312.052800 1057.459200 1373.552000 2805.872000 1.000000
1423.603200 1164.128000 1492.443200 2913.616000 1.000000
1424.032000 1197.859200 1492.681600 2943.088000 1.000000
1435.035200 1196.611200 1505.417600 2944.048000 1.000000
1439.392000 1240.852800 1510.590400 2990.160000 1.000000
1442.107200 1216.862400 1512.224000 2960.448000 1.000000
1443.552000 1190.401600 1513.444800 2933.424000 1.000000
1473.441600 1200.550400 1545.940800 2944.256000 1.000000
1539.107200 556.052800 1616.192000 2174.448000 1.000000
1597.275200 1034.486400 1678.928000 2765.152000 1.000000
1603.008000 1053.952000 1681.168000 2782.624000 1.000000
1613.344000 589.832000 1685.232000 2198.016000 1.000000
1606.048000 1062.755200 1686.096000 2791.472000 1.000000
1728.672000 91.873920 1773.328000 1693.472000 1.000000
1728.320000 638.499200 1792.288000 2234.480000 1.000000
1743.600000 455.083200 1798.032000 2076.256000 1.000000
1751.888000 434.329600 1801.488000 2057.168000 1.000000
1754.816000 611.084800 1818.032000 2206.544000 1.000000
1785.376000 133.591040 1820.720000 1720.800000 1.000000
1772.704000 431.627200 1822.624000 2059.792000 1.000000
1766.400000 649.908800 1829.840000 2245.248000 1.000000
1783.024000 592.168000 1843.280000 2189.248000 1.000000
1788.320000 636.147200 1849.344000 2226.912000 1.000000
1841.440000 130.754240 1866.608000 1711.824000 1.000000
1810.720000 609.227200 1869.488000 2198.720000 1.000000
1844.368000 189.350400 1870.544000 1761.184000 1.000000
1846.640000 178.371200 1872.960000 1750.992000 1.000000
1855.440000 181.518400 1881.456000 1752.944000 1.000000
1833.248000 592.254400 1887.856000 2182.880000 1.000000
1865.152000 183.128000 1889.040000 1753.488000 1.000000
1868.032000 172.825600 1889.888000 1742.704000 1.000000
1836.960000 572.795200 1890.000000 2167.024000 1.000000
1872.736000 161.755200 1895.440000 1734.032000 1.000000
1875.600000 169.038400 1897.216000 1739.536000 1.000000
1887.152000 200.072000 1908.432000 1767.168000 1.000000
1868.432000 528.961600 1916.176000 2130.048000 1.000000
1901.424000 195.196800 1919.152000 1762.864000 1.000000
1864.272000 657.240000 1921.104000 2237.872000 1.000000
1894.352000 337.932800 1923.248000 1956.672000 1.000000
1864.960000 640.102400 1924.016000 2220.832000 1.000000
1908.464000 179.243200 1925.472000 1744.496000 1.000000
1872.256000 649.873600 1928.544000 2229.856000 1.000000
1882.048000 550.532800 1928.720000 2143.408000 1.000000
1877.072000 664.553600 1933.616000 2243.344000 1.000000
1879.760000 637.745600 1933.920000 2218.128000 1.000000
1919.888000 385.449600 1949.568000 1998.304000 1.000000
1900.048000 624.139200 1951.104000 2203.584000 1.000000
1930.032000 528.657600 1969.984000 2122.896000 1.000000
1945.280000 396.476800 1971.168000 2007.536000 1.000000
1941.760000 422.400000 1973.648000 2031.520000 1.000000
1948.144000 521.689600 1986.720000 2115.456000 1.000000
1957.040000 495.611200 1992.720000 2092.208000 1.000000
1972.352000 418.921600 1998.384000 2025.664000 1.000000
1968.336000 460.595200 1999.760000 2061.616000 1.000000
1923.760000 877.494400 2001.968000 2607.856000 1.000000
1928.192000 866.905600 2004.544000 2595.712000 1.000000
1953.664000 663.582400 2006.224000 2235.568000 1.000000
1959.616000 657.388800 2012.256000 2226.720000 1.000000
2011.200000 264.198400 2017.472000 1826.848000 1.000000
1981.600000 542.380800 2017.776000 2126.912000 1.000000
1966.272000 665.308800 2018.912000 2235.952000 1.000000
1976.016000 641.955200 2024.528000 2211.872000 1.000000
2039.024000 164.563200 2029.792000 1720.304000 1.000000
2014.560000 398.083200 2032.800000 2004.512000 1.000000
2040.896000 176.704000 2032.944000 1730.432000 1.000000
1960.768000 870.209600 2036.496000 2597.392000 1.000000
1993.264000 614.444800 2037.312000 2185.888000 1.000000
1991.504000 678.057600 2042.448000 2247.760000 1.000000
1996.960000 651.393600 2044.864000 2222.320000 1.000000
2054.928000 179.907200 2046.272000 1731.392000 1.000000
1967.872000 886.299200 2046.512000 2610.848000 1.000000
2005.680000 622.217600 2048.176000 2193.488000 1.000000
2047.264000 281.939200 2048.720000 1843.120000 1.000000
2033.056000 409.760000 2050.272000 2010.256000 1.000000
2003.120000 635.942400 2050.352000 2205.840000 1.000000
1999.056000 683.048000 2050.416000 2252.800000 1.000000
2028.400000 467.046400 2052.528000 2060.256000 1.000000
2067.536000 163.809600 2052.704000 1717.872000 1.000000
2069.008000 193.369600 2055.712000 1740.832000 1.000000
1980.336000 872.121600 2058.576000 2595.040000 1.000000
2037.312000 474.265600 2061.600000 2066.368000 1.000000
2030.592000 529.944000 2062.048000 2115.904000 1.000000
2089.712000 277.876800 2082.560000 1832.192000 1.000000
2033.936000 797.996800 2101.952000 2516.672000 1.000000
2145.408000 211.164800 2122.864000 1751.136000 1.000000
2153.600000 167.179200 2124.368000 1712.192000 1.000000
2160.304000 189.579200 2133.504000 1730.624000 1.000000
2183.744000 242.467200 2157.072000 1779.440000 1.000000
2185.648000 231.352000 2157.472000 1767.712000 1.000000
2125.728000 613.873600 2162.960000 2272.880000 1.000000
2205.936000 167.358400 2166.592000 1710.112000 1.000000
2195.344000 245.910400 2169.136000 1780.304000 1.000000
2213.200000 178.233600 2173.840000 1716.560000 1.000000
2236.000000 209.798400 2196.240000 1743.408000 1.000000
2612.720000 1717.216000 2600.688000 1390.731200 1.000000
2543.920000 1755.152000 2629.024000 1195.192000 1.000000
2577.968000 1654.800000 2630.016000 1080.414400 1.000000
2563.984000 1721.216000 2635.424000 1154.467200 1.000000
2558.752000 1760.272000 2641.936000 1195.472000 1.000000
2641.424000 1657.584000 2678.208000 1055.006400 1.000000
2640.128000 1685.904000 2684.896000 1085.488000 1.000000
2646.848000 1687.472000 2690.176000 1083.088000 1.000000
2655.792000 1681.824000 2696.576000 1074.060800 1.000000
2662.192000 1665.904000 2697.504000 1054.388800 1.000000
