4.247248 2161.200000 3.704928 1769.632000 1.000000
16.928480 2330.368000 18.638720 1914.080000 1.000000
64.899040 1184.766400 22.201760 770.977600 1.000000
71.495840 1175.153600 27.775040 759.193600 1.000000
75.384000 1053.172800 28.923840 638.976000 1.000000
75.408000 1046.556800 28.938720 631.009600 1.000000
19.350880 2560.512000 32.110720 2149.856000 1.000000
79.273920 1042.889600 32.221280 626.955200 1.000000
20.807200 2550.320000 32.947040 2140.288000 1.000000
32.127520 2351.568000 35.072160 1934.224000 1.000000
16.566720 2731.232000 36.875680 2311.808000 1.000000
25.841600 2515.664000 37.253440 2109.664000 1.000000
84.669600 1079.030400 37.912000 666.614400 1.000000
87.573600 1009.494400 39.364000 593.430400 1.000000
86.568800 1072.731200 40.816320 659.433600 1.000000
84.810560 1198.137600 41.782400 784.260800 1.000000
27.760320 2642.512000 43.473600 2227.216000 1.000000
29.852640 2614.608000 45.196800 2202.848000 1.000000
22.817280 2789.488000 45.892800 2364.096000 1.000000
89.424800 1174.723200 45.976800 761.683200 1.000000
97.927680 974.360000 46.121120 556.795200 1.000000
96.852960 1011.947200 48.160000 596.268800 1.000000
37.177760 2514.928000 48.367040 2108.832000 1.000000
37.015680 2567.216000 51.114880 2157.872000 1.000000
99.496000 1073.745600 51.904640 660.396800 1.000000
100.478240 1037.124800 53.850560 622.904000 1.000000
39.143520 2631.360000 54.043520 2217.248000 1.000000
38.383040 2656.880000 54.368000 2240.896000 1.000000
67.614240 1900.752000 54.729120 1524.296000 1.000000
67.125600 1916.016000 55.302400 1539.156800 1.000000
102.718240 992.710400 55.599040 575.721600 1.000000
42.936640 2621.440000 57.623200 2207.936000 1.000000
54.255840 2438.096000 58.092160 2051.600000 1.000000
107.060320 996.891200 58.323520 580.846400 1.000000
56.559840 2361.808000 60.832480 1955.344000 1.000000
106.487680 1083.563200 61.984640 671.585600 1.000000
109.190880 1007.873600 62.221440 591.742400 1.000000
120.044800 733.800000 62.237280 305.443200 1.000000
50.826080 2592.560000 63.934720 2182.240000 1.000000
112.551360 1012.392000 65.415840 596.526400 1.000000
113.632640 990.497600 66.380800 572.449600 1.000000
60.697920 2376.688000 66.526240 1972.928000 1.000000
53.165440 2599.536000 67.017760 2187.712000 1.000000
53.036480 2608.512000 67.196160 2196.496000 1.000000
55.248800 2622.880000 69.301760 2211.232000 1.000000
69.920480 2288.800000 70.238560 1878.448000 1.000000
57.174080 2734.672000 75.550880 2316.928000 1.000000
64.799840 2572.112000 76.252640 2162.848000 1.000000
68.885120 2434.640000 76.968160 2036.816000 1.000000
126.060000 931.144000 77.224160 505.052800 1.000000
88.240960 1893.440000 77.742560 1517.808000 1.000000
78.738560 2294.672000 79.219200 1882.512000 1.000000
81.756000 2270.416000 81.113920 1858.704000 1.000000
75.864480 2433.104000 83.335360 2035.808000 1.000000
83.637120 2317.456000 83.756480 1905.168000 1.000000
79.624800 2424.048000 86.524960 2027.392000 1.000000
102.869760 1761.152000 87.606240 1380.118400 1.000000
143.602560 752.145600 88.435520 325.961600 1.000000
130.837920 1080.756800 88.806560 667.812800 1.000000
137.086240 886.104000 88.813280 473.124800 1.000000
108.923680 1728.736000 89.207200 1346.356800 1.000000
82.791840 2435.824000 90.504800 2038.656000 1.000000
110.193280 1677.008000 91.092320 1295.443200 1.000000
136.516640 1075.150400 91.551520 664.600000 1.000000
109.018880 1747.968000 92.317920 1367.496000 1.000000
112.784640 1665.984000 92.680480 1284.899200 1.000000
92.974880 2297.328000 93.170720 1885.584000 1.000000
95.157600 2286.608000 94.686720 1874.528000 1.000000
150.487840 743.555200 94.761920 316.115200 1.000000
95.912320 2274.672000 94.773280 1862.912000 1.000000
87.994560 2427.440000 95.540640 2030.384000 1.000000
142.782080 1034.300800 95.647840 629.536000 1.000000
97.593760 2261.792000 96.347040 1851.024000 1.000000
99.467520 2248.656000 97.387520 1838.416000 1.000000
93.621120 2412.960000 97.773760 2015.488000 1.000000
92.194080 2480.544000 100.432160 2080.368000 1.000000
119.633920 1761.856000 101.294560 1383.230400 1.000000
128.088960 1589.995200 101.513760 1209.233600 1.000000
120.775200 1702.544000 102.601600 1321.768000 1.000000
82.754080 2845.632000 102.715360 2402.144000 1.000000
119.177920 1753.712000 103.682240 1373.558400 1.000000
84.002240 2730.672000 103.788000 2310.448000 1.000000
106.087200 2257.184000 104.373120 1847.584000 1.000000
94.268480 2523.056000 104.598560 2121.808000 1.000000
116.234240 1921.600000 105.437760 1547.577600 1.000000
150.918240 1051.648000 105.670880 644.027200 1.000000
83.038880 2894.224000 105.744160 2461.136000 1.000000
148.996320 1099.347200 106.266400 690.244800 1.000000
143.456320 1270.715200 106.729600 864.748800 1.000000
155.399840 965.436800 108.636000 559.073600 1.000000
155.917920 978.934400 109.502880 571.721600 1.000000
122.023040 1904.720000 110.509600 1528.352000 1.000000
142.806880 1399.475200 110.646560 994.550400 1.000000
113.580480 2251.904000 110.890080 1841.920000 1.000000
102.908320 2542.608000 113.538560 2140.400000 1.000000
107.506240 2414.864000 113.743040 2019.664000 1.000000
108.416640 2433.664000 115.848000 2036.528000 1.000000
144.793280 1581.120000 116.520160 1203.212800 1.000000
163.528000 930.025600 116.707840 518.040000 1.000000
103.812480 2610.624000 116.867680 2203.488000 1.000000
95.946080 2893.552000 118.086080 2462.496000 1.000000
159.778400 1131.225600 118.204800 719.604800 1.000000
161.363200 1077.348800 119.086880 669.512000 1.000000
104.778400 2661.440000 119.845120 2251.216000 1.000000
98.866400 2860.768000 121.883840 2429.760000 1.000000
112.731840 2480.592000 121.992000 2082.016000 1.000000
169.414400 994.211200 122.654080 586.806400 1.000000
113.044800 2609.824000 125.592000 2204.176000 1.000000
104.463360 2899.680000 126.726080 2468.208000 1.000000
174.843200 969.784000 128.043680 562.115200 1.000000
106.187040 2882.688000 128.676000 2451.872000 1.000000
110.653280 2788.752000 129.205120 2366.288000 1.000000
125.419200 2420.144000 130.439840 2020.448000 1.000000
124.928800 2476.816000 132.773920 2079.536000 1.000000
154.867840 1759.824000 134.357760 1383.593600 1.000000
175.025600 1186.014400 134.475360 776.259200 1.000000
129.574080 2487.328000 136.502720 2088.096000 1.000000
128.148960 2608.512000 139.055680 2203.296000 1.000000
132.327360 2473.328000 139.964160 2076.784000 1.000000
166.366400 1584.584000 140.526080 1203.036800 1.000000
116.849920 2898.064000 140.602400 2466.096000 1.000000
159.902720 1690.528000 140.879520 1310.601600 1.000000
138.288160 2466.464000 145.347200 2069.952000 1.000000
139.409280 2479.744000 146.970240 2083.200000 1.000000
146.320160 2335.408000 148.737280 1943.584000 1.000000
130.484160 2868.752000 151.933280 2440.320000 1.000000
148.020960 2473.856000 155.195360 2075.776000 1.000000
193.358400 1193.256000 155.249440 782.451200 1.000000
161.278400 2071.392000 155.372320 1692.304000 1.000000
149.792960 2460.208000 156.566880 2064.048000 1.000000
167.416000 1900.080000 157.020960 1526.204800 1.000000
154.120160 2374.736000 158.074880 1982.128000 1.000000
165.728000 2066.592000 158.083360 1686.800000 1.000000
170.929600 1850.240000 159.605920 1476.024000 1.000000
197.569600 1223.286400 162.782400 814.230400 1.000000
158.478240 2459.344000 163.144000 2061.696000 1.000000
149.671360 2733.232000 165.444800 2316.368000 1.000000
206.496000 1213.425600 166.008000 801.480000 1.000000
219.784000 737.964800 167.889600 313.369600 1.000000
163.608000 2448.496000 169.121600 2051.888000 1.000000
165.875200 2403.856000 170.595200 2009.728000 1.000000
218.241600 901.542400 171.368000 489.963200 1.000000
168.214400 2315.824000 171.412800 1920.896000 1.000000
217.505600 873.782400 171.915200 458.392000 1.000000
164.819200 2470.256000 171.968000 2073.952000 1.000000
155.183520 2752.912000 172.468800 2333.200000 1.000000
167.606400 2435.456000 173.344000 2039.888000 1.000000
155.485120 2814.976000 173.668800 2392.032000 1.000000
178.289600 2122.864000 174.219200 1742.736000 1.000000
169.246400 2413.984000 174.328000 2019.200000 1.000000
155.408000 2887.104000 174.809600 2458.080000 1.000000
176.748800 2273.104000 175.764800 1880.896000 1.000000
163.188800 2677.504000 176.416000 2266.560000 1.000000
193.142400 1790.432000 176.681600 1417.206400 1.000000
174.400000 2369.344000 177.472000 1976.752000 1.000000
226.078400 879.238400 178.144000 463.401600 1.000000
220.987200 1047.835200 179.328000 645.590400 1.000000
228.838400 830.110400 179.740800 416.368000 1.000000
172.200000 2494.944000 180.009600 2096.624000 1.000000
176.612800 2348.048000 180.686400 1956.176000 1.000000
235.616000 637.838400 181.236800 195.809600 1.000000
230.139200 882.843200 181.860800 466.803200 1.000000
230.246400 809.259200 181.990400 390.169600 1.000000
206.257600 1611.488000 182.233600 1231.339200 1.000000
179.451200 2364.544000 182.432000 1972.144000 1.000000
177.417600 2429.232000 182.913600 2033.424000 1.000000
223.161600 1031.425600 183.321600 632.113600 1.000000
168.380800 2726.096000 183.806400 2310.144000 1.000000
179.289600 2453.920000 184.387200 2056.720000 1.000000
172.539200 2651.056000 184.884800 2242.384000 1.000000
168.361600 2793.232000 185.268800 2371.760000 1.000000
173.636800 2685.984000 187.014400 2274.640000 1.000000
175.726400 2668.576000 188.041600 2258.544000 1.000000
172.764800 2762.704000 188.257600 2345.040000 1.000000
191.068800 2164.144000 188.440000 1784.912000 1.000000
180.675200 2516.640000 188.625600 2117.040000 1.000000
179.056000 2549.808000 188.692800 2147.520000 1.000000
230.640000 1033.337600 189.288000 630.787200 1.000000
230.140800 1061.227200 189.468800 657.492800 1.000000
196.785600 2102.096000 190.750400 1724.224000 1.000000
241.246400 749.750400 190.878400 328.180800 1.000000
211.238400 1687.968000 190.923200 1308.907200 1.000000
239.652800 790.470400 191.016000 371.324800 1.000000
219.726400 1545.299200 191.825600 1164.374400 1.000000
174.353600 2777.968000 192.190400 2358.304000 1.000000
178.068800 2729.376000 192.534400 2314.848000 1.000000
214.169600 1676.608000 193.476800 1297.409600 1.000000
201.736000 2089.360000 194.132800 1710.032000 1.000000
181.958400 2677.024000 194.195200 2266.784000 1.000000
202.384000 2073.376000 194.771200 1694.928000 1.000000
181.395200 2694.624000 195.188800 2282.288000 1.000000
185.500800 2591.664000 195.326400 2187.088000 1.000000
213.536000 1702.128000 195.412800 1324.923200 1.000000
202.329600 2096.320000 195.665600 1718.320000 1.000000
201.492800 2122.256000 196.707200 1741.920000 1.000000
182.692800 2722.560000 197.044800 2309.632000 1.000000
182.305600 2827.088000 199.024000 2404.624000 1.000000
240.715200 1058.483200 199.278400 656.212800 1.000000
193.203200 2498.880000 200.561600 2101.024000 1.000000
196.036800 2402.208000 201.008000 2008.864000 1.000000
212.080000 1917.392000 201.078400 1549.486400 1.000000
251.289600 675.203200 201.140800 241.937600 1.000000
218.156800 1766.688000 202.443200 1394.400000 1.000000
188.691200 2714.832000 203.089600 2301.072000 1.000000
203.436800 2259.520000 203.353600 1869.184000 1.000000
222.326400 1676.112000 203.564800 1296.779200 1.000000
209.032000 2139.984000 204.515200 1760.624000 1.000000
210.814400 2064.800000 204.580800 1687.632000 1.000000
187.006400 2851.072000 204.614400 2426.288000 1.000000
222.371200 1780.768000 206.345600 1408.262400 1.000000
193.180800 2729.104000 206.377600 2315.408000 1.000000
193.540800 2677.040000 206.484800 2266.560000 1.000000
209.619200 2207.792000 206.603200 1821.216000 1.000000
196.867200 2603.632000 206.675200 2196.672000 1.000000
213.001600 2156.128000 206.950400 1776.112000 1.000000
257.244800 773.990400 207.067200 350.704000 1.000000
199.841600 2540.096000 207.505600 2139.248000 1.000000
190.932800 2820.720000 207.688000 2398.320000 1.000000
200.564800 2524.544000 208.403200 2125.056000 1.000000
194.968000 2687.216000 208.489600 2275.888000 1.000000
217.771200 2078.272000 209.099200 1700.176000 1.000000
214.227200 2126.128000 209.609600 1747.664000 1.000000
189.315200 2915.312000 209.707200 2488.352000 1.000000
259.827200 708.308800 209.801600 282.710400 1.000000
191.128000 2872.928000 209.849600 2446.512000 1.000000
236.556800 1552.491200 210.033600 1172.254400 1.000000
195.808000 2705.424000 210.875200 2292.832000 1.000000
196.889600 2745.408000 211.416000 2330.416000 1.000000
215.412800 2156.656000 212.848000 1777.072000 1.000000
206.344000 2466.688000 212.956800 2070.448000 1.000000
265.836800 656.332800 213.222400 225.000000 1.000000
202.859200 2652.224000 213.459200 2244.176000 1.000000
229.630400 1823.648000 214.265600 1451.171200 1.000000
216.043200 2260.800000 214.633600 1869.440000 1.000000
204.100800 2632.704000 215.132800 2225.824000 1.000000
218.924800 2148.720000 216.352000 1769.680000 1.000000
203.884800 2744.656000 217.558400 2329.280000 1.000000
233.436800 1741.792000 217.625600 1370.060800 1.000000
221.878400 2133.536000 217.704000 1754.176000 1.000000
218.004800 2355.200000 219.467200 1961.312000 1.000000
223.947200 2195.360000 221.499200 1809.584000 1.000000
209.406400 2696.304000 221.760000 2285.056000 1.000000
217.124800 2419.216000 223.809600 2026.128000 1.000000
213.680000 2644.800000 224.230400 2236.624000 1.000000
212.614400 2704.960000 225.132800 2292.848000 1.000000
226.324800 2349.216000 227.398400 1961.152000 1.000000
231.620800 2122.832000 227.457600 1743.008000 1.000000
218.004800 2713.248000 230.224000 2302.096000 1.000000
225.344000 2443.952000 231.017600 2048.528000 1.000000
220.700800 2664.352000 231.696000 2254.160000 1.000000
237.441600 2082.320000 232.017600 1705.744000 1.000000
237.518400 2108.928000 232.499200 1731.184000 1.000000
217.612800 2780.288000 233.459200 2362.912000 1.000000
220.393600 2734.512000 234.684800 2320.512000 1.000000
228.060800 2529.936000 235.315200 2130.528000 1.000000
277.128000 1115.633600 235.377600 710.344000 1.000000
223.542400 2679.600000 235.544000 2269.600000 1.000000
219.113600 2800.912000 235.604800 2382.448000 1.000000
246.392000 1712.096000 235.734400 1341.307200 1.000000
225.368000 2650.432000 236.092800 2242.880000 1.000000
240.129600 2088.896000 236.718400 1712.528000 1.000000
225.084800 2688.560000 237.433600 2277.984000 1.000000
231.422400 2491.488000 237.676800 2093.472000 1.000000
220.716800 2811.168000 237.716800 2393.456000 1.000000
252.600000 1808.944000 238.276800 1437.300800 1.000000
254.236800 1785.872000 238.417600 1411.476800 1.000000
231.779200 2584.432000 240.430400 2176.784000 1.000000
254.054400 1899.168000 241.808000 1528.048000 1.000000
245.665600 2182.272000 243.609600 1802.528000 1.000000
250.075200 2240.448000 244.788800 1852.656000 1.000000
278.771200 1212.128000 245.116800 807.934400 1.000000
244.592000 2297.136000 246.108800 1910.784000 1.000000
282.089600 1225.032000 246.742400 821.977600 1.000000
254.393600 2070.928000 248.633600 1694.704000 1.000000
236.278400 2689.072000 248.822400 2278.704000 1.000000
265.899200 1774.752000 250.536000 1403.556800 1.000000
255.228800 2170.704000 251.468800 1791.824000 1.000000
244.092800 2568.368000 252.307200 2165.984000 1.000000
284.598400 1376.236800 254.256000 984.472000 1.000000
248.796800 2525.568000 255.275200 2125.424000 1.000000
246.179200 2608.528000 256.580800 2203.024000 1.000000
291.494400 1310.230400 257.268800 915.892800 1.000000
237.489600 2947.776000 257.528000 2525.152000 1.000000
264.164800 2102.000000 259.139200 1725.776000 1.000000
260.936000 2200.816000 260.331200 1818.896000 1.000000
263.916800 2181.040000 260.758400 1801.600000 1.000000
253.313600 2558.464000 262.006400 2156.752000 1.000000
281.451200 1751.248000 262.857600 1380.246400 1.000000
280.620800 1763.776000 263.177600 1392.600000 1.000000
265.891200 2226.416000 264.060800 1840.432000 1.000000
266.011200 2321.536000 266.939200 1932.304000 1.000000
257.544000 2618.512000 269.990400 2215.696000 1.000000
282.584000 1817.984000 270.646400 1448.118400 1.000000
291.252800 1793.632000 274.547200 1422.232000 1.000000
315.100800 1071.310400 278.244800 672.830400 1.000000
282.553600 2101.552000 278.356800 1726.464000 1.000000
294.915200 1818.176000 280.939200 1448.995200 1.000000
297.641600 1772.016000 281.580800 1400.806400 1.000000
333.640000 583.801600 281.862400 147.165760 1.000000
314.347200 1316.403200 281.987200 927.148800 1.000000
329.865600 789.057600 283.353600 372.262400 1.000000
293.600000 1843.200000 284.585600 1470.756800 1.000000
319.062400 1214.387200 285.672000 819.572800 1.000000
288.814400 2173.536000 286.366400 1795.920000 1.000000
328.417600 950.867200 287.171200 547.737600 1.000000
329.753600 923.601600 287.928000 517.694400 1.000000
293.454400 2111.120000 288.126400 1735.536000 1.000000
330.579200 912.244800 288.273600 505.755200 1.000000
295.096000 2076.000000 288.753600 1701.072000 1.000000
331.496000 897.200000 288.868800 489.497600 1.000000
332.185600 929.880000 290.337600 524.796800 1.000000
323.048000 1289.417600 291.358400 900.828800 1.000000
305.627200 1847.088000 291.580800 1478.905600 1.000000
336.496000 838.742400 292.587200 427.220800 1.000000
329.076800 1120.500800 292.697600 722.422400 1.000000
336.758400 786.102400 292.780800 370.220800 1.000000
294.678400 2229.008000 293.860800 1843.152000 1.000000
338.273600 826.204800 294.017600 413.902400 1.000000
338.483200 813.278400 294.043200 399.534400 1.000000
313.051200 1742.672000 295.364800 1371.736000 1.000000
340.059200 832.542400 296.076800 420.528000 1.000000
337.392000 968.080000 296.396800 565.760000 1.000000
298.532800 2147.616000 296.748800 1767.712000 1.000000
302.486400 2101.936000 297.033600 1727.216000 1.000000
329.467200 1280.961600 297.158400 892.396800 1.000000
338.928000 939.561600 297.249600 534.550400 1.000000
339.443200 976.243200 299.408000 574.980800 1.000000
329.993600 1341.689600 300.121600 952.830400 1.000000
342.928000 892.857600 300.462400 484.992000 1.000000
318.291200 1719.216000 300.862400 1349.235200 1.000000
303.156800 2177.472000 300.862400 1796.480000 1.000000
345.676800 813.099200 301.062400 400.012800 1.000000
342.057600 953.468800 301.193600 549.859200 1.000000
347.150400 837.736000 302.729600 427.024000 1.000000
345.806400 876.822400 302.846400 468.456000 1.000000
329.747200 1488.035200 303.572800 1096.648000 1.000000
289.334400 2810.496000 304.440000 2403.056000 1.000000
333.968000 1472.424000 305.614400 1081.609600 1.000000
351.966400 764.043200 306.254400 347.089600 1.000000
312.100800 2094.848000 306.854400 1719.600000 1.000000
322.449600 1806.512000 307.561600 1439.689600 1.000000
349.473600 911.640000 307.998400 505.854400 1.000000
352.497600 892.048000 310.646400 485.110400 1.000000
323.491200 1857.744000 312.072000 1486.190400 1.000000
355.912000 837.560000 312.478400 426.217600 1.000000
358.172800 777.276800 313.288000 360.624000 1.000000
353.230400 987.944000 313.520000 586.979200 1.000000
353.902400 967.558400 313.542400 566.380800 1.000000
340.030400 1491.456000 313.555200 1102.566400 1.000000
331.958400 1685.808000 313.622400 1315.454400 1.000000
300.516800 2796.000000 314.345600 2393.040000 1.000000
355.540800 939.011200 314.380800 535.088000 1.000000
344.921600 1339.400000 314.910400 951.753600 1.000000
359.918400 760.443200 314.934400 341.806400 1.000000
300.433600 2838.688000 314.953600 2431.248000 1.000000
357.280000 902.390400 315.596800 495.628800 1.000000
343.896000 1346.683200 316.708800 958.644800 1.000000
351.675200 1168.057600 317.644800 773.886400 1.000000
358.364800 921.046400 317.814400 516.148800 1.000000
336.475200 1692.848000 318.243200 1323.318400 1.000000
302.715200 2913.056000 318.409600 2497.408000 1.000000
356.075200 1101.875200 319.337600 704.382400 1.000000
364.329600 828.003200 321.278400 416.457600 1.000000
336.318400 1797.488000 321.883200 1426.924800 1.000000
365.504000 808.312000 322.201600 394.859200 1.000000
368.579200 788.433600 324.502400 373.284800 1.000000
308.457600 2855.904000 324.899200 2445.904000 1.000000
367.947200 858.688000 325.582400 449.595200 1.000000
355.990400 1309.478400 325.611200 923.121600 1.000000
356.441600 1374.284800 326.217600 984.401600 1.000000
372.665600 800.107200 327.852800 385.451200 1.000000
374.494400 761.865600 329.492800 344.433600 1.000000
374.600000 769.844800 330.182400 352.244800 1.000000
376.267200 779.752000 331.918400 364.857600 1.000000
369.211200 1117.536000 332.291200 719.035200 1.000000
320.566400 2796.576000 333.657600 2393.616000 1.000000
372.755200 1102.995200 335.496000 705.654400 1.000000
371.894400 1110.451200 335.606400 713.452800 1.000000
367.300800 1298.587200 335.819200 910.740800 1.000000
323.657600 2912.320000 337.726400 2497.760000 1.000000
382.038400 817.419200 338.508800 404.297600 1.000000
369.456000 1364.604800 341.217600 976.928000 1.000000
380.803200 1104.676800 344.825600 707.638400 1.000000
371.076800 1490.859200 345.518400 1102.600000 1.000000
386.796800 827.491200 345.622400 418.620800 1.000000
376.476800 1355.235200 346.992000 968.659200 1.000000
375.796800 1397.284800 347.131200 1013.742400 1.000000
375.592000 1506.926400 349.142400 1129.172800 1.000000
385.624000 1175.675200 350.908800 784.422400 1.000000
334.790400 2939.248000 351.353600 2514.864000 1.000000
388.622400 1106.353600 351.584000 709.104000 1.000000
395.040000 773.904000 351.734400 358.152000 1.000000
384.400000 1329.038400 353.539200 943.020800 1.000000
387.664000 1277.827200 355.827200 892.620800 1.000000
346.977600 2858.720000 358.200000 2450.512000 1.000000
392.865600 1383.273600 364.004800 999.217600 1.000000
392.974400 1367.630400 364.067200 980.664000 1.000000
352.993600 2793.856000 365.019200 2392.048000 1.000000
397.196800 1342.424000 368.846400 958.089600 1.000000
417.136000 466.800000 370.731200 54.444480 1.000000
399.326400 1360.899200 371.345600 974.700800 1.000000
403.593600 1229.816000 371.988800 841.022400 1.000000
407.380800 1264.060800 377.051200 878.720000 1.000000
412.440000 1154.408000 379.958400 758.472000 1.000000
414.875200 1134.443200 380.776000 739.956800 1.000000
429.558400 469.822400 380.856000 60.163520 1.000000
420.457600 1148.299200 387.371200 756.361600 1.000000
377.355200 2793.152000 388.414400 2392.272000 1.000000
424.054400 1113.496000 390.678400 718.043200 1.000000
438.900800 447.633600 391.841600 36.725280 1.000000
443.478400 461.664000 397.412800 50.508160 1.000000
444.008000 447.243200 398.536000 36.325920 1.000000
446.569600 780.236800 404.094400 359.414400 1.000000
442.420800 828.092800 406.049600 427.057600 1.000000
451.680000 451.716800 406.948800 42.123360 1.000000
454.275200 485.513600 408.854400 78.518560 1.000000
445.931200 822.003200 409.748800 423.225600 1.000000
457.769600 489.256000 413.358400 81.971200 1.000000
470.664000 597.598400 420.168000 167.216000 1.000000
467.248000 476.572800 423.017600 68.223360 1.000000
470.652800 488.974400 427.227200 81.078880 1.000000
472.388800 482.808000 429.918400 75.774720 1.000000
423.622400 2854.128000 435.070400 2447.296000 1.000000
478.920000 629.166400 435.459200 201.929600 1.000000
482.896000 458.707200 439.014400 48.916640 1.000000
492.289600 912.731200 452.203200 565.008000 1.000000
444.904000 2723.488000 452.766400 2328.592000 1.000000
494.782400 644.424000 453.640000 218.633600 1.000000
500.427200 834.488000 460.411200 448.643200 1.000000
500.395200 817.732800 461.561600 392.275200 1.000000
489.187200 1320.793600 462.484800 932.712000 1.000000
507.057600 449.878400 464.678400 41.035200 1.000000
457.622400 2713.072000 465.860800 2320.480000 1.000000
460.366400 2699.136000 467.326400 2307.568000 1.000000
513.768000 489.627200 471.976000 84.849280 1.000000
471.329600 2703.504000 478.132800 2310.464000 1.000000
474.827200 2591.424000 479.571200 2210.208000 1.000000
522.460800 602.680000 482.750400 176.617600 1.000000
481.478400 2548.544000 485.734400 2163.808000 1.000000
523.888000 956.886400 488.368000 562.795200 1.000000
487.131200 2547.152000 491.268800 2162.400000 1.000000
532.956800 660.804800 492.995200 239.916800 1.000000
491.734400 2559.920000 496.040000 2177.312000 1.000000
499.009600 2548.624000 503.270400 2166.416000 1.000000
542.640000 704.086400 503.702400 288.409600 1.000000
517.046400 2129.200000 511.686400 1766.080000 1.000000
557.536000 716.873600 519.027200 302.280000 1.000000
512.190400 2696.000000 519.027200 2305.760000 1.000000
515.940800 2717.376000 521.238400 2325.504000 1.000000
563.542400 706.134400 525.233600 291.401600 1.000000
570.476800 513.507200 531.905600 111.981280 1.000000
545.217600 1937.872000 539.790400 1520.212800 1.000000
580.947200 700.489600 542.068800 286.262400 1.000000
572.230400 1660.432000 548.587200 1372.772800 1.000000
576.176000 1731.808000 560.872000 1376.044800 1.000000
602.166400 625.803200 563.056000 204.228800 1.000000
582.148800 1704.624000 564.576000 1347.934400 1.000000
560.137600 2714.912000 564.881600 2323.744000 1.000000
599.041600 928.697600 565.440000 520.264000 1.000000
585.852800 1716.880000 568.916800 1360.569600 1.000000
609.051200 710.776000 572.427200 297.633600 1.000000
590.956800 1734.336000 575.339200 1378.912000 1.000000
574.742400 2395.584000 577.876800 2002.848000 1.000000
589.568000 1978.192000 578.540800 1545.784000 1.000000
581.054400 2525.024000 579.676800 2148.512000 1.000000
606.523200 3017.040000 579.958400 3015.792000 1.000000
624.980800 733.588800 586.857600 320.201600 1.000000
599.667200 1990.416000 586.977600 1558.051200 1.000000
603.283200 3002.400000 589.102400 2823.568000 1.000000
631.171200 754.572800 595.249600 345.705600 1.000000
602.481600 2510.768000 604.126400 2132.992000 1.000000
642.766400 750.920000 607.259200 343.654400 1.000000
622.272000 2197.920000 614.012800 1758.272000 1.000000
637.120000 1711.200000 620.113600 1357.744000 1.000000
629.705600 2190.592000 621.716800 1751.136000 1.000000
643.640000 1684.768000 627.184000 1331.547200 1.000000
659.640000 847.616000 627.232000 451.956800 1.000000
645.792000 1591.971200 627.731200 1236.092800 1.000000
647.868800 1699.152000 632.092800 1345.942400 1.000000
666.598400 845.507200 632.708800 447.771200 1.000000
666.420800 881.337600 633.033600 484.734400 1.000000
665.540800 720.073600 633.740800 307.740800 1.000000
657.203200 1682.528000 638.809600 1330.347200 1.000000
656.025600 1918.944000 642.464000 1490.825600 1.000000
660.019200 1583.078400 642.689600 1228.502400 1.000000
658.544000 1883.328000 644.006400 1455.491200 1.000000
645.304000 2672.160000 648.076800 2285.328000 1.000000
658.200000 2046.432000 648.393600 1615.456000 1.000000
651.998400 2474.672000 651.134400 2101.152000 1.000000
652.689600 2460.048000 652.254400 2087.664000 1.000000
649.739200 2696.768000 653.320000 2307.520000 1.000000
682.246400 3011.664000 654.782400 3002.752000 1.000000
677.276800 3005.296000 658.748800 2873.424000 1.000000
655.667200 2708.848000 659.278400 2320.176000 1.000000
659.089600 2488.128000 660.275200 2115.088000 1.000000
676.556800 1922.960000 662.980800 1493.507200 1.000000
667.339200 2501.024000 666.756800 2129.040000 1.000000
704.224000 1125.388800 674.633600 729.240000 1.000000
678.736000 2989.888000 681.603200 2568.320000 1.000000
681.542400 2973.696000 683.425600 2554.384000 1.000000
674.510400 2758.128000 683.905600 2369.552000 1.000000
725.240000 1118.958400 696.081600 724.916800 1.000000
728.825600 889.312000 704.318400 503.068800 1.000000
724.396800 1669.440000 709.972800 1316.478400 1.000000
728.953600 1693.392000 710.233600 1341.550400 1.000000
711.668800 2787.536000 713.828800 2393.216000 1.000000
741.763200 918.275200 714.211200 529.726400 1.000000
738.388800 1289.401600 716.388800 884.795200 1.000000
733.790400 1655.264000 717.964800 1302.593600 1.000000
737.443200 1601.328000 719.755200 1249.529600 1.000000
720.084800 2794.064000 721.465600 2398.496000 1.000000
740.132800 1660.528000 722.529600 1313.894400 1.000000
751.822400 1452.755200 724.556800 1198.217600 1.000000
757.238400 900.452800 727.646400 510.334400 1.000000
762.488000 1121.356800 734.243200 727.483200 1.000000
775.585600 820.019200 739.019200 416.302400 1.000000
757.545600 1687.152000 741.596800 1336.792000 1.000000
774.380800 766.761600 745.243200 363.851200 1.000000
775.878400 773.950400 748.204800 369.500800 1.000000
772.318400 911.134400 749.091200 525.489600 1.000000
756.547200 2510.672000 755.902400 2139.072000 1.000000
785.550400 782.980800 755.966400 380.625600 1.000000
780.302400 1222.035200 757.996800 824.796800 1.000000
767.820800 2768.464000 759.745600 2368.192000 1.000000
793.032000 952.244800 764.523200 566.702400 1.000000
793.059200 972.953600 766.548800 581.891200 1.000000
772.065600 2339.600000 768.188800 1977.248000 1.000000
776.091200 2151.584000 768.744000 1797.984000 1.000000
777.600000 2117.200000 769.955200 1762.368000 1.000000
806.398400 740.932800 774.841600 337.590400 1.000000
789.224000 2282.320000 783.606400 1916.512000 1.000000
806.547200 1780.640000 791.582400 1436.004800 1.000000
821.492800 773.865600 793.382400 373.238400 1.000000
825.100800 740.353600 799.616000 338.046400 1.000000
811.017600 2138.208000 803.129600 1784.176000 1.000000
831.100800 873.457600 803.832000 481.456000 1.000000
832.315200 781.206400 804.100800 381.748800 1.000000
837.817600 813.777600 809.628800 417.652800 1.000000
839.062400 803.043200 811.372800 407.211200 1.000000
832.244800 1493.318400 812.176000 1145.102400 1.000000
841.968000 740.955200 814.176000 335.529600 1.000000
834.305600 1837.136000 820.595200 1494.129600 1.000000
836.801600 1573.678400 820.830400 1228.579200 1.000000
848.136000 1186.550400 824.131200 822.576000 1.000000
857.347200 1165.185600 833.416000 798.744000 1.000000
879.153600 767.713600 853.264000 370.216000 1.000000
847.190400 2596.000000 854.099200 2221.520000 1.000000
880.593600 2164.288000 871.304000 1812.048000 1.000000
877.054400 2626.592000 871.862400 2250.320000 1.000000
909.710400 579.086400 885.683200 190.347200 1.000000
898.579200 2605.648000 893.177600 2230.736000 1.000000
909.412800 2596.096000 903.809600 2222.416000 1.000000
917.288000 2587.008000 913.092800 2214.384000 1.000000
942.172800 540.504000 919.846400 153.336960 1.000000
939.324800 2568.080000 935.988800 2192.528000 1.000000
979.537600 571.280000 960.974400 185.022400 1.000000
995.548800 568.692800 975.091200 184.072000 1.000000
995.939200 553.051200 977.212800 167.283200 1.000000
996.171200 576.424000 977.230400 191.846400 1.000000
996.040000 2734.784000 986.104000 2354.432000 1.000000
1009.400000 572.782400 989.976000 188.499200 1.000000
1009.707200 550.827200 992.460800 165.652800 1.000000
1016.704000 551.160000 998.732800 166.011200 1.000000
1017.678400 2652.528000 1004.780800 2278.000000 1.000000
1026.953600 538.044800 1007.915200 150.356160 1.000000
1045.755200 514.568000 1029.568000 127.308640 1.000000
1048.121600 520.936000 1032.147200 134.115520 1.000000
1050.972800 505.139200 1035.579200 117.118560 1.000000
1051.670400 452.964800 1036.691200 60.187840 1.000000
1052.712000 442.656000 1037.806400 48.664640 1.000000
1053.204800 495.388800 1038.227200 107.372960 1.000000
1060.104000 537.502400 1041.528000 151.824800 1.000000
1059.750400 506.563200 1044.086400 118.788480 1.000000
1054.662400 2770.672000 1045.256000 2384.976000 1.000000
1061.363200 443.182400 1046.457600 46.805440 1.000000
1092.556800 555.752000 1075.704000 173.323200 1.000000
1096.996800 563.027200 1084.678400 183.464000 1.000000
1102.395200 456.048000 1089.622400 63.860480 1.000000
1102.568000 441.025600 1091.164800 46.386400 1.000000
1110.683200 2379.856000 1098.164800 2025.792000 1.000000
1111.627200 449.720000 1099.889600 58.358880 1.000000
1112.800000 557.193600 1100.187200 176.008000 1.000000
1115.257600 2376.784000 1103.224000 2026.736000 1.000000
1116.291200 441.340800 1104.500800 48.088000 1.000000
1117.932800 2389.808000 1105.257600 2037.472000 1.000000
1121.691200 453.312000 1109.270400 61.423200 1.000000
1126.595200 2393.744000 1113.193600 2040.480000 1.000000
1130.164800 2404.768000 1116.318400 2051.216000 1.000000
1129.241600 520.396800 1116.620800 136.750080 1.000000
1132.286400 2176.736000 1117.835200 1837.312000 1.000000
1132.446400 546.656000 1120.803200 164.534400 1.000000
1133.716800 484.910400 1122.888000 99.372000 1.000000
1140.256000 525.555200 1128.475200 141.572800 1.000000
1141.956800 2155.312000 1130.481600 1813.712000 1.000000
1143.609600 497.334400 1132.161600 112.019200 1.000000
1149.947200 2149.984000 1138.800000 1808.864000 1.000000
1159.156800 2386.720000 1144.588800 2036.128000 1.000000
1165.520000 2171.968000 1152.587200 1832.128000 1.000000
1169.454400 2155.792000 1155.953600 1816.688000 1.000000
1184.110400 1169.012800 1168.420800 818.713600 1.000000
1188.568000 1184.921600 1174.806400 835.704000 1.000000
1189.022400 1025.084800 1176.131200 664.724800 1.000000
1193.267200 1625.968000 1178.748800 1293.952000 1.000000
1197.622400 2644.992000 1178.960000 2278.048000 1.000000
1198.356800 2729.296000 1181.832000 2354.496000 1.000000
1196.857600 1030.251200 1184.697600 669.043200 1.000000
1200.430400 2632.176000 1185.288000 2265.472000 1.000000
1198.022400 1192.467200 1185.304000 844.345600 1.000000
1203.310400 2188.176000 1187.121600 1846.496000 1.000000
1203.883200 1024.974400 1193.732800 664.401600 1.000000
1205.281600 1006.696000 1199.080000 644.683200 1.000000
1214.356800 1189.739200 1201.313600 843.134400 1.000000
1215.868800 1210.438400 1202.556800 863.640000 1.000000
1216.006400 1198.259200 1203.979200 851.387200 1.000000
1220.492800 1023.963200 1208.779200 664.622400 1.000000
1220.628800 1226.030400 1212.067200 877.297600 1.000000
1246.323200 1124.433600 1234.987200 770.481600 1.000000
1261.459200 2621.536000 1243.699200 2257.472000 1.000000
1261.672000 1164.148800 1249.529600 816.499200 1.000000
1278.004800 2620.096000 1257.555200 2256.192000 1.000000
1301.785600 2946.032000 1278.481600 2541.488000 1.000000
1312.052800 1057.459200 1302.790400 704.814400 1.000000
1332.532800 2608.096000 1311.083200 2247.136000 1.000000
1368.512000 3008.848000 1318.395200 3013.024000 1.000000
1347.217600 3008.896000 1319.900800 2622.016000 1.000000
1353.206400 2916.432000 1326.769600 2514.336000 1.000000
1361.806400 2950.032000 1335.051200 2546.640000 1.000000
1364.036800 2928.512000 1338.384000 2525.888000 1.000000
1362.587200 2658.640000 1340.256000 2294.736000 1.000000
1364.313600 2642.288000 1342.046400 2280.240000 1.000000
1367.241600 2556.720000 1346.011200 2198.496000 1.000000
1371.440000 2717.984000 1348.774400 2349.264000 1.000000
1377.041600 2923.936000 1350.182400 2522.944000 1.000000
1351.822400 577.148800 1350.323200 206.982400 1.000000
1375.788800 2589.840000 1353.768000 2232.368000 1.000000
1376.811200 2580.160000 1354.528000 2223.152000 1.000000
1376.248000 2569.728000 1354.534400 2213.664000 1.000000
1381.104000 2727.440000 1354.860800 2358.256000 1.000000
1384.552000 2561.120000 1362.280000 2206.432000 1.000000
1408.395200 2581.328000 1378.048000 2225.280000 1.000000
1407.891200 2559.632000 1383.324800 2205.392000 1.000000
1407.196800 2600.544000 1386.484800 2244.224000 1.000000
1403.257600 2114.800000 1391.446400 1744.576000 1.000000
1394.454400 780.993600 1392.544000 399.905600 1.000000
1423.603200 1164.128000 1416.523200 819.811200 1.000000
1430.798400 1275.321600 1421.166400 939.113600 1.000000
1431.508800 1283.779200 1422.377600 949.027200 1.000000
1433.070400 1246.873600 1425.524800 910.937600 1.000000
1437.476800 1289.625600 1426.043200 952.787200 1.000000
1435.035200 1196.611200 1427.238400 857.667200 1.000000
1436.926400 1261.161600 1428.294400 926.440000 1.000000
1438.264000 1369.062400 1429.654400 1039.347200 1.000000
1439.841600 1435.385600 1429.849600 1107.686400 1.000000
1439.720000 1443.622400 1430.091200 1115.988800 1.000000
1439.883200 1391.576000 1430.800000 1062.814400 1.000000
1439.392000 1240.852800 1431.820800 904.793600 1.000000
1443.552000 1190.401600 1436.195200 851.841600 1.000000
1448.684800 1408.334400 1439.384000 1080.428800 1.000000
1451.081600 1388.484800 1441.203200 1059.121600 1.000000
1452.878400 1443.772800 1441.462400 1117.945600 1.000000
1297.587200 2822.336000 1442.598400 2428.208000 1.000000
1451.398400 1297.504000 1443.878400 965.513600 1.000000
1451.496000 1222.739200 1444.208000 887.697600 1.000000
1453.068800 1245.673600 1445.344000 911.097600 1.000000
1455.236800 1254.937600 1447.262400 920.275200 1.000000
1457.003200 1229.126400 1449.969600 892.772800 1.000000
1461.724800 1277.843200 1454.700800 944.937600 1.000000
1462.880000 1261.982400 1455.038400 928.440000 1.000000
1480.276800 1418.324800 1471.723200 1093.088000 1.000000
1478.688000 1235.272000 1471.920000 898.752000 1.000000
1499.257600 1319.329600 1489.100800 989.696000 1.000000
1534.315200 2577.296000 1507.497600 2224.256000 1.000000
1540.811200 2601.536000 1510.848000 2247.968000 1.000000
1534.793600 574.968000 1543.299200 212.081600 1.000000
1569.932800 2357.024000 1543.337600 2020.784000 1.000000
1533.636800 592.580800 1543.443200 230.699200 1.000000
1571.859200 2334.800000 1545.795200 2000.080000 1.000000
1536.857600 606.145600 1546.412800 245.875200 1.000000
1539.979200 586.800000 1550.176000 225.185600 1.000000
1574.140800 2132.352000 1551.940800 1807.968000 1.000000
1578.251200 2153.888000 1554.888000 1830.480000 1.000000
1561.065600 1227.961600 1556.395200 893.393600 1.000000
1580.616000 2134.992000 1557.161600 1812.272000 1.000000
1558.950400 1067.969600 1557.502400 720.912000 1.000000
1585.718400 2124.608000 1561.564800 1801.888000 1.000000
1588.028800 2349.312000 1562.174400 2015.904000 1.000000
1586.360000 2166.368000 1563.091200 1841.584000 1.000000
1594.721600 2363.888000 1567.478400 2029.264000 1.000000
1572.926400 1232.427200 1568.334400 900.356800 1.000000
1558.632000 589.409600 1569.441600 228.721600 1.000000
1574.432000 1213.404800 1569.560000 879.699200 1.000000
1595.470400 2340.704000 1570.956800 2007.504000 1.000000
1580.504000 1356.993600 1572.496000 1034.235200 1.000000
1579.924800 1378.347200 1572.720000 1057.651200 1.000000
1595.966400 2148.944000 1573.616000 1825.424000 1.000000
1574.660800 1054.328000 1576.326400 707.574400 1.000000
1599.043200 2130.848000 1576.528000 1807.424000 1.000000
1581.084800 1241.417600 1576.977600 909.630400 1.000000
1581.630400 1233.092800 1577.323200 901.206400 1.000000
1601.552000 2145.808000 1579.185600 1822.080000 1.000000
1585.513600 1220.891200 1580.974400 888.926400 1.000000
1588.281600 1365.324800 1582.262400 1044.044800 1.000000
1595.102400 1372.476800 1588.110400 1051.720000 1.000000
1591.732800 1209.686400 1589.027200 877.179200 1.000000
1602.192000 1382.432000 1595.217600 1061.321600 1.000000
1605.440000 1368.862400 1598.451200 1047.443200 1.000000
1623.104000 2146.352000 1600.048000 1823.600000 1.000000
1603.008000 1053.952000 1602.768000 710.120000 1.000000
1607.440000 1089.385600 1606.848000 747.121600 1.000000
1622.368000 1372.252800 1615.264000 1052.184000 1.000000
1617.024000 1090.104000 1616.320000 750.488000 1.000000
1623.184000 1067.811200 1622.736000 725.900800 1.000000
1667.712000 1220.107200 1669.648000 888.846400 1.000000
1660.032000 620.689600 1674.608000 265.641600 1.000000
1684.512000 1092.812800 1686.352000 758.464000 1.000000
1670.560000 620.854400 1686.560000 267.299200 1.000000
1672.960000 633.937600 1688.032000 280.854400 1.000000
1685.440000 634.316800 1701.488000 282.067200 1.000000
1692.592000 613.665600 1710.016000 261.304000 1.000000
1695.104000 624.044800 1712.640000 271.608000 1.000000
1710.896000 659.312000 1727.856000 309.747200 1.000000
1737.248000 1180.640000 1735.696000 849.142400 1.000000
1720.752000 593.179200 1739.696000 239.864000 1.000000
1725.632000 652.883200 1742.560000 303.952000 1.000000
1728.320000 638.499200 1744.928000 287.734400 1.000000
1728.000000 497.019200 1750.880000 133.190560 1.000000
1732.448000 593.894400 1752.240000 241.456000 1.000000
1742.336000 617.009600 1761.552000 265.840000 1.000000
1743.216000 611.252800 1762.864000 260.368000 1.000000
1744.320000 596.120000 1764.368000 245.166400 1.000000
1744.240000 602.606400 1764.448000 251.092800 1.000000
1743.808000 588.724800 1764.784000 237.139200 1.000000
1743.600000 455.083200 1770.896000 85.672640 1.000000
1813.840000 2508.624000 1774.592000 2170.144000 1.000000
1754.816000 611.084800 1775.952000 260.800000 1.000000
1751.888000 434.329600 1777.232000 64.460800 1.000000
1820.208000 2536.064000 1781.728000 2195.040000 1.000000
1765.280000 669.822400 1784.560000 322.371200 1.000000
1765.760000 626.312000 1786.896000 278.009600 1.000000
1766.400000 649.908800 1787.088000 301.196800 1.000000
1764.096000 469.300800 1787.376000 107.075360 1.000000
1761.200000 444.060800 1787.616000 75.744960 1.000000
1835.136000 2557.328000 1797.152000 2214.112000 1.000000
1772.704000 431.627200 1799.600000 63.878560 1.000000
1784.544000 686.467200 1802.912000 341.766400 1.000000
1784.512000 652.824000 1803.984000 308.329600 1.000000
1800.720000 690.784000 1819.968000 346.444800 1.000000
1804.272000 655.113600 1826.144000 308.044800 1.000000
1820.240000 558.584000 1845.744000 205.712000 1.000000
1823.952000 580.336000 1848.704000 230.824000 1.000000
1827.072000 573.760000 1853.280000 221.844800 1.000000
1915.472000 2910.176000 1859.280000 2526.240000 1.000000
1833.568000 559.640000 1860.080000 207.278400 1.000000
1837.696000 611.320000 1861.696000 264.136000 1.000000
1943.936000 2844.016000 1886.864000 2467.104000 1.000000
1864.272000 657.240000 1887.280000 313.972800 1.000000
1862.704000 579.721600 1891.408000 228.070400 1.000000
1864.960000 640.102400 1892.048000 297.844800 1.000000
1872.256000 649.873600 1896.432000 307.577600 1.000000
1884.416000 850.129600 1905.056000 491.697600 1.000000
1879.760000 637.745600 1906.432000 294.873600 1.000000
1963.408000 2631.696000 1913.344000 2290.784000 1.000000
1889.888000 640.732800 1915.648000 298.964800 1.000000
1914.288000 1266.851200 1919.328000 945.449600 1.000000
1974.224000 2697.680000 1921.392000 2344.016000 1.000000
1915.936000 854.590400 1933.008000 503.033600 1.000000
1906.016000 631.800000 1934.496000 288.864000 1.000000
1907.168000 639.966400 1934.576000 298.067200 1.000000
1907.136000 571.574400 1935.424000 222.889600 1.000000
1923.760000 877.494400 1941.168000 527.868800 1.000000
1911.504000 486.081600 1944.304000 128.261280 1.000000
1994.000000 2585.680000 1944.672000 2240.304000 1.000000
1911.664000 459.259200 1946.384000 98.235200 1.000000
1912.512000 441.563200 1947.232000 78.202720 1.000000
1918.992000 630.228800 1949.008000 288.161600 1.000000
1922.272000 618.608000 1951.168000 275.694400 1.000000
1918.800000 491.256000 1952.592000 135.987680 1.000000
2012.512000 2729.424000 1955.008000 2363.184000 1.000000
1936.544000 868.710400 1956.976000 518.411200 1.000000
2019.264000 2840.192000 1958.256000 2463.968000 1.000000
2022.064000 2855.424000 1960.944000 2478.304000 1.000000
2013.648000 2632.128000 1962.320000 2286.624000 1.000000
2017.488000 2680.816000 1963.552000 2328.544000 1.000000
1930.400000 462.393600 1965.728000 103.828000 1.000000
1931.232000 448.539200 1967.488000 90.083040 1.000000
1932.512000 482.491200 1968.704000 124.478400 1.000000
1956.032000 880.480000 1976.000000 532.707200 1.000000
1941.184000 457.692800 1977.264000 99.034240 1.000000
1944.992000 535.660800 1977.440000 185.400000 1.000000
1960.768000 870.209600 1979.120000 522.200000 1.000000
1941.760000 422.400000 1979.936000 60.367680 1.000000
1944.400000 481.665600 1980.192000 124.618720 1.000000
2044.048000 2859.824000 1981.520000 2487.376000 1.000000
1953.664000 663.582400 1981.584000 326.385600 1.000000
1945.616000 467.147200 1982.720000 108.399680 1.000000
1957.520000 648.412800 1986.368000 310.540800 1.000000
1952.512000 416.628800 1990.704000 53.306240 1.000000
1958.016000 491.099200 1994.480000 134.256800 1.000000
1964.624000 673.400000 1996.128000 334.348800 1.000000
1980.336000 872.121600 1996.608000 524.603200 1.000000
1959.584000 466.352000 1997.600000 111.795840 1.000000
1965.216000 534.660800 1999.024000 186.176000 1.000000
1961.952000 448.043200 1999.168000 88.784000 1.000000
2054.576000 2642.608000 2001.312000 2294.912000 1.000000
1973.408000 546.635200 2009.232000 198.816000 1.000000
1968.688000 401.265600 2010.192000 37.273120 1.000000
2066.464000 2682.496000 2010.368000 2332.416000 1.000000
1978.480000 566.907200 2012.656000 220.182400 1.000000
1994.576000 923.726400 2013.648000 578.179200 1.000000
2076.128000 2793.968000 2014.912000 2432.288000 1.000000
1983.328000 666.857600 2015.136000 331.177600 1.000000
1981.600000 542.380800 2017.136000 195.012800 1.000000
1989.376000 703.096000 2018.896000 369.337600 1.000000
2076.688000 2701.632000 2019.072000 2351.024000 1.000000
1993.152000 695.358400 2020.080000 361.582400 1.000000
1991.504000 678.057600 2020.720000 342.612800 1.000000
1993.264000 614.444800 2025.504000 274.195200 1.000000
2085.712000 2769.520000 2025.936000 2411.024000 1.000000
2084.192000 2594.752000 2028.112000 2256.080000 1.000000
1999.056000 683.048000 2028.672000 348.174400 1.000000
2086.032000 2704.160000 2028.992000 2353.200000 1.000000
2088.544000 2677.696000 2030.912000 2328.032000 1.000000
1994.240000 542.577600 2031.136000 194.294400 1.000000
2093.536000 2775.808000 2032.896000 2418.288000 1.000000
2094.240000 2756.880000 2033.440000 2401.536000 1.000000
2003.120000 635.942400 2034.912000 297.131200 1.000000
1992.544000 425.532800 2035.680000 64.981120 1.000000
2093.088000 2698.464000 2035.936000 2348.528000 1.000000
2099.584000 2685.824000 2041.888000 2337.600000 1.000000
2105.248000 2765.536000 2043.280000 2410.752000 1.000000
2103.968000 2711.120000 2044.544000 2360.896000 1.000000
2014.384000 669.780800 2044.832000 335.316800 1.000000
2105.856000 2741.408000 2045.536000 2387.808000 1.000000
2005.600000 428.752000 2047.680000 70.663040 1.000000
2113.536000 2776.096000 2050.640000 2417.520000 1.000000
2017.344000 621.443200 2051.056000 283.606400 1.000000
2030.240000 887.684800 2051.056000 544.432000 1.000000
2111.808000 2691.024000 2051.856000 2342.656000 1.000000
2107.520000 2614.672000 2053.344000 2276.928000 1.000000
2118.672000 2802.240000 2054.464000 2441.168000 1.000000
2022.976000 649.753600 2055.184000 313.776000 1.000000
2024.144000 676.915200 2055.424000 342.502400 1.000000
2014.560000 398.083200 2057.696000 37.806400 1.000000
2033.936000 797.996800 2059.088000 447.979200 1.000000
2119.904000 2689.568000 2061.568000 2340.496000 1.000000
2024.736000 521.028800 2063.376000 172.443200 1.000000
2028.768000 568.574400 2064.720000 224.372800 1.000000
2058.688000 1647.056000 2065.584000 1607.568000 1.000000
2035.008000 612.620800 2067.648000 272.761600 1.000000
2028.400000 467.046400 2070.592000 111.495680 1.000000
2033.056000 409.760000 2077.536000 49.188320 1.000000
2040.016000 433.512000 2083.776000 76.762240 1.000000
2086.016000 1534.577600 2085.936000 1494.537600 1.000000
2041.616000 414.702400 2086.144000 56.669440 1.000000
2042.832000 402.328000 2088.640000 42.896800 1.000000
2065.536000 778.998400 2092.208000 432.276800 1.000000
2073.920000 918.012800 2095.536000 579.265600 1.000000
2061.328000 553.425600 2100.208000 209.265600 1.000000
2077.696000 855.382400 2100.736000 505.206400 1.000000
2067.424000 550.169600 2107.216000 206.190400 1.000000
2187.296000 2926.272000 2114.160000 2568.416000 1.000000
2137.920000 2004.976000 2115.408000 1912.032000 1.000000
2067.776000 392.062400 2116.224000 33.283360 1.000000
2074.544000 466.665600 2118.176000 113.897280 1.000000
2084.256000 503.524800 2126.832000 155.168800 1.000000
2102.240000 811.646400 2128.128000 464.939200 1.000000
2109.328000 897.012800 2129.840000 554.889600 1.000000
2116.784000 823.224000 2146.096000 478.472000 1.000000
2185.184000 1439.136000 2146.544000 1426.048000 1.000000
2181.552000 2144.784000 2154.624000 2034.224000 1.000000
2137.008000 855.134400 2163.040000 510.104000 1.000000
2125.728000 613.873600 2165.376000 258.604800 1.000000
2197.200000 2171.824000 2166.608000 2064.048000 1.000000
2205.088000 2060.800000 2178.368000 1971.472000 1.000000
2213.888000 2160.016000 2182.336000 2056.272000 1.000000
2205.040000 1828.848000 2193.104000 1817.360000 1.000000
2172.480000 815.483200 2197.728000 471.292800 1.000000
2212.944000 1833.328000 2199.808000 1823.376000 1.000000
2229.696000 2079.616000 2201.696000 1990.448000 1.000000
2222.736000 1794.864000 2203.840000 1799.936000 1.000000
2225.792000 1842.752000 2214.032000 1831.776000 1.000000
2250.912000 2103.792000 2221.040000 2011.056000 1.000000
2204.144000 752.830400 2237.744000 405.926400 1.000000
2251.408000 1366.008000 2261.104000 1326.768000 1.000000
2289.376000 1322.238400 2288.864000 1285.028800 1.000000
2303.136000 1392.979200 2308.240000 1381.996800 1.000000
2363.328000 1933.664000 2341.760000 1932.544000 1.000000
2335.840000 1321.366400 2347.824000 1288.027200 1.000000
2384.944000 1480.212800 2390.176000 1513.084800 1.000000
2417.296000 1961.840000 2392.352000 1960.080000 1.000000
2409.200000 1483.497600 2412.832000 1522.988800 1.000000
2415.712000 1555.048000 2414.864000 1602.640000 1.000000
2442.416000 1957.184000 2416.784000 1958.384000 1.000000
2442.448000 1910.128000 2420.256000 1921.488000 1.000000
2417.488000 1497.841600 2420.432000 1538.736000 1.000000
2450.688000 1954.736000 2424.640000 1957.328000 1.000000
2425.936000 1473.582400 2431.696000 1514.940800 1.000000
2429.888000 1501.782400 2432.912000 1545.603200 1.000000
2430.880000 1443.502400 2437.616000 1481.108800 1.000000
2438.672000 1452.024000 2444.400000 1491.657600 1.000000
2445.152000 1553.569600 2445.168000 1608.336000 1.000000
2472.192000 1899.504000 2449.712000 1915.040000 1.000000
2449.312000 1481.806400 2453.168000 1527.963200 1.000000
2452.864000 1544.966400 2453.568000 1602.016000 1.000000
2447.312000 1429.296000 2455.136000 1468.716800 1.000000
2483.344000 1938.544000 2457.472000 1946.688000 1.000000
2456.448000 1529.745600 2458.016000 1586.576000 1.000000
2454.048000 1459.086400 2459.632000 1503.534400 1.000000
2459.280000 1541.438400 2459.840000 1600.176000 1.000000
2458.432000 1445.171200 2465.024000 1487.259200 1.000000
2465.968000 1544.620800 2466.304000 1603.808000 1.000000
2468.352000 1456.635200 2474.496000 1503.926400 1.000000
2466.736000 1419.401600 2474.944000 1461.552000 1.000000
2498.736000 1834.064000 2480.128000 1863.856000 1.000000
2482.608000 1525.814400 2483.168000 1590.572800 1.000000
2508.112000 1836.784000 2488.496000 1866.816000 1.000000
2488.160000 1542.036800 2488.576000 1607.392000 1.000000
2496.528000 1536.616000 2495.280000 1602.720000 1.000000
2486.688000 1387.201600 2497.424000 1436.737600 1.000000
2509.888000 1611.904000 2505.520000 1670.016000 1.000000
2523.456000 1714.656000 2511.200000 1764.880000 1.000000
2521.312000 1697.344000 2511.392000 1747.408000 1.000000
2503.024000 1406.320000 2512.208000 1454.222400 1.000000
2531.792000 1699.952000 2520.912000 1751.648000 1.000000
2549.056000 1687.264000 2536.848000 1743.696000 1.000000
2554.080000 1738.976000 2540.704000 1788.080000 1.000000
2557.264000 1750.960000 2543.392000 1798.496000 1.000000
2558.752000 1760.272000 2543.872000 1806.544000 1.000000
2562.816000 1659.888000 2554.576000 1720.944000 1.000000
2559.280000 1592.734400 2555.296000 1660.208000 1.000000
2569.024000 1674.464000 2560.432000 1733.568000 1.000000
2582.912000 1708.672000 2570.976000 1764.880000 1.000000
2585.824000 1721.152000 2572.384000 1775.680000 1.000000
2593.792000 1857.344000 2573.072000 1889.664000 1.000000
2593.120000 1691.360000 2581.280000 1751.040000 1.000000
2595.008000 1704.464000 2582.832000 1762.304000 1.000000
2592.864000 1671.168000 2583.424000 1733.664000 1.000000
2590.064000 1622.512000 2584.672000 1690.608000 1.000000
2591.664000 1612.432000 2586.144000 1682.528000 1.000000
2607.056000 1740.704000 2591.472000 1794.976000 1.000000
2599.184000 1606.880000 2594.240000 1678.224000 1.000000
2612.256000 1681.104000 2601.552000 1744.144000 1.000000
2615.072000 1693.584000 2603.024000 1755.984000 1.000000
2612.464000 1673.680000 2603.072000 1738.432000 1.000000
2609.440000 1611.120000 2603.696000 1683.120000 1.000000
2625.488000 1808.016000 2606.192000 1853.904000 1.000000
2624.048000 1678.800000 2612.800000 1743.760000 1.000000
2626.480000 1656.896000 2616.704000 1725.408000 1.000000
2625.584000 1647.216000 2617.040000 1717.264000 1.000000
2627.968000 1668.640000 2618.240000 1735.296000 1.000000
2630.368000 1650.496000 2622.272000 1720.112000 1.000000
2632.880000 1659.104000 2623.392000 1728.032000 1.000000
2630.432000 1627.040000 2623.616000 1699.920000 1.000000
2637.168000 1683.488000 2624.832000 1748.672000 1.000000
2607.776000 1242.000000 2625.728000 1287.923200 1.000000
2638.752000 1662.160000 2628.432000 1731.008000 1.000000
2640.128000 1685.904000 2628.768000 1752.208000 1.000000
2608.464000 1188.132800 2629.584000 1224.852800 1.000000
2651.680000 1672.864000 2641.424000 1742.304000 1.000000
2651.216000 1656.448000 2641.856000 1727.408000 1.000000
2656.384000 1676.096000 2645.568000 1745.520000 1.000000
2656.192000 1663.456000 2645.984000 1734.000000 1.000000
2686.608000 1842.144000 2678.272000 1913.072000 1.000000
2692.288000 1515.417600 2692.768000 1584.560000 1.000000
2696.176000 1501.283200 2696.608000 1575.276800 1.000000
2715.968000 1819.040000 2697.856000 1886.080000 1.000000
2728.432000 1647.664000 2717.424000 1727.808000 1.000000
3396.416000 461.422400 3487.776000 589.080000 1.000000
3691.088000 2588.528000 3561.072000 2705.888000 1.000000
3620.192000 1752.400000 3578.992000 1983.152000 1.000000
3708.288000 1970.416000 3631.872000 2165.376000 1.000000
3535.568000 197.112000 3668.800000 66.749120 1.000000
3789.120000 230.625600 3930.112000 152.123520 1.000000
3838.720000 208.206400 3984.656000 137.221920 1.000000
3856.176000 198.134400 4004.512000 128.111520 1.000000
