5.591920 822.483200 4.543504 1962.816000 1.000000
7.283360 1106.801600 7.307712 2233.680000 1.000000
110.193280 1677.008000 29.295680 2774.752000 1.000000
89.951040 1455.307200 32.802720 2592.400000 1.000000
76.739840 1256.633600 48.594080 2385.312000 1.000000
68.424160 1146.572800 67.320800 2259.408000 1.000000
84.810560 1198.137600 73.856960 2321.424000 1.000000
109.844640 1298.328000 80.828320 2421.504000 1.000000
128.203200 1368.193600 89.344160 2497.968000 1.000000
75.384000 1053.172800 92.453760 2145.744000 1.000000
84.669600 1079.030400 96.374720 2174.000000 1.000000
81.974560 1037.931200 100.869920 2131.536000 1.000000
99.496000 1073.745600 112.311040 2167.936000 1.000000
174.502400 1600.416000 113.478400 2684.272000 1.000000
218.156800 1766.688000 134.978720 2851.984000 1.000000
228.224000 1836.304000 136.367200 2933.344000 1.000000
213.536000 1702.128000 138.410720 2793.536000 1.000000
222.371200 1780.768000 138.788800 2869.248000 1.000000
128.433920 1081.044800 142.046720 2174.528000 1.000000
133.913600 1092.883200 143.048960 2186.304000 1.000000
242.470400 1786.032000 160.638400 2874.752000 1.000000
252.600000 1808.944000 167.057600 2898.720000 1.000000
193.358400 1193.256000 179.870400 2311.392000 1.000000
243.228800 1389.481600 180.078400 2597.296000 1.000000
155.917920 978.934400 192.100800 2040.672000 1.000000
158.581120 987.976000 192.604800 2049.648000 1.000000
158.599520 973.163200 194.180800 2035.424000 1.000000
1078.060800 62.626880 194.289600 201.550400 1.000000
252.083200 1537.587200 203.579200 2617.232000 1.000000
162.886400 928.275200 206.169600 1991.264000 1.000000
175.734400 992.208000 208.136000 2055.504000 1.000000
163.528000 930.025600 208.680000 1997.312000 1.000000
318.291200 1719.216000 251.812800 2795.616000 1.000000
230.246400 809.259200 286.803200 1880.864000 1.000000
239.652800 790.470400 301.392000 1862.560000 1.000000
341.704000 1447.644800 313.017600 2534.240000 1.000000
356.441600 1374.284800 331.707200 2457.136000 1.000000
329.076800 1120.500800 333.038400 2189.312000 1.000000
358.484800 1293.331200 347.755200 2357.968000 1.000000
375.796800 1397.284800 350.811200 2478.752000 1.000000
349.724800 1196.492800 353.145600 2258.272000 1.000000
378.512000 1342.568000 360.060800 2416.624000 1.000000
326.142400 966.609600 364.435200 2021.216000 1.000000
392.865600 1383.273600 367.912000 2465.136000 1.000000
328.499200 944.158400 368.907200 1999.840000 1.000000
325.940800 907.908800 371.387200 1964.928000 1.000000
339.443200 976.243200 375.996800 2028.032000 1.000000
397.196800 1342.424000 378.694400 2418.384000 1.000000
338.928000 939.561600 379.588800 1994.448000 1.000000
387.664000 1277.827200 380.819200 2339.088000 1.000000
342.057600 953.468800 381.384000 2006.656000 1.000000
345.561600 968.364800 382.726400 2021.200000 1.000000
378.331200 1173.108800 385.163200 2232.272000 1.000000
348.214400 946.840000 388.299200 2000.656000 1.000000
353.230400 987.944000 388.438400 2040.256000 1.000000
342.928000 892.857600 390.249600 1949.584000 1.000000
353.902400 967.558400 390.424000 2019.888000 1.000000
372.755200 1102.995200 391.350400 2168.288000 1.000000
338.955200 844.721600 393.577600 1905.760000 1.000000
349.473600 911.640000 394.755200 1967.472000 1.000000
345.806400 876.822400 394.988800 1935.504000 1.000000
401.652800 1276.180800 395.222400 2335.536000 1.000000
338.483200 813.278400 396.456000 1877.136000 1.000000
355.540800 939.011200 396.790400 1993.488000 1.000000
347.412800 869.089600 398.705600 1925.472000 1.000000
402.633600 1262.427200 399.156800 2323.520000 1.000000
352.497600 892.048000 400.435200 1949.136000 1.000000
403.593600 1229.816000 402.454400 2292.512000 1.000000
407.380800 1264.060800 402.564800 2324.448000 1.000000
357.280000 902.390400 403.297600 1958.832000 1.000000
357.048000 873.545600 406.803200 1931.648000 1.000000
350.427200 797.320000 409.580800 1861.392000 1.000000
356.308800 847.280000 409.665600 1907.360000 1.000000
345.934400 759.515200 410.270400 1828.160000 1.000000
358.809600 862.529600 410.648000 1922.160000 1.000000
364.329600 828.003200 419.660800 1889.312000 1.000000
358.172800 777.276800 422.232000 1845.184000 1.000000
359.918400 760.443200 423.433600 1828.320000 1.000000
369.601600 839.216000 423.472000 1899.840000 1.000000
365.504000 808.312000 423.483200 1871.536000 1.000000
420.457600 1148.299200 430.118400 2210.544000 1.000000
372.665600 800.107200 430.225600 1863.120000 1.000000
448.884800 1347.040000 430.942400 2415.264000 1.000000
374.494400 761.865600 436.766400 1829.280000 1.000000
331.588800 391.251200 460.889600 1418.038400 1.000000
419.297600 809.827200 476.707200 1871.632000 1.000000
439.300800 835.790400 491.614400 1891.840000 1.000000
442.420800 828.092800 495.908800 1885.792000 1.000000
445.931200 822.003200 500.592000 1881.008000 1.000000
444.123200 767.956800 505.259200 1839.776000 1.000000
478.294400 1056.102400 508.699200 2077.072000 1.000000
581.572800 1739.024000 532.323200 2789.408000 1.000000
429.558400 469.822400 544.979200 1479.707200 1.000000
500.427200 834.488000 552.089600 1892.992000 1.000000
523.888000 956.886400 564.971200 1988.336000 1.000000
451.680000 451.716800 568.710400 1461.798400 1.000000
532.766400 968.944000 571.646400 2002.048000 1.000000
461.251200 473.443200 575.940800 1482.137600 1.000000
462.297600 450.953600 578.494400 1460.892800 1.000000
470.652800 488.974400 582.248000 1496.299200 1.000000
618.086400 1558.811200 593.558400 2588.736000 1.000000
637.120000 1711.200000 596.449600 2756.528000 1.000000
483.582400 471.110400 598.632000 1478.680000 1.000000
637.424000 1671.344000 601.392000 2708.288000 1.000000
647.868800 1699.152000 611.680000 2739.376000 1.000000
439.273600 21.929120 612.675200 1047.702400 1.000000
657.203200 1682.528000 620.243200 2720.768000 1.000000
513.768000 489.627200 622.217600 1494.209600 1.000000
664.216000 1574.324800 634.254400 2599.472000 1.000000
669.334400 1599.784000 646.336000 2630.896000 1.000000
588.462400 709.876800 654.571200 1764.864000 1.000000
556.188800 508.926400 661.166400 1509.289600 1.000000
556.017600 429.353600 668.843200 1439.937600 1.000000
624.980800 733.588800 687.702400 1783.440000 1.000000
728.953600 1693.392000 697.865600 2732.080000 1.000000
659.640000 847.616000 711.070400 1882.208000 1.000000
658.129600 775.496000 715.606400 1819.440000 1.000000
668.643200 752.048000 727.833600 1797.568000 1.000000
670.849600 775.628800 727.947200 1818.272000 1.000000
692.315200 764.470400 749.220800 1806.608000 1.000000
776.300800 1139.636800 784.204800 2220.320000 1.000000
734.676800 765.569600 787.689600 1806.144000 1.000000
764.792000 890.732800 801.601600 1903.984000 1.000000
764.276800 899.150400 808.070400 1920.800000 1.000000
836.801600 1573.678400 823.745600 2586.944000 1.000000
774.380800 766.761600 828.984000 1804.384000 1.000000
795.611200 935.721600 834.028800 1952.848000 1.000000
771.168000 622.601600 837.088000 1691.664000 1.000000
821.492800 773.865600 875.214400 1807.872000 1.000000
857.347200 1165.185600 879.356800 2152.960000 1.000000
942.172800 540.504000 1019.736000 1516.449600 1.000000
902.904000 46.419520 1023.814400 1052.790400 1.000000
910.475200 34.467840 1032.289600 1041.190400 1.000000
924.462400 77.018720 1039.185600 1078.054400 1.000000
1043.300800 1497.137600 1043.390400 2535.120000 1.000000
995.939200 553.051200 1071.256000 1523.435200 1.000000
1017.774400 472.811200 1088.542400 1454.188800 1.000000
1016.704000 551.160000 1089.683200 1520.905600 1.000000
1026.953600 538.044800 1100.420800 1511.281600 1.000000
1004.011200 55.337280 1114.364800 1054.048000 1.000000
1050.972800 505.139200 1123.604800 1479.776000 1.000000
1052.712000 442.656000 1127.654400 1428.236800 1.000000
1059.092800 516.211200 1129.470400 1490.187200 1.000000
1065.288000 546.449600 1135.264000 1517.166400 1.000000
1077.041600 541.147200 1145.251200 1510.544000 1.000000
1092.556800 555.752000 1159.432000 1522.769600 1.000000
1106.904000 486.256000 1175.585600 1462.256000 1.000000
1121.867200 546.513600 1187.536000 1511.900800 1.000000
1129.241600 520.396800 1194.790400 1489.380800 1.000000
1132.446400 546.656000 1196.846400 1510.462400 1.000000
1132.158400 471.588800 1200.123200 1449.366400 1.000000
1133.716800 484.910400 1201.526400 1459.790400 1.000000
1149.022400 533.152000 1212.897600 1498.528000 1.000000
1188.568000 1184.921600 1214.884800 2156.272000 1.000000
1130.656000 52.006720 1223.003200 1047.073600 1.000000
1196.857600 1030.251200 1230.438400 2004.592000 1.000000
1151.795200 60.688320 1241.886400 1054.276800 1.000000
1216.006400 1198.259200 1242.392000 2165.616000 1.000000
1423.603200 1164.128000 1452.774400 2124.976000 1.000000
1430.798400 1275.321600 1458.968000 2230.192000 1.000000
1435.035200 1196.611200 1464.052800 2154.272000 1.000000
1436.926400 1261.161600 1465.400000 2216.320000 1.000000
1439.883200 1391.576000 1468.710400 2350.224000 1.000000
1439.392000 1240.852800 1469.000000 2197.008000 1.000000
1439.720000 1443.622400 1469.004800 2405.456000 1.000000
1443.552000 1190.401600 1472.334400 2146.144000 1.000000
1453.068800 1245.673600 1482.707200 2199.600000 1.000000
1455.083200 1203.324800 1484.145600 2156.112000 1.000000
1455.236800 1254.937600 1484.923200 2208.976000 1.000000
1462.880000 1261.982400 1492.635200 2215.552000 1.000000
1478.688000 1235.272000 1507.208000 2186.800000 1.000000
1480.276800 1418.324800 1510.800000 2372.080000 1.000000
1518.136000 1411.168000 1546.598400 2361.536000 1.000000
1528.057600 603.078400 1560.636800 1540.881600 1.000000
1533.636800 592.580800 1566.616000 1531.059200 1.000000
1539.107200 556.052800 1572.315200 1498.632000 1.000000
1549.598400 1395.457600 1580.395200 2338.752000 1.000000
1558.632000 589.409600 1589.761600 1525.755200 1.000000
1561.065600 1227.961600 1591.054400 2180.272000 1.000000
1560.740800 598.830400 1591.782400 1535.032000 1.000000
1559.747200 1349.067200 1592.812800 2288.192000 1.000000
1562.612800 570.539200 1593.646400 1507.968000 1.000000
1566.790400 1239.038400 1598.644800 2190.432000 1.000000
1585.513600 1220.891200 1617.424000 2172.368000 1.000000
1655.072000 626.585600 1679.440000 1555.696000 1.000000
1660.032000 620.689600 1683.728000 1549.219200 1.000000
1670.560000 620.854400 1694.240000 1548.390400 1.000000
1697.552000 95.766720 1712.480000 1056.825600 1.000000
1695.104000 624.044800 1716.336000 1550.241600 1.000000
1714.288000 107.834080 1725.664000 1070.436800 1.000000
1728.320000 638.499200 1745.792000 1561.451200 1.000000
1730.960000 609.203200 1749.312000 1534.438400 1.000000
1732.448000 593.894400 1750.464000 1521.236800 1.000000
1741.056000 466.937600 1754.208000 1417.020800 1.000000
1737.520000 601.132800 1755.152000 1528.508800 1.000000
1743.600000 455.083200 1756.208000 1404.419200 1.000000
1751.888000 434.329600 1762.784000 1386.033600 1.000000
1752.896000 646.467200 1770.704000 1568.404800 1.000000
1754.816000 611.084800 1773.232000 1536.404800 1.000000
1772.704000 431.627200 1780.704000 1386.038400 1.000000
1765.280000 669.822400 1783.232000 1590.302400 1.000000
1766.400000 649.908800 1785.104000 1569.843200 1.000000
1778.272000 619.435200 1792.160000 1540.155200 1.000000
1804.400000 143.390880 1807.024000 1089.513600 1.000000
1800.400000 738.414400 1808.256000 1730.800000 1.000000
1796.096000 684.019200 1811.808000 1602.224000 1.000000
1804.272000 655.113600 1819.696000 1570.488000 1.000000
1810.720000 609.227200 1824.272000 1532.675200 1.000000
1830.000000 292.526400 1826.592000 1230.123200 1.000000
1819.616000 573.344000 1828.224000 1500.534400 1.000000
1827.072000 573.760000 1836.480000 1500.344000 1.000000
1828.960000 603.406400 1840.448000 1523.203200 1.000000
1832.736000 590.518400 1842.976000 1512.283200 1.000000
1846.640000 178.371200 1843.616000 1118.187200 1.000000
1837.696000 611.320000 1848.192000 1530.460800 1.000000
1855.440000 181.518400 1852.080000 1119.908800 1.000000
1861.984000 181.752000 1857.792000 1120.323200 1.000000
1862.464000 344.164800 1860.448000 1301.400000 1.000000
1868.032000 172.825600 1864.048000 1113.601600 1.000000
1880.560000 132.586560 1872.768000 1077.396800 1.000000
1868.432000 528.961600 1873.440000 1462.828800 1.000000
1864.272000 657.240000 1874.304000 1571.163200 1.000000
1864.960000 640.102400 1877.264000 1553.928000 1.000000
1884.304000 350.771200 1878.352000 1306.014400 1.000000
1887.152000 200.072000 1880.576000 1134.665600 1.000000
1872.256000 649.873600 1881.776000 1563.204800 1.000000
1882.048000 550.532800 1886.512000 1478.340800 1.000000
1894.352000 337.932800 1886.928000 1295.793600 1.000000
1886.336000 532.329600 1887.408000 1461.086400 1.000000
1879.760000 637.745600 1887.456000 1551.228800 1.000000
1901.424000 195.196800 1891.664000 1129.955200 1.000000
1884.304000 652.368000 1895.808000 1565.025600 1.000000
1889.888000 640.732800 1897.792000 1553.432000 1.000000
1894.656000 662.392000 1900.864000 1573.238400 1.000000
1917.808000 121.664800 1902.656000 1066.520000 1.000000
1884.416000 850.129600 1904.464000 1816.992000 1.000000
1915.200000 197.043200 1905.008000 1130.481600 1.000000
1926.432000 76.150240 1907.312000 1032.387200 1.000000
1911.664000 459.259200 1907.648000 1399.934400 1.000000
1907.136000 571.574400 1909.936000 1494.862400 1.000000
1929.488000 117.650720 1913.088000 1063.371200 1.000000
1919.984000 398.377600 1913.808000 1346.592000 1.000000
1930.400000 462.393600 1925.648000 1401.694400 1.000000
1915.936000 854.590400 1927.632000 1822.400000 1.000000
1941.760000 422.400000 1932.336000 1365.816000 1.000000
1935.456000 527.297600 1933.488000 1455.785600 1.000000
1941.184000 457.692800 1934.448000 1397.265600 1.000000
1955.024000 114.667680 1934.752000 1058.491200 1.000000
1923.760000 877.494400 1936.192000 1844.160000 1.000000
1945.280000 396.476800 1936.592000 1342.723200 1.000000
1958.448000 138.469440 1937.936000 1080.339200 1.000000
1928.192000 866.905600 1938.336000 1833.488000 1.000000
1944.400000 481.665600 1938.784000 1418.273600 1.000000
1952.512000 416.628800 1941.392000 1359.889600 1.000000
1950.640000 448.790400 1941.968000 1386.387200 1.000000
1958.688000 200.169600 1942.784000 1131.252800 1.000000
1957.824000 364.824000 1944.272000 1315.321600 1.000000
1948.144000 521.689600 1945.936000 1450.891200 1.000000
1936.544000 868.710400 1948.848000 1834.384000 1.000000
1975.520000 121.403680 1951.248000 1063.635200 1.000000
1960.288000 507.806400 1954.912000 1438.696000 1.000000
1968.688000 401.265600 1957.328000 1348.193600 1.000000
1985.296000 76.779680 1957.648000 1030.492800 1.000000
1953.664000 663.582400 1958.512000 1571.584000 1.000000
1968.336000 460.595200 1959.456000 1396.916800 1.000000
1972.352000 418.921600 1960.304000 1362.225600 1.000000
1957.520000 648.412800 1960.592000 1557.228800 1.000000
1992.944000 67.028000 1963.824000 1021.052800 1.000000
1956.032000 880.480000 1966.064000 1845.248000 1.000000
1973.408000 546.635200 1968.784000 1470.894400 1.000000
1986.624000 202.166400 1969.184000 1126.881600 1.000000
1967.232000 639.283200 1969.184000 1547.809600 1.000000
1966.272000 665.308800 1969.952000 1572.700800 1.000000
1971.712000 703.774400 1975.456000 1610.784000 1.000000
1981.600000 542.380800 1975.648000 1465.545600 1.000000
2008.336000 105.942080 1980.160000 1049.550400 1.000000
1983.328000 666.857600 1988.944000 1572.017600 1.000000
2011.200000 264.198400 1990.192000 1192.619200 1.000000
2005.600000 428.752000 1991.424000 1368.574400 1.000000
1993.264000 614.444800 1991.984000 1524.750400 1.000000
1991.504000 678.057600 1994.448000 1582.585600 1.000000
2014.672000 273.136000 1995.232000 1201.640000 1.000000
2018.736000 230.435200 1996.240000 1157.216000 1.000000
1993.152000 695.358400 1996.288000 1600.112000 1.000000
1999.056000 683.048000 2001.360000 1587.545600 1.000000
2010.032000 543.102400 2001.888000 1466.715200 1.000000
2003.120000 635.942400 2002.368000 1544.208000 1.000000
2023.248000 410.867200 2005.120000 1351.864000 1.000000
2014.016000 567.817600 2007.136000 1485.147200 1.000000
1994.576000 923.726400 2007.888000 1889.568000 1.000000
2029.760000 382.708800 2009.680000 1327.049600 1.000000
2039.024000 164.563200 2010.144000 1095.292800 1.000000
2040.896000 176.704000 2012.400000 1105.400000 1.000000
2013.776000 655.158400 2013.184000 1560.606400 1.000000
2033.056000 409.760000 2013.776000 1351.264000 1.000000
2017.344000 621.443200 2014.848000 1530.710400 1.000000
2020.528000 754.211200 2019.520000 1723.040000 1.000000
2040.016000 433.512000 2022.112000 1372.552000 1.000000
2051.488000 234.427200 2023.392000 1159.897600 1.000000
2056.144000 159.724000 2024.816000 1089.267200 1.000000
2054.928000 179.907200 2024.960000 1107.217600 1.000000
2054.912000 211.838400 2027.600000 1136.544000 1.000000
2038.528000 539.505600 2028.000000 1460.108800 1.000000
2033.520000 670.036800 2032.496000 1573.352000 1.000000
2072.960000 78.901280 2033.760000 1025.611200 1.000000
2036.416000 651.643200 2034.256000 1558.772800 1.000000
2060.336000 293.443200 2035.168000 1216.017600 1.000000
2033.936000 797.996800 2035.376000 1766.528000 1.000000
2031.712000 849.446400 2036.080000 1812.304000 1.000000
2031.296000 870.012800 2038.672000 1830.272000 1.000000
2030.240000 887.684800 2039.040000 1847.824000 1.000000
2083.824000 67.017120 2041.456000 1016.624000 1.000000
2085.488000 266.899200 2054.896000 1191.105600 1.000000
2072.208000 507.980800 2056.432000 1433.985600 1.000000
2084.528000 369.092800 2058.256000 1308.990400 1.000000
2089.056000 291.764800 2059.680000 1214.072000 1.000000
2106.400000 269.363200 2072.912000 1191.934400 1.000000
2077.696000 855.382400 2083.328000 1820.224000 1.000000
2118.448000 346.828800 2086.256000 1281.969600 1.000000
2073.920000 918.012800 2089.296000 1883.456000 1.000000
2131.136000 209.769600 2090.304000 1129.780800 1.000000
2130.304000 245.548800 2093.824000 1166.715200 1.000000
2144.208000 87.840160 2094.656000 1030.374400 1.000000
2131.056000 340.723200 2095.680000 1270.302400 1.000000
2145.408000 211.164800 2105.616000 1132.192000 1.000000
2153.600000 167.179200 2108.928000 1090.817600 1.000000
2151.328000 197.894400 2111.072000 1117.289600 1.000000
2125.728000 613.873600 2111.232000 1563.515200 1.000000
2160.304000 189.579200 2117.216000 1109.060800 1.000000
2164.896000 223.560000 2122.144000 1142.118400 1.000000
2167.216000 201.870400 2125.072000 1120.648000 1.000000
2162.768000 310.348800 2125.648000 1227.388800 1.000000
2183.984000 73.832160 2127.664000 1018.219200 1.000000
2182.256000 145.306880 2131.216000 1071.318400 1.000000
2188.000000 195.356800 2140.544000 1113.712000 1.000000
2185.648000 231.352000 2140.688000 1146.022400 1.000000
2196.272000 196.502400 2147.152000 1112.776000 1.000000
2203.040000 146.166560 2149.984000 1072.163200 1.000000
2195.344000 245.910400 2151.632000 1158.937600 1.000000
2205.936000 167.358400 2153.552000 1090.094400 1.000000
2219.248000 146.437280 2163.712000 1069.385600 1.000000
2225.488000 81.441600 2164.064000 1019.275200 1.000000
2224.880000 155.003200 2167.328000 1076.948800 1.000000
2227.328000 142.328640 2169.808000 1065.731200 1.000000
2227.696000 187.283200 2172.816000 1106.276800 1.000000
2240.000000 30.594560 2172.960000 981.611200 1.000000
2236.000000 123.325280 2176.032000 1052.400000 1.000000
2240.208000 100.974080 2177.616000 1036.340800 1.000000
2234.400000 166.360000 2178.256000 1087.987200 1.000000
2237.232000 144.876000 2179.152000 1068.966400 1.000000
2249.488000 98.236160 2185.984000 1034.068800 1.000000
2255.744000 292.137600 2202.176000 1251.424000 1.000000
2284.496000 70.575040 2212.480000 1012.433600 1.000000
2212.944000 1833.328000 2391.936000 1677.600000 1.000000
2214.608000 2108.000000 2416.160000 2223.808000 1.000000
2539.056000 1804.048000 2630.656000 1774.208000 1.000000
2534.800000 1828.064000 2638.304000 1781.488000 1.000000
2493.840000 1589.064000 2640.080000 1276.686400 1.000000
2494.752000 1615.424000 2645.024000 1305.766400 1.000000
2509.888000 1611.904000 2658.000000 1296.462400 1.000000
2545.264000 1810.752000 2710.176000 1556.035200 1.000000
2543.920000 1755.152000 2713.904000 1443.817600 1.000000
2560.784000 1708.784000 2723.024000 1382.982400 1.000000
2558.752000 1760.272000 2728.768000 1447.211200 1.000000
2591.664000 1612.432000 2738.800000 1260.478400 1.000000
2580.768000 1719.280000 2751.792000 1369.224000 1.000000
2583.824000 1788.144000 2758.224000 1471.553600 1.000000
2626.480000 1656.896000 2778.720000 1299.632000 1.000000
2624.048000 1678.800000 2779.584000 1328.280000 1.000000
2632.880000 1659.104000 2785.584000 1300.576000 1.000000
2637.168000 1683.488000 2793.904000 1330.099200 1.000000
2653.808000 1668.048000 2806.752000 1305.246400 1.000000
2625.488000 1808.016000 2809.312000 1474.579200 1.000000
2661.312000 1652.736000 2811.776000 1284.654400 1.000000
2635.888000 1811.552000 2815.040000 1479.030400 1.000000
2665.376000 1661.104000 2817.616000 1293.336000 1.000000
2673.488000 1658.848000 2824.816000 1287.808000 1.000000
3534.864000 1201.846400 3393.632000 442.643200 1.000000
3538.848000 1221.035200 3520.672000 595.412800 1.000000
3571.360000 1383.379200 3763.168000 949.492800 1.000000
3684.752000 1981.360000 3912.416000 1127.756800 1.000000
