205.526400 2541.472000 271.457600 1325.900800 1.000000
310.385600 2585.808000 374.478400 1388.723200 1.000000
432.580800 2265.904000 457.321600 1127.920000 1.000000
511.624000 2242.560000 535.760000 1086.347200 1.000000
525.816000 2255.552000 546.264000 1101.001600 1.000000
550.307200 2242.880000 573.697600 1089.696000 1.000000
788.745600 1186.104000 713.044800 69.491200 1.000000
795.942400 1202.785600 720.875200 87.460000 1.000000
820.512000 1171.843200 745.689600 57.368640 1.000000
834.414400 1153.952000 762.488000 40.210560 1.000000
899.065600 1167.592000 834.096000 61.056480 1.000000
914.753600 1177.561600 851.089600 72.910880 1.000000
914.414400 1229.878400 852.654400 128.881120 1.000000
928.662400 1171.537600 865.321600 67.966240 1.000000
947.953600 1183.462400 885.500800 82.037120 1.000000
973.385600 1228.385600 917.553600 139.309760 1.000000
984.080000 1262.305600 930.257600 173.057600 1.000000
999.862400 1247.857600 950.120000 162.387200 1.000000
1006.724800 1208.723200 954.811200 117.989120 1.000000
1016.960000 1227.470400 970.153600 141.764480 1.000000
1036.036800 1245.886400 987.052800 164.552000 1.000000
1035.606400 1304.680000 987.755200 226.864000 1.000000
1048.913600 1161.977600 996.894400 69.749120 1.000000
1052.892800 1153.144000 1001.851200 59.218400 1.000000
1069.619200 1196.646400 1022.328000 110.391840 1.000000
1006.000000 2908.240000 1038.468800 1739.392000 1.000000
1084.056000 1255.230400 1041.984000 176.926400 1.000000
1087.790400 1155.547200 1043.339200 67.460000 1.000000
1104.483200 1165.830400 1061.057600 79.472000 1.000000
1115.161600 1303.564800 1080.054400 238.260800 1.000000
1130.734400 1190.657600 1091.540800 109.994560 1.000000
1140.180800 1147.505600 1098.484800 60.703840 1.000000
1137.518400 1276.411200 1101.113600 207.803200 1.000000
1139.868800 1251.248000 1104.230400 177.168000 1.000000
1150.248000 1209.603200 1113.168000 132.456160 1.000000
1154.500800 1140.793600 1115.416000 50.478080 1.000000
1160.336000 1183.084800 1125.614400 104.131520 1.000000
1175.857600 1286.990400 1150.048000 216.124800 1.000000
1199.724800 1309.110400 1167.633600 244.699200 1.000000
1219.996800 1478.444800 1246.769600 442.614400 1.000000
1249.604800 1481.081600 1281.505600 450.926400 1.000000
1441.457600 2215.680000 1457.201600 1141.784000 1.000000
1485.787200 2417.792000 1479.107200 1318.652800 1.000000
1558.686400 2382.304000 1546.995200 1293.089600 1.000000
1563.377600 2243.360000 1554.713600 1174.163200 1.000000
1697.488000 2205.120000 1683.648000 1152.806400 1.000000
1768.064000 2885.248000 1710.016000 1783.632000 1.000000
1815.472000 1806.032000 1821.248000 818.598400 1.000000
1834.992000 1514.547200 1866.352000 527.020800 1.000000
1870.576000 1438.172800 1904.672000 457.974400 1.000000
1892.160000 1522.740800 1925.584000 541.094400 1.000000
1904.672000 1398.265600 1945.232000 404.526400 1.000000
1924.672000 1441.027200 1962.816000 467.136000 1.000000
2267.712000 2361.520000 2041.712000 2224.448000 1.000000
2216.176000 1547.339200 2088.688000 1665.376000 1.000000
2339.040000 1857.616000 2121.488000 2023.648000 1.000000
2349.216000 1862.704000 2130.928000 2030.432000 1.000000
2351.584000 1803.008000 2141.136000 1977.856000 1.000000
1924.560000 1988.928000 2147.360000 2208.672000 1.000000
2318.544000 1381.972800 2168.144000 1579.921600 1.000000
2363.440000 1815.360000 2175.616000 1951.056000 1.000000
2432.304000 1869.936000 2205.552000 2055.392000 1.000000
2327.856000 1189.753600 2206.736000 1366.542400 1.000000
2337.536000 1203.652800 2214.544000 1384.147200 1.000000
2339.216000 1230.692800 2214.896000 1423.752000 1.000000
2421.376000 1697.232000 2220.192000 1897.456000 1.000000
2343.104000 1187.392000 2221.840000 1367.142400 1.000000
2366.752000 1242.190400 2234.144000 1446.377600 1.000000
2397.136000 1301.707200 2254.176000 1529.160000 1.000000
2464.928000 1725.936000 2255.184000 1939.712000 1.000000
2442.416000 1517.512000 2264.800000 1747.024000 1.000000
2443.200000 1487.187200 2271.632000 1713.856000 1.000000
2490.144000 1764.848000 2274.832000 1975.344000 1.000000
2492.432000 1511.902400 2275.888000 1812.912000 1.000000
2416.672000 1137.241600 2295.696000 1367.100800 1.000000
2475.776000 1506.139200 2297.328000 1744.128000 1.000000
2439.440000 1284.718400 2298.432000 1515.020800 1.000000
2469.952000 1359.028800 2315.632000 1603.072000 1.000000
2500.912000 1409.939200 2334.224000 1664.128000 1.000000
2504.400000 1402.220800 2341.136000 1656.448000 1.000000
2467.264000 1176.664000 2341.664000 1417.284800 1.000000
2498.800000 1349.504000 2342.912000 1602.512000 1.000000
2505.760000 1316.561600 2358.464000 1565.761600 1.000000
2485.808000 1173.142400 2360.960000 1418.342400 1.000000
2516.624000 1185.056000 2390.960000 1435.465600 1.000000
2544.976000 1309.937600 2393.936000 1576.414400 1.000000
2520.640000 1168.470400 2396.832000 1421.203200 1.000000
2551.600000 1371.643200 2404.512000 1619.392000 1.000000
2558.336000 1287.254400 2411.760000 1555.446400 1.000000
2576.480000 1320.380800 2423.696000 1597.040000 1.000000
2600.096000 1169.462400 2477.648000 1466.100800 1.000000
2630.608000 1180.795200 2498.016000 1486.329600 1.000000
2738.992000 934.577600 2610.640000 1393.913600 1.000000
