635.555200 297.214400 812.600000 2517.040000 1.000000
658.040000 277.974400 832.524800 2486.432000 1.000000
691.107200 367.518400 861.409600 2563.584000 1.000000
741.185600 634.798400 893.976000 2825.600000 1.000000
719.150400 160.782400 895.966400 2364.592000 1.000000
725.784000 158.819840 903.339200 2361.824000 1.000000
734.947200 252.715200 906.824000 2442.480000 1.000000
753.641600 563.452800 912.236800 2743.696000 1.000000
738.048000 145.313120 914.291200 2346.080000 1.000000
762.372800 152.812160 935.571200 2345.296000 1.000000
765.939200 210.408000 937.272000 2393.664000 1.000000
764.883200 144.733440 937.908800 2339.008000 1.000000
783.500800 567.043200 941.668800 2738.336000 1.000000
783.016000 126.128160 953.603200 2319.184000 1.000000
783.352000 244.116800 953.932800 2417.968000 1.000000
800.790400 646.550400 955.908800 2820.928000 1.000000
803.475200 636.704000 957.964800 2809.760000 1.000000
866.460800 665.977600 1020.142400 2818.384000 1.000000
862.721600 89.788480 1025.547200 2268.752000 1.000000
875.158400 293.342400 1033.968000 2440.928000 1.000000
884.185600 77.966720 1041.734400 2254.208000 1.000000
902.846400 707.761600 1056.571200 2856.096000 1.000000
900.772800 31.003840 1057.320000 2209.792000 1.000000
905.782400 745.625600 1059.115200 2896.048000 1.000000
927.864000 675.329600 1078.692800 2811.200000 1.000000
929.785600 432.699200 1081.652800 2564.624000 1.000000
935.486400 64.531840 1088.851200 2233.088000 1.000000
938.288000 106.773280 1089.798400 2265.200000 1.000000
949.022400 19.957440 1097.603200 2191.168000 1.000000
947.510400 58.151520 1099.523200 2224.896000 1.000000
884.556800 263.044800 1105.657600 610.601600 1.000000
953.820800 722.817600 1106.016000 2857.888000 1.000000
966.544000 41.810080 1113.748800 2207.104000 1.000000
965.651200 747.166400 1118.462400 2886.624000 1.000000
904.561600 250.033600 1119.707200 599.360000 1.000000
977.667200 57.120320 1122.435200 2218.192000 1.000000
978.139200 81.468960 1122.646400 2238.432000 1.000000
981.566400 255.801600 1130.529600 2378.864000 1.000000
923.265600 233.459200 1131.070400 586.040000 1.000000
920.568000 265.550400 1131.561600 610.355200 1.000000
985.918400 292.593600 1132.868800 2414.000000 1.000000
988.385600 180.427200 1134.411200 2311.952000 1.000000
984.360000 700.425600 1137.059200 2828.720000 1.000000
932.444800 273.843200 1139.867200 614.865600 1.000000
992.355200 270.801600 1141.368000 2391.744000 1.000000
1002.377600 351.300800 1148.030400 2465.984000 1.000000
1004.428800 362.268800 1152.068800 2475.792000 1.000000
1012.979200 200.073600 1156.464000 2323.712000 1.000000
1008.001600 580.067200 1157.115200 2691.936000 1.000000
1006.166400 697.441600 1158.820800 2822.096000 1.000000
1015.100800 373.608000 1160.542400 2484.880000 1.000000
1011.750400 659.683200 1160.881600 2777.552000 1.000000
1016.422400 737.243200 1165.228800 2873.632000 1.000000
1032.889600 220.604800 1174.003200 2339.952000 1.000000
1033.534400 263.155200 1174.870400 2376.896000 1.000000
1043.600000 147.805920 1180.542400 2273.200000 1.000000
1041.238400 205.156800 1180.680000 2325.200000 1.000000
1033.800000 648.889600 1181.312000 2762.640000 1.000000
1033.092800 627.468800 1181.782400 2738.224000 1.000000
1035.974400 785.817600 1187.099200 2922.176000 1.000000
1050.401600 155.278240 1187.686400 2277.360000 1.000000
1056.134400 430.990400 1197.971200 2532.576000 1.000000
1059.817600 251.891200 1198.097600 2362.576000 1.000000
1067.281600 142.925280 1199.864000 2265.200000 1.000000
1053.097600 674.416000 1201.336000 2786.608000 1.000000
1070.025600 160.003200 1202.924800 2277.680000 1.000000
1063.249600 501.094400 1205.579200 2609.584000 1.000000
1066.280000 428.604800 1208.400000 2529.840000 1.000000
1068.529600 459.022400 1211.308800 2565.040000 1.000000
1078.577600 254.796800 1215.179200 2361.664000 1.000000
1079.564800 307.849600 1215.920000 2410.880000 1.000000
1089.356800 167.958400 1219.140800 2286.464000 1.000000
1082.899200 302.385600 1220.252800 2403.920000 1.000000
1088.667200 153.003360 1220.617600 2273.616000 1.000000
1071.038400 719.633600 1223.192000 2836.624000 1.000000
1097.553600 193.993600 1224.732800 2309.952000 1.000000
1091.892800 240.171200 1225.700800 2346.960000 1.000000
1079.148800 582.440000 1227.296000 2677.328000 1.000000
1093.971200 263.544000 1228.144000 2367.392000 1.000000
1091.230400 338.257600 1228.832000 2436.208000 1.000000
1105.236800 184.878400 1234.803200 2298.608000 1.000000
1104.022400 248.688000 1236.115200 2352.112000 1.000000
1108.017600 291.830400 1241.336000 2390.960000 1.000000
1115.910400 133.790880 1241.492800 2252.896000 1.000000
1109.046400 317.860800 1242.955200 2414.464000 1.000000
1105.192000 425.520000 1243.694400 2515.664000 1.000000
1111.612800 236.145600 1244.108800 2341.680000 1.000000
1118.060800 164.681600 1244.187200 2280.912000 1.000000
1123.790400 85.148800 1245.328000 2209.344000 1.000000
1097.372800 673.668800 1245.899200 2776.432000 1.000000
1116.539200 270.484800 1249.272000 2369.392000 1.000000
1109.323200 540.872000 1250.896000 2634.224000 1.000000
1106.716800 569.054400 1251.027200 2660.144000 1.000000
1119.590400 297.083200 1251.620800 2394.976000 1.000000
1125.796800 213.041600 1252.019200 2319.088000 1.000000
1125.427200 198.913600 1252.208000 2306.224000 1.000000
1102.859200 743.787200 1255.216000 2856.752000 1.000000
1123.545600 398.024000 1257.353600 2488.928000 1.000000
1120.328000 421.964800 1257.547200 2512.048000 1.000000
1129.443200 282.196800 1259.523200 2378.672000 1.000000
1126.649600 464.838400 1263.608000 2557.952000 1.000000
1110.001600 861.262400 1269.425600 2985.312000 1.000000
1155.331200 132.187680 1273.769600 2250.128000 1.000000
1142.956800 498.244800 1280.857600 2584.912000 1.000000
1143.747200 564.505600 1285.254400 2654.704000 1.000000
1170.062400 101.997280 1285.294400 2223.936000 1.000000
1128.046400 849.440000 1286.436800 2967.200000 1.000000
1175.499200 21.351680 1286.488000 2150.960000 1.000000
1151.876800 478.076800 1287.430400 2562.368000 1.000000
1140.835200 711.467200 1289.571200 2816.016000 1.000000
1173.422400 149.425440 1290.515200 2261.376000 1.000000
1171.249600 193.435200 1290.779200 2295.632000 1.000000
1176.486400 168.889600 1294.395200 2276.464000 1.000000
1172.868800 223.835200 1294.590400 2321.808000 1.000000
1172.536000 264.260800 1295.734400 2356.192000 1.000000
1159.425600 532.835200 1296.686400 2619.568000 1.000000
1166.136000 409.852800 1297.646400 2492.000000 1.000000
1175.032000 255.000000 1297.649600 2348.720000 1.000000
1161.075200 546.540800 1300.929600 2632.096000 1.000000
1172.716800 416.312000 1302.512000 2503.872000 1.000000
1166.606400 508.035200 1302.993600 2591.760000 1.000000
1174.736000 368.286400 1303.430400 2451.344000 1.000000
1172.275200 481.588800 1307.404800 2564.016000 1.000000
1160.548800 654.510400 1307.779200 2748.864000 1.000000
1161.070400 732.256000 1311.540800 2838.080000 1.000000
1171.782400 598.564800 1312.168000 2690.672000 1.000000
1192.755200 291.462400 1314.577600 2380.944000 1.000000
1182.776000 466.432000 1317.686400 2546.416000 1.000000
1208.969600 113.844640 1318.540800 2232.432000 1.000000
1207.928000 141.901760 1319.329600 2252.816000 1.000000
1205.564800 166.964800 1319.712000 2272.592000 1.000000
1196.907200 342.102400 1321.348800 2425.776000 1.000000
1206.315200 225.289600 1321.961600 2317.920000 1.000000
1210.100800 173.982400 1323.332800 2278.384000 1.000000
1197.779200 373.636800 1323.577600 2457.136000 1.000000
1210.896000 207.926400 1325.313600 2305.440000 1.000000
1192.364800 510.504000 1326.630400 2597.184000 1.000000
1213.366400 190.361600 1327.379200 2289.248000 1.000000
1205.982400 342.705600 1329.652800 2426.992000 1.000000
1215.897600 249.256000 1332.966400 2342.144000 1.000000
1234.872000 81.518240 1337.862400 2202.880000 1.000000
1234.795200 109.935680 1339.052800 2228.736000 1.000000
2368.224000 1757.456000 2589.584000 1608.992000 1.000000
2469.552000 1558.433600 2592.096000 1529.720000 1.000000
2522.688000 1426.017600 2627.216000 1672.944000 1.000000
2511.328000 1436.622400 2638.592000 1751.296000 1.000000
2315.472000 2230.976000 2687.664000 1720.272000 1.000000
2485.664000 1723.136000 2704.896000 1774.800000 1.000000
3370.576000 928.688000 3162.784000 2065.776000 1.000000
