8.924816 487.793600 9.892384 1184.795200 1.000000
15.986896 618.563200 13.063232 1302.846400 1.000000
35.955520 880.212800 20.663520 1545.628800 1.000000
39.226720 615.150400 35.187520 1298.876800 1.000000
59.456800 895.900800 44.200480 1557.561600 1.000000
55.534560 743.612800 46.370400 1418.472000 1.000000
51.341600 600.004800 46.617440 1284.040000 1.000000
64.146400 820.072000 51.028640 1485.846400 1.000000
70.335520 907.987200 54.016640 1569.227200 1.000000
64.840960 752.864000 55.480960 1425.595200 1.000000
71.180480 916.155200 55.716800 1576.963200 1.000000
75.945920 892.452800 61.744640 1554.828800 1.000000
69.445920 653.430400 64.577600 1335.427200 1.000000
81.277920 908.918400 65.168160 1569.400000 1.000000
82.918560 876.708800 68.720160 1538.972800 1.000000
89.713760 871.153600 75.721280 1533.057600 1.000000
88.910720 830.979200 76.051040 1494.065600 1.000000
81.312000 642.654400 76.094240 1323.950400 1.000000
87.301280 705.712000 78.742400 1381.483200 1.000000
97.788160 897.884800 82.397120 1559.236800 1.000000
98.211680 917.654400 83.069760 1577.051200 1.000000
95.286400 602.174400 89.492640 1284.310400 1.000000
106.883040 792.582400 93.505920 1459.425600 1.000000
108.866080 773.259200 98.176960 1440.158400 1.000000
117.888800 917.928000 101.290400 1573.947200 1.000000
109.157760 675.056000 102.255520 1353.556800 1.000000
125.073280 907.256000 109.692480 1565.616000 1.000000
124.547520 843.678400 111.563680 1510.672000 1.000000
122.555680 712.819200 113.161280 1385.419200 1.000000
126.976320 796.302400 115.261120 1462.644800 1.000000
130.339520 764.124800 120.218240 1430.643200 1.000000
142.161920 922.497600 126.037120 1577.560000 1.000000
144.870080 735.585600 133.936160 1403.254400 1.000000
151.039520 668.694400 138.616960 1344.054400 1.000000
153.049120 793.294400 142.143200 1456.096000 1.000000
161.206400 914.902400 144.470400 1570.915200 1.000000
165.276800 888.228800 145.018880 1542.584000 1.000000
150.463840 708.556800 145.073760 1379.233600 1.000000
160.100800 670.889600 152.577760 1345.020800 1.000000
183.204800 922.006400 167.827200 1575.323200 1.000000
177.064000 647.683200 172.763200 1336.483200 1.000000
202.888000 835.267200 189.686400 1494.532800 1.000000
205.139200 680.012800 197.873600 1352.048000 1.000000
212.796800 699.075200 201.771200 1369.076800 1.000000
239.542400 923.643200 221.889600 1576.091200 1.000000
248.182400 852.595200 234.600000 1506.833600 1.000000
258.009600 877.331200 242.001600 1532.291200 1.000000
255.835200 737.681600 243.249600 1400.483200 1.000000
252.928000 716.108800 246.164800 1379.100800 1.000000
261.859200 886.814400 247.715200 1538.278400 1.000000
262.408000 817.108800 250.316800 1473.318400 1.000000
263.163200 730.633600 253.091200 1392.691200 1.000000
266.561600 848.923200 253.427200 1504.331200 1.000000
274.660800 864.360000 260.057600 1519.153600 1.000000
274.923200 698.470400 263.956800 1365.193600 1.000000
283.321600 960.379200 266.115200 1606.352000 1.000000
282.740800 939.472000 267.404800 1586.952000 1.000000
284.299200 923.601600 267.872000 1572.473600 1.000000
288.108800 716.788800 277.828800 1380.153600 1.000000
296.446400 874.814400 281.761600 1527.137600 1.000000
302.251200 773.702400 290.254400 1431.532800 1.000000
305.977600 852.144000 290.756800 1504.660800 1.000000
306.024000 880.278400 292.372800 1527.953600 1.000000
303.497600 810.992000 292.929600 1465.278400 1.000000
308.496000 793.780800 295.100800 1449.099200 1.000000
314.707200 890.614400 299.328000 1537.849600 1.000000
318.665600 963.732800 302.272000 1607.200000 1.000000
315.299200 699.177600 304.763200 1363.616000 1.000000
318.569600 809.505600 305.512000 1463.140800 1.000000
319.819200 704.206400 310.972800 1367.201600 1.000000
337.424000 951.345600 321.435200 1593.097600 1.000000
379.096000 937.808000 361.883200 1578.723200 1.000000
432.580800 2265.904000 383.177600 2878.224000 1.000000
411.710400 472.179200 406.867200 1016.376000 1.000000
421.256000 492.777600 416.126400 1033.419200 1.000000
421.555200 511.686400 416.278400 1050.332800 1.000000
420.948800 305.616000 418.500800 856.681600 1.000000
423.603200 459.104000 419.267200 1001.776000 1.000000
421.419200 272.668800 419.667200 827.764800 1.000000
423.275200 325.267200 420.123200 873.960000 1.000000
431.313600 731.248000 421.296000 1258.635200 1.000000
428.656000 529.068800 422.721600 1065.508800 1.000000
427.745600 374.363200 423.873600 919.857600 1.000000
425.840000 211.364800 424.161600 767.841600 1.000000
428.934400 251.209600 426.769600 804.696000 1.000000
431.609600 302.560000 429.041600 852.883200 1.000000
442.625600 770.393600 431.721600 1295.033600 1.000000
438.664000 487.611200 433.014400 1026.542400 1.000000
439.776000 563.374400 433.355200 1094.251200 1.000000
441.238400 573.334400 434.876800 1104.214400 1.000000
439.700800 341.611200 435.459200 889.107200 1.000000
437.244800 20.031360 437.352000 589.064000 1.000000
449.793600 782.916800 438.044800 1305.924800 1.000000
442.224000 356.068800 440.195200 900.134400 1.000000
446.553600 516.481600 440.912000 1050.062400 1.000000
446.806400 473.542400 441.265600 1012.451200 1.000000
443.696000 183.604800 441.617600 739.147200 1.000000
452.617600 702.088000 441.931200 1226.387200 1.000000
443.108800 140.338240 442.252800 699.532800 1.000000
451.235200 578.360000 444.288000 1107.396800 1.000000
447.555200 364.950400 444.752000 908.198400 1.000000
459.724800 803.219200 448.425600 1325.003200 1.000000
460.265600 760.308800 449.520000 1282.379200 1.000000
455.164800 507.720000 449.828800 1040.867200 1.000000
495.395200 2320.480000 449.953600 2947.040000 1.000000
455.860800 385.193600 450.388800 924.907200 1.000000
460.236800 614.793600 452.481600 1140.696000 1.000000
465.718400 853.694400 452.560000 1375.625600 1.000000
454.475200 252.084800 453.265600 799.516800 1.000000
455.828800 85.332160 454.604800 646.048000 1.000000
459.150400 264.241600 455.936000 809.956800 1.000000
467.171200 740.764800 456.534400 1259.840000 1.000000
458.961600 205.243200 456.982400 753.969600 1.000000
460.707200 242.508800 457.547200 788.139200 1.000000
467.161600 717.940800 457.646400 1238.681600 1.000000
465.067200 561.699200 458.080000 1090.324800 1.000000
504.340800 2259.184000 458.456000 2878.960000 1.000000
460.243200 92.790720 459.416000 651.155200 1.000000
475.374400 902.371200 460.891200 1419.764800 1.000000
464.112000 116.579200 461.132800 673.390400 1.000000
464.038400 213.969600 461.185600 761.731200 1.000000
468.512000 484.377600 462.780800 1020.371200 1.000000
474.336000 753.976000 463.454400 1273.761600 1.000000
471.401600 535.686400 463.824000 1065.129600 1.000000
465.134400 29.497600 464.225600 591.908800 1.000000
468.806400 340.795200 464.254400 880.795200 1.000000
471.660800 521.235200 464.465600 1051.022400 1.000000
472.801600 611.585600 464.592000 1134.878400 1.000000
476.073600 730.473600 465.496000 1251.299200 1.000000
511.624000 2242.560000 466.406400 2858.944000 1.000000
474.361600 585.345600 466.977600 1111.428800 1.000000
471.958400 261.692800 468.390400 806.580800 1.000000
484.281600 896.366400 468.707200 1411.876800 1.000000
475.656000 528.436800 468.932800 1057.590400 1.000000
483.180800 866.328000 469.902400 1383.412800 1.000000
472.891200 159.375040 470.617600 712.147200 1.000000
476.315200 328.748800 470.766400 865.993600 1.000000
481.390400 662.424000 471.048000 1183.907200 1.000000
481.528000 733.289600 471.888000 1255.875200 1.000000
485.377600 879.747200 472.204800 1398.025600 1.000000
475.355200 216.832000 472.947200 763.934400 1.000000
480.800000 592.774400 473.328000 1117.883200 1.000000
481.593600 551.974400 473.865600 1078.315200 1.000000
480.707200 529.529600 474.025600 1057.904000 1.000000
479.075200 420.384000 474.609600 952.814400 1.000000
477.827200 163.625600 475.268800 716.496000 1.000000
478.454400 155.562720 475.560000 707.084800 1.000000
480.465600 147.190560 476.222400 699.590400 1.000000
484.166400 577.920000 476.289600 1103.923200 1.000000
488.596800 830.424000 476.328000 1347.744000 1.000000
492.307200 918.804800 477.540800 1435.428800 1.000000
480.129600 61.005920 478.435200 619.147200 1.000000
484.232000 453.443200 478.435200 983.984000 1.000000
480.057600 42.860160 478.616000 603.273600 1.000000
485.091200 368.510400 480.177600 905.419200 1.000000
486.726400 564.020800 480.193600 1089.424000 1.000000
491.393600 639.892800 482.017600 1160.177600 1.000000
486.608000 282.235200 482.528000 822.553600 1.000000
487.155200 311.856000 482.724800 851.638400 1.000000
485.526400 337.838400 482.859200 876.894400 1.000000
491.113600 544.945600 483.209600 1070.699200 1.000000
498.417600 941.296000 483.217600 1457.315200 1.000000
485.083200 51.664320 483.251200 610.516800 1.000000
501.033600 992.798400 485.009600 1509.552000 1.000000
493.059200 527.496000 485.924800 1054.524800 1.000000
488.665600 35.163520 487.441600 595.406400 1.000000
492.072000 248.670400 488.408000 791.028800 1.000000
504.577600 918.348800 489.000000 1431.171200 1.000000
503.179200 887.294400 489.009600 1402.089600 1.000000
498.228800 596.270400 489.561600 1118.876800 1.000000
495.310400 366.684800 490.350400 901.827200 1.000000
497.209600 457.494400 491.283200 986.465600 1.000000
496.100800 300.670400 491.302400 839.288000 1.000000
500.830400 613.043200 491.664000 1133.600000 1.000000
498.678400 492.408000 493.225600 1020.641600 1.000000
503.881600 739.974400 493.795200 1254.404800 1.000000
497.649600 202.976000 493.947200 749.777600 1.000000
496.468800 34.570080 494.998400 594.217600 1.000000
501.440000 375.683200 496.108800 909.393600 1.000000
510.243200 866.555200 496.334400 1379.902400 1.000000
514.174400 1012.889600 496.948800 1525.750400 1.000000
515.036800 925.344000 499.940800 1438.929600 1.000000
503.500800 92.708000 500.824000 644.020800 1.000000
515.075200 911.748800 501.089600 1425.665600 1.000000
505.865600 182.675200 501.924800 726.913600 1.000000
511.596800 572.920000 502.843200 1094.267200 1.000000
509.928000 504.382400 503.078400 1030.636800 1.000000
509.292800 352.232000 503.350400 885.566400 1.000000
507.864000 278.246400 504.164800 818.206400 1.000000
518.019200 863.947200 504.449600 1377.068800 1.000000
508.556800 310.446400 504.518400 846.864000 1.000000
511.772800 529.083200 504.995200 1051.681600 1.000000
507.969600 79.321120 505.203200 633.075200 1.000000
517.204800 749.928000 506.276800 1265.115200 1.000000
550.307200 2242.880000 508.494400 2858.128000 1.000000
511.694400 72.782400 509.515200 626.556800 1.000000
518.862400 397.475200 509.694400 928.744000 1.000000
513.668800 105.209600 510.464000 656.025600 1.000000
514.996800 318.492800 511.348800 853.915200 1.000000
527.688000 955.646400 511.769600 1467.648000 1.000000
526.134400 878.891200 512.160000 1392.505600 1.000000
518.300800 254.649600 513.185600 793.417600 1.000000
525.931200 780.171200 513.494400 1293.499200 1.000000
516.236800 58.856800 513.574400 613.208000 1.000000
523.190400 585.942400 513.779200 1105.065600 1.000000
520.448000 449.134400 514.120000 975.867200 1.000000
527.988800 798.644800 514.976000 1311.419200 1.000000
524.676800 619.860800 515.840000 1138.515200 1.000000
521.179200 155.523360 515.896000 699.326400 1.000000
523.582400 499.419200 516.256000 1024.094400 1.000000
520.492800 93.965760 517.091200 644.692800 1.000000
527.131200 574.683200 517.846400 1093.228800 1.000000
526.665600 553.043200 518.371200 1074.368000 1.000000
523.755200 333.049600 519.057600 867.852800 1.000000
529.686400 717.451200 519.796800 1230.886400 1.000000
525.217600 237.100800 520.020800 775.659200 1.000000
534.433600 850.246400 520.371200 1360.500800 1.000000
527.022400 303.700800 521.131200 837.694400 1.000000
535.739200 928.537600 521.198400 1439.089600 1.000000
536.796800 891.960000 521.564800 1403.310400 1.000000
529.281600 531.875200 522.128000 1054.064000 1.000000
531.752000 638.865600 522.379200 1156.036800 1.000000
526.652800 68.441440 522.433600 620.340800 1.000000
530.020800 436.152000 523.353600 961.753600 1.000000
529.739200 450.825600 523.576000 975.972800 1.000000
527.318400 117.796800 523.848000 666.012800 1.000000
539.305600 901.004800 524.320000 1412.945600 1.000000
529.732800 266.080000 525.163200 802.508800 1.000000
529.347200 195.144000 525.246400 736.017600 1.000000
528.400000 24.480960 525.372800 579.955200 1.000000
536.808000 727.497600 525.840000 1240.422400 1.000000
538.260800 760.595200 526.873600 1273.787200 1.000000
530.923200 275.524800 526.979200 810.788800 1.000000
533.331200 302.459200 527.347200 835.686400 1.000000
537.595200 668.252800 527.502400 1183.731200 1.000000
533.052800 116.990880 528.664000 666.324800 1.000000
540.072000 714.110400 529.499200 1227.870400 1.000000
539.110400 425.780800 530.494400 950.476800 1.000000
534.808000 57.416640 530.612800 609.278400 1.000000
541.740800 609.012800 532.574400 1126.521600 1.000000
545.427200 819.809600 532.606400 1328.652800 1.000000
536.723200 246.852800 532.760000 782.590400 1.000000
545.043200 707.867200 534.065600 1221.155200 1.000000
538.633600 261.443200 534.320000 797.038400 1.000000
542.164800 411.760000 534.832000 937.246400 1.000000
539.123200 217.592000 535.539200 754.787200 1.000000
543.198400 337.550400 536.996800 869.316800 1.000000
541.780800 181.668800 538.032000 722.904000 1.000000
544.707200 421.360000 538.486400 946.793600 1.000000
554.310400 970.376000 538.585600 1478.766400 1.000000
557.329600 1107.710400 538.588800 1619.904000 1.000000
548.556800 638.179200 539.374400 1152.403200 1.000000
549.417600 655.712000 539.812800 1170.139200 1.000000
547.324800 457.646400 539.961600 982.174400 1.000000
547.204800 559.110400 540.523200 1078.427200 1.000000
550.217600 531.347200 541.899200 1050.963200 1.000000
547.817600 242.372800 542.448000 778.040000 1.000000
554.324800 758.096000 542.700800 1269.249600 1.000000
546.777600 18.574400 543.289600 575.299200 1.000000
549.689600 355.339200 543.636800 886.747200 1.000000
549.419200 386.545600 543.665600 914.814400 1.000000
555.256000 596.427200 545.524800 1113.230400 1.000000
557.654400 701.780800 546.356800 1213.256000 1.000000
550.460800 94.705120 546.612800 640.672000 1.000000
561.697600 901.169600 546.918400 1408.683200 1.000000
552.713600 370.048000 547.971200 897.446400 1.000000
555.224000 77.602720 549.310400 624.017600 1.000000
565.998400 1022.401600 549.385600 1531.638400 1.000000
556.608000 438.993600 549.812800 962.380800 1.000000
561.665600 724.404800 549.921600 1234.820800 1.000000
556.750400 428.304000 550.177600 951.819200 1.000000
559.291200 394.849600 551.017600 921.569600 1.000000
566.811200 860.025600 552.676800 1368.153600 1.000000
560.102400 410.875200 553.473600 935.164800 1.000000
559.446400 327.428800 553.952000 856.974400 1.000000
562.564800 613.744000 554.136000 1128.787200 1.000000
573.032000 1085.275200 555.216000 1593.174400 1.000000
564.753600 630.872000 556.075200 1145.611200 1.000000
560.876800 230.568000 556.198400 766.171200 1.000000
564.721600 515.862400 556.369600 1036.616000 1.000000
568.329600 712.932800 556.956800 1223.872000 1.000000
568.416000 662.155200 557.532800 1175.710400 1.000000
562.907200 251.955200 557.974400 787.224000 1.000000
563.971200 154.368640 558.368000 697.608000 1.000000
570.192000 701.379200 558.980800 1211.880000 1.000000
565.286400 146.477760 559.065600 689.537600 1.000000
566.424000 434.830400 559.379200 958.123200 1.000000
569.265600 531.275200 560.739200 1049.284800 1.000000
570.856000 651.889600 560.774400 1163.944000 1.000000
568.838400 280.097600 561.283200 810.475200 1.000000
578.875200 980.350400 562.249600 1486.676800 1.000000
576.544000 954.801600 562.465600 1460.838400 1.000000
571.214400 507.604800 563.172800 1027.688000 1.000000
581.982400 990.179200 563.697600 1497.505600 1.000000
577.755200 918.947200 564.065600 1426.548800 1.000000
569.251200 200.516800 564.283200 737.384000 1.000000
573.107200 513.008000 565.099200 1032.641600 1.000000
576.036800 687.860800 565.280000 1199.712000 1.000000
572.070400 358.563200 565.628800 885.713600 1.000000
578.881600 808.572800 566.320000 1315.976000 1.000000
584.608000 1060.329600 566.673600 1567.763200 1.000000
578.867200 719.952000 567.083200 1230.619200 1.000000
576.982400 630.091200 567.320000 1143.086400 1.000000
586.276800 1045.584000 567.691200 1551.817600 1.000000
573.312000 205.670400 567.875200 742.684800 1.000000
574.177600 303.904000 568.000000 833.995200 1.000000
574.081600 84.610560 568.694400 631.105600 1.000000
574.275200 190.324800 569.153600 728.086400 1.000000
576.353600 475.094400 569.241600 995.195200 1.000000
584.968000 907.921600 570.113600 1415.286400 1.000000
576.051200 130.341120 570.548800 672.598400 1.000000
583.006400 750.224000 570.736000 1259.772800 1.000000
576.691200 114.915840 570.980800 657.406400 1.000000
586.652800 875.513600 572.995200 1381.595200 1.000000
588.192000 950.659200 573.006400 1456.512000 1.000000
586.475200 847.342400 573.012800 1353.452800 1.000000
583.147200 645.334400 573.288000 1157.699200 1.000000
579.276800 438.161600 573.326400 960.136000 1.000000
587.251200 780.755200 573.417600 1287.915200 1.000000
591.947200 1077.340800 574.001600 1585.196800 1.000000
590.537600 984.716800 575.358400 1491.056000 1.000000
580.976000 175.140800 575.758400 713.558400 1.000000
579.144000 78.551040 576.193600 624.520000 1.000000
581.923200 124.046240 576.609600 666.123200 1.000000
582.816000 362.916800 576.814400 890.942400 1.000000
598.992000 1164.232000 576.971200 1674.608000 1.000000
587.046400 679.768000 577.129600 1188.819200 1.000000
590.604800 821.566400 577.516800 1327.968000 1.000000
583.905600 100.839040 578.344000 643.998400 1.000000
588.393600 627.897600 578.369600 1140.734400 1.000000
583.750400 355.572800 578.708800 881.072000 1.000000
590.025600 614.435200 580.428800 1127.012800 1.000000
600.899200 1181.313600 581.004800 1691.296000 1.000000
591.299200 536.073600 581.150400 1052.348800 1.000000
588.662400 423.715200 581.577600 945.833600 1.000000
590.987200 581.526400 581.742400 1095.155200 1.000000
589.656000 353.761600 582.808000 880.414400 1.000000
601.492800 1073.144000 583.857600 1581.769600 1.000000
589.608000 127.515520 584.032000 669.073600 1.000000
594.864000 654.332800 584.363200 1165.481600 1.000000
595.123200 214.577600 585.897600 746.216000 1.000000
605.163200 1056.315200 586.235200 1561.094400 1.000000
601.600000 950.497600 586.304000 1454.284800 1.000000
598.281600 748.779200 586.532800 1254.483200 1.000000
596.222400 626.185600 586.748800 1137.552000 1.000000
594.244800 494.249600 587.593600 1014.118400 1.000000
596.609600 557.705600 587.707200 1072.550400 1.000000
597.643200 482.025600 587.979200 1000.038400 1.000000
594.932800 95.525280 589.094400 638.723200 1.000000
608.337600 1013.488000 591.014400 1517.571200 1.000000
607.664000 965.640000 591.582400 1469.364800 1.000000
598.924800 406.584000 592.192000 927.512000 1.000000
605.057600 872.179200 593.084800 1379.272000 1.000000
599.635200 146.825760 593.708800 686.161600 1.000000
600.358400 79.190880 593.904000 623.198400 1.000000
601.523200 183.899200 594.195200 719.585600 1.000000
606.601600 668.756800 595.270400 1177.360000 1.000000
603.363200 336.750400 595.892800 862.334400 1.000000
603.774400 66.769440 596.817600 612.392000 1.000000
618.243200 1176.499200 597.236800 1685.824000 1.000000
607.012800 589.862400 597.385600 1102.435200 1.000000
614.571200 931.145600 597.483200 1434.566400 1.000000
604.179200 116.518880 597.566400 658.329600 1.000000
605.531200 83.437600 598.195200 627.032000 1.000000
610.691200 765.904000 598.752000 1271.284800 1.000000
605.196800 166.190400 598.830400 702.668800 1.000000
605.540800 127.122240 598.947200 667.508800 1.000000
608.900800 642.968000 599.352000 1152.552000 1.000000
608.012800 103.242560 601.025600 644.699200 1.000000
609.172800 340.115200 601.547200 866.105600 1.000000
608.468800 92.881760 602.014400 635.512000 1.000000
621.878400 1041.132800 602.032000 1544.932800 1.000000
609.456000 349.723200 602.398400 874.825600 1.000000
610.124800 204.964800 602.660800 739.379200 1.000000
611.518400 278.763200 603.483200 807.793600 1.000000
612.348800 493.611200 604.542400 1011.460800 1.000000
611.494400 221.659200 604.550400 754.444800 1.000000
614.972800 579.756800 605.841600 1092.652800 1.000000
616.529600 543.768000 606.243200 1058.288000 1.000000
613.492800 75.920960 606.312000 618.659200 1.000000
626.368000 1166.094400 606.582400 1673.904000 1.000000
617.342400 480.536000 606.609600 996.475200 1.000000
617.737600 623.315200 606.782400 1134.348800 1.000000
616.008000 504.995200 607.488000 1022.268800 1.000000
615.620800 44.554240 608.552000 591.000000 1.000000
622.609600 812.537600 608.937600 1316.574400 1.000000
616.729600 333.505600 609.044800 858.457600 1.000000
620.022400 591.168000 609.656000 1102.273600 1.000000
625.035200 873.632000 610.464000 1377.056000 1.000000
621.728000 681.620800 610.760000 1188.723200 1.000000
626.956800 991.305600 610.764800 1493.276800 1.000000
619.636800 408.280000 610.841600 927.798400 1.000000
620.104000 558.827200 610.960000 1071.520000 1.000000
630.600000 1102.473600 611.713600 1605.216000 1.000000
619.504000 266.172800 611.798400 796.049600 1.000000
630.937600 1054.344000 612.452800 1557.592000 1.000000
622.150400 642.454400 612.596800 1150.225600 1.000000
620.540800 237.931200 613.276800 769.057600 1.000000
629.075200 894.667200 614.684800 1397.120000 1.000000
623.822400 133.156960 615.748800 672.691200 1.000000
637.417600 1159.504000 616.846400 1663.840000 1.000000
625.280000 383.862400 616.947200 905.401600 1.000000
628.363200 654.193600 618.224000 1161.552000 1.000000
627.854400 63.071040 620.476800 607.102400 1.000000
631.270400 420.022400 623.056000 938.809600 1.000000
643.177600 1167.937600 623.116800 1673.936000 1.000000
634.667200 441.032000 624.617600 958.688000 1.000000
662.057600 2241.776000 625.116800 2851.152000 1.000000
644.817600 1073.307200 626.534400 1575.252800 1.000000
635.356800 226.870400 627.228800 757.664000 1.000000
639.321600 671.448000 628.196800 1177.100800 1.000000
636.587200 252.852800 628.465600 782.768000 1.000000
637.491200 139.347360 629.176000 676.260800 1.000000
636.803200 29.781280 629.628800 576.497600 1.000000
646.198400 900.526400 630.056000 1401.379200 1.000000
640.574400 473.800000 630.723200 988.896000 1.000000
652.870400 1162.113600 630.852800 1665.680000 1.000000
641.507200 562.984000 630.931200 1073.380800 1.000000
638.611200 40.569280 631.024000 587.180800 1.000000
644.420800 530.449600 633.313600 1045.446400 1.000000
649.966400 1002.888000 634.027200 1504.774400 1.000000
647.537600 828.612800 634.094400 1330.696000 1.000000
650.755200 939.926400 634.268800 1440.366400 1.000000
646.073600 499.513600 635.259200 1015.708800 1.000000
644.857600 133.446880 635.262400 671.225600 1.000000
652.289600 875.798400 637.542400 1377.953600 1.000000
645.401600 369.883200 639.777600 892.427200 1.000000
649.769600 340.000000 640.592000 862.972800 1.000000
651.075200 638.824000 640.604800 1145.033600 1.000000
650.808000 520.192000 641.008000 1033.985600 1.000000
653.142400 664.545600 641.435200 1169.651200 1.000000
652.219200 43.362560 643.564800 588.217600 1.000000
656.310400 759.940800 643.846400 1262.288000 1.000000
655.172800 544.880000 644.480000 1056.102400 1.000000
658.465600 680.622400 646.238400 1184.792000 1.000000
662.497600 948.555200 647.032000 1447.470400 1.000000
658.040000 277.974400 648.720000 802.966400 1.000000
667.443200 1086.152000 648.840000 1587.147200 1.000000
659.132800 318.896000 649.891200 842.489600 1.000000
660.891200 455.000000 650.537600 971.419200 1.000000
664.302400 559.694400 651.913600 1070.566400 1.000000
661.649600 267.828800 652.152000 795.411200 1.000000
662.817600 151.689280 653.232000 687.217600 1.000000
669.070400 987.835200 653.510400 1486.939200 1.000000
664.651200 619.848000 653.587200 1125.713600 1.000000
670.278400 978.276800 654.664000 1479.384000 1.000000
664.558400 355.555200 654.814400 875.670400 1.000000
673.536000 1075.012800 655.104000 1574.980800 1.000000
664.075200 385.027200 655.284800 903.710400 1.000000
664.340800 185.665600 655.475200 717.403200 1.000000
665.755200 468.595200 655.920000 983.793600 1.000000
668.206400 774.016000 656.073600 1274.268800 1.000000
666.785600 355.654400 656.312000 875.926400 1.000000
667.590400 27.401920 657.883200 572.960000 1.000000
668.337600 505.931200 658.392000 1018.652800 1.000000
672.184000 796.398400 658.574400 1295.116800 1.000000
668.932800 308.454400 658.905600 832.310400 1.000000
671.729600 650.523200 660.424000 1154.672000 1.000000
674.073600 714.315200 662.043200 1217.732800 1.000000
677.465600 828.740800 662.068800 1329.880000 1.000000
674.612800 675.985600 662.452800 1178.902400 1.000000
679.379200 975.980800 663.476800 1475.841600 1.000000
673.356800 190.726400 663.963200 721.960000 1.000000
674.080000 410.980800 665.000000 927.265600 1.000000
677.670400 393.272000 667.428800 909.990400 1.000000
677.632000 488.003200 667.702400 1000.937600 1.000000
702.358400 2240.784000 668.638400 2848.000000 1.000000
679.580800 180.769600 669.296000 712.000000 1.000000
683.478400 770.353600 669.803200 1269.518400 1.000000
685.280000 862.516800 670.107200 1360.654400 1.000000
684.744000 779.217600 670.769600 1278.600000 1.000000
689.116800 968.638400 672.355200 1466.582400 1.000000
684.718400 657.603200 672.697600 1160.656000 1.000000
690.489600 941.310400 673.769600 1438.184000 1.000000
688.262400 752.192000 674.523200 1251.008000 1.000000
686.512000 638.051200 675.115200 1141.723200 1.000000
684.534400 91.598880 675.462400 630.091200 1.000000
685.601600 112.610240 676.092800 650.108800 1.000000
686.291200 477.796800 677.094400 989.644800 1.000000
686.664000 122.462880 677.713600 659.017600 1.000000
689.865600 97.829440 677.848000 637.164800 1.000000
693.572800 913.390400 678.211200 1410.601600 1.000000
688.163200 154.154720 678.233600 688.182400 1.000000
693.385600 790.281600 678.878400 1288.275200 1.000000
691.088000 194.104000 681.116800 724.084800 1.000000
695.412800 958.268800 681.384000 1457.038400 1.000000
694.171200 622.929600 682.540800 1126.931200 1.000000
703.928000 1116.604800 684.720000 1614.736000 1.000000
697.505600 603.723200 686.104000 1109.113600 1.000000
700.888000 872.288000 686.251200 1370.038400 1.000000
701.548800 861.646400 688.284800 1359.265600 1.000000
701.862400 715.654400 689.214400 1215.729600 1.000000
700.563200 393.937600 689.835200 909.542400 1.000000
701.667200 207.670400 691.300800 736.396800 1.000000
700.632000 296.441600 691.435200 818.920000 1.000000
707.534400 657.739200 693.449600 1158.468800 1.000000
704.208000 504.612800 693.812800 1013.947200 1.000000
707.067200 685.496000 693.980800 1185.942400 1.000000
706.310400 521.198400 694.700800 1030.260800 1.000000
707.752000 742.044800 694.704000 1239.966400 1.000000
712.443200 963.131200 695.102400 1459.470400 1.000000
710.364800 895.281600 695.649600 1392.172800 1.000000
710.403200 804.969600 695.926400 1301.889600 1.000000
708.651200 634.984000 696.321600 1137.228800 1.000000
708.996800 258.104000 697.054400 782.044800 1.000000
711.716800 821.585600 697.276800 1318.316800 1.000000
709.420800 229.116800 699.062400 754.720000 1.000000
713.016000 665.806400 699.523200 1167.064000 1.000000
717.308800 1065.652800 699.888000 1562.260800 1.000000
713.372800 780.049600 700.372800 1277.528000 1.000000
714.742400 680.856000 701.241600 1180.392000 1.000000
715.430400 476.921600 704.491200 987.222400 1.000000
724.516800 1053.742400 704.648000 1550.436800 1.000000
716.254400 367.766400 705.316800 884.056000 1.000000
716.473600 103.230720 705.529600 640.148800 1.000000
717.705600 68.571200 706.052800 607.675200 1.000000
721.806400 257.489600 710.003200 782.062400 1.000000
723.508800 700.353600 710.358400 1198.280000 1.000000
724.176000 643.304000 710.740800 1144.526400 1.000000
723.628800 721.276800 711.062400 1219.057600 1.000000
721.841600 266.032000 711.131200 790.403200 1.000000
724.081600 458.681600 712.579200 969.436800 1.000000
725.784000 158.819840 714.854400 690.305600 1.000000
728.259200 539.264000 716.080000 1046.692800 1.000000
734.099200 1040.315200 716.542400 1535.491200 1.000000
729.451200 531.644800 716.563200 1038.515200 1.000000
732.084800 816.860800 717.308800 1312.083200 1.000000
730.070400 293.139200 717.390400 817.755200 1.000000
737.808000 1206.600000 717.915200 1706.112000 1.000000
729.241600 320.684800 719.657600 839.356800 1.000000
732.334400 577.302400 720.238400 1079.456000 1.000000
732.708800 221.092800 720.387200 744.777600 1.000000
732.628800 409.126400 720.520000 922.844800 1.000000
732.156800 76.386240 720.908800 613.908800 1.000000
737.075200 856.240000 721.297600 1347.219200 1.000000
733.227200 397.972800 722.140800 911.251200 1.000000
739.886400 926.267200 723.323200 1421.628800 1.000000
737.492800 750.371200 724.166400 1246.096000 1.000000
735.969600 243.163200 724.854400 766.718400 1.000000
741.907200 995.270400 724.888000 1489.601600 1.000000
737.668800 377.496000 725.486400 890.974400 1.000000
738.048000 145.313120 726.972800 676.814400 1.000000
743.022400 829.777600 727.123200 1325.131200 1.000000
740.070400 619.729600 727.372800 1120.763200 1.000000
741.185600 634.798400 727.480000 1133.456000 1.000000
742.020800 762.788800 727.838400 1258.324800 1.000000
739.457600 105.860640 728.075200 641.817600 1.000000
740.779200 645.979200 728.160000 1146.651200 1.000000
741.848000 500.713600 729.632000 1010.320000 1.000000
743.347200 681.926400 730.035200 1179.840000 1.000000
747.107200 844.089600 730.380800 1338.780800 1.000000
745.929600 885.113600 730.593600 1379.329600 1.000000
742.408000 467.844800 730.868800 978.419200 1.000000
747.067200 872.918400 731.092800 1363.224000 1.000000
747.958400 1001.409600 731.222400 1494.342400 1.000000
747.971200 931.769600 731.531200 1425.675200 1.000000
748.478400 907.670400 732.147200 1401.977600 1.000000
744.180800 132.499360 732.225600 665.073600 1.000000
745.827200 148.108000 733.848000 679.184000 1.000000
746.140800 700.260800 734.046400 1196.835200 1.000000
754.305600 1040.918400 736.134400 1533.878400 1.000000
747.870400 281.008000 736.217600 801.558400 1.000000
751.862400 793.214400 736.827200 1286.008000 1.000000
755.987200 1196.104000 736.864000 1693.600000 1.000000
751.052800 742.222400 737.083200 1237.068800 1.000000
749.289600 90.649440 737.942400 626.766400 1.000000
756.513600 976.809600 737.953600 1472.492800 1.000000
750.188800 185.972800 738.204800 713.476800 1.000000
753.760000 723.387200 738.896000 1219.603200 1.000000
751.825600 355.643200 740.430400 870.636800 1.000000
753.334400 162.878400 741.036800 692.588800 1.000000
752.452800 200.140800 741.139200 725.876800 1.000000
758.774400 966.147200 741.316800 1459.259200 1.000000
753.641600 563.452800 741.564800 1065.683200 1.000000
756.592000 884.785600 741.675200 1376.798400 1.000000
753.075200 463.148800 741.728000 972.473600 1.000000
759.616000 1024.584000 742.729600 1518.214400 1.000000
758.556800 808.948800 742.961600 1303.083200 1.000000
755.537600 298.003200 743.516800 817.550400 1.000000
763.185600 1067.555200 744.190400 1560.091200 1.000000
756.076800 391.348800 744.446400 903.668800 1.000000
759.331200 324.654400 747.174400 841.435200 1.000000
770.241600 1186.507200 751.110400 1681.888000 1.000000
764.323200 237.196800 751.312000 760.608000 1.000000
763.934400 568.782400 751.678400 1070.203200 1.000000
767.576000 834.292800 753.235200 1325.107200 1.000000
765.865600 504.630400 753.547200 1010.326400 1.000000
765.939200 210.408000 753.640000 735.360000 1.000000
771.892800 865.297600 754.678400 1356.964800 1.000000
768.179200 180.478400 755.568000 707.736000 1.000000
772.948800 1077.667200 755.627200 1570.475200 1.000000
772.201600 850.276800 756.664000 1341.820800 1.000000
773.550400 1017.228800 757.230400 1510.056000 1.000000
772.996800 797.272000 757.536000 1290.896000 1.000000
773.020800 664.057600 759.131200 1161.825600 1.000000
770.622400 466.611200 759.332800 973.910400 1.000000
772.468800 512.043200 759.569600 1016.531200 1.000000
774.744000 921.860800 760.486400 1413.902400 1.000000
773.856000 280.947200 760.574400 801.257600 1.000000
777.256000 939.054400 760.646400 1430.704000 1.000000
777.763200 873.699200 760.916800 1364.304000 1.000000
778.715200 954.652800 761.200000 1446.998400 1.000000
780.352000 1039.451200 762.067200 1531.404800 1.000000
774.804800 531.713600 762.497600 1035.500800 1.000000
777.001600 567.928000 763.377600 1069.180800 1.000000
793.787200 2237.968000 763.779200 2840.336000 1.000000
777.276800 336.363200 764.084800 851.313600 1.000000
777.480000 498.256000 765.408000 1003.758400 1.000000
778.683200 345.379200 767.008000 862.540800 1.000000
785.571200 1068.219200 768.112000 1558.697600 1.000000
788.745600 1186.104000 768.560000 1679.280000 1.000000
782.089600 297.416000 769.017600 814.395200 1.000000
782.593600 460.636800 770.248000 969.252800 1.000000
784.708800 70.727360 770.667200 606.745600 1.000000
783.408000 521.712000 770.790400 1022.995200 1.000000
788.046400 886.513600 771.875200 1377.200000 1.000000
790.889600 895.278400 773.952000 1385.977600 1.000000
788.940800 599.929600 774.051200 1098.232000 1.000000
790.641600 1012.606400 774.097600 1503.406400 1.000000
793.152000 987.443200 775.748800 1478.118400 1.000000
791.672000 839.782400 776.019200 1330.827200 1.000000
789.516800 307.192000 776.356800 824.310400 1.000000
788.128000 513.276800 776.849600 1018.369600 1.000000
796.388800 1117.286400 776.955200 1609.136000 1.000000
790.648000 25.434240 777.056000 564.670400 1.000000
790.937600 658.665600 777.171200 1154.585600 1.000000
790.884800 564.443200 777.182400 1063.846400 1.000000
790.606400 352.574400 777.961600 866.172800 1.000000
796.097600 904.656000 778.316800 1396.968000 1.000000
794.241600 798.756800 778.513600 1289.390400 1.000000
796.131200 927.585600 779.731200 1418.939200 1.000000
798.067200 1064.822400 780.297600 1554.641600 1.000000
793.456000 290.038400 780.560000 807.467200 1.000000
798.472000 979.124800 781.035200 1468.852800 1.000000
794.030400 437.412800 781.344000 947.054400 1.000000
801.728000 1092.700800 781.491200 1583.683200 1.000000
800.664000 1042.846400 781.966400 1532.900800 1.000000
796.004800 311.449600 782.379200 828.955200 1.000000
797.161600 722.822400 783.020800 1214.876800 1.000000
797.404800 573.236800 783.225600 1072.532800 1.000000
797.790400 81.292160 783.286400 614.819200 1.000000
798.233600 165.142400 784.568000 691.128000 1.000000
800.790400 646.550400 786.280000 1142.523200 1.000000
800.454400 493.398400 787.612800 998.867200 1.000000
802.539200 479.179200 788.862400 984.284800 1.000000
803.475200 636.704000 789.708800 1133.384000 1.000000
808.161600 1028.158400 790.411200 1517.406400 1.000000
809.433600 1175.092800 790.494400 1666.848000 1.000000
803.830400 666.998400 790.734400 1161.640000 1.000000
807.814400 65.148800 791.812800 599.902400 1.000000
809.843200 953.683200 793.188800 1442.926400 1.000000
807.627200 369.028800 794.019200 879.022400 1.000000
813.947200 1208.720000 794.902400 1701.792000 1.000000
811.264000 775.524800 795.267200 1265.118400 1.000000
809.689600 593.598400 795.440000 1091.748800 1.000000
810.064000 188.798400 796.036800 712.934400 1.000000
810.412800 822.756800 796.196800 1310.689600 1.000000
811.640000 743.676800 796.331200 1234.912000 1.000000
811.086400 280.192000 797.465600 796.224000 1.000000
812.108800 735.992000 797.841600 1226.534400 1.000000
813.915200 172.475200 797.896000 697.675200 1.000000
813.585600 568.464000 799.481600 1067.416000 1.000000
814.441600 475.606400 800.041600 981.452800 1.000000
815.550400 636.934400 801.017600 1132.104000 1.000000
820.699200 1189.656000 802.132800 1681.248000 1.000000
815.577600 602.756800 803.073600 1099.449600 1.000000
818.844800 911.156800 803.307200 1400.129600 1.000000
823.998400 923.547200 804.510400 1413.979200 1.000000
822.516800 1016.315200 804.905600 1504.209600 1.000000
819.739200 315.108800 805.166400 829.507200 1.000000
819.916800 665.436800 805.676800 1158.881600 1.000000
821.692800 672.419200 806.129600 1165.089600 1.000000
824.753600 1039.428800 807.132800 1527.204800 1.000000
821.369600 253.884800 807.268800 772.068800 1.000000
822.670400 723.184000 807.726400 1215.278400 1.000000
823.371200 794.393600 808.065600 1282.252800 1.000000
823.721600 447.214400 810.364800 954.734400 1.000000
825.168000 479.100800 811.036800 984.041600 1.000000
826.195200 608.923200 811.209600 1104.995200 1.000000
830.972800 1207.004800 812.312000 1698.752000 1.000000
827.411200 325.566400 812.860800 839.283200 1.000000
828.065600 778.840000 813.041600 1267.843200 1.000000
828.252800 527.368000 814.563200 1027.680000 1.000000
828.972800 602.201600 815.747200 1098.041600 1.000000
829.088000 347.873600 815.952000 857.790400 1.000000
832.076800 762.849600 816.491200 1251.110400 1.000000
832.936000 366.942400 819.316800 875.500800 1.000000
834.496000 1054.225600 820.155200 1539.932800 1.000000
836.926400 530.195200 820.963200 1029.553600 1.000000
836.049600 441.601600 821.116800 948.841600 1.000000
838.622400 927.464000 821.412800 1414.872000 1.000000
837.121600 575.046400 822.081600 1072.379200 1.000000
839.846400 968.673600 823.120000 1456.107200 1.000000
840.225600 43.995840 823.401600 579.464000 1.000000
841.236800 1045.622400 823.564800 1532.296000 1.000000
841.150400 745.180800 824.388800 1234.998400 1.000000
841.515200 113.720640 824.720000 642.528000 1.000000
841.590400 509.731200 824.833600 1010.462400 1.000000
842.353600 795.518400 826.832000 1282.881600 1.000000
843.094400 716.459200 826.859200 1204.540800 1.000000
841.380800 475.011200 827.161600 979.070400 1.000000
841.803200 522.574400 827.174400 1022.400000 1.000000
845.353600 81.875040 828.841600 614.235200 1.000000
844.193600 246.611200 829.483200 764.851200 1.000000
845.516800 900.278400 830.492800 1387.788800 1.000000
844.830400 361.387200 830.539200 871.204800 1.000000
846.382400 456.796800 830.793600 961.998400 1.000000
847.556800 817.254400 831.280000 1304.419200 1.000000
847.211200 398.851200 831.427200 905.470400 1.000000
848.028800 986.894400 831.947200 1473.097600 1.000000
847.683200 233.371200 832.219200 751.819200 1.000000
846.587200 556.262400 832.240000 1053.908800 1.000000
849.104000 62.202560 832.448000 595.897600 1.000000
847.502400 370.414400 832.702400 878.961600 1.000000
852.998400 1208.209600 832.988800 1697.600000 1.000000
849.384000 539.716800 835.424000 1039.137600 1.000000
851.902400 772.678400 835.654400 1259.432000 1.000000
853.497600 90.790080 836.891200 622.662400 1.000000
853.684800 223.776000 837.409600 742.449600 1.000000
852.057600 674.758400 837.862400 1165.387200 1.000000
855.278400 863.952000 838.779200 1349.588800 1.000000
853.662400 330.196800 838.780800 842.276800 1.000000
854.868800 189.756800 839.355200 711.244800 1.000000
856.939200 467.604800 841.556800 970.876800 1.000000
858.048000 172.870400 842.088000 695.734400 1.000000
859.820800 55.723680 842.369600 589.057600 1.000000
857.584000 389.529600 842.804800 897.198400 1.000000
860.084800 764.561600 843.132800 1251.788800 1.000000
861.068800 1224.710400 844.417600 1717.104000 1.000000
859.872000 330.608000 844.724800 840.908800 1.000000
859.270400 407.192000 844.934400 912.739200 1.000000
861.742400 924.454400 845.011200 1409.889600 1.000000
863.496000 959.654400 845.545600 1447.280000 1.000000
861.102400 803.467200 845.766400 1288.996800 1.000000
860.731200 371.142400 845.884800 880.233600 1.000000
861.430400 688.001600 846.145600 1178.249600 1.000000
862.531200 262.496000 847.304000 778.308800 1.000000
865.337600 845.734400 848.236800 1330.721600 1.000000
868.520000 40.342720 848.820800 574.512000 1.000000
869.563200 1053.849600 849.305600 1539.822400 1.000000
866.123200 373.697600 853.142400 880.641600 1.000000
869.905600 239.913600 853.846400 757.513600 1.000000
869.744000 144.354560 853.902400 668.643200 1.000000
870.563200 908.233600 854.137600 1396.638400 1.000000
871.710400 115.100960 854.209600 642.899200 1.000000
871.956800 260.896000 855.238400 777.241600 1.000000
871.491200 398.724800 855.275200 904.076800 1.000000
871.651200 774.574400 856.038400 1260.196800 1.000000
875.950400 505.532800 857.225600 1006.966400 1.000000
873.657600 445.728000 857.424000 949.288000 1.000000
875.158400 293.342400 859.118400 807.067200 1.000000
877.742400 1222.939200 859.227200 1711.488000 1.000000
879.676800 969.748800 861.288000 1455.377600 1.000000
878.955200 804.321600 861.393600 1291.132800 1.000000
881.062400 1090.985600 862.652800 1575.334400 1.000000
879.809600 241.281600 863.569600 757.753600 1.000000
880.780800 189.536000 863.660800 710.628800 1.000000
879.192000 588.163200 864.944000 1080.760000 1.000000
883.540800 201.161600 866.612800 718.816000 1.000000
882.958400 365.092800 866.745600 872.099200 1.000000
884.606400 1021.569600 867.360000 1504.577600 1.000000
884.508800 578.406400 867.563200 1072.566400 1.000000
887.803200 87.457920 868.110400 616.776000 1.000000
885.691200 1034.065600 868.342400 1517.595200 1.000000
889.355200 69.804640 868.660800 599.814400 1.000000
885.502400 712.534400 868.744000 1200.161600 1.000000
887.985600 306.438400 870.203200 819.134400 1.000000
886.033600 845.233600 870.417600 1327.545600 1.000000
886.792000 876.176000 870.774400 1359.844800 1.000000
888.214400 538.225600 871.844800 1035.067200 1.000000
889.265600 252.891200 872.075200 768.939200 1.000000
888.254400 671.632000 873.536000 1160.692800 1.000000
893.132800 705.440000 875.803200 1193.377600 1.000000
894.216000 576.006400 876.510400 1071.403200 1.000000
897.177600 1028.771200 878.603200 1512.299200 1.000000
900.808000 833.232000 881.889600 1317.448000 1.000000
901.160000 180.899200 882.427200 700.195200 1.000000
901.312000 597.041600 882.969600 1090.014400 1.000000
901.092800 342.625600 883.616000 851.310400 1.000000
901.894400 1104.062400 883.892800 1587.155200 1.000000
901.745600 276.470400 884.009600 789.387200 1.000000
901.028800 672.131200 884.089600 1160.340800 1.000000
902.300800 915.528000 884.318400 1399.275200 1.000000
902.697600 590.038400 886.115200 1082.830400 1.000000
903.795200 988.563200 886.148800 1471.161600 1.000000
902.846400 707.761600 886.550400 1195.664000 1.000000
902.729600 581.915200 886.600000 1074.816000 1.000000
904.561600 250.033600 886.907200 763.537600 1.000000
903.403200 555.779200 887.430400 1049.979200 1.000000
903.348800 328.939200 888.374400 836.824000 1.000000
910.721600 1065.264000 892.123200 1545.560000 1.000000
909.540800 523.593600 892.316800 1020.585600 1.000000
909.452800 766.766400 892.928000 1250.756800 1.000000
911.846400 1013.625600 893.267200 1495.990400 1.000000
914.414400 1229.878400 893.489600 1716.864000 1.000000
912.872000 1092.516800 894.025600 1572.398400 1.000000
913.134400 127.956000 894.332800 650.651200 1.000000
912.912000 292.377600 894.603200 803.473600 1.000000
910.944000 466.459200 894.806400 967.456000 1.000000
910.731200 494.614400 894.840000 994.283200 1.000000
914.368000 341.129600 896.979200 849.065600 1.000000
918.875200 444.936000 901.376000 946.011200 1.000000
919.947200 773.212800 902.977600 1257.329600 1.000000
920.016000 357.361600 903.732800 863.534400 1.000000
920.883200 609.067200 903.769600 1100.243200 1.000000
921.208000 686.179200 904.387200 1172.302400 1.000000
921.929600 989.476800 904.427200 1470.166400 1.000000
923.360000 330.419200 905.907200 837.724800 1.000000
923.820800 923.408000 905.952000 1406.220800 1.000000
928.545600 131.745760 909.681600 655.398400 1.000000
926.368000 540.304000 909.822400 1034.780800 1.000000
927.864000 675.329600 911.176000 1161.793600 1.000000
928.840000 861.110400 911.875200 1344.172800 1.000000
930.475200 340.220800 912.680000 845.526400 1.000000
930.384000 742.315200 912.809600 1225.840000 1.000000
935.960000 346.446400 917.520000 852.040000 1.000000
934.441600 490.001600 917.640000 988.780800 1.000000
936.150400 248.780800 918.158400 761.774400 1.000000
935.240000 826.929600 918.304000 1309.476800 1.000000
939.563200 195.886400 919.633600 711.948800 1.000000
937.643200 904.180800 919.721600 1386.096000 1.000000
939.136000 1033.961600 920.966400 1514.526400 1.000000
939.139200 963.099200 921.236800 1446.190400 1.000000
940.313600 1090.739200 921.662400 1570.971200 1.000000
941.692800 355.028800 922.620800 859.227200 1.000000
943.372800 127.229920 922.934400 650.411200 1.000000
941.942400 573.259200 923.470400 1065.097600 1.000000
943.115200 329.387200 924.688000 835.600000 1.000000
942.744000 603.219200 924.699200 1092.131200 1.000000
946.339200 298.844800 927.428800 811.542400 1.000000
946.864000 272.590400 927.691200 782.771200 1.000000
948.211200 135.471200 927.769600 658.833600 1.000000
948.761600 241.625600 930.041600 755.249600 1.000000
949.900800 1250.014400 930.057600 1734.464000 1.000000
949.665600 558.496000 931.113600 1050.449600 1.000000
949.262400 889.246400 931.244800 1369.686400 1.000000
948.184000 869.734400 931.739200 1350.448000 1.000000
950.920000 851.203200 931.891200 1332.763200 1.000000
950.532800 478.475200 932.857600 976.006400 1.000000
951.971200 1046.372800 934.411200 1524.928000 1.000000
952.684800 1101.164800 934.747200 1580.886400 1.000000
953.288000 1082.694400 935.160000 1561.614400 1.000000
953.820800 722.817600 935.846400 1205.928000 1.000000
953.611200 1021.660800 936.836800 1501.342400 1.000000
956.241600 384.531200 938.065600 886.769600 1.000000
956.100800 840.454400 938.254400 1320.817600 1.000000
957.531200 843.068800 940.315200 1323.150400 1.000000
963.123200 419.771200 940.955200 919.382400 1.000000
961.596800 928.924800 942.459200 1407.841600 1.000000
961.553600 950.977600 943.156800 1431.124800 1.000000
961.758400 612.705600 943.366400 1098.464000 1.000000
962.524800 448.952000 943.992000 948.336000 1.000000
963.214400 779.798400 945.292800 1261.824000 1.000000
969.166400 136.792480 947.516800 658.184000 1.000000
965.651200 747.166400 947.620800 1230.091200 1.000000
967.712000 543.352000 948.552000 1035.563200 1.000000
966.425600 1074.739200 948.641600 1552.734400 1.000000
970.763200 98.398560 948.684800 622.577600 1.000000
969.774400 342.977600 950.456000 847.555200 1.000000
968.828800 1062.097600 950.488000 1540.073600 1.000000
970.912000 448.584000 951.960000 945.286400 1.000000
977.667200 57.120320 953.564800 585.937600 1.000000
970.529600 1003.190400 954.449600 1483.710400 1.000000
971.912000 970.947200 954.734400 1449.401600 1.000000
973.764800 1130.985600 954.873600 1609.488000 1.000000
978.139200 81.468960 955.326400 608.544000 1.000000
973.385600 1228.385600 955.624000 1710.288000 1.000000
977.246400 333.193600 957.233600 837.888000 1.000000
973.764800 2246.672000 957.411200 2838.048000 1.000000
977.907200 243.328000 957.478400 754.865600 1.000000
976.956800 422.777600 957.649600 920.844800 1.000000
981.296000 127.809280 959.681600 650.318400 1.000000
978.192000 484.123200 959.684800 980.080000 1.000000
979.883200 516.489600 961.046400 1010.248000 1.000000
980.820800 520.139200 962.355200 1013.683200 1.000000
984.080000 1262.305600 962.459200 1743.104000 1.000000
983.148800 317.265600 963.497600 821.684800 1.000000
982.713600 1088.628800 964.156800 1566.009600 1.000000
984.667200 416.057600 964.574400 914.225600 1.000000
983.462400 839.795200 964.768000 1318.678400 1.000000
984.491200 645.713600 965.435200 1130.673600 1.000000
986.115200 453.396800 965.744000 949.475200 1.000000
984.360000 700.425600 966.032000 1184.000000 1.000000
985.918400 292.593600 966.206400 798.985600 1.000000
988.385600 180.427200 966.244800 695.264000 1.000000
987.153600 429.008000 967.110400 926.470400 1.000000
984.828800 631.488000 967.342400 1117.420800 1.000000
986.316800 671.259200 967.747200 1154.484800 1.000000
985.598400 933.436800 968.606400 1412.372800 1.000000
989.340800 861.267200 969.339200 1340.412800 1.000000
988.611200 501.689600 969.568000 996.425600 1.000000
989.134400 1142.107200 971.844800 1620.752000 1.000000
997.419200 66.714720 973.139200 594.612800 1.000000
994.964800 210.886400 973.347200 724.598400 1.000000
995.705600 467.502400 975.161600 963.020800 1.000000
999.342400 81.074720 975.216000 607.435200 1.000000
999.948800 99.182240 976.662400 624.160000 1.000000
997.924800 235.492800 977.012800 746.179200 1.000000
997.913600 734.630400 977.699200 1215.758400 1.000000
993.612800 1272.648000 978.670400 1754.544000 1.000000
996.635200 912.089600 979.040000 1389.945600 1.000000
998.105600 643.726400 979.446400 1127.908800 1.000000
999.974400 612.780800 980.632000 1099.747200 1.000000
999.116800 946.067200 980.739200 1423.366400 1.000000
999.862400 1247.857600 980.945600 1727.568000 1.000000
1006.995200 121.556480 983.483200 643.219200 1.000000
1005.787200 262.624000 983.912000 771.811200 1.000000
1004.136000 429.804800 983.916800 926.548800 1.000000
1003.624000 621.980800 984.736000 1107.145600 1.000000
1002.720000 1059.648000 987.068800 1533.827200 1.000000
1011.736000 159.095360 987.262400 675.934400 1.000000
1007.633600 415.177600 987.376000 912.664000 1.000000
1006.166400 697.441600 987.499200 1179.416000 1.000000
1005.712000 811.051200 988.240000 1289.059200 1.000000
1012.979200 200.073600 990.075200 714.043200 1.000000
1011.470400 842.616000 990.561600 1319.652800 1.000000
1006.724800 1208.723200 990.705600 1686.160000 1.000000
1010.454400 1455.480000 990.846400 1936.816000 1.000000
1011.416000 454.470400 991.140800 949.510400 1.000000
1010.608000 1096.961600 992.193600 1572.961600 1.000000
1011.750400 659.683200 992.507200 1143.152000 1.000000
1012.531200 444.910400 992.508800 940.755200 1.000000
1017.633600 101.882880 992.713600 622.840000 1.000000
1013.332800 344.532800 992.851200 846.593600 1.000000
1011.451200 860.155200 993.571200 1336.131200 1.000000
1012.841600 561.232000 993.715200 1050.486400 1.000000
1018.710400 150.697440 996.148800 668.772800 1.000000
1021.785600 125.561120 997.784000 644.681600 1.000000
1016.422400 737.243200 997.923200 1218.494400 1.000000
1019.323200 495.952000 998.977600 987.988800 1.000000
1020.340800 332.320000 1000.051200 835.160000 1.000000
1018.548800 904.169600 1000.241600 1377.644800 1.000000
1017.244800 1262.024000 1001.139200 1741.680000 1.000000
1022.684800 418.745600 1001.744000 915.840000 1.000000
1021.732800 1013.315200 1001.982400 1488.723200 1.000000
1023.179200 480.764800 1002.244800 973.924800 1.000000
1022.200000 940.392000 1003.947200 1415.846400 1.000000
1027.134400 716.160000 1008.113600 1195.793600 1.000000
1032.889600 220.604800 1009.457600 731.350400 1.000000
1031.835200 334.878400 1009.865600 838.270400 1.000000
1033.224000 338.699200 1010.062400 842.302400 1.000000
1033.092800 627.468800 1010.126400 1112.070400 1.000000
1033.800000 648.889600 1010.908800 1132.315200 1.000000
1029.547200 823.728000 1011.124800 1300.009600 1.000000
1033.534400 263.155200 1011.641600 769.545600 1.000000
1034.257600 1058.198400 1015.118400 1533.726400 1.000000
1036.020800 498.278400 1016.686400 990.449600 1.000000
1040.062400 324.848000 1016.880000 827.396800 1.000000
1035.974400 785.817600 1017.382400 1263.251200 1.000000
1042.947200 234.548800 1017.974400 742.406400 1.000000
1040.646400 390.011200 1018.832000 887.521600 1.000000
1041.396800 345.697600 1020.312000 848.214400 1.000000
1045.689600 140.104000 1020.742400 656.577600 1.000000
1046.020800 260.571200 1021.708800 767.739200 1.000000
1047.846400 536.416000 1022.998400 1023.660800 1.000000
1045.891200 401.816000 1024.596800 899.529600 1.000000
1051.081600 130.652480 1025.625600 648.035200 1.000000
1043.744000 953.628800 1025.974400 1427.980800 1.000000
1052.891200 97.515680 1026.550400 618.419200 1.000000
1044.307200 1040.377600 1026.931200 1513.848000 1.000000
1050.436800 830.956800 1030.524800 1305.259200 1.000000
1053.097600 674.416000 1033.129600 1154.856000 1.000000
1056.134400 430.990400 1033.894400 926.628800 1.000000
1059.806400 97.152960 1033.929600 617.942400 1.000000
1054.627200 1278.916800 1034.942400 1756.032000 1.000000
1059.817600 251.891200 1035.985600 760.484800 1.000000
1057.120000 498.123200 1036.244800 990.150400 1.000000
1060.187200 387.574400 1037.211200 884.137600 1.000000
1057.286400 1101.188800 1037.723200 1574.043200 1.000000
1067.281600 142.925280 1040.011200 658.833600 1.000000
1065.051200 272.121600 1040.484800 777.899200 1.000000
1062.880000 517.235200 1041.180800 1007.769600 1.000000
1063.249600 501.094400 1041.404800 992.771200 1.000000
1059.315200 1112.657600 1041.748800 1585.136000 1.000000
1064.622400 456.267200 1042.035200 949.705600 1.000000
1066.542400 368.990400 1042.830400 868.180800 1.000000
1066.280000 428.604800 1043.936000 924.342400 1.000000
1068.529600 459.022400 1045.708800 952.572800 1.000000
1070.171200 238.296000 1046.254400 745.670400 1.000000
1065.582400 885.795200 1047.051200 1359.256000 1.000000
1068.233600 843.304000 1049.340800 1314.980800 1.000000
1071.537600 481.449600 1049.809600 973.688000 1.000000
1071.038400 719.633600 1052.297600 1196.883200 1.000000
1074.097600 973.065600 1055.312000 1444.392000 1.000000
1079.148800 582.440000 1055.712000 1070.467200 1.000000
1072.808000 1289.267200 1056.288000 1763.600000 1.000000
1076.846400 860.030400 1056.526400 1331.139200 1.000000
1079.374400 474.225600 1056.600000 965.920000 1.000000
1082.899200 302.385600 1057.464000 805.635200 1.000000
1080.499200 526.760000 1058.763200 1014.932800 1.000000
1080.008000 955.908800 1061.710400 1426.968000 1.000000
1089.356800 167.958400 1062.790400 682.094400 1.000000
1085.819200 525.179200 1065.753600 1012.796800 1.000000
1084.056000 1255.230400 1065.904000 1729.712000 1.000000
1091.305600 703.977600 1067.371200 1183.619200 1.000000
1091.372800 421.481600 1067.896000 915.451200 1.000000
1089.771200 693.392000 1068.556800 1172.139200 1.000000
1100.254400 77.128640 1069.886400 600.195200 1.000000
1090.576000 855.128000 1070.908800 1326.556800 1.000000
1090.118400 1072.704000 1071.227200 1542.870400 1.000000
1103.614400 67.450560 1072.222400 590.390400 1.000000
1094.859200 720.360000 1073.492800 1200.811200 1.000000
1090.564800 1103.032000 1074.830400 1573.680000 1.000000
1096.368000 478.635200 1074.833600 968.278400 1.000000
1097.372800 673.668800 1076.076800 1151.033600 1.000000
1096.060800 1013.945600 1077.356800 1484.179200 1.000000
1105.236800 184.878400 1078.609600 697.396800 1.000000
1096.521600 1059.582400 1078.697600 1530.654400 1.000000
1102.859200 743.787200 1081.942400 1220.129600 1.000000
1105.376000 557.707200 1082.448000 1042.240000 1.000000
1100.140800 1207.828800 1083.702400 1679.408000 1.000000
1109.046400 317.860800 1083.875200 818.086400 1.000000
1109.323200 540.872000 1084.094400 1026.913600 1.000000
1106.716800 569.054400 1084.257600 1052.753600 1.000000
1106.392000 874.516800 1085.779200 1345.024000 1.000000
1108.766400 503.291200 1086.619200 987.537600 1.000000
1107.337600 715.398400 1086.780800 1193.401600 1.000000
1105.556800 979.057600 1087.366400 1449.084800 1.000000
1111.358400 473.072000 1087.432000 964.404800 1.000000
1116.539200 270.484800 1087.768000 776.067200 1.000000
1115.910400 133.790880 1087.774400 650.177600 1.000000
1118.060800 164.681600 1088.921600 678.348800 1.000000
1109.700800 852.372800 1088.964800 1322.944000 1.000000
1108.777600 1044.516800 1089.769600 1514.081600 1.000000
1112.476800 665.350400 1090.355200 1142.940800 1.000000
1110.846400 924.838400 1090.681600 1396.014400 1.000000
1113.097600 589.747200 1090.809600 1071.945600 1.000000
1109.257600 1469.649600 1092.732800 1947.824000 1.000000
1119.590400 297.083200 1092.840000 799.129600 1.000000
1114.195200 1060.729600 1094.321600 1529.569600 1.000000
1123.545600 398.024000 1096.028800 891.961600 1.000000
1120.328000 421.964800 1096.505600 914.283200 1.000000
1114.206400 1272.217600 1096.990400 1744.544000 1.000000
1115.582400 1127.334400 1097.024000 1596.513600 1.000000
1122.107200 483.913600 1098.150400 972.896000 1.000000
1122.812800 689.609600 1099.017600 1168.803200 1.000000
1121.315200 754.537600 1099.478400 1226.873600 1.000000
1111.644800 1289.425600 1099.798400 1761.728000 1.000000
1115.161600 1303.564800 1101.470400 1777.280000 1.000000
1126.868800 312.235200 1102.028800 813.841600 1.000000
1126.147200 451.929600 1102.280000 942.278400 1.000000
1128.795200 491.731200 1103.766400 981.556800 1.000000
1123.033600 1146.336000 1104.388800 1615.008000 1.000000
1134.971200 292.763200 1106.264000 795.875200 1.000000
1137.572800 68.658880 1107.790400 588.510400 1.000000
1129.833600 731.598400 1108.203200 1206.180800 1.000000
1127.187200 1098.782400 1108.836800 1567.374400 1.000000
1129.348800 1061.145600 1109.166400 1528.851200 1.000000
1134.304000 640.931200 1110.036800 1118.576000 1.000000
1130.454400 861.547200 1111.225600 1331.816000 1.000000
1129.460800 1213.249600 1111.377600 1682.800000 1.000000
1131.942400 794.308800 1111.449600 1266.840000 1.000000
1130.734400 1190.657600 1112.419200 1660.016000 1.000000
1142.956800 498.244800 1118.028800 985.400000 1.000000
1138.307200 947.187200 1119.246400 1416.564800 1.000000
1141.537600 885.348800 1119.998400 1354.265600 1.000000
1137.518400 1276.411200 1120.030400 1747.808000 1.000000
1143.747200 564.505600 1120.281600 1048.564800 1.000000
1151.918400 179.697600 1121.832000 692.054400 1.000000
1144.683200 728.678400 1122.536000 1202.896000 1.000000
1144.680000 688.217600 1122.649600 1165.729600 1.000000
1140.180800 1147.505600 1122.926400 1615.264000 1.000000
1143.700800 914.092800 1123.297600 1382.528000 1.000000
1143.920000 1122.548800 1124.886400 1589.115200 1.000000
1145.486400 897.806400 1126.091200 1365.598400 1.000000
1146.435200 1043.339200 1126.752000 1511.241600 1.000000
1153.984000 558.016000 1129.192000 1041.256000 1.000000
1159.244800 294.254400 1130.521600 795.419200 1.000000
1149.672000 1128.377600 1131.158400 1596.188800 1.000000
1150.292800 1224.990400 1132.185600 1693.680000 1.000000
1150.248000 1209.603200 1132.627200 1678.144000 1.000000
1152.096000 1027.561600 1132.804800 1494.646400 1.000000
1154.838400 797.433600 1133.153600 1269.065600 1.000000
1156.678400 682.056000 1133.446400 1158.931200 1.000000
1159.425600 532.835200 1134.172800 1017.224000 1.000000
1166.872000 91.153440 1134.212800 610.286400 1.000000
1152.982400 1099.288000 1134.387200 1567.280000 1.000000
1153.952000 1254.056000 1136.358400 1721.552000 1.000000
1166.504000 167.046400 1136.540800 679.070400 1.000000
1161.075200 546.540800 1136.700800 1030.134400 1.000000
1160.548800 654.510400 1136.803200 1133.004800 1.000000
1158.430400 769.456000 1137.148800 1241.321600 1.000000
1156.318400 994.032000 1137.288000 1462.580800 1.000000
1153.080000 1235.318400 1137.414400 1703.872000 1.000000
1171.358400 113.820320 1139.908800 631.696000 1.000000
1171.249600 193.435200 1140.281600 704.052800 1.000000
1161.595200 1030.524800 1141.680000 1496.681600 1.000000
1173.422400 149.425440 1141.782400 664.489600 1.000000
1166.606400 508.035200 1142.316800 992.516800 1.000000
1176.366400 59.301600 1142.776000 582.604800 1.000000
1172.868800 223.835200 1142.777600 730.428800 1.000000
1172.564800 322.456000 1144.182400 819.908800 1.000000
1177.059200 138.439040 1145.537600 653.227200 1.000000
1176.486400 168.889600 1145.812800 681.148800 1.000000
1178.364800 124.693280 1145.979200 641.075200 1.000000
1172.716800 416.312000 1146.403200 910.902400 1.000000
1172.275200 481.588800 1147.267200 968.091200 1.000000
1167.214400 1437.008000 1148.465600 1911.408000 1.000000
1176.073600 530.808000 1149.742400 1014.008000 1.000000
1175.857600 1286.990400 1155.003200 1760.112000 1.000000
1182.337600 550.654400 1156.528000 1034.523200 1.000000
1188.937600 241.966400 1156.707200 744.395200 1.000000
1189.091200 348.657600 1160.636800 843.913600 1.000000
1192.755200 291.462400 1162.812800 793.419200 1.000000
1201.115200 204.412800 1168.920000 712.268800 1.000000
1197.779200 373.636800 1169.587200 867.753600 1.000000
1199.724800 1309.110400 1174.206400 1778.640000 1.000000
1210.100800 173.982400 1177.313600 685.656000 1.000000
1210.896000 207.926400 1178.108800 716.344000 1.000000
1215.897600 249.256000 1182.547200 752.707200 1.000000
1227.243200 172.176000 1193.508800 681.990400 1.000000
1227.979200 147.543200 1194.089600 660.408000 1.000000
1236.129600 49.234880 1198.606400 572.441600 1.000000
1234.872000 81.518240 1198.644800 602.510400 1.000000
1223.832000 2233.392000 1223.750400 2808.208000 1.000000
1249.604800 1481.081600 1225.918400 1953.904000 1.000000
1254.217600 2199.408000 1250.084800 2780.336000 1.000000
1281.004800 1485.979200 1263.292800 1965.024000 1.000000
1312.192000 2234.976000 1319.444800 2804.448000 1.000000
1408.552000 2234.656000 1420.689600 2801.104000 1.000000
1446.504000 2243.008000 1461.000000 2804.016000 1.000000
1503.857600 1947.904000 1512.260800 2489.840000 1.000000
1654.640000 1667.152000 1658.032000 2154.656000 1.000000
1757.744000 2260.176000 1801.744000 2798.112000 1.000000
1769.536000 2350.320000 1818.160000 2885.264000 1.000000
1832.048000 1502.804800 1834.400000 1941.680000 1.000000
1834.992000 1514.547200 1835.200000 1953.120000 1.000000
1836.848000 1527.937600 1837.440000 1967.648000 1.000000
1852.880000 1363.203200 1843.504000 1801.136000 1.000000
1851.552000 1450.496000 1850.112000 1882.192000 1.000000
1849.504000 1502.147200 1850.368000 1936.416000 1.000000
1855.424000 1512.460800 1856.576000 1950.336000 1.000000
1863.088000 1499.326400 1863.072000 1935.168000 1.000000
1870.576000 1438.172800 1868.288000 1867.008000 1.000000
1886.192000 1431.385600 1882.896000 1858.752000 1.000000
1892.160000 1522.740800 1894.384000 1954.224000 1.000000
1899.232000 1436.508800 1900.352000 1864.528000 1.000000
1986.048000 2133.728000 2043.760000 2253.776000 1.000000
1999.536000 2138.144000 2057.840000 2255.072000 1.000000
2009.664000 2126.384000 2067.824000 2237.440000 1.000000
2014.576000 2051.488000 2068.432000 2129.216000 1.000000
2058.048000 1692.096000 2087.664000 1682.128000 1.000000
2071.040000 1555.896000 2089.168000 1549.276800 1.000000
2101.008000 1525.297600 2117.456000 1515.049600 1.000000
2087.440000 1732.192000 2119.744000 1713.008000 1.000000
2093.328000 1693.264000 2120.272000 1677.568000 1.000000
2126.864000 1727.808000 2156.768000 1713.008000 1.000000
2096.384000 2199.104000 2166.016000 2290.832000 1.000000
2139.136000 1765.824000 2177.248000 1733.792000 1.000000
2110.768000 2227.488000 2184.144000 2321.776000 1.000000
2153.088000 1806.000000 2195.088000 1775.392000 1.000000
2147.136000 2319.200000 2261.376000 2479.744000 1.000000
2299.312000 1106.297600 2282.016000 1106.006400 1.000000
2299.056000 1214.417600 2291.136000 1194.728000 1.000000
2313.568000 1055.273600 2292.880000 1053.200000 1.000000
2289.888000 1377.772800 2293.872000 1354.795200 1.000000
2217.824000 2315.968000 2306.608000 2406.816000 1.000000
2322.656000 1125.372800 2307.392000 1116.348800 1.000000
2260.512000 1884.576000 2312.800000 1851.696000 1.000000
2232.528000 2222.128000 2314.096000 2288.080000 1.000000
2326.128000 1165.904000 2314.144000 1153.728000 1.000000
2236.096000 2305.104000 2324.736000 2389.760000 1.000000
2329.584000 1278.614400 2326.928000 1250.473600 1.000000
2341.616000 1146.174400 2327.872000 1131.860800 1.000000
2245.616000 2236.224000 2329.200000 2302.896000 1.000000
2346.528000 1119.022400 2329.984000 1106.192000 1.000000
2339.216000 1230.692800 2335.824000 1209.496000 1.000000
2357.232000 1073.822400 2336.944000 1062.747200 1.000000
2369.040000 958.032000 2337.056000 989.156800 1.000000
2369.312000 982.593600 2338.128000 1009.641600 1.000000
2247.360000 2314.432000 2338.432000 2396.112000 1.000000
2408.544000 756.854400 2347.008000 860.467200 1.000000
2364.464000 1099.275200 2347.088000 1082.851200 1.000000
2359.616000 1163.276800 2347.216000 1143.516800 1.000000
2363.888000 1125.099200 2347.504000 1107.163200 1.000000
2358.752000 1188.777600 2348.288000 1168.484800 1.000000
2267.808000 2196.000000 2348.816000 2246.336000 1.000000
2308.608000 1790.752000 2349.040000 1736.688000 1.000000
2262.816000 2301.488000 2354.272000 2377.088000 1.000000
2267.968000 2258.752000 2354.704000 2323.040000 1.000000
2262.448000 2348.944000 2357.312000 2434.256000 1.000000
2366.032000 1201.780800 2358.944000 1174.403200 1.000000
2357.120000 1315.476800 2359.344000 1276.852800 1.000000
2366.752000 1242.190400 2362.016000 1209.172800 1.000000
2378.000000 1136.388800 2362.464000 1115.344000 1.000000
2273.776000 2295.680000 2363.968000 2370.368000 1.000000
2372.608000 1203.724800 2365.072000 1174.929600 1.000000
2282.784000 2219.136000 2367.632000 2268.672000 1.000000
2274.608000 2349.120000 2370.960000 2429.552000 1.000000
2315.200000 1920.880000 2373.568000 1880.384000 1.000000
2365.360000 1377.553600 2375.024000 1337.572800 1.000000
2288.128000 2245.248000 2375.888000 2301.088000 1.000000
2371.584000 1368.379200 2378.304000 1328.180800 1.000000
2370.576000 1361.939200 2378.416000 1320.724800 1.000000
2325.328000 1872.016000 2378.464000 1823.520000 1.000000
2298.656000 2151.552000 2379.056000 2183.584000 1.000000
2327.568000 1872.688000 2382.320000 1826.000000 1.000000
2415.888000 965.244800 2385.264000 1004.369600 1.000000
2294.224000 2271.200000 2386.496000 2328.032000 1.000000
2289.808000 2384.992000 2389.344000 2468.528000 1.000000
2333.280000 1919.696000 2392.048000 1876.112000 1.000000
2295.376000 2344.912000 2392.112000 2420.224000 1.000000
2298.544000 2303.872000 2392.176000 2369.232000 1.000000
2339.040000 1857.616000 2392.288000 1811.312000 1.000000
2338.256000 1940.288000 2399.472000 1898.704000 1.000000
2348.480000 1834.272000 2400.544000 1785.728000 1.000000
2333.056000 2021.424000 2401.568000 2012.800000 1.000000
2315.472000 2230.976000 2402.240000 2275.104000 1.000000
2335.216000 2007.152000 2403.312000 1994.304000 1.000000
2349.216000 1862.704000 2404.192000 1814.528000 1.000000
2347.376000 1924.048000 2407.520000 1878.704000 1.000000
2354.560000 1849.184000 2407.872000 1800.288000 1.000000
2421.536000 1149.686400 2408.304000 1113.544000 1.000000
2358.704000 1809.360000 2408.576000 1760.384000 1.000000
2358.064000 1840.272000 2410.144000 1790.256000 1.000000
2410.240000 1356.041600 2416.928000 1309.398400 1.000000
2411.920000 1419.168000 2425.408000 1367.809600 1.000000
2352.368000 2040.032000 2425.488000 2028.496000 1.000000
2366.112000 1934.560000 2428.224000 1885.008000 1.000000
2376.736000 1839.904000 2430.080000 1788.000000 1.000000
2379.664000 1818.832000 2431.104000 1766.688000 1.000000
2353.504000 2161.184000 2435.952000 2180.736000 1.000000
2390.864000 1762.368000 2436.672000 1710.464000 1.000000
2391.152000 1780.208000 2438.960000 1727.536000 1.000000
2387.328000 1838.224000 2439.968000 1786.064000 1.000000
2390.208000 1809.200000 2440.080000 1757.088000 1.000000
2399.440000 1713.648000 2440.720000 1661.888000 1.000000
2404.992000 1676.592000 2442.528000 1624.512000 1.000000
2371.264000 2030.320000 2443.056000 2013.744000 1.000000
2397.984000 1760.848000 2444.160000 1707.152000 1.000000
2432.656000 1416.728000 2445.104000 1360.190400 1.000000
2368.816000 2091.616000 2446.288000 2090.432000 1.000000
2459.648000 1146.400000 2446.960000 1103.852800 1.000000
2410.496000 1716.336000 2451.792000 1661.248000 1.000000
2463.392000 1165.070400 2451.808000 1122.027200 1.000000
2389.600000 1932.400000 2452.496000 1878.384000 1.000000
2418.464000 1665.584000 2455.024000 1610.752000 1.000000
2461.920000 1245.492800 2457.584000 1203.273600 1.000000
2419.760000 1722.256000 2462.400000 1666.960000 1.000000
2475.904000 1154.225600 2462.464000 1109.891200 1.000000
2443.200000 1487.187200 2462.848000 1428.795200 1.000000
2469.712000 1221.742400 2463.440000 1179.097600 1.000000
2456.576000 1359.870400 2464.048000 1305.408000 1.000000
2418.048000 1765.200000 2464.480000 1709.808000 1.000000
2401.552000 1925.408000 2464.688000 1870.336000 1.000000
2415.360000 1790.368000 2465.056000 1733.248000 1.000000
2403.120000 1940.672000 2467.504000 1886.352000 1.000000
2424.144000 1739.600000 2468.544000 1683.440000 1.000000
2475.552000 1240.868800 2471.904000 1196.112000 1.000000
2398.560000 2043.376000 2472.928000 2021.888000 1.000000
2438.128000 1659.888000 2474.160000 1601.168000 1.000000
2484.192000 1181.833600 2474.224000 1136.992000 1.000000
2412.496000 1918.080000 2474.704000 1862.048000 1.000000
2469.952000 1359.028800 2478.000000 1300.377600 1.000000
2470.528000 1377.409600 2479.072000 1319.595200 1.000000
2482.704000 1252.288000 2479.264000 1206.123200 1.000000
2451.216000 1584.539200 2481.392000 1525.280000 1.000000
2454.368000 1566.827200 2482.368000 1507.123200 1.000000
2496.912000 1153.412800 2484.384000 1106.315200 1.000000
2490.768000 1230.032000 2485.376000 1183.177600 1.000000
2458.416000 1597.726400 2489.360000 1537.025600 1.000000
2463.392000 1542.652800 2489.408000 1481.670400 1.000000
2499.344000 1203.427200 2491.136000 1157.384000 1.000000
2484.000000 1364.929600 2492.048000 1301.825600 1.000000
2464.112000 1570.300800 2492.240000 1508.844800 1.000000
2456.704000 1657.728000 2493.984000 1596.534400 1.000000
2500.592000 1230.187200 2495.024000 1181.440000 1.000000
2465.968000 1578.470400 2495.184000 1517.201600 1.000000
2506.896000 1180.532800 2496.304000 1133.172800 1.000000
2475.776000 1506.139200 2497.744000 1443.801600 1.000000
2442.960000 1845.696000 2499.312000 1785.104000 1.000000
2507.680000 1243.408000 2503.440000 1193.230400 1.000000
2484.528000 1480.856000 2504.288000 1417.739200 1.000000
2497.024000 1366.822400 2505.648000 1306.702400 1.000000
2482.864000 1514.809600 2505.920000 1450.868800 1.000000
2516.624000 1185.056000 2506.640000 1136.377600 1.000000
2510.448000 1254.209600 2506.800000 1203.051200 1.000000
2505.760000 1316.561600 2508.304000 1258.939200 1.000000
2489.616000 1468.697600 2508.352000 1404.760000 1.000000
2464.928000 1725.936000 2509.296000 1664.720000 1.000000
2483.104000 1550.025600 2510.144000 1485.286400 1.000000
2500.912000 1409.939200 2512.608000 1345.988800 1.000000
2494.928000 1484.758400 2514.400000 1420.492800 1.000000
2492.848000 1502.094400 2515.408000 1436.262400 1.000000
2527.760000 1186.353600 2517.824000 1136.200000 1.000000
2522.944000 1263.958400 2520.608000 1209.691200 1.000000
2510.912000 1392.412800 2522.304000 1328.078400 1.000000
2523.440000 1331.139200 2528.128000 1269.630400 1.000000
2517.680000 1396.468800 2529.200000 1331.977600 1.000000
2479.312000 1774.336000 2529.536000 1709.168000 1.000000
2485.664000 1723.136000 2530.896000 1656.608000 1.000000
2520.384000 1466.412800 2539.712000 1397.814400 1.000000
2528.080000 1399.123200 2540.064000 1331.515200 1.000000
2548.864000 1214.169600 2541.472000 1158.025600 1.000000
2597.232000 447.152000 2543.920000 382.177600 1.000000
2550.560000 1225.011200 2544.432000 1167.598400 1.000000
2556.544000 1173.998400 2545.456000 1119.224000 1.000000
2558.640000 1170.204800 2546.768000 1115.489600 1.000000
2537.392000 1375.652800 2547.472000 1308.724800 1.000000
2544.976000 1309.937600 2547.920000 1246.806400 1.000000
2540.464000 1364.307200 2548.400000 1298.787200 1.000000
2534.800000 1428.368000 2549.792000 1358.764800 1.000000
2509.568000 1673.856000 2550.032000 1604.816000 1.000000
2537.856000 1403.955200 2550.592000 1335.368000 1.000000
2549.280000 1353.115200 2557.072000 1285.195200 1.000000
2547.104000 1379.676800 2557.472000 1310.849600 1.000000
2556.736000 1300.900800 2558.736000 1236.420800 1.000000
2558.064000 1322.251200 2561.408000 1254.550400 1.000000
2550.880000 1397.638400 2562.960000 1327.494400 1.000000
2528.976000 1583.545600 2563.216000 1510.145600 1.000000
2566.784000 1301.576000 2568.416000 1235.449600 1.000000
2563.424000 1370.932800 2571.392000 1302.651200 1.000000
2582.416000 1226.806400 2576.144000 1162.724800 1.000000
2570.592000 1347.830400 2576.832000 1278.046400 1.000000
2576.480000 1320.380800 2579.824000 1252.670400 1.000000
2580.912000 1268.184000 2580.688000 1200.252800 1.000000
2584.272000 1257.459200 2581.616000 1191.065600 1.000000
2581.952000 1307.806400 2583.872000 1237.932800 1.000000
2589.952000 1240.188800 2585.888000 1171.712000 1.000000
2596.096000 1214.632000 2588.544000 1147.817600 1.000000
2589.856000 1259.496000 2588.976000 1190.508800 1.000000
2599.280000 1191.926400 2589.808000 1124.532800 1.000000
2596.992000 1230.982400 2591.968000 1161.905600 1.000000
2591.456000 1303.872000 2593.664000 1230.966400 1.000000
2597.584000 1243.484800 2594.032000 1174.044800 1.000000
2597.520000 1250.304000 2594.400000 1180.652800 1.000000
2598.128000 1262.064000 2595.456000 1192.241600 1.000000
2607.648000 1177.524800 2595.488000 1109.630400 1.000000
2607.648000 1190.420800 2597.920000 1121.859200 1.000000
2592.272000 1347.902400 2599.872000 1272.932800 1.000000
2605.024000 1255.859200 2601.680000 1184.670400 1.000000
2603.664000 1264.737600 2601.936000 1193.024000 1.000000
2612.688000 1181.960000 2602.384000 1112.809600 1.000000
2607.200000 1240.867200 2602.992000 1168.772800 1.000000
2606.304000 1276.033600 2605.248000 1203.732800 1.000000
2614.432000 1210.820800 2606.880000 1139.241600 1.000000
2608.448000 1267.400000 2607.104000 1194.046400 1.000000
2610.112000 1258.284800 2607.808000 1184.540800 1.000000
2604.288000 1314.660800 2607.856000 1239.337600 1.000000
2594.944000 1421.972800 2610.080000 1343.660800 1.000000
2614.736000 1267.417600 2613.376000 1192.542400 1.000000
2615.824000 1261.240000 2614.112000 1185.774400 1.000000
2607.120000 1403.080000 2620.208000 1323.041600 1.000000
2622.432000 1260.425600 2620.368000 1183.635200 1.000000
2637.680000 1148.345600 2623.136000 1071.073600 1.000000
2618.384000 1328.198400 2623.904000 1249.996800 1.000000
2615.264000 1377.427200 2625.664000 1296.571200 1.000000
2627.328000 1270.374400 2626.672000 1192.406400 1.000000
2628.816000 1262.923200 2627.056000 1184.600000 1.000000
2633.408000 1247.148800 2630.112000 1169.262400 1.000000
2628.736000 1305.838400 2630.736000 1227.225600 1.000000
2637.760000 1231.955200 2632.864000 1153.908800 1.000000
2626.816000 1364.043200 2635.584000 1281.971200 1.000000
2639.600000 1249.304000 2636.224000 1169.500800 1.000000
2649.920000 1203.572800 2641.632000 1124.697600 1.000000
2647.072000 1241.801600 2642.208000 1160.044800 1.000000
2648.976000 1226.547200 2642.592000 1143.878400 1.000000
2646.432000 1249.856000 2643.152000 1168.852800 1.000000
2654.080000 1219.224000 2647.328000 1137.420800 1.000000
2648.144000 1286.577600 2648.656000 1202.139200 1.000000
2704.016000 1040.144000 2678.592000 941.761600 1.000000
2720.064000 1039.628800 2690.112000 953.907200 1.000000
2764.864000 626.787200 2693.392000 557.387200 1.000000
3308.896000 2964.192000 3518.016000 2991.552000 1.000000
3460.688000 1788.928000 3554.384000 1381.244800 1.000000
3556.160000 2752.448000 3796.960000 2903.344000 1.000000
