232.201600 2952.112000 283.129600 1977.296000 1.000000
286.161600 2942.224000 323.529600 1973.664000 1.000000
514.174400 1012.889600 386.220800 135.918880 1.000000
526.892800 919.328000 391.788800 34.745440 1.000000
432.580800 2265.904000 415.470400 1402.606400 1.000000
548.096000 964.846400 415.689600 87.315680 1.000000
550.960000 925.979200 416.313600 44.588960 1.000000
541.252800 1045.209600 418.148800 179.720000 1.000000
576.544000 954.801600 448.140800 81.637440 1.000000
578.875200 980.350400 449.704000 108.385760 1.000000
573.032000 1085.275200 454.603200 223.560000 1.000000
585.779200 931.809600 455.059200 54.090080 1.000000
584.608000 1060.329600 463.806400 197.147200 1.000000
481.140800 2269.456000 466.344000 1393.651200 1.000000
591.947200 1077.340800 471.260800 215.436800 1.000000
601.600000 950.497600 473.628800 77.487040 1.000000
592.372800 1141.566400 477.875200 286.582400 1.000000
607.664000 965.640000 480.193600 95.157120 1.000000
495.395200 2320.480000 482.228800 1445.480000 1.000000
502.193600 2284.304000 488.691200 1411.574400 1.000000
616.124800 947.577600 489.321600 76.053920 1.000000
608.980800 1132.915200 495.033600 278.656000 1.000000
511.624000 2242.560000 495.534400 1366.600000 1.000000
626.956800 991.305600 503.816000 124.806720 1.000000
487.115200 2776.720000 508.684800 1816.368000 1.000000
189.433600 2985.248000 515.678400 1804.592000 1.000000
649.966400 1002.888000 527.420800 139.104640 1.000000
642.155200 1132.185600 530.934400 281.110400 1.000000
550.307200 2242.880000 531.459200 1369.688000 1.000000
669.070400 987.835200 546.920000 124.618560 1.000000
667.443200 1086.152000 554.323200 232.694400 1.000000
669.230400 1043.425600 555.001600 186.054400 1.000000
673.536000 1075.012800 559.099200 221.899200 1.000000
690.489600 941.310400 567.905600 72.496160 1.000000
592.438400 2249.472000 571.659200 1378.264000 1.000000
684.822400 1159.697600 580.340800 313.750400 1.000000
704.100800 949.571200 581.817600 83.957600 1.000000
697.446400 1082.667200 584.592000 230.676800 1.000000
712.443200 963.131200 593.318400 99.528480 1.000000
703.928000 1116.604800 595.326400 267.691200 1.000000
709.344000 1048.164800 596.347200 193.289600 1.000000
710.163200 1084.312000 598.510400 232.632000 1.000000
717.308800 1065.652800 604.384000 213.049600 1.000000
718.702400 1076.393600 606.691200 224.726400 1.000000
718.428800 1117.812800 610.556800 271.062400 1.000000
721.924800 1086.163200 612.115200 234.913600 1.000000
731.220800 956.526400 612.548800 92.059520 1.000000
734.099200 1040.315200 620.548800 187.339200 1.000000
741.968000 965.992000 625.270400 104.801280 1.000000
744.465600 942.968000 625.780800 75.334720 1.000000
742.211200 977.291200 626.891200 118.169920 1.000000
737.600000 1091.665600 628.232000 242.459200 1.000000
747.038400 1027.536000 634.486400 173.889600 1.000000
737.808000 1206.600000 635.718400 365.728000 1.000000
747.449600 1148.472000 640.232000 306.537600 1.000000
662.057600 2241.776000 643.473600 1374.832000 1.000000
760.603200 969.640000 645.003200 109.672160 1.000000
763.185600 1067.555200 655.819200 219.680000 1.000000
773.550400 1017.228800 662.747200 163.851200 1.000000
777.256000 939.054400 663.547200 74.799520 1.000000
772.948800 1077.667200 665.508800 230.334400 1.000000
771.273600 1092.475200 665.550400 246.729600 1.000000
770.241600 1186.507200 671.028800 347.784000 1.000000
788.046400 886.513600 671.062400 19.486240 1.000000
790.889600 895.278400 676.537600 27.992640 1.000000
781.305600 1103.993600 677.798400 260.272000 1.000000
788.579200 1004.508800 678.972800 151.740160 1.000000
786.369600 1136.920000 684.625600 296.880000 1.000000
792.172800 1095.704000 686.614400 251.963200 1.000000
798.472000 979.124800 688.182400 122.940320 1.000000
788.745600 1186.104000 688.345600 348.964800 1.000000
798.067200 1064.822400 691.451200 217.755200 1.000000
795.254400 1165.867200 695.712000 329.150400 1.000000
818.161600 1136.361600 717.924800 295.286400 1.000000
827.350400 982.867200 720.835200 130.205600 1.000000
820.512000 1171.843200 722.632000 338.329600 1.000000
834.496000 1054.225600 730.238400 211.468800 1.000000
830.972800 1207.004800 736.107200 374.934400 1.000000
845.516800 900.278400 736.748800 35.646400 1.000000
840.670400 1068.904000 737.478400 227.635200 1.000000
833.841600 1150.545600 737.683200 318.387200 1.000000
834.414400 1153.952000 738.073600 319.505600 1.000000
856.086400 947.968000 746.238400 94.321760 1.000000
863.496000 959.654400 757.622400 104.769920 1.000000
852.998400 1208.209600 759.214400 378.446400 1.000000
861.345600 1125.440000 761.508800 288.659200 1.000000
864.560000 1027.888000 761.673600 183.412800 1.000000
870.553600 943.785600 764.257600 87.206880 1.000000
870.563200 908.233600 764.424000 48.150720 1.000000
870.564800 1032.340800 768.270400 188.430400 1.000000
868.291200 1129.283200 770.700800 292.177600 1.000000
874.038400 1014.961600 771.604800 168.691200 1.000000
867.340800 1206.665600 773.851200 377.409600 1.000000
879.676800 969.748800 774.326400 115.441120 1.000000
874.321600 1089.404800 775.417600 250.481600 1.000000
873.280000 1102.348800 778.217600 265.865600 1.000000
877.769600 1072.867200 779.508800 233.008000 1.000000
884.606400 1021.569600 783.179200 176.864000 1.000000
892.316800 936.067200 786.300800 79.479680 1.000000
893.016000 1002.587200 791.779200 155.226720 1.000000
903.795200 988.563200 802.928000 138.354080 1.000000
899.065600 1167.592000 808.225600 337.969600 1.000000
910.721600 1065.264000 812.150400 227.251200 1.000000
918.142400 954.534400 815.790400 100.205120 1.000000
923.820800 923.408000 822.409600 67.471200 1.000000
914.414400 1229.878400 825.068800 405.510400 1.000000
921.214400 1154.054400 828.792000 324.936000 1.000000
919.211200 1196.668800 829.564800 370.667200 1.000000
932.227200 937.073600 832.172800 82.522240 1.000000
926.630400 1135.745600 835.884800 305.985600 1.000000
937.643200 904.180800 838.051200 46.593600 1.000000
928.662400 1171.537600 839.115200 344.454400 1.000000
939.139200 963.099200 840.080000 114.603520 1.000000
949.262400 889.246400 847.982400 30.134720 1.000000
948.185600 1124.513600 857.996800 295.785600 1.000000
952.684800 1101.164800 861.371200 270.326400 1.000000
952.358400 1146.302400 861.742400 319.468800 1.000000
961.553600 950.977600 863.484800 99.159520 1.000000
950.190400 1215.971200 863.985600 398.542400 1.000000
969.790400 1161.184000 880.760000 335.972800 1.000000
969.870400 1142.854400 881.171200 316.076800 1.000000
968.828800 1062.097600 884.200000 229.552000 1.000000
971.676800 1115.808000 884.598400 285.697600 1.000000
973.385600 1228.385600 890.598400 413.153600 1.000000
982.713600 1088.628800 895.622400 256.668800 1.000000
984.080000 1262.305600 900.004800 446.067200 1.000000
999.116800 946.067200 905.523200 96.340480 1.000000
999.878400 980.456000 908.865600 134.322080 1.000000
1011.529600 947.323200 919.462400 98.105280 1.000000
1021.732800 1013.315200 928.059200 172.897600 1.000000
1016.960000 1227.470400 939.651200 414.046400 1.000000
955.788800 2921.904000 947.624000 2015.520000 1.000000
1041.542400 930.632000 951.089600 82.265440 1.000000
1037.651200 1092.808000 952.732800 264.286400 1.000000
1046.438400 906.960000 958.241600 56.123360 1.000000
1035.606400 1304.680000 959.222400 496.089600 1.000000
1039.825600 1268.499200 964.580800 460.684800 1.000000
1048.913600 1161.977600 966.817600 345.596800 1.000000
1042.136000 1278.619200 967.192000 470.545600 1.000000
1049.009600 1124.990400 970.681600 306.003200 1.000000
1050.208000 1176.840000 971.094400 359.977600 1.000000
982.204800 2894.176000 972.452800 1994.720000 1.000000
1052.892800 1153.144000 974.025600 332.411200 1.000000
1052.142400 1227.710400 974.964800 416.195200 1.000000
1070.051200 1062.561600 986.948800 234.411200 1.000000
1069.414400 1036.272000 987.619200 206.000000 1.000000
1069.619200 1196.646400 992.204800 383.636800 1.000000
1080.008000 955.908800 996.275200 111.768160 1.000000
1088.035200 1021.443200 1007.040000 188.744000 1.000000
1084.056000 1255.230400 1010.428800 446.953600 1.000000
1087.790400 1155.547200 1011.742400 341.222400 1.000000
1087.939200 1210.377600 1013.416000 399.646400 1.000000
1096.521600 1059.582400 1014.484800 229.748800 1.000000
1095.753600 1108.880000 1017.892800 287.465600 1.000000
1103.371200 958.528000 1020.585600 115.680480 1.000000
1105.556800 979.057600 1025.304000 138.978080 1.000000
1110.846400 924.838400 1027.182400 77.084480 1.000000
1104.483200 1165.830400 1029.256000 352.105600 1.000000
1108.777600 1044.516800 1030.032000 216.678400 1.000000
1114.195200 1060.729600 1035.660800 233.774400 1.000000
1113.160000 1173.372800 1038.577600 362.217600 1.000000
1110.539200 1289.468800 1040.584000 489.747200 1.000000
1114.206400 1272.217600 1044.267200 469.880000 1.000000
1115.161600 1303.564800 1049.289600 505.851200 1.000000
1127.187200 1098.782400 1052.150400 279.512000 1.000000
1129.348800 1061.145600 1055.622400 239.926400 1.000000
1138.307200 947.187200 1057.756800 106.701280 1.000000
1129.460800 1213.249600 1059.214400 405.158400 1.000000
1130.734400 1190.657600 1060.195200 381.251200 1.000000
1138.862400 1135.520000 1064.793600 321.131200 1.000000
1143.700800 914.092800 1065.990400 69.062080 1.000000
1140.180800 1147.505600 1067.244800 333.292800 1.000000
1146.435200 1043.339200 1072.131200 216.547200 1.000000
1139.868800 1251.248000 1072.529600 448.510400 1.000000
1153.864000 959.819200 1076.123200 119.626720 1.000000
1156.318400 994.032000 1080.542400 157.336960 1.000000
1150.248000 1209.603200 1081.036800 403.724800 1.000000
1152.982400 1099.288000 1081.388800 279.468800 1.000000
1150.292800 1224.990400 1082.556800 420.753600 1.000000
1154.500800 1140.793600 1083.520000 323.793600 1.000000
1161.088000 920.142400 1085.158400 73.972640 1.000000
1160.336000 1183.084800 1091.329600 375.448000 1.000000
1175.857600 1286.990400 1113.572800 486.569600 1.000000
1141.267200 2987.664000 1116.275200 2091.600000 1.000000
1199.724800 1309.110400 1136.292800 514.993600 1.000000
1270.304000 1318.752000 1190.723200 524.092800 1.000000
1219.996800 1478.444800 1200.993600 699.336000 1.000000
1249.604800 1481.081600 1235.476800 706.073600 1.000000
1275.292800 2218.656000 1254.740800 1392.283200 1.000000
1312.192000 2234.976000 1295.569600 1407.854400 1.000000
1437.723200 2932.816000 1389.123200 2053.760000 1.000000
1486.017600 2701.712000 1438.990400 1843.440000 1.000000
1503.857600 1947.904000 1476.412800 1108.270400 1.000000
1525.889600 2672.048000 1477.262400 1815.536000 1.000000
1553.720000 2670.960000 1503.787200 1818.064000 1.000000
1557.648000 2712.576000 1505.233600 1856.960000 1.000000
1558.686400 2382.304000 1515.145600 1554.531200 1.000000
1611.344000 2281.152000 1566.980800 1469.537600 1.000000
1782.048000 2982.224000 1693.696000 2116.336000 1.000000
1815.472000 1806.032000 1778.480000 1057.574400 1.000000
1834.992000 1514.547200 1815.344000 772.843200 1.000000
1855.424000 1512.460800 1835.104000 772.785600 1.000000
1870.576000 1438.172800 1852.288000 702.419200 1.000000
1902.720000 1503.827200 1882.912000 768.060800 1.000000
1904.672000 1398.265600 1888.432000 654.136000 1.000000
2147.136000 2319.200000 1987.328000 2210.480000 1.000000
2198.016000 1814.000000 2002.896000 1871.808000 1.000000
2280.160000 2376.032000 2067.472000 2235.984000 1.000000
2289.808000 2384.992000 2074.016000 2247.408000 1.000000
2309.488000 2368.768000 2088.720000 2243.280000 1.000000
2333.280000 1919.696000 2127.408000 1984.000000 1.000000
2340.624000 1883.168000 2136.896000 1953.904000 1.000000
2339.040000 1857.616000 2138.048000 1929.088000 1.000000
2289.888000 1377.772800 2143.616000 1444.025600 1.000000
2349.216000 1862.704000 2147.904000 1935.312000 1.000000
2358.704000 1883.008000 2153.952000 1957.248000 1.000000
2358.064000 1840.272000 2157.504000 1916.528000 1.000000
2289.104000 1167.859200 2165.184000 1210.625600 1.000000
2363.440000 1815.360000 2165.424000 1892.576000 1.000000
2369.712000 1842.656000 2168.560000 1919.344000 1.000000
2297.712000 1175.376000 2172.096000 1221.364800 1.000000
2379.664000 1818.832000 2180.720000 1898.208000 1.000000
2383.824000 1810.640000 2185.424000 1891.104000 1.000000
2382.848000 1781.728000 2188.176000 1863.024000 1.000000
2390.208000 1809.200000 2190.912000 1890.000000 1.000000
2404.432000 1932.640000 2191.552000 2010.960000 1.000000
2390.048000 1794.560000 2193.072000 1876.160000 1.000000
2387.216000 1732.832000 2195.840000 1819.360000 1.000000
2412.496000 1918.080000 2200.560000 1997.904000 1.000000
2385.168000 1750.176000 2206.320000 1811.152000 1.000000
2401.760000 1757.248000 2208.016000 1842.480000 1.000000
2395.440000 1699.584000 2208.816000 1784.352000 1.000000
2399.440000 1713.648000 2211.072000 1799.792000 1.000000
2339.264000 1179.857600 2211.808000 1237.209600 1.000000
2334.272000 1058.004800 2221.456000 1100.729600 1.000000
2403.840000 1745.264000 2223.360000 1809.392000 1.000000
2418.048000 1765.200000 2223.792000 1853.296000 1.000000
2432.304000 1869.936000 2225.136000 1955.504000 1.000000
2366.752000 1242.190400 2231.392000 1317.657600 1.000000
2402.064000 1410.820800 2245.872000 1507.046400 1.000000
2440.928000 1688.464000 2253.376000 1783.952000 1.000000
2438.128000 1659.888000 2253.392000 1756.384000 1.000000
2394.224000 1251.278400 2258.128000 1335.014400 1.000000
2391.920000 1203.382400 2259.712000 1287.624000 1.000000
2462.240000 1786.400000 2263.360000 1881.856000 1.000000
2533.408000 2130.064000 2263.792000 2134.400000 1.000000
2396.352000 1167.590400 2267.504000 1252.249600 1.000000
2464.928000 1725.936000 2271.312000 1828.096000 1.000000
2452.048000 1580.142400 2276.688000 1683.328000 1.000000
2459.232000 1583.710400 2282.320000 1687.952000 1.000000
2413.808000 1172.697600 2284.384000 1262.030400 1.000000
2503.520000 1970.304000 2289.168000 2019.520000 1.000000
2426.112000 1205.492800 2294.176000 1294.264000 1.000000
2439.440000 1284.718400 2296.848000 1384.441600 1.000000
2431.280000 1208.288000 2298.432000 1298.793600 1.000000
2473.344000 1489.299200 2305.200000 1602.464000 1.000000
2454.240000 1339.065600 2306.432000 1446.478400 1.000000
2443.264000 1243.054400 2307.648000 1333.592000 1.000000
2482.864000 1514.809600 2312.080000 1629.136000 1.000000
2469.952000 1359.028800 2318.720000 1469.035200 1.000000
2461.920000 1245.492800 2324.832000 1342.350400 1.000000
2516.080000 1690.496000 2326.096000 1800.544000 1.000000
2485.760000 1422.200000 2326.800000 1540.219200 1.000000
2499.824000 1471.297600 2333.808000 1590.395200 1.000000
2498.144000 1444.740800 2335.296000 1563.763200 1.000000
2467.264000 1176.664000 2337.376000 1278.168000 1.000000
2489.040000 1338.888000 2337.952000 1454.392000 1.000000
2500.912000 1409.939200 2340.400000 1529.750400 1.000000
2498.800000 1349.504000 2346.976000 1465.798400 1.000000
2530.736000 1604.448000 2348.816000 1723.824000 1.000000
2475.904000 1154.225600 2349.200000 1257.246400 1.000000
2511.328000 1436.622400 2349.376000 1558.163200 1.000000
2487.008000 1224.899200 2352.608000 1325.904000 1.000000
2511.808000 1407.796800 2353.408000 1529.950400 1.000000
2510.912000 1392.412800 2354.704000 1513.524800 1.000000
2509.456000 1374.497600 2355.120000 1498.694400 1.000000
2484.128000 1150.536000 2357.664000 1255.990400 1.000000
2505.760000 1316.561600 2360.096000 1426.236800 1.000000
2523.440000 1331.139200 2374.176000 1451.396800 1.000000
2531.344000 1390.129600 2375.264000 1514.644800 1.000000
2506.896000 1180.532800 2377.968000 1286.020800 1.000000
2515.328000 1209.393600 2384.032000 1316.553600 1.000000
2540.464000 1364.307200 2387.552000 1489.147200 1.000000
2516.624000 1185.056000 2387.856000 1292.153600 1.000000
2539.408000 1335.510400 2389.408000 1459.483200 1.000000
2520.640000 1168.470400 2394.784000 1276.492800 1.000000
2552.400000 1340.174400 2403.088000 1469.790400 1.000000
2570.592000 1347.830400 2418.624000 1479.065600 1.000000
2576.672000 1334.708800 2424.688000 1473.593600 1.000000
2576.480000 1320.380800 2427.712000 1453.132800 1.000000
2592.272000 1347.902400 2438.624000 1485.814400 1.000000
2603.216000 1440.969600 2439.344000 1582.048000 1.000000
2607.264000 1345.083200 2453.904000 1489.537600 1.000000
2606.304000 1328.368000 2456.080000 1470.358400 1.000000
2598.128000 1262.064000 2456.112000 1398.947200 1.000000
2618.816000 1389.744000 2460.112000 1536.628800 1.000000
2606.304000 1276.033600 2461.952000 1414.452800 1.000000
2603.728000 1248.720000 2463.520000 1389.054400 1.000000
2599.280000 1191.926400 2466.336000 1328.376000 1.000000
2623.168000 1351.192000 2468.800000 1498.297600 1.000000
2622.864000 1229.537600 2484.128000 1376.294400 1.000000
2632.176000 1224.062400 2493.920000 1374.177600 1.000000
2634.592000 1215.180800 2497.552000 1366.412800 1.000000
2648.144000 1286.577600 2501.472000 1442.699200 1.000000
2646.432000 1249.856000 2503.760000 1405.440000 1.000000
2642.768000 1203.731200 2506.880000 1357.195200 1.000000
2647.760000 1217.795200 2509.792000 1372.368000 1.000000
2673.536000 1374.635200 2513.040000 1544.686400 1.000000
2658.336000 1174.864000 2528.320000 1329.776000 1.000000
2665.472000 1200.656000 2528.832000 1364.326400 1.000000
2665.584000 558.798400 2571.152000 634.587200 1.000000
2675.424000 1073.004800 2583.776000 1205.944000 1.000000
3331.264000 1104.425600 3002.064000 989.204800 1.000000
