468.036800 2960.704000 747.971200 478.641600 1.000000
912.574400 3001.408000 1151.676800 697.822400 1.000000
1333.379200 2967.472000 1510.612800 747.352000 1.000000
1627.296000 2942.688000 1766.768000 780.822400 1.000000
1558.686400 2382.304000 1788.128000 140.530400 1.000000
1708.128000 2934.976000 1834.592000 787.164800 1.000000
1752.864000 2921.200000 1875.296000 785.332800 1.000000
1760.960000 2905.680000 1885.008000 772.441600 1.000000
2101.008000 1525.297600 2148.352000 1508.584000 1.000000
2371.584000 1368.379200 2409.104000 1529.288000 1.000000
2419.904000 1349.534400 2455.008000 1537.196800 1.000000
2439.440000 1284.718400 2494.672000 1493.963200 1.000000
2505.760000 1316.561600 2539.232000 1550.190400 1.000000
2491.904000 592.008000 2561.872000 1395.064000 1.000000
2951.248000 483.521600 3014.352000 495.681600 1.000000
