37.444320 832.308800 208.385600 2640.688000 1.000000
69.385440 907.953600 232.118400 2712.336000 1.000000
51.341600 600.004800 245.494400 2431.440000 1.000000
88.910720 830.979200 255.825600 2632.912000 1.000000
69.769440 649.633600 258.900800 2476.720000 1.000000
101.320160 780.884800 277.062400 2584.656000 1.000000
150.582400 813.193600 321.764800 2611.648000 1.000000
148.340160 763.836800 322.614400 2563.152000 1.000000
153.049120 793.294400 325.923200 2590.624000 1.000000
169.092800 806.891200 340.465600 2600.512000 1.000000
183.204800 922.006400 343.595200 2708.064000 1.000000
228.753600 865.052800 393.745600 2653.936000 1.000000
248.182400 852.595200 414.937600 2636.656000 1.000000
262.408000 817.108800 432.561600 2601.296000 1.000000
252.928000 716.108800 437.038400 2505.216000 1.000000
282.740800 939.472000 441.364800 2714.272000 1.000000
284.299200 923.601600 443.003200 2701.504000 1.000000
283.321600 960.379200 444.441600 2730.768000 1.000000
288.108800 716.788800 464.864000 2508.224000 1.000000
290.460800 678.916800 467.316800 2472.928000 1.000000
300.068800 798.272000 470.080000 2577.392000 1.000000
308.252800 708.556800 485.227200 2497.024000 1.000000
337.424000 951.345600 493.041600 2717.600000 1.000000
331.713600 780.976000 501.388800 2556.128000 1.000000
340.936000 739.692800 515.652800 2516.480000 1.000000
339.100800 710.838400 516.593600 2489.872000 1.000000
340.729600 533.569600 530.142400 2331.216000 1.000000
351.836800 651.633600 533.835200 2430.640000 1.000000
379.096000 937.808000 536.712000 2697.552000 1.000000
485.728000 508.819200 695.081600 1883.424000 1.000000
538.260800 760.595200 729.195200 2108.240000 1.000000
545.427200 819.809600 731.454400 2165.504000 1.000000
536.963200 430.960000 748.710400 1789.360000 1.000000
539.110400 425.780800 750.377600 1784.416000 1.000000
584.608000 1060.329600 752.025600 2419.776000 1.000000
550.217600 531.347200 754.521600 1879.760000 1.000000
547.204800 559.110400 755.369600 1908.208000 1.000000
567.956800 743.601600 758.358400 2081.728000 1.000000
568.329600 712.932800 761.225600 2050.176000 1.000000
552.713600 370.048000 768.633600 1731.632000 1.000000
586.475200 847.342400 768.900800 2184.320000 1.000000
553.651200 315.516800 769.219200 1681.872000 1.000000
570.638400 552.313600 772.416000 1895.104000 1.000000
557.729600 338.692800 773.270400 1701.840000 1.000000
559.243200 299.788800 774.321600 1667.664000 1.000000
609.798400 1067.470400 777.177600 2421.664000 1.000000
607.044800 1022.643200 777.528000 2372.688000 1.000000
598.281600 748.779200 787.110400 2081.024000 1.000000
591.299200 536.073600 791.601600 1875.776000 1.000000
590.987200 581.526400 793.236800 1918.384000 1.000000
628.324800 1074.913600 795.046400 2424.912000 1.000000
606.832000 746.688000 796.462400 2074.912000 1.000000
630.937600 1054.344000 799.556800 2403.280000 1.000000
579.144000 78.551040 804.580800 1473.694400 1.000000
616.457600 615.185600 813.092800 1944.496000 1.000000
612.348800 493.611200 815.500800 1832.528000 1.000000
653.900800 1082.454400 820.241600 2432.112000 1.000000
617.342400 480.536000 820.398400 1818.384000 1.000000
605.531200 83.437600 824.948800 1471.958400 1.000000
621.806400 472.785600 825.067200 1810.400000 1.000000
646.232000 861.121600 825.195200 2186.720000 1.000000
608.468800 92.881760 827.888000 1478.635200 1.000000
619.980800 166.947200 835.201600 1538.632000 1.000000
639.667200 610.544000 835.283200 1933.392000 1.000000
673.536000 1075.012800 841.145600 2416.048000 1.000000
637.664000 354.779200 844.961600 1698.624000 1.000000
651.588800 630.612800 846.041600 1949.360000 1.000000
627.854400 63.071040 846.443200 1452.107200 1.000000
645.275200 378.510400 851.145600 1720.064000 1.000000
677.465600 828.740800 855.753600 2149.984000 1.000000
664.651200 619.848000 857.592000 1938.432000 1.000000
646.430400 92.179200 859.022400 1472.308800 1.000000
660.891200 455.000000 861.022400 1786.768000 1.000000
668.785600 606.185600 861.324800 1924.640000 1.000000
689.116800 968.638400 862.916800 2294.240000 1.000000
664.075200 385.027200 868.243200 1720.000000 1.000000
693.572800 913.390400 870.697600 2232.160000 1.000000
662.817600 151.689280 873.193600 1519.108800 1.000000
662.084800 118.110880 875.030400 1491.232000 1.000000
684.718400 657.603200 875.390400 1968.768000 1.000000
676.249600 455.620800 876.574400 1783.984000 1.000000
701.548800 861.646400 880.800000 2174.768000 1.000000
667.590400 27.401920 881.416000 1417.484800 1.000000
694.171200 622.929600 886.180800 1936.032000 1.000000
686.291200 477.796800 886.806400 1801.328000 1.000000
677.737600 149.473440 887.942400 1514.280000 1.000000
697.505600 603.723200 888.702400 1916.848000 1.000000
688.417600 390.686400 890.158400 1720.560000 1.000000
681.374400 85.456000 891.531200 1461.240000 1.000000
710.403200 804.969600 891.648000 2111.520000 1.000000
691.107200 367.518400 892.449600 1699.824000 1.000000
707.534400 657.739200 896.052800 1964.064000 1.000000
691.088000 194.104000 898.411200 1548.904000 1.000000
704.208000 504.612800 899.830400 1824.240000 1.000000
706.310400 521.198400 900.576000 1839.840000 1.000000
697.305600 179.012800 904.129600 1536.366400 1.000000
719.929600 687.273600 905.451200 1990.480000 1.000000
726.132800 736.987200 910.617600 2039.056000 1.000000
708.758400 199.940800 913.168000 1552.235200 1.000000
710.964800 186.680000 916.256000 1540.036800 1.000000
733.120000 687.611200 918.894400 1988.240000 1.000000
716.084800 200.848000 920.211200 1551.185600 1.000000
724.081600 458.681600 920.225600 1778.144000 1.000000
743.022400 829.777600 922.249600 2132.416000 1.000000
734.502400 637.584000 923.315200 1941.792000 1.000000
741.185600 634.798400 927.427200 1936.496000 1.000000
732.628800 409.126400 927.761600 1732.800000 1.000000
740.779200 645.979200 928.921600 1948.192000 1.000000
755.289600 918.512000 930.334400 2227.872000 1.000000
741.848000 500.713600 932.510400 1818.384000 1.000000
763.185600 1067.555200 932.731200 2392.496000 1.000000
732.708800 221.092800 933.721600 1567.068800 1.000000
749.574400 674.411200 934.206400 1973.568000 1.000000
743.926400 555.513600 935.192000 1861.104000 1.000000
753.760000 723.387200 936.990400 2019.856000 1.000000
750.660800 653.163200 937.134400 1954.560000 1.000000
735.969600 243.163200 937.233600 1584.032000 1.000000
737.084800 260.819200 937.883200 1599.376000 1.000000
738.048000 145.313120 941.016000 1501.371200 1.000000
770.404800 962.996800 943.284800 2273.232000 1.000000
753.075200 463.148800 943.771200 1777.440000 1.000000
753.641600 563.452800 943.771200 1866.512000 1.000000
764.752000 774.264000 946.038400 2069.248000 1.000000
747.870400 281.008000 946.744000 1616.048000 1.000000
780.352000 1039.451200 948.374400 2358.800000 1.000000
751.825600 355.643200 948.888000 1678.608000 1.000000
772.201600 850.276800 950.393600 2147.424000 1.000000
777.256000 939.054400 951.091200 2246.112000 1.000000
749.289600 90.649440 951.270400 1456.512000 1.000000
750.188800 185.972800 951.321600 1532.304000 1.000000
752.483200 171.558400 952.232000 1521.483200 1.000000
758.011200 406.070400 953.510400 1724.208000 1.000000
758.811200 348.915200 954.228800 1672.320000 1.000000
762.372800 152.812160 962.787200 1504.931200 1.000000
765.939200 210.408000 963.896000 1552.080000 1.000000
795.825600 961.822400 968.377600 2266.416000 1.000000
780.657600 512.886400 969.424000 1817.152000 1.000000
791.672000 839.782400 970.590400 2131.552000 1.000000
775.750400 157.324640 972.476800 1505.356800 1.000000
783.408000 521.712000 972.803200 1825.632000 1.000000
785.716800 432.523200 976.067200 1746.752000 1.000000
790.937600 658.665600 976.195200 1949.168000 1.000000
790.884800 564.443200 977.769600 1862.208000 1.000000
787.512000 394.388800 978.372800 1706.976000 1.000000
807.289600 941.553600 979.694400 2243.904000 1.000000
812.249600 1045.409600 982.270400 2356.720000 1.000000
784.708800 70.727360 982.283200 1434.934400 1.000000
790.606400 352.574400 983.702400 1670.144000 1.000000
789.672000 101.304480 986.030400 1458.694400 1.000000
792.417600 225.748800 986.784000 1559.979200 1.000000
803.843200 659.644800 986.800000 1949.920000 1.000000
795.683200 398.268800 986.832000 1710.224000 1.000000
798.336000 448.404800 987.827200 1760.464000 1.000000
810.214400 789.804800 988.438400 2076.320000 1.000000
795.267200 260.531200 988.713600 1588.451200 1.000000
811.491200 765.131200 990.281600 2051.504000 1.000000
800.454400 493.398400 990.969600 1797.952000 1.000000
797.441600 45.287360 993.502400 1412.364800 1.000000
823.998400 923.547200 993.696000 2223.856000 1.000000
797.790400 81.292160 994.464000 1440.889600 1.000000
802.382400 51.321280 997.665600 1416.275200 1.000000
815.550400 636.934400 998.326400 1927.664000 1.000000
813.585600 568.464000 998.956800 1862.080000 1.000000
810.064000 188.798400 1003.464000 1526.384000 1.000000
833.700800 937.523200 1005.566400 2233.936000 1.000000
828.065600 778.840000 1007.136000 2061.792000 1.000000
834.496000 1054.225600 1008.084800 2359.120000 1.000000
823.721600 447.214400 1010.841600 1754.528000 1.000000
832.076800 762.849600 1011.625600 2044.528000 1.000000
824.681600 369.988800 1013.577600 1679.856000 1.000000
841.150400 745.180800 1016.868800 2026.224000 1.000000
842.353600 795.518400 1019.212800 2076.416000 1.000000
836.049600 441.601600 1021.364800 1747.552000 1.000000
833.632000 377.006400 1021.982400 1685.312000 1.000000
833.793600 227.284800 1025.137600 1555.470400 1.000000
841.803200 522.574400 1025.782400 1817.232000 1.000000
841.590400 509.731200 1025.787200 1805.840000 1.000000
841.380800 475.011200 1027.726400 1775.936000 1.000000
842.435200 410.515200 1028.235200 1714.112000 1.000000
846.587200 556.262400 1030.398400 1846.688000 1.000000
840.225600 43.995840 1031.275200 1404.118400 1.000000
852.057600 674.758400 1032.537600 1955.200000 1.000000
847.211200 398.851200 1033.088000 1702.096000 1.000000
845.353600 81.875040 1033.835200 1436.048000 1.000000
860.084800 764.561600 1036.505600 2041.248000 1.000000
861.102400 803.467200 1037.035200 2083.328000 1.000000
849.104000 62.202560 1038.348800 1419.217600 1.000000
849.848000 128.638880 1040.256000 1473.409600 1.000000
870.553600 943.785600 1041.665600 2231.776000 1.000000
857.584000 389.529600 1042.617600 1693.648000 1.000000
866.664000 729.459200 1044.342400 2006.624000 1.000000
866.460800 665.977600 1045.438400 1944.720000 1.000000
866.403200 680.027200 1045.761600 1959.360000 1.000000
859.820800 55.723680 1046.948800 1412.070400 1.000000
866.523200 78.409440 1053.196800 1429.478400 1.000000
871.491200 398.724800 1054.460800 1700.064000 1.000000
869.251200 40.583840 1055.116800 1397.832000 1.000000
870.078400 429.512000 1055.563200 1729.040000 1.000000
869.744000 144.354560 1056.259200 1482.156800 1.000000
886.792000 876.176000 1061.913600 2155.152000 1.000000
879.192000 588.163200 1062.790400 1867.984000 1.000000
888.643200 767.412800 1064.355200 2041.296000 1.000000
881.939200 224.936000 1066.326400 1546.387200 1.000000
884.185600 77.966720 1068.067200 1427.838400 1.000000
889.355200 69.804640 1071.116800 1419.673600 1.000000
889.265600 252.891200 1073.662400 1569.785600 1.000000
903.795200 988.563200 1074.004800 2276.112000 1.000000
902.300800 915.528000 1076.107200 2196.880000 1.000000
899.372800 424.785600 1078.960000 1718.848000 1.000000
902.846400 707.761600 1079.259200 1979.344000 1.000000
902.729600 581.915200 1080.368000 1862.016000 1.000000
902.697600 590.038400 1081.182400 1869.024000 1.000000
917.347200 1337.148800 1082.227200 2658.176000 1.000000
901.745600 276.470400 1082.907200 1587.180800 1.000000
904.561600 250.033600 1086.171200 1564.432000 1.000000
911.380800 566.790400 1088.497600 1845.600000 1.000000
910.731200 494.614400 1089.880000 1784.592000 1.000000
910.944000 466.459200 1090.656000 1756.816000 1.000000
917.006400 741.166400 1091.228800 2010.464000 1.000000
914.814400 247.544000 1094.004800 1559.369600 1.000000
915.561600 595.016000 1094.131200 1872.240000 1.000000
921.208000 686.179200 1096.358400 1955.728000 1.000000
918.875200 444.936000 1096.867200 1735.440000 1.000000
922.160000 224.001600 1100.907200 1539.992000 1.000000
925.878400 614.603200 1102.177600 1889.040000 1.000000
924.833600 486.534400 1102.561600 1774.416000 1.000000
926.368000 540.304000 1102.721600 1821.728000 1.000000
925.182400 498.206400 1102.817600 1785.280000 1.000000
930.384000 742.315200 1103.728000 2009.168000 1.000000
926.598400 257.457600 1104.438400 1567.024000 1.000000
926.772800 464.748800 1104.502400 1752.176000 1.000000
926.963200 197.795200 1105.980800 1517.331200 1.000000
929.224000 249.865600 1108.948800 1561.035200 1.000000
932.528000 512.352000 1109.228800 1797.184000 1.000000
933.340800 298.531200 1112.099200 1602.176000 1.000000
936.150400 248.780800 1113.630400 1559.528000 1.000000
939.809600 648.128000 1114.902400 1916.992000 1.000000
939.563200 195.886400 1116.640000 1513.113600 1.000000
942.744000 603.219200 1118.044800 1875.472000 1.000000
944.457600 204.884800 1121.012800 1520.803200 1.000000
952.684800 1101.164800 1121.068800 2392.688000 1.000000
947.713600 735.281600 1122.131200 1998.672000 1.000000
944.548800 188.456000 1122.176000 1508.451200 1.000000
945.771200 431.929600 1122.246400 1718.512000 1.000000
951.561600 749.056000 1126.060800 2013.584000 1.000000
953.820800 722.817600 1126.176000 1986.304000 1.000000
950.532800 478.475200 1126.201600 1762.032000 1.000000
956.100800 840.454400 1126.550400 2109.344000 1.000000
953.259200 166.252800 1127.819200 1488.086400 1.000000
954.430400 218.104000 1130.715200 1531.051200 1.000000
963.123200 419.771200 1135.006400 1706.368000 1.000000
961.758400 612.705600 1135.320000 1880.016000 1.000000
963.214400 779.798400 1135.684800 2043.792000 1.000000
964.352000 833.020800 1136.795200 2097.984000 1.000000
965.651200 747.166400 1138.033600 2011.552000 1.000000
968.828800 1062.097600 1139.745600 2345.520000 1.000000
970.529600 1003.190400 1141.944000 2283.344000 1.000000
970.912000 448.584000 1144.105600 1729.936000 1.000000
976.334400 57.300960 1147.675200 1399.832000 1.000000
977.667200 57.120320 1148.534400 1399.211200 1.000000
980.070400 800.792000 1149.467200 2065.872000 1.000000
978.192000 484.123200 1149.510400 1764.912000 1.000000
978.139200 81.468960 1149.516800 1419.276800 1.000000
983.520000 62.319040 1153.244800 1403.227200 1.000000
981.566400 255.801600 1154.905600 1558.422400 1.000000
984.828800 631.488000 1157.158400 1894.832000 1.000000
989.134400 1142.107200 1157.955200 2433.104000 1.000000
986.316800 671.259200 1157.976000 1932.304000 1.000000
992.342400 524.001600 1164.545600 1798.800000 1.000000
994.964800 210.886400 1165.078400 1520.646400 1.000000
992.355200 270.801600 1165.798400 1571.056000 1.000000
995.705600 467.502400 1166.035200 1745.168000 1.000000
999.878400 980.456000 1166.329600 2253.984000 1.000000
997.809600 879.990400 1167.563200 2141.104000 1.000000
998.105600 643.726400 1168.534400 1905.600000 1.000000
1001.540800 670.531200 1172.102400 1930.688000 1.000000
1003.840000 1033.734400 1174.203200 2307.840000 1.000000
1006.166400 697.441600 1176.667200 1957.104000 1.000000
1011.470400 842.616000 1179.872000 2100.064000 1.000000
1010.608000 1096.961600 1180.257600 2376.992000 1.000000
1011.750400 659.683200 1180.985600 1919.872000 1.000000
1019.099200 951.924800 1185.505600 2217.776000 1.000000
1017.244800 1262.024000 1186.256000 2572.064000 1.000000
1020.059200 933.462400 1186.563200 2200.992000 1.000000
1016.422400 737.243200 1186.884800 1997.296000 1.000000
1021.732800 1013.315200 1189.755200 2284.000000 1.000000
1027.134400 716.160000 1196.321600 1971.040000 1.000000
1030.595200 295.998400 1197.156800 1588.368000 1.000000
1032.889600 220.604800 1198.811200 1523.990400 1.000000
1033.534400 263.155200 1198.860800 1558.488000 1.000000
1033.092800 627.468800 1200.036800 1886.048000 1.000000
1033.800000 648.889600 1200.806400 1907.040000 1.000000
1035.992000 563.441600 1204.169600 1826.256000 1.000000
1035.974400 785.817600 1204.468800 2042.768000 1.000000
1041.238400 205.156800 1206.094400 1510.891200 1.000000
1046.020800 260.571200 1209.857600 1555.227200 1.000000
1046.990400 271.456000 1210.446400 1565.254400 1.000000
1035.606400 1304.680000 1210.601600 2613.344000 1.000000
1050.401600 155.278240 1212.494400 1466.032000 1.000000
1047.108800 661.344000 1212.747200 1917.280000 1.000000
1048.913600 1161.977600 1218.883200 2446.480000 1.000000
1057.987200 237.723200 1220.120000 1534.790400 1.000000
1053.097600 674.416000 1220.225600 1928.992000 1.000000
1049.009600 1124.990400 1220.536000 2404.192000 1.000000
1063.348800 59.907040 1222.748800 1392.523200 1.000000
1059.817600 251.891200 1223.086400 1548.571200 1.000000
1062.449600 314.057600 1225.129600 1600.880000 1.000000
1067.281600 142.925280 1225.844800 1454.712000 1.000000
1067.532800 131.072000 1226.960000 1444.963200 1.000000
1065.051200 272.121600 1227.515200 1563.568000 1.000000
1067.180800 447.931200 1230.440000 1717.536000 1.000000
1070.051200 1062.561600 1236.833600 2328.304000 1.000000
1071.038400 719.633600 1237.166400 1972.128000 1.000000
1069.619200 1196.646400 1239.564800 2483.408000 1.000000
1078.577600 254.796800 1240.011200 1548.329600 1.000000
1079.374400 474.225600 1242.937600 1742.912000 1.000000
1079.148800 582.440000 1243.435200 1839.104000 1.000000
1082.899200 302.385600 1243.560000 1587.705600 1.000000
1088.667200 153.003360 1247.436800 1462.835200 1.000000
1080.008000 955.908800 1249.395200 2213.296000 1.000000
1085.947200 537.936000 1250.862400 1796.832000 1.000000
1100.254400 77.128640 1253.587200 1401.788800 1.000000
1084.056000 1255.230400 1253.884800 2548.048000 1.000000
1094.712000 320.182400 1254.347200 1602.064000 1.000000
1106.561600 39.831520 1257.832000 1371.273600 1.000000
1090.576000 855.128000 1257.979200 2100.992000 1.000000
1087.939200 1210.377600 1260.118400 2494.688000 1.000000
1099.529600 630.355200 1261.102400 1882.896000 1.000000
1097.372800 673.668800 1261.299200 1922.912000 1.000000
1105.192000 425.520000 1264.590400 1693.888000 1.000000
1102.859200 743.787200 1268.027200 1991.920000 1.000000
1115.910400 133.790880 1268.713600 1444.708800 1.000000
1106.716800 569.054400 1268.867200 1822.416000 1.000000
1111.358400 473.072000 1271.041600 1737.232000 1.000000
1118.060800 164.681600 1271.406400 1470.123200 1.000000
1112.974400 461.720000 1272.420800 1728.960000 1.000000
1113.081600 654.747200 1272.958400 1903.808000 1.000000
1116.539200 270.484800 1273.737600 1556.777600 1.000000
1119.590400 297.083200 1275.089600 1580.196800 1.000000
1112.476800 665.350400 1275.411200 1913.328000 1.000000
1109.700800 852.372800 1276.321600 2096.096000 1.000000
1117.203200 674.856000 1278.876800 1922.160000 1.000000
1111.465600 1153.472000 1283.043200 2424.176000 1.000000
1126.147200 451.929600 1284.070400 1717.056000 1.000000
1126.649600 464.838400 1284.977600 1728.912000 1.000000
1128.795200 491.731200 1287.939200 1751.872000 1.000000
1114.206400 1272.217600 1288.926400 2562.416000 1.000000
1133.180800 472.446400 1291.606400 1733.968000 1.000000
1129.833600 731.598400 1293.211200 1975.968000 1.000000
1147.534400 63.662720 1294.531200 1382.398400 1.000000
1129.348800 1061.145600 1297.044800 2317.440000 1.000000
1127.187200 1098.782400 1297.081600 2359.920000 1.000000
1130.734400 1190.657600 1300.665600 2465.056000 1.000000
1129.460800 1213.249600 1302.681600 2489.392000 1.000000
1143.747200 564.505600 1303.083200 1818.864000 1.000000
1150.555200 486.174400 1305.910400 1743.968000 1.000000
1138.307200 947.187200 1306.244800 2194.912000 1.000000
1144.680000 688.217600 1306.636800 1936.048000 1.000000
1166.872000 91.153440 1310.091200 1407.480000 1.000000
1151.422400 718.630400 1312.361600 1961.968000 1.000000
1153.984000 558.016000 1312.964800 1808.640000 1.000000
1171.358400 113.820320 1315.379200 1426.011200 1.000000
1146.435200 1043.339200 1315.849600 2297.104000 1.000000
1169.280000 181.056000 1316.374400 1478.659200 1.000000
1161.075200 546.540800 1319.068800 1798.640000 1.000000
1176.366400 59.301600 1319.156800 1377.908800 1.000000
1180.688000 93.585600 1321.036800 1409.342400 1.000000
1166.606400 508.035200 1321.652800 1762.672000 1.000000
1176.486400 168.889600 1322.206400 1468.870400 1.000000
1161.070400 732.256000 1322.352000 1976.880000 1.000000
1171.211200 399.020800 1322.630400 1662.496000 1.000000
1172.868800 223.835200 1322.689600 1512.270400 1.000000
1156.318400 994.032000 1324.246400 2242.640000 1.000000
1169.129600 465.304000 1324.387200 1723.632000 1.000000
1152.982400 1099.288000 1325.011200 2356.592000 1.000000
1172.275200 481.588800 1327.225600 1737.456000 1.000000
1153.952000 1254.056000 1327.416000 2534.416000 1.000000
1171.782400 598.564800 1327.688000 1850.096000 1.000000
1160.705600 1010.616000 1327.995200 2259.552000 1.000000
1154.500800 1140.793600 1328.235200 2403.472000 1.000000
1161.088000 920.142400 1328.795200 2162.096000 1.000000
1179.899200 343.585600 1330.259200 1614.560000 1.000000
1161.595200 1030.524800 1330.899200 2279.232000 1.000000
1160.336000 1183.084800 1333.984000 2452.848000 1.000000
1195.387200 195.752000 1337.371200 1489.120000 1.000000
1182.337600 550.654400 1337.630400 1799.904000 1.000000
1182.776000 466.432000 1338.408000 1720.736000 1.000000
1189.091200 348.657600 1338.454400 1617.104000 1.000000
1192.364800 510.504000 1345.582400 1765.696000 1.000000
1210.100800 173.982400 1351.073600 1472.243200 1.000000
1210.896000 207.926400 1352.761600 1499.025600 1.000000
1231.752000 32.990880 1365.027200 1356.928000 1.000000
1227.243200 172.176000 1366.062400 1470.000000 1.000000
1227.979200 147.543200 1366.161600 1450.184000 1.000000
1228.457600 158.137120 1367.427200 1458.348800 1.000000
1236.129600 49.234880 1367.976000 1369.908800 1.000000
1234.872000 81.518240 1369.236800 1396.425600 1.000000
1234.795200 109.935680 1369.750400 1421.606400 1.000000
1199.724800 1309.110400 1380.620800 2598.512000 1.000000
1249.604800 1481.081600 1400.476800 2804.192000 1.000000
1267.680000 1380.224000 1453.577600 2653.456000 1.000000
1346.824000 1555.904000 1497.067200 2880.720000 1.000000
1849.488000 1536.220800 2098.160000 2779.984000 1.000000
1870.576000 1438.172800 2112.112000 2638.048000 1.000000
2404.768000 1197.977600 2482.480000 1071.622400 1.000000
2486.128000 1198.617600 2556.512000 1042.689600 1.000000
2496.608000 1194.459200 2564.720000 1036.433600 1.000000
2455.248000 1403.228800 2573.952000 1185.768000 1.000000
2469.952000 1359.028800 2575.776000 1148.192000 1.000000
2505.120000 1207.097600 2575.984000 1045.528000 1.000000
2445.152000 1520.251200 2591.040000 1278.284800 1.000000
2440.928000 1688.464000 2608.784000 1744.048000 1.000000
2500.912000 1409.939200 2616.416000 1171.041600 1.000000
2510.912000 1392.412800 2620.704000 1158.827200 1.000000
2551.600000 1371.643200 2635.440000 1297.843200 1.000000
2410.112000 1849.616000 2638.432000 1541.019200 1.000000
2288.128000 2245.248000 2648.832000 2183.808000 1.000000
2509.568000 1673.856000 2694.688000 1346.848000 1.000000
2520.848000 1626.224000 2701.600000 1212.454400 1.000000
2634.288000 1272.108800 2705.776000 1019.995200 1.000000
