98.553760 2633.728000 328.236800 397.044800 1.000000
249.222400 2600.272000 545.112000 262.452800 1.000000
462.920000 2997.488000 546.460800 271.780800 1.000000
432.580800 2265.904000 680.908800 100.681600 1.000000
468.036800 2960.704000 774.358400 696.982400 1.000000
607.963200 2238.608000 847.726400 62.317760 1.000000
662.057600 2241.776000 901.192000 75.212960 1.000000
592.438400 2249.472000 1081.793600 116.455680 1.000000
912.574400 3001.408000 1169.316800 915.275200 1.000000
967.232000 2239.168000 1199.579200 130.177760 1.000000
982.204800 2894.176000 1226.704000 809.772800 1.000000
1067.097600 2993.568000 1300.078400 932.302400 1.000000
1312.192000 2234.976000 1550.046400 193.292800 1.000000
1335.073600 2247.776000 1569.060800 214.600000 1.000000
1479.129600 2533.520000 1689.232000 522.192000 1.000000
1526.884800 2418.128000 1743.616000 407.395200 1.000000
1549.676800 2247.424000 1784.576000 256.129600 1.000000
1657.872000 2883.184000 1809.872000 907.718400 1.000000
1706.768000 2951.648000 1837.824000 997.846400 1.000000
1709.024000 2909.392000 1846.096000 961.059200 1.000000
1757.744000 2260.176000 1994.160000 314.814400 1.000000
2351.584000 1803.008000 2416.720000 1671.936000 1.000000
2492.432000 1511.902400 2436.944000 1684.128000 1.000000
2390.640000 1302.803200 2537.872000 1374.979200 1.000000
2419.904000 1349.534400 2548.672000 1425.339200 1.000000
2394.224000 1251.278400 2561.024000 1319.204800 1.000000
2519.792000 1442.433600 2603.936000 1540.894400 1.000000
2510.912000 1392.412800 2613.264000 1498.873600 1.000000
2505.760000 1316.561600 2636.480000 1428.444800 1.000000
2544.976000 1309.937600 2668.176000 1446.326400 1.000000
2514.272000 1221.915200 2675.392000 1351.059200 1.000000
2606.304000 1328.368000 2714.064000 1497.145600 1.000000
