76.227840 795.859200 36.416640 192.918400 1.000000
71.180480 916.155200 37.423200 328.443200 1.000000
79.463040 814.324800 38.781760 219.481600 1.000000
101.320160 780.884800 61.981600 178.113600 1.000000
97.788160 897.884800 64.111520 312.228800 1.000000
106.883040 792.582400 66.448000 192.739200 1.000000
109.157760 675.056000 67.475040 52.474400 1.000000
32.340160 2650.640000 72.565760 2150.352000 1.000000
109.575520 844.497600 75.417760 251.507200 1.000000
122.555680 712.819200 83.368800 96.317600 1.000000
117.888800 917.928000 86.611360 334.348800 1.000000
41.724960 2766.368000 88.358880 2260.384000 1.000000
124.547520 843.678400 89.076800 251.148800 1.000000
67.485280 2769.360000 108.064160 2264.832000 1.000000
64.246880 2757.856000 111.889760 2252.400000 1.000000
142.161920 922.497600 112.489600 339.822400 1.000000
157.270880 699.059200 115.131680 83.505600 1.000000
155.657920 748.470400 116.828640 142.730560 1.000000
162.408000 878.792000 129.817920 284.902400 1.000000
161.206400 914.902400 131.267840 329.212800 1.000000
169.092800 806.891200 132.859520 207.350400 1.000000
188.427200 690.108800 148.848640 71.420640 1.000000
183.204800 922.006400 152.808160 340.062400 1.000000
117.856640 2675.184000 154.108480 2177.952000 1.000000
112.311360 2857.760000 159.113760 2338.016000 1.000000
118.608480 2811.024000 166.344000 2302.336000 1.000000
223.897600 715.105600 184.136000 107.371680 1.000000
212.158400 919.806400 184.915200 336.860800 1.000000
141.634240 2815.216000 186.472000 2303.008000 1.000000
143.851040 2940.432000 188.185600 2418.000000 1.000000
164.556800 2597.568000 196.708800 2105.440000 1.000000
168.731200 2602.896000 200.432000 2110.624000 1.000000
252.928000 716.108800 215.035200 108.662400 1.000000
248.182400 852.595200 219.792000 261.788800 1.000000
196.380800 2584.048000 228.452800 2086.608000 1.000000
198.876800 2551.264000 231.017600 2053.088000 1.000000
262.408000 817.108800 231.811200 223.276800 1.000000
258.179200 917.027200 232.268800 332.881600 1.000000
205.526400 2541.472000 235.833600 2046.096000 1.000000
271.910400 716.617600 236.508800 109.722400 1.000000
266.561600 848.923200 237.521600 257.116800 1.000000
218.692800 2494.912000 248.904000 2001.360000 1.000000
278.761600 950.163200 253.204800 374.334400 1.000000
290.460800 678.916800 256.731200 64.545440 1.000000
282.740800 939.472000 257.584000 362.806400 1.000000
284.299200 923.601600 259.297600 344.513600 1.000000
302.251200 773.702400 270.684800 175.281600 1.000000
245.280000 2517.328000 274.489600 2025.952000 1.000000
301.787200 911.190400 277.505600 327.208000 1.000000
308.001600 748.094400 278.089600 144.472480 1.000000
308.496000 793.780800 278.332800 201.172800 1.000000
305.977600 852.144000 278.384000 262.950400 1.000000
232.201600 2952.112000 278.577600 2419.712000 1.000000
310.203200 781.614400 281.078400 183.612800 1.000000
313.073600 760.283200 281.235200 160.265600 1.000000
306.524800 957.369600 281.924800 383.328000 1.000000
257.467200 2586.000000 287.072000 2090.096000 1.000000
314.707200 890.614400 287.963200 308.382400 1.000000
319.819200 704.206400 288.475200 93.844480 1.000000
264.694400 2544.288000 293.313600 2049.728000 1.000000
318.665600 963.732800 295.675200 388.745600 1.000000
331.713600 780.976000 303.899200 183.068800 1.000000
339.056000 893.526400 312.060800 312.512000 1.000000
351.836800 651.633600 320.985600 36.144640 1.000000
281.876800 2926.480000 322.212800 2398.432000 1.000000
286.161600 2942.224000 323.273600 2414.224000 1.000000
294.102400 2892.864000 330.332800 2372.656000 1.000000
310.385600 2585.808000 337.777600 2096.208000 1.000000
329.644800 2635.184000 354.588800 2146.096000 1.000000
435.123200 570.515200 379.193600 106.184960 1.000000
438.577600 580.028800 382.985600 116.136640 1.000000
460.236800 614.793600 406.104000 159.336000 1.000000
459.724800 803.219200 413.243200 359.014400 1.000000
471.401600 535.686400 415.433600 74.565760 1.000000
467.161600 717.940800 417.558400 268.918400 1.000000
467.171200 740.764800 417.928000 292.777600 1.000000
470.390400 635.676800 418.192000 181.971200 1.000000
480.707200 529.529600 425.972800 68.715360 1.000000
484.166400 577.920000 430.507200 121.669120 1.000000
481.427200 672.809600 431.464000 224.080000 1.000000
491.113600 544.945600 435.955200 86.385120 1.000000
491.393600 639.892800 439.067200 188.942400 1.000000
485.377600 879.747200 441.884800 443.646400 1.000000
488.596800 830.424000 442.785600 390.137600 1.000000
498.228800 596.270400 444.094400 142.622400 1.000000
432.580800 2265.904000 445.344000 1812.128000 1.000000
500.830400 613.043200 448.558400 161.788800 1.000000
500.075200 643.068800 448.731200 193.512000 1.000000
502.840000 671.414400 451.564800 225.456000 1.000000
509.928000 504.382400 454.358400 44.336640 1.000000
503.881600 739.974400 454.547200 298.483200 1.000000
505.496000 709.742400 456.030400 265.230400 1.000000
498.417600 941.296000 456.900800 506.721600 1.000000
511.596800 572.920000 457.374400 118.051200 1.000000
503.905600 850.028800 459.918400 412.843200 1.000000
504.577600 918.348800 461.300800 482.928000 1.000000
440.883200 2656.864000 463.382400 2182.336000 1.000000
520.401600 516.257600 465.913600 57.746880 1.000000
516.384000 684.798400 466.084800 240.838400 1.000000
507.193600 965.102400 466.868800 532.708800 1.000000
513.088000 833.864000 467.025600 398.518400 1.000000
523.582400 499.419200 468.454400 40.926400 1.000000
523.144000 508.819200 468.550400 50.158080 1.000000
515.969600 808.891200 471.446400 371.884800 1.000000
513.153600 994.953600 473.668800 565.363200 1.000000
527.131200 574.683200 473.755200 122.682720 1.000000
526.665600 553.043200 474.526400 98.444480 1.000000
514.174400 1012.889600 475.640000 582.417600 1.000000
529.281600 531.875200 476.630400 75.875840 1.000000
529.793600 676.868800 480.052800 232.880000 1.000000
536.742400 501.156800 481.798400 43.236320 1.000000
523.697600 946.217600 482.027200 516.060800 1.000000
469.364800 2332.160000 486.836800 1865.344000 1.000000
537.595200 668.252800 487.296000 222.108800 1.000000
527.000000 1007.900800 488.307200 579.302400 1.000000
534.078400 836.873600 489.980800 403.158400 1.000000
462.920000 2997.488000 491.172800 2502.640000 1.000000
481.140800 2269.456000 494.656000 1807.120000 1.000000
537.172800 957.116800 496.438400 527.702400 1.000000
545.043200 707.867200 496.454400 266.808000 1.000000
546.312000 736.348800 498.008000 296.590400 1.000000
548.556800 638.179200 498.507200 191.584000 1.000000
545.427200 819.809600 500.204800 383.987200 1.000000
538.492800 942.000000 500.558400 507.934400 1.000000
541.252800 1045.209600 504.264000 620.548800 1.000000
548.220800 957.369600 506.859200 529.080000 1.000000
554.324800 758.096000 507.228800 322.788800 1.000000
557.622400 616.806400 507.440000 171.035200 1.000000
550.960000 925.979200 508.868800 497.752000 1.000000
558.788800 650.971200 509.798400 206.654400 1.000000
495.395200 2320.480000 510.009600 1856.720000 1.000000
557.654400 701.780800 511.806400 263.992000 1.000000
562.564800 613.744000 512.747200 167.744000 1.000000
564.753600 630.872000 516.184000 186.204800 1.000000
564.920000 668.606400 516.700800 224.456000 1.000000
569.265600 531.275200 516.998400 78.196480 1.000000
571.214400 507.604800 517.712000 52.844960 1.000000
568.416000 662.155200 518.673600 220.683200 1.000000
561.697600 901.169600 519.619200 469.500800 1.000000
566.859200 886.393600 524.358400 459.732800 1.000000
576.982400 630.091200 527.836800 186.566400 1.000000
582.980800 523.196800 530.907200 68.207200 1.000000
578.867200 719.952000 531.464000 281.432000 1.000000
583.147200 645.334400 534.289600 201.956800 1.000000
585.977600 588.984000 535.688000 143.591680 1.000000
579.628800 830.094400 536.377600 398.392000 1.000000
571.952000 1101.673600 536.971200 678.716800 1.000000
577.755200 918.947200 537.169600 490.105600 1.000000
577.040000 1006.313600 538.432000 582.964800 1.000000
587.046400 679.768000 539.088000 239.496000 1.000000
588.393600 627.897600 539.096000 185.060800 1.000000
591.299200 536.073600 539.252800 86.816960 1.000000
576.544000 954.801600 539.292800 528.940800 1.000000
590.987200 581.526400 539.395200 134.056960 1.000000
590.025600 614.435200 541.579200 170.568000 1.000000
586.652800 875.513600 544.438400 445.713600 1.000000
586.417600 957.075200 545.345600 531.012800 1.000000
594.244800 494.249600 545.571200 42.907840 1.000000
590.604800 821.566400 546.990400 388.992000 1.000000
596.609600 557.705600 547.193600 109.701600 1.000000
598.400000 506.104000 547.497600 52.265440 1.000000
596.222400 626.185600 548.462400 183.752000 1.000000
582.707200 1126.078400 549.131200 705.336000 1.000000
584.608000 1060.329600 549.288000 638.312000 1.000000
599.105600 604.441600 549.990400 159.560000 1.000000
600.656000 515.153600 550.067200 61.900000 1.000000
585.633600 1025.808000 550.289600 603.372800 1.000000
591.584000 896.611200 550.580800 468.120000 1.000000
596.987200 774.350400 552.718400 341.940800 1.000000
597.646400 838.116800 553.521600 407.142400 1.000000
604.136000 530.484800 554.454400 78.278560 1.000000
591.947200 1077.340800 556.499200 656.318400 1.000000
592.372800 1141.566400 559.497600 721.620800 1.000000
601.600000 950.497600 562.036800 524.347200 1.000000
613.288000 486.448000 562.182400 32.878560 1.000000
550.307200 2242.880000 563.425600 1782.288000 1.000000
610.691200 765.904000 565.014400 333.420800 1.000000
616.008000 504.995200 565.916800 53.804960 1.000000
601.811200 1017.462400 566.484800 595.124800 1.000000
609.558400 807.804800 566.560000 377.316800 1.000000
605.926400 1039.878400 567.457600 618.715200 1.000000
602.024000 1105.896000 567.648000 685.188800 1.000000
607.664000 965.640000 568.680000 541.737600 1.000000
617.737600 623.315200 568.977600 181.268800 1.000000
607.366400 926.889600 569.409600 500.452800 1.000000
605.163200 1056.315200 569.428800 635.064000 1.000000
614.465600 692.107200 569.577600 254.980800 1.000000
614.571200 931.145600 572.193600 503.334400 1.000000
624.057600 505.942400 574.638400 54.392000 1.000000
615.787200 892.107200 575.945600 465.472000 1.000000
608.980800 1132.915200 576.668800 713.686400 1.000000
622.310400 649.843200 577.046400 209.164800 1.000000
622.651200 804.014400 579.521600 374.422400 1.000000
628.363200 654.193600 579.900800 215.323200 1.000000
622.609600 812.537600 581.040000 383.348800 1.000000
625.035200 873.632000 583.931200 447.216000 1.000000
629.208000 770.321600 584.801600 337.518400 1.000000
632.675200 855.793600 586.433600 424.776000 1.000000
626.956800 991.305600 589.505600 569.256000 1.000000
639.667200 610.544000 591.198400 168.014400 1.000000
636.160000 771.457600 591.689600 339.590400 1.000000
628.324800 1074.913600 593.105600 656.284800 1.000000
639.321600 671.448000 593.414400 234.572800 1.000000
640.265600 680.676800 595.964800 243.798400 1.000000
635.524800 918.228800 596.030400 492.670400 1.000000
644.728000 627.828800 597.731200 187.726400 1.000000
641.412800 740.910400 597.947200 309.116800 1.000000
632.998400 1128.968000 600.451200 711.411200 1.000000
647.488000 651.526400 601.027200 213.235200 1.000000
647.537600 828.612800 604.544000 400.900800 1.000000
637.417600 1159.504000 605.510400 741.164800 1.000000
646.232000 861.121600 605.531200 435.214400 1.000000
649.966400 1002.888000 612.841600 581.782400 1.000000
659.240000 650.112000 614.179200 212.088000 1.000000
664.302400 559.694400 615.608000 114.883840 1.000000
664.958400 537.064000 617.158400 90.678720 1.000000
664.651200 619.848000 619.062400 180.430400 1.000000
666.889600 499.678400 619.782400 49.432640 1.000000
668.337600 505.931200 620.736000 56.673120 1.000000
665.969600 659.668800 621.342400 223.283200 1.000000
665.628800 724.769600 621.342400 292.531200 1.000000
662.462400 904.742400 622.617600 480.193600 1.000000
652.870400 1162.113600 623.099200 744.878400 1.000000
670.796800 527.556800 624.084800 79.194720 1.000000
662.497600 948.555200 625.150400 526.928000 1.000000
671.729600 650.523200 626.358400 213.486400 1.000000
674.612800 675.985600 630.420800 240.643200 1.000000
661.604800 1137.262400 631.166400 719.515200 1.000000
673.718400 1013.104000 636.499200 593.460800 1.000000
669.230400 1043.425600 636.774400 624.672000 1.000000
679.937600 696.792000 637.092800 260.473600 1.000000
670.009600 1112.027200 637.320000 694.403200 1.000000
673.536000 1075.012800 639.598400 658.121600 1.000000
684.718400 657.603200 639.888000 220.915200 1.000000
679.379200 975.980800 641.899200 554.712000 1.000000
685.280000 862.516800 644.860800 436.958400 1.000000
677.494400 1137.236800 645.513600 720.184000 1.000000
679.449600 1101.774400 646.923200 684.734400 1.000000
685.040000 943.104000 647.033600 521.500800 1.000000
693.828800 651.715200 649.824000 216.241600 1.000000
693.385600 790.281600 651.768000 363.067200 1.000000
689.116800 968.638400 652.598400 548.022400 1.000000
690.489600 941.310400 653.846400 522.339200 1.000000
685.347200 1129.465600 655.104000 712.064000 1.000000
693.572800 913.390400 655.278400 490.552000 1.000000
690.982400 1110.187200 657.686400 693.241600 1.000000
647.180800 2256.192000 658.252800 1799.280000 1.000000
704.208000 504.612800 659.006400 57.163840 1.000000
703.747200 703.780800 660.641600 272.867200 1.000000
694.547200 1064.566400 661.353600 647.529600 1.000000
706.310400 521.198400 661.833600 74.946240 1.000000
695.470400 1019.883200 662.104000 601.676800 1.000000
692.339200 1159.723200 662.112000 746.801600 1.000000
708.936000 485.916800 662.720000 37.215680 1.000000
710.040000 532.504000 663.926400 87.917760 1.000000
697.446400 1082.667200 664.243200 666.998400 1.000000
708.651200 634.984000 664.932800 198.142400 1.000000
706.286400 764.862400 665.550400 336.313600 1.000000
714.572800 595.662400 669.084800 155.085120 1.000000
710.403200 804.969600 669.465600 378.164800 1.000000
713.372800 780.049600 672.256000 353.820800 1.000000
662.057600 2241.776000 672.449600 1785.408000 1.000000
710.364800 895.281600 672.993600 473.185600 1.000000
703.928000 1116.604800 673.848000 701.264000 1.000000
708.302400 984.219200 674.006400 565.345600 1.000000
712.443200 963.131200 676.955200 543.812800 1.000000
708.723200 1138.728000 677.808000 724.425600 1.000000
708.788800 1152.331200 678.768000 739.294400 1.000000
722.264000 659.681600 680.555200 225.158400 1.000000
728.225600 519.070400 682.860800 73.078560 1.000000
717.656000 989.110400 683.180800 571.017600 1.000000
717.416000 913.489600 683.385600 491.950400 1.000000
728.259200 539.264000 683.859200 95.441760 1.000000
724.284800 806.851200 684.440000 383.072000 1.000000
717.308800 1065.652800 684.585600 650.043200 1.000000
727.912000 636.692800 685.320000 201.251200 1.000000
732.334400 577.302400 686.568000 134.412640 1.000000
718.428800 1117.812800 687.059200 704.068800 1.000000
718.702400 1076.393600 687.812800 660.427200 1.000000
679.644800 2255.520000 689.761600 1799.344000 1.000000
724.625600 994.198400 690.219200 576.374400 1.000000
724.769600 1036.321600 691.857600 620.638400 1.000000
721.844800 1160.516800 691.995200 747.524800 1.000000
732.624000 977.177600 697.681600 560.332800 1.000000
741.185600 634.798400 699.219200 196.851200 1.000000
737.075200 856.240000 699.451200 432.731200 1.000000
738.241600 804.728000 699.473600 381.102400 1.000000
742.020800 762.788800 701.264000 335.715200 1.000000
734.099200 1040.315200 701.297600 624.828800 1.000000
739.729600 951.900800 704.611200 533.409600 1.000000
739.886400 926.267200 704.716800 505.619200 1.000000
746.140800 700.260800 705.137600 269.948800 1.000000
737.600000 1091.665600 706.448000 677.716800 1.000000
742.211200 977.291200 707.369600 560.316800 1.000000
747.107200 844.089600 708.254400 423.244800 1.000000
747.067200 872.918400 709.964800 450.825600 1.000000
737.808000 1206.600000 710.176000 794.312000 1.000000
741.628800 1079.473600 711.137600 665.132800 1.000000
702.358400 2240.784000 711.598400 1785.712000 1.000000
751.862400 793.214400 712.105600 369.067200 1.000000
748.478400 907.670400 712.505600 487.475200 1.000000
747.971200 931.769600 712.563200 511.427200 1.000000
753.760000 723.387200 714.310400 293.995200 1.000000
747.449600 1148.472000 716.280000 737.099200 1.000000
747.401600 1118.414400 717.465600 705.852800 1.000000
755.289600 918.512000 718.547200 499.606400 1.000000
754.897600 898.401600 719.737600 477.720000 1.000000
762.203200 613.660800 720.168000 176.918400 1.000000
758.827200 875.212800 720.760000 454.112000 1.000000
763.934400 568.782400 721.172800 129.361120 1.000000
756.513600 976.809600 721.528000 561.638400 1.000000
754.305600 1040.918400 721.880000 626.412800 1.000000
765.865600 504.630400 722.732800 59.394080 1.000000
758.774400 966.147200 724.670400 548.502400 1.000000
757.134400 1051.840000 724.785600 637.374400 1.000000
761.667200 932.668800 725.291200 512.712000 1.000000
766.870400 628.241600 725.404800 192.244800 1.000000
760.603200 969.640000 725.686400 553.395200 1.000000
759.616000 1024.584000 727.465600 610.126400 1.000000
767.576000 834.292800 730.862400 411.553600 1.000000
774.804800 531.713600 731.222400 89.264480 1.000000
773.020800 664.057600 732.027200 231.915200 1.000000
763.185600 1067.555200 733.412800 655.249600 1.000000
772.996800 797.272000 733.644800 375.057600 1.000000
775.123200 624.065600 734.046400 186.833600 1.000000
772.201600 850.276800 734.907200 429.844800 1.000000
770.404800 962.996800 736.520000 546.795200 1.000000
778.132800 712.745600 736.905600 285.673600 1.000000
783.500800 567.043200 741.420800 126.695520 1.000000
772.948800 1077.667200 741.600000 665.044800 1.000000
771.273600 1092.475200 741.883200 680.720000 1.000000
777.256000 939.054400 743.390400 520.222400 1.000000
770.241600 1186.507200 743.412800 775.904000 1.000000
783.846400 915.228800 748.297600 495.123200 1.000000
788.940800 599.929600 748.419200 163.089600 1.000000
788.385600 771.500800 749.187200 347.140800 1.000000
783.102400 962.465600 749.384000 545.524800 1.000000
788.046400 886.513600 750.652800 467.196800 1.000000
790.937600 658.665600 750.862400 226.654400 1.000000
779.665600 1166.736000 751.500800 756.217600 1.000000
781.305600 1103.993600 751.641600 692.718400 1.000000
790.889600 895.278400 754.225600 476.552000 1.000000
796.115200 553.616000 754.731200 113.795360 1.000000
791.672000 839.782400 754.960000 420.716800 1.000000
797.404800 573.236800 757.208000 134.225600 1.000000
798.796800 504.033600 758.056000 59.022720 1.000000
786.369600 1136.920000 759.088000 726.459200 1.000000
789.459200 1125.883200 759.680000 713.995200 1.000000
801.121600 613.889600 760.811200 178.660800 1.000000
796.678400 943.672000 761.600000 525.435200 1.000000
788.745600 1186.104000 762.150400 776.355200 1.000000
792.172800 1095.704000 762.478400 684.585600 1.000000
796.097600 904.656000 763.396800 484.526400 1.000000
801.924800 784.257600 764.548800 361.755200 1.000000
798.472000 979.124800 765.118400 563.955200 1.000000
798.067200 1064.822400 767.388800 653.409600 1.000000
795.254400 1165.867200 767.480000 757.076800 1.000000
796.388800 1117.286400 767.673600 706.492800 1.000000
813.585600 568.464000 772.036800 132.177280 1.000000
810.214400 789.804800 772.470400 367.745600 1.000000
811.596800 757.924800 774.150400 334.302400 1.000000
811.640000 743.676800 774.718400 319.915200 1.000000
815.550400 636.934400 775.302400 203.345600 1.000000
808.161600 1028.158400 776.128000 614.916800 1.000000
813.976000 840.400000 778.256000 421.856000 1.000000
812.249600 1045.409600 781.700800 633.961600 1.000000
813.908800 1020.161600 783.868800 608.073600 1.000000
824.902400 467.097600 784.212800 18.906240 1.000000
822.670400 723.184000 784.952000 298.236800 1.000000
818.844800 911.156800 786.174400 493.089600 1.000000
812.681600 1182.052800 786.697600 774.105600 1.000000
813.947200 1208.720000 788.832000 800.809600 1.000000
819.900800 1277.638400 788.908800 871.934400 1.000000
828.252800 527.368000 789.118400 83.900480 1.000000
828.972800 602.201600 789.692800 166.838400 1.000000
818.161600 1136.361600 790.148800 727.486400 1.000000
822.516800 1016.315200 790.272000 601.995200 1.000000
828.745600 695.102400 790.500800 267.529600 1.000000
823.998400 923.547200 790.664000 506.480000 1.000000
828.065600 778.840000 791.369600 357.441600 1.000000
826.318400 894.184000 792.484800 475.878400 1.000000
827.907200 853.265600 793.112000 435.068800 1.000000
824.753600 1039.428800 793.523200 627.073600 1.000000
820.512000 1171.843200 793.569600 764.408000 1.000000
833.558400 538.952000 793.955200 98.938880 1.000000
820.699200 1189.656000 794.715200 782.241600 1.000000
832.076800 762.849600 796.115200 339.344000 1.000000
837.121600 575.046400 797.238400 137.693920 1.000000
827.350400 982.867200 798.409600 570.251200 1.000000
838.132800 599.595200 799.366400 164.166400 1.000000
834.496000 1054.225600 802.233600 643.369600 1.000000
840.819200 688.227200 803.395200 260.161600 1.000000
841.150400 745.180800 803.510400 322.086400 1.000000
845.464000 487.771200 804.161600 41.648480 1.000000
830.972800 1207.004800 805.320000 799.776000 1.000000
838.622400 927.464000 805.427200 511.872000 1.000000
843.094400 716.459200 805.619200 294.209600 1.000000
843.932800 664.374400 807.534400 234.273600 1.000000
839.846400 968.673600 808.979200 555.915200 1.000000
845.108800 595.118400 810.233600 161.452800 1.000000
840.844800 1013.246400 811.180800 602.419200 1.000000
841.236800 1045.622400 811.800000 635.534400 1.000000
849.665600 848.939200 814.364800 431.684800 1.000000
852.057600 674.758400 815.324800 245.139200 1.000000
851.902400 772.678400 816.443200 352.465600 1.000000
851.665600 834.337600 816.889600 416.628800 1.000000
845.593600 1183.654400 818.574400 775.686400 1.000000
855.278400 863.952000 821.536000 447.072000 1.000000
848.524800 1129.792000 822.484800 723.449600 1.000000
856.086400 947.968000 823.574400 535.235200 1.000000
859.953600 706.104000 824.337600 280.243200 1.000000
852.172800 1122.849600 825.536000 715.420800 1.000000
864.072000 569.030400 825.547200 131.678400 1.000000
861.102400 803.467200 826.112000 382.806400 1.000000
856.379200 1000.174400 826.227200 588.664000 1.000000
852.998400 1208.209600 828.011200 801.964800 1.000000
860.563200 1048.734400 830.054400 640.000000 1.000000
866.460800 665.977600 830.089600 235.552000 1.000000
866.664000 729.459200 830.220800 305.124800 1.000000
863.496000 959.654400 832.020800 546.689600 1.000000
868.270400 985.576000 838.147200 573.337600 1.000000
868.985600 1080.864000 838.752000 673.276800 1.000000
870.563200 908.233600 839.129600 493.356800 1.000000
870.553600 943.785600 839.190400 529.404800 1.000000
874.940800 809.099200 840.720000 389.624000 1.000000
876.700800 710.806400 840.768000 286.014400 1.000000
879.192000 588.163200 841.555200 153.954080 1.000000
878.955200 804.321600 845.275200 386.718400 1.000000
874.321600 1089.404800 845.590400 681.617600 1.000000
873.280000 1102.348800 847.483200 695.643200 1.000000
883.051200 829.617600 850.726400 413.553600 1.000000
877.769600 1072.867200 851.148800 665.673600 1.000000
882.342400 968.129600 851.384000 557.174400 1.000000
888.214400 538.225600 851.422400 98.790560 1.000000
888.643200 767.412800 854.633600 346.491200 1.000000
886.792000 876.176000 855.084800 460.680000 1.000000
884.606400 1021.569600 856.072000 611.984000 1.000000
889.947200 736.124800 856.216000 313.028800 1.000000
885.691200 1034.065600 857.083200 625.892800 1.000000
887.209600 959.806400 857.971200 547.894400 1.000000
890.830400 1053.571200 860.497600 645.776000 1.000000
892.316800 936.067200 861.750400 521.281600 1.000000
891.251200 1042.830400 863.507200 634.604800 1.000000
893.016000 1002.587200 864.232000 592.948800 1.000000
889.403200 1139.833600 865.419200 734.718400 1.000000
902.729600 581.915200 866.419200 147.348160 1.000000
895.441600 1066.699200 867.182400 659.008000 1.000000
900.808000 833.232000 867.718400 416.540800 1.000000
899.524800 854.924800 867.785600 440.121600 1.000000
892.779200 1132.387200 868.027200 726.884800 1.000000
897.177600 1028.771200 868.049600 620.510400 1.000000
902.846400 707.761600 869.364800 284.481600 1.000000
903.060800 735.430400 869.644800 313.902400 1.000000
902.300800 915.528000 871.824000 501.753600 1.000000
909.540800 523.593600 872.977600 82.500800 1.000000
905.337600 840.702400 873.843200 424.225600 1.000000
903.795200 988.563200 875.628800 578.342400 1.000000
900.187200 1201.964800 876.419200 799.043200 1.000000
907.686400 998.318400 880.766400 589.468800 1.000000
910.721600 1065.264000 882.678400 659.451200 1.000000
917.982400 534.155200 882.988800 93.786240 1.000000
915.492800 803.334400 883.574400 382.753600 1.000000
911.846400 1013.625600 883.942400 606.016000 1.000000
912.872000 1092.516800 885.854400 687.201600 1.000000
918.142400 954.534400 889.299200 543.800000 1.000000
914.414400 1229.878400 889.987200 826.622400 1.000000
923.025600 902.832000 892.942400 488.758400 1.000000
919.211200 1196.668800 894.516800 794.657600 1.000000
927.044800 798.902400 896.318400 381.609600 1.000000
921.214400 1154.054400 896.678400 751.492800 1.000000
917.347200 1337.148800 896.854400 945.123200 1.000000
928.840000 861.110400 897.177600 446.051200 1.000000
934.441600 490.001600 900.212800 45.774560 1.000000
931.406400 869.361600 900.820800 456.857600 1.000000
937.288000 527.750400 903.497600 87.460800 1.000000
932.227200 937.073600 903.774400 524.884800 1.000000
928.889600 1067.355200 904.097600 663.414400 1.000000
928.662400 1171.537600 904.688000 768.528000 1.000000
936.193600 699.995200 905.235200 277.609600 1.000000
936.272000 921.360000 908.171200 508.529600 1.000000
937.643200 904.180800 909.510400 491.790400 1.000000
940.246400 850.548800 910.203200 436.081600 1.000000
939.139200 963.099200 911.219200 553.988800 1.000000
939.136000 1033.961600 912.254400 628.091200 1.000000
937.812800 1079.755200 913.284800 675.073600 1.000000
946.883200 517.724800 913.664000 77.054880 1.000000
949.665600 558.496000 915.324800 121.452640 1.000000
940.313600 1090.739200 915.329600 686.916800 1.000000
940.313600 1111.692800 915.804800 708.312000 1.000000
949.262400 889.246400 920.905600 477.009600 1.000000
950.920000 851.203200 920.924800 438.396800 1.000000
953.820800 722.817600 922.961600 300.252800 1.000000
948.185600 1124.513600 923.390400 722.184000 1.000000
947.953600 1183.462400 924.198400 781.718400 1.000000
958.961600 515.259200 925.918400 75.123680 1.000000
956.100800 840.454400 925.950400 425.464000 1.000000
951.971200 1046.372800 926.224000 641.464000 1.000000
950.190400 1215.971200 927.598400 817.753600 1.000000
953.611200 1021.660800 927.848000 614.500800 1.000000
952.684800 1101.164800 928.425600 698.956800 1.000000
950.872000 1242.168000 928.600000 841.836800 1.000000
952.358400 1146.302400 929.294400 743.961600 1.000000
949.900800 1250.014400 929.424000 850.318400 1.000000
966.932800 526.011200 932.832000 85.520800 1.000000
963.214400 779.798400 933.219200 361.457600 1.000000
961.553600 950.977600 933.608000 540.486400 1.000000
965.651200 747.166400 935.345600 326.462400 1.000000
967.712000 543.352000 936.059200 106.403840 1.000000
964.352000 833.020800 936.201600 419.206400 1.000000
969.870400 1142.854400 946.420800 741.508800 1.000000
969.790400 1161.184000 946.617600 759.297600 1.000000
975.318400 891.600000 947.665600 479.910400 1.000000
971.676800 1115.808000 948.774400 713.601600 1.000000
981.844800 527.115200 950.233600 87.468640 1.000000
973.764800 1130.985600 950.929600 730.232000 1.000000
973.385600 1228.385600 952.430400 830.542400 1.000000
984.491200 645.713600 953.273600 218.508800 1.000000
984.360000 700.425600 954.171200 277.345600 1.000000
983.462400 839.795200 954.768000 426.464000 1.000000
984.828800 631.488000 954.848000 203.723200 1.000000
970.529600 1003.190400 956.243200 604.027200 1.000000
986.316800 671.259200 956.452800 245.396800 1.000000
985.598400 933.436800 957.256000 522.102400 1.000000
988.739200 535.536000 957.732800 97.998560 1.000000
982.713600 1088.628800 959.200000 686.713600 1.000000
993.758400 566.356800 963.225600 132.068800 1.000000
998.105600 643.726400 968.252800 216.454400 1.000000
996.635200 912.089600 969.745600 502.404800 1.000000
999.974400 612.780800 970.584000 183.342400 1.000000
993.856000 1152.040000 970.905600 751.369600 1.000000
1001.540800 670.531200 972.376000 244.953600 1.000000
1003.624000 621.980800 974.204800 192.972800 1.000000
1003.004800 659.688000 974.251200 233.316800 1.000000
999.878400 980.456000 975.345600 573.398400 1.000000
1007.537600 482.139200 977.342400 38.948320 1.000000
1010.851200 463.192000 978.742400 20.413440 1.000000
1005.712000 811.051200 979.118400 395.393600 1.000000
1002.921600 1179.486400 980.472000 780.214400 1.000000
999.862400 1247.857600 980.867200 850.372800 1.000000
1003.840000 1033.734400 981.310400 629.678400 1.000000
1011.750400 659.683200 982.577600 233.003200 1.000000
1012.449600 679.464000 982.638400 254.443200 1.000000
1007.964800 1163.128000 985.448000 763.219200 1.000000
1006.724800 1208.723200 987.102400 811.281600 1.000000
1010.608000 1096.961600 987.232000 697.208000 1.000000
1019.323200 495.952000 989.355200 52.468000 1.000000
1010.454400 1455.480000 995.115200 1064.224000 1.000000
1016.960000 1227.470400 996.968000 831.040000 1.000000
1026.627200 667.520000 997.312000 241.776000 1.000000
1021.216000 1073.673600 997.470400 673.209600 1.000000
1026.321600 693.692800 998.091200 270.161600 1.000000
1024.072000 992.310400 998.371200 586.038400 1.000000
1021.732800 1013.315200 998.502400 608.824000 1.000000
1029.547200 823.728000 1003.422400 409.737600 1.000000
1034.513600 707.457600 1008.051200 285.392000 1.000000
1036.020800 498.278400 1009.265600 57.438240 1.000000
1035.974400 785.817600 1009.811200 367.724800 1.000000
1006.000000 2908.240000 1010.305600 2422.736000 1.000000
1039.392000 806.072000 1014.028800 391.830400 1.000000
1040.737600 706.212800 1014.544000 283.926400 1.000000
1035.606400 1304.680000 1016.752000 909.190400 1.000000
1041.542400 930.632000 1017.089600 523.651200 1.000000
1037.651200 1092.808000 1017.150400 690.934400 1.000000
1047.108800 661.344000 1018.601600 235.502400 1.000000
1047.846400 536.416000 1019.012800 99.449120 1.000000
1041.592000 1022.587200 1019.710400 619.691200 1.000000
1043.744000 953.628800 1021.108800 547.316800 1.000000
1046.438400 906.960000 1023.113600 499.081600 1.000000
1051.612800 924.568000 1027.331200 517.720000 1.000000
1054.172800 515.800000 1027.651200 75.656320 1.000000
1053.097600 674.416000 1028.489600 249.825600 1.000000
1049.009600 1124.990400 1029.188800 729.547200 1.000000
1050.208000 1176.840000 1032.689600 779.961600 1.000000
1052.892800 1153.144000 1033.600000 754.888000 1.000000
1054.627200 1278.916800 1036.872000 884.873600 1.000000
1062.982400 695.953600 1037.824000 273.672000 1.000000
1062.756800 657.504000 1038.779200 233.190400 1.000000
1065.632000 1178.571200 1046.300800 781.881600 1.000000
1066.897600 1147.835200 1046.710400 750.729600 1.000000
1071.038400 719.633600 1047.001600 297.329600 1.000000
1069.414400 1036.272000 1049.539200 636.768000 1.000000
1074.097600 973.065600 1051.996800 567.716800 1.000000
1069.619200 1196.646400 1052.305600 801.502400 1.000000
1071.900800 1139.270400 1052.782400 742.616000 1.000000
1079.148800 582.440000 1053.524800 153.936640 1.000000
1076.846400 860.030400 1053.990400 450.892800 1.000000
1080.008000 955.908800 1059.745600 550.979200 1.000000
1087.649600 496.534400 1063.843200 54.739040 1.000000
1090.251200 646.160000 1064.774400 217.593600 1.000000
1084.056000 1255.230400 1065.680000 861.243200 1.000000
1090.576000 855.128000 1067.734400 445.564800 1.000000
1090.118400 1072.704000 1069.048000 673.427200 1.000000
1088.035200 1021.443200 1069.091200 621.324800 1.000000
1093.625600 498.444800 1070.368000 56.960960 1.000000
1087.790400 1155.547200 1070.574400 760.790400 1.000000
1090.694400 1003.417600 1070.654400 600.297600 1.000000
1087.939200 1210.377600 1070.910400 817.326400 1.000000
1094.859200 720.360000 1071.416000 300.515200 1.000000
1097.368000 488.292800 1073.723200 46.711680 1.000000
1097.372800 673.668800 1073.857600 249.382400 1.000000
1096.521600 1059.582400 1076.566400 661.260800 1.000000
1100.075200 848.886400 1077.641600 439.934400 1.000000
1102.859200 743.787200 1078.924800 325.520000 1.000000
1104.955200 642.280000 1080.808000 215.929600 1.000000
1105.376000 557.707200 1083.376000 125.120480 1.000000
1106.716800 569.054400 1083.553600 136.192000 1.000000
1103.371200 958.528000 1083.830400 553.926400 1.000000
1106.209600 700.976000 1084.262400 277.075200 1.000000
1105.556800 979.057600 1086.147200 575.249600 1.000000
1109.323200 540.872000 1086.206400 107.012800 1.000000
1113.081600 654.747200 1087.520000 229.745600 1.000000
1111.358400 473.072000 1087.571200 29.983200 1.000000
1108.777600 1044.516800 1088.944000 645.003200 1.000000
1110.846400 924.838400 1089.275200 518.654400 1.000000
1117.203200 674.856000 1095.428800 250.889600 1.000000
1113.160000 1173.372800 1095.929600 778.979200 1.000000
1114.206400 1272.217600 1098.320000 881.712000 1.000000
1122.812800 689.609600 1099.110400 268.353600 1.000000
1122.107200 483.913600 1099.542400 42.810720 1.000000
1115.161600 1303.564800 1101.870400 914.329600 1.000000
1120.272000 1083.712000 1103.316800 685.867200 1.000000
1126.649600 464.838400 1104.656000 20.348640 1.000000
1128.795200 491.731200 1106.385600 53.706080 1.000000
1127.187200 1098.782400 1109.353600 703.153600 1.000000
1131.942400 794.308800 1111.163200 378.748800 1.000000
1130.454400 861.547200 1112.030400 455.224000 1.000000
1131.625600 976.732800 1112.561600 573.838400 1.000000
1134.569600 702.481600 1113.188800 279.820800 1.000000
1133.348800 830.462400 1113.476800 421.238400 1.000000
1130.734400 1190.657600 1114.419200 798.115200 1.000000
1131.795200 1303.196800 1116.369600 911.486400 1.000000
1140.835200 711.467200 1118.334400 292.942400 1.000000
1140.056000 850.401600 1118.443200 440.760000 1.000000
1137.246400 1016.940800 1118.643200 616.883200 1.000000
1138.307200 947.187200 1118.939200 543.996800 1.000000
1139.836800 650.611200 1119.273600 225.252800 1.000000
1140.515200 464.918400 1119.331200 22.088960 1.000000
1137.518400 1276.411200 1120.992000 886.460800 1.000000
1142.956800 498.244800 1121.222400 58.947200 1.000000
1140.180800 1147.505600 1122.308800 754.232000 1.000000
1139.868800 1251.248000 1124.680000 860.812800 1.000000
1126.883200 2244.752000 1124.931200 1806.256000 1.000000
1143.920000 1122.548800 1125.995200 728.081600 1.000000
1145.486400 897.806400 1127.697600 490.516800 1.000000
1150.248000 1209.603200 1133.331200 817.609600 1.000000
1153.864000 959.819200 1133.776000 556.609600 1.000000
1153.984000 558.016000 1134.020800 123.436320 1.000000
1152.096000 1027.561600 1134.235200 628.712000 1.000000
1152.982400 1099.288000 1135.926400 704.088000 1.000000
1156.811200 903.096000 1136.444800 497.995200 1.000000
1156.318400 994.032000 1137.582400 594.089600 1.000000
1155.236800 999.283200 1137.952000 598.057600 1.000000
1153.952000 1254.056000 1138.316800 862.673600 1.000000
1160.548800 654.510400 1140.684800 228.756800 1.000000
1161.075200 546.540800 1141.297600 112.690560 1.000000
1161.070400 732.256000 1142.204800 312.366400 1.000000
1161.595200 1030.524800 1144.187200 629.265600 1.000000
1160.336000 1183.084800 1145.041600 791.297600 1.000000
1166.606400 508.035200 1146.788800 70.105760 1.000000
1165.683200 587.300800 1146.825600 155.379360 1.000000
1172.275200 481.588800 1152.902400 41.987200 1.000000
1163.500800 1254.091200 1153.499200 869.656000 1.000000
1176.073600 530.808000 1156.849600 94.923840 1.000000
1175.857600 1286.990400 1161.691200 896.142400 1.000000
1182.337600 550.654400 1164.470400 114.681760 1.000000
1191.513600 2996.528000 1180.846400 2515.088000 1.000000
1199.724800 1309.110400 1191.476800 921.131200 1.000000
1228.416000 2249.088000 1222.436800 1814.400000 1.000000
1219.996800 1478.444800 1230.886400 1093.472000 1.000000
1270.304000 1318.752000 1232.342400 929.043200 1.000000
1249.604800 1481.081600 1261.057600 1096.299200 1.000000
1275.292800 2218.656000 1277.654400 1786.192000 1.000000
1336.718400 2987.344000 1317.134400 2510.128000 1.000000
1335.073600 2247.776000 1324.585600 1817.024000 1.000000
1437.723200 2932.816000 1412.876800 2462.528000 1.000000
1431.884800 2716.848000 1414.283200 2251.936000 1.000000
1446.972800 2961.440000 1419.708800 2489.536000 1.000000
1478.635200 2944.320000 1449.993600 2475.344000 1.000000
1485.787200 2417.792000 1471.179200 1976.352000 1.000000
1517.932800 2568.608000 1493.649600 2116.832000 1.000000
1503.857600 1947.904000 1499.628800 1516.435200 1.000000
1525.889600 2672.048000 1503.281600 2216.464000 1.000000
1526.884800 2418.128000 1508.787200 1977.232000 1.000000
1553.720000 2670.960000 1527.246400 2214.928000 1.000000
1557.648000 2712.576000 1532.558400 2256.096000 1.000000
1558.686400 2382.304000 1540.249600 1946.240000 1.000000
1563.377600 2243.360000 1544.547200 1821.952000 1.000000
1583.659200 2640.576000 1557.491200 2187.120000 1.000000
1573.569600 2282.960000 1558.979200 1857.472000 1.000000
1697.488000 2205.120000 1678.240000 1792.384000 1.000000
1740.720000 2989.168000 1693.008000 2520.512000 1.000000
1752.864000 2921.200000 1705.328000 2463.184000 1.000000
1782.048000 2982.224000 1731.104000 2517.088000 1.000000
1815.456000 2824.544000 1766.336000 2387.008000 1.000000
1791.440000 1370.912000 1794.864000 1003.473600 1.000000
1815.472000 1806.032000 1801.968000 1431.008000 1.000000
1838.208000 1390.476800 1819.184000 1023.504000 1.000000
1814.288000 1239.678400 1820.192000 866.105600 1.000000
1834.992000 1514.547200 1833.072000 1150.934400 1.000000
1836.848000 1527.937600 1833.584000 1166.220800 1.000000
1845.712000 1681.472000 1837.824000 1315.017600 1.000000
1843.488000 1487.313600 1840.000000 1130.275200 1.000000
1851.552000 1450.496000 1850.320000 1090.801600 1.000000
1855.424000 1512.460800 1851.760000 1151.872000 1.000000
1857.568000 1393.729600 1856.864000 1030.691200 1.000000
1870.576000 1438.172800 1869.296000 1080.222400 1.000000
1899.232000 1436.508800 1899.968000 1080.033600 1.000000
1902.720000 1503.827200 1903.520000 1135.771200 1.000000
1904.672000 1398.265600 1905.184000 1036.396800 1.000000
1908.416000 1420.368000 1908.640000 1061.200000 1.000000
1924.672000 1441.027200 1923.520000 1084.529600 1.000000
2070.384000 1705.744000 1969.072000 1815.776000 1.000000
2008.256000 1042.608000 2027.088000 676.632000 1.000000
2017.520000 1061.800000 2036.384000 698.652800 1.000000
2146.016000 1732.144000 2043.552000 1853.552000 1.000000
2140.144000 1498.696000 2051.136000 1608.208000 1.000000
2060.176000 1143.358400 2074.848000 794.358400 1.000000
2068.864000 1120.625600 2084.128000 776.742400 1.000000
2074.704000 1187.361600 2084.944000 849.780800 1.000000
2073.072000 1164.064000 2086.704000 823.032000 1.000000
2172.304000 1458.600000 2089.776000 1563.467200 1.000000
2232.528000 2222.128000 2115.792000 2245.696000 1.000000
2223.840000 1556.864000 2124.688000 1688.816000 1.000000
2254.112000 2199.200000 2135.312000 2233.520000 1.000000
2262.816000 2301.488000 2137.376000 2316.784000 1.000000
2260.240000 2310.576000 2137.440000 2324.176000 1.000000
2262.704000 2355.152000 2137.760000 2360.688000 1.000000
2267.712000 2361.520000 2142.720000 2368.960000 1.000000
2269.200000 2344.944000 2143.616000 2354.592000 1.000000
2270.512000 2368.032000 2144.016000 2373.600000 1.000000
2280.160000 2376.032000 2153.936000 2382.720000 1.000000
2289.808000 2384.992000 2161.056000 2394.544000 1.000000
2295.376000 2344.912000 2169.232000 2359.440000 1.000000
2302.304000 2383.664000 2169.840000 2396.992000 1.000000
2298.656000 2151.552000 2176.560000 2206.656000 1.000000
2298.304000 2084.848000 2182.944000 2146.432000 1.000000
2315.472000 2230.976000 2191.232000 2273.216000 1.000000
2333.488000 2319.296000 2202.288000 2348.704000 1.000000
2289.888000 1377.772800 2208.624000 1501.024000 1.000000
2325.328000 1872.016000 2209.072000 2007.520000 1.000000
2333.280000 1919.696000 2214.384000 2049.424000 1.000000
2338.256000 1940.288000 2217.552000 2066.624000 1.000000
2301.616000 1348.700800 2222.176000 1473.284800 1.000000
2339.040000 1857.616000 2222.752000 1990.544000 1.000000
2340.624000 1883.168000 2222.864000 2016.576000 1.000000
2347.376000 1924.048000 2226.128000 2056.000000 1.000000
2302.176000 1245.336000 2226.272000 1360.163200 1.000000
2299.056000 1214.417600 2226.960000 1328.222400 1.000000
2297.712000 1175.376000 2229.488000 1283.436800 1.000000
2297.232000 1166.121600 2230.896000 1272.892800 1.000000
2308.432000 1303.256000 2232.368000 1426.131200 1.000000
2349.216000 1862.704000 2233.104000 1996.880000 1.000000
2348.480000 1834.272000 2233.904000 1968.416000 1.000000
2317.520000 1327.544000 2238.624000 1455.084800 1.000000
2351.584000 1803.008000 2238.832000 1937.824000 1.000000
2358.064000 1840.272000 2242.080000 1975.808000 1.000000
2359.664000 1867.136000 2242.272000 2001.408000 1.000000
2366.112000 1934.560000 2243.952000 2066.608000 1.000000
2311.296000 1015.070400 2253.968000 1117.073600 1.000000
2338.896000 1289.995200 2259.072000 1422.708800 1.000000
2327.856000 1189.753600 2259.488000 1303.808000 1.000000
2340.400000 1299.868800 2262.208000 1431.307200 1.000000
2374.528000 1774.640000 2263.200000 1911.104000 1.000000
2328.080000 1114.824000 2263.856000 1223.612800 1.000000
2379.664000 1818.832000 2265.024000 1956.544000 1.000000
2389.600000 1932.400000 2265.840000 2069.840000 1.000000
2335.152000 1178.094400 2266.384000 1293.350400 1.000000
2337.536000 1203.652800 2266.768000 1319.750400 1.000000
2339.216000 1230.692800 2268.560000 1353.481600 1.000000
2379.440000 1762.048000 2268.688000 1899.200000 1.000000
2384.256000 1811.824000 2269.216000 1949.360000 1.000000
2382.848000 1781.728000 2270.752000 1919.920000 1.000000
2398.560000 2043.376000 2271.584000 2151.520000 1.000000
2338.128000 1131.990400 2271.760000 1245.624000 1.000000
2399.248000 1951.584000 2275.072000 2087.664000 1.000000
2396.976000 1750.592000 2275.408000 1911.984000 1.000000
2390.048000 1794.560000 2276.608000 1933.008000 1.000000
2357.120000 1315.476800 2276.624000 1449.603200 1.000000
2401.552000 1925.408000 2279.184000 2064.944000 1.000000
2403.120000 1940.672000 2279.328000 2078.624000 1.000000
2351.232000 1211.366400 2280.480000 1330.516800 1.000000
2346.528000 1119.022400 2281.152000 1232.476800 1.000000
2404.432000 1932.640000 2281.312000 2071.360000 1.000000
2397.040000 1811.984000 2283.424000 1949.792000 1.000000
2401.712000 1820.672000 2285.200000 1961.840000 1.000000
2357.968000 1200.204800 2286.864000 1321.014400 1.000000
2412.496000 1918.080000 2289.712000 2058.000000 1.000000
2401.760000 1757.248000 2291.008000 1897.744000 1.000000
2366.752000 1242.190400 2291.792000 1370.308800 1.000000
2403.840000 1745.264000 2293.936000 1884.784000 1.000000
2369.424000 1212.065600 2296.992000 1337.368000 1.000000
2422.672000 1893.872000 2301.488000 2035.072000 1.000000
2418.048000 1765.200000 2306.320000 1905.968000 1.000000
2379.920000 1215.761600 2306.992000 1344.088000 1.000000
2390.640000 1302.803200 2311.904000 1442.684800 1.000000
2418.464000 1665.584000 2313.264000 1808.384000 1.000000
2394.224000 1251.278400 2318.816000 1384.033600 1.000000
2396.352000 1167.590400 2325.984000 1300.432000 1.000000
2438.320000 1704.144000 2328.416000 1850.048000 1.000000
2402.960000 1228.072000 2328.480000 1359.888000 1.000000
2400.208000 1153.123200 2331.824000 1285.593600 1.000000
2438.128000 1659.888000 2332.544000 1804.672000 1.000000
2440.928000 1688.464000 2334.416000 1832.960000 1.000000
2419.904000 1349.534400 2336.976000 1492.595200 1.000000
2450.624000 1607.200000 2339.824000 1778.304000 1.000000
2383.360000 922.104000 2341.520000 987.147200 1.000000
2415.120000 1204.443200 2343.424000 1338.827200 1.000000
2455.440000 1714.336000 2346.272000 1862.624000 1.000000
2439.056000 1544.726400 2346.736000 1670.592000 1.000000
2421.536000 1149.686400 2352.800000 1285.646400 1.000000
2464.928000 1725.936000 2353.760000 1877.504000 1.000000
2459.232000 1583.710400 2359.488000 1732.960000 1.000000
2439.440000 1284.718400 2361.936000 1424.744000 1.000000
2438.432000 1237.667200 2364.432000 1374.470400 1.000000
2455.248000 1403.228800 2368.240000 1554.128000 1.000000
2477.328000 1253.835200 2369.232000 1352.289600 1.000000
2533.408000 2130.064000 2369.456000 2225.968000 1.000000
2482.704000 1748.144000 2370.208000 1897.456000 1.000000
2454.240000 1339.065600 2372.288000 1485.948800 1.000000
2485.664000 1723.136000 2375.184000 1873.264000 1.000000
2503.520000 1970.304000 2378.496000 2096.288000 1.000000
2475.776000 1506.139200 2379.632000 1658.448000 1.000000
2491.680000 1723.712000 2381.120000 1874.144000 1.000000
2480.368000 1525.046400 2384.032000 1678.704000 1.000000
2408.544000 756.854400 2385.264000 802.083200 1.000000
2469.952000 1359.028800 2385.776000 1508.545600 1.000000
2455.504000 1145.731200 2387.424000 1286.958400 1.000000
2492.432000 1511.902400 2395.776000 1667.040000 1.000000
2484.000000 1364.929600 2398.464000 1518.742400 1.000000
2489.040000 1338.888000 2404.048000 1493.206400 1.000000
2481.040000 1223.875200 2406.976000 1367.116800 1.000000
2475.904000 1154.225600 2407.248000 1297.696000 1.000000
2500.912000 1409.939200 2410.320000 1567.190400 1.000000
2503.328000 1432.518400 2413.312000 1589.164800 1.000000
2498.800000 1349.504000 2414.112000 1502.716800 1.000000
2490.768000 1230.032000 2417.312000 1372.728000 1.000000
2511.328000 1436.622400 2421.088000 1594.292800 1.000000
2511.808000 1407.796800 2423.536000 1565.521600 1.000000
2510.912000 1392.412800 2423.728000 1549.387200 1.000000
2505.760000 1316.561600 2424.816000 1465.688000 1.000000
2520.848000 1626.224000 2427.392000 1761.152000 1.000000
2518.960000 1419.678400 2428.496000 1579.966400 1.000000
2517.680000 1396.468800 2429.728000 1553.480000 1.000000
2528.080000 1399.123200 2439.696000 1558.270400 1.000000
2523.440000 1331.139200 2440.064000 1486.974400 1.000000
2531.344000 1390.129600 2444.736000 1548.556800 1.000000
2516.624000 1185.056000 2446.384000 1332.272000 1.000000
2532.016000 1360.488000 2447.824000 1518.806400 1.000000
2520.640000 1168.470400 2453.376000 1314.120000 1.000000
2540.464000 1364.307200 2455.088000 1522.915200 1.000000
2527.760000 1186.353600 2456.896000 1334.419200 1.000000
2544.976000 1309.937600 2463.136000 1467.046400 1.000000
2540.928000 1260.742400 2464.544000 1413.808000 1.000000
2547.008000 1324.067200 2464.640000 1482.710400 1.000000
2552.400000 1340.174400 2467.248000 1501.238400 1.000000
2555.296000 1357.772800 2470.544000 1518.814400 1.000000
2553.264000 1274.336000 2474.736000 1430.356800 1.000000
2556.736000 1300.900800 2476.368000 1459.620800 1.000000
2563.184000 1247.134400 2484.896000 1403.942400 1.000000
2570.592000 1347.830400 2485.936000 1510.267200 1.000000
2565.392000 1208.747200 2492.400000 1363.862400 1.000000
2576.480000 1320.380800 2493.696000 1483.422400 1.000000
2574.992000 1277.924800 2495.488000 1439.062400 1.000000
2573.136000 1211.308800 2498.464000 1367.648000 1.000000
2592.272000 1347.902400 2507.488000 1511.497600 1.000000
2591.456000 1303.872000 2509.776000 1470.444800 1.000000
2590.736000 1229.606400 2515.360000 1392.728000 1.000000
2593.248000 1240.422400 2516.624000 1404.550400 1.000000
2598.128000 1262.064000 2519.584000 1427.017600 1.000000
2597.520000 1250.304000 2520.336000 1415.582400 1.000000
2592.560000 1177.596800 2521.344000 1340.025600 1.000000
2604.288000 1314.660800 2521.376000 1483.684800 1.000000
2607.264000 1345.083200 2522.432000 1515.048000 1.000000
2606.304000 1328.368000 2523.008000 1497.011200 1.000000
2604.016000 1287.670400 2523.760000 1455.435200 1.000000
2606.304000 1276.033600 2526.448000 1442.504000 1.000000
2605.024000 1255.859200 2527.024000 1423.291200 1.000000
2604.128000 1224.729600 2528.784000 1391.249600 1.000000
2608.448000 1267.400000 2529.200000 1435.284800 1.000000
2611.360000 1289.723200 2530.368000 1460.092800 1.000000
2607.200000 1240.867200 2530.896000 1408.950400 1.000000
2610.112000 1258.284800 2531.568000 1427.096000 1.000000
2610.256000 1226.758400 2534.400000 1394.792000 1.000000
2607.648000 1177.524800 2534.928000 1343.852800 1.000000
2626.816000 1364.043200 2539.904000 1538.283200 1.000000
2612.944000 1172.396800 2539.984000 1336.347200 1.000000
2617.296000 1203.574400 2543.024000 1372.974400 1.000000
2621.152000 1237.172800 2544.816000 1407.931200 1.000000
2626.288000 1246.041600 2548.464000 1418.558400 1.000000
2633.920000 1337.825600 2549.488000 1511.956800 1.000000
2628.816000 1262.923200 2549.840000 1436.392000 1.000000
2627.856000 1238.304000 2550.576000 1410.907200 1.000000
2634.288000 1272.108800 2553.648000 1446.432000 1.000000
2633.408000 1247.148800 2555.776000 1421.369600 1.000000
2633.680000 1239.792000 2556.608000 1413.449600 1.000000
2639.600000 1249.304000 2561.056000 1425.105600 1.000000
2642.016000 1264.179200 2561.856000 1441.009600 1.000000
2641.248000 1216.880000 2565.600000 1391.484800 1.000000
2644.752000 1257.702400 2565.696000 1434.481600 1.000000
2648.144000 1286.577600 2566.528000 1463.817600 1.000000
2646.432000 1249.856000 2567.504000 1426.856000 1.000000
2647.072000 1241.801600 2567.856000 1418.220800 1.000000
2642.768000 1203.731200 2568.416000 1378.193600 1.000000
2647.760000 1217.795200 2571.584000 1393.710400 1.000000
2648.976000 1226.547200 2571.984000 1403.270400 1.000000
2665.472000 1200.656000 2590.592000 1380.676800 1.000000
2693.056000 1197.168000 2621.696000 1392.955200 1.000000
2691.760000 1037.016000 2624.352000 1239.110400 1.000000
2851.248000 2255.616000 2668.112000 2499.008000 1.000000
2738.992000 934.577600 2704.960000 1064.686400 1.000000
2938.880000 2117.184000 2759.712000 2400.784000 1.000000
2875.504000 2244.720000 2774.704000 2388.768000 1.000000
3746.000000 145.761760 3905.728000 50.657440 1.000000
3763.792000 3.791264 4012.432000 3.929728 1.000000
