438.398400 352.121600 560.470400 2560.752000 1.000000
591.299200 536.073600 700.192000 2650.928000 1.000000
658.040000 277.974400 782.752000 2369.008000 1.000000
694.171200 622.929600 799.110400 2703.168000 1.000000
697.505600 603.723200 803.955200 2682.384000 1.000000
686.291200 477.796800 805.988800 2554.432000 1.000000
707.534400 657.739200 809.292800 2732.128000 1.000000
698.691200 402.406400 816.942400 2475.328000 1.000000
714.572800 595.662400 821.732800 2666.880000 1.000000
731.115200 630.312000 835.483200 2699.136000 1.000000
741.185600 634.798400 842.366400 2700.240000 1.000000
741.848000 500.713600 851.222400 2568.304000 1.000000
729.878400 148.629280 858.496000 2237.600000 1.000000
753.075200 463.148800 863.336000 2524.464000 1.000000
755.419200 190.368000 880.859200 2264.448000 1.000000
768.179200 180.478400 890.422400 2255.440000 1.000000
782.593600 460.636800 892.915200 2516.880000 1.000000
775.750400 157.324640 896.736000 2233.440000 1.000000
794.030400 437.412800 903.744000 2493.984000 1.000000
783.352000 244.116800 904.270400 2305.888000 1.000000
798.233600 165.142400 917.601600 2235.088000 1.000000
801.868800 135.478880 920.334400 2209.872000 1.000000
802.382400 51.321280 924.368000 2139.616000 1.000000
816.993600 343.652800 930.268800 2386.944000 1.000000
827.411200 325.566400 940.270400 2368.304000 1.000000
829.088000 347.873600 942.064000 2390.000000 1.000000
841.803200 522.574400 947.547200 2559.616000 1.000000
851.902400 772.678400 947.552000 2814.432000 1.000000
841.380800 475.011200 948.457600 2515.360000 1.000000
845.464000 487.771200 950.584000 2525.712000 1.000000
861.102400 803.467200 956.265600 2854.720000 1.000000
845.353600 81.875040 960.105600 2157.264000 1.000000
847.953600 150.037760 964.595200 2208.192000 1.000000
853.662400 330.196800 965.249600 2366.256000 1.000000
859.872000 330.608000 971.041600 2364.704000 1.000000
859.820800 55.723680 973.704000 2131.536000 1.000000
862.721600 89.788480 976.496000 2160.064000 1.000000
866.523200 78.409440 977.652800 2149.392000 1.000000
869.744000 144.354560 982.564800 2200.224000 1.000000
879.249600 56.728000 990.249600 2129.168000 1.000000
884.185600 77.966720 993.793600 2146.000000 1.000000
887.408000 24.401280 998.515200 2100.368000 1.000000
926.368000 540.304000 1025.985600 2557.200000 1.000000
922.380800 32.096320 1026.595200 2099.312000 1.000000
925.164800 269.524800 1028.598400 2296.320000 1.000000
929.785600 432.699200 1030.612800 2449.760000 1.000000
932.528000 512.352000 1031.912000 2532.160000 1.000000
929.224000 249.865600 1034.268800 2277.568000 1.000000
934.441600 490.001600 1035.686400 2510.288000 1.000000
941.116800 618.763200 1041.627200 2629.440000 1.000000
948.211200 135.471200 1049.041600 2177.952000 1.000000
949.022400 19.957440 1049.760000 2084.976000 1.000000
958.961600 515.259200 1057.572800 2523.936000 1.000000
961.758400 612.705600 1060.958400 2619.456000 1.000000
965.651200 747.166400 1063.177600 2762.800000 1.000000
968.953600 317.361600 1067.980800 2331.296000 1.000000
969.923200 784.920000 1068.008000 2807.072000 1.000000
971.792000 287.499200 1069.908800 2303.728000 1.000000
983.148800 317.265600 1080.632000 2326.384000 1.000000
984.360000 700.425600 1081.321600 2707.808000 1.000000
985.918400 292.593600 1081.718400 2308.192000 1.000000
986.316800 671.259200 1083.270400 2673.632000 1.000000
998.105600 643.726400 1093.734400 2643.136000 1.000000
997.913600 734.630400 1095.875200 2740.784000 1.000000
1006.166400 697.441600 1103.081600 2698.800000 1.000000
1008.001600 580.067200 1104.012800 2574.144000 1.000000
1011.750400 659.683200 1105.272000 2658.000000 1.000000
1016.422400 737.243200 1112.571200 2746.000000 1.000000
1022.684800 418.745600 1118.942400 2418.528000 1.000000
1033.092800 627.468800 1125.953600 2619.920000 1.000000
1033.800000 648.889600 1126.422400 2643.360000 1.000000
1037.307200 287.713600 1128.612800 2290.880000 1.000000
1038.582400 445.227200 1132.360000 2437.008000 1.000000
1035.974400 785.817600 1134.960000 2792.704000 1.000000
1046.990400 271.456000 1136.163200 2274.560000 1.000000
1050.107200 631.220800 1142.958400 2622.000000 1.000000
1056.134400 430.990400 1146.262400 2420.576000 1.000000
1053.097600 674.416000 1147.115200 2666.176000 1.000000
1056.016000 506.756800 1147.776000 2500.768000 1.000000
1067.281600 142.925280 1152.409600 2159.648000 1.000000
1070.025600 160.003200 1153.673600 2172.336000 1.000000
1054.662400 784.556800 1153.692800 2788.352000 1.000000
1066.542400 368.990400 1154.256000 2362.144000 1.000000
1068.529600 459.022400 1159.113600 2451.952000 1.000000
1071.564800 436.436800 1159.281600 2423.568000 1.000000
1079.564800 307.849600 1165.659200 2302.096000 1.000000
1071.038400 719.633600 1167.267200 2712.624000 1.000000
1082.899200 302.385600 1168.763200 2295.872000 1.000000
1088.667200 153.003360 1171.214400 2168.448000 1.000000
1079.008000 610.900800 1171.339200 2593.600000 1.000000
1079.148800 582.440000 1171.828800 2562.864000 1.000000
1097.553600 193.993600 1174.400000 2203.616000 1.000000
1091.443200 312.428800 1175.984000 2303.808000 1.000000
1094.712000 320.182400 1179.731200 2310.384000 1.000000
1105.236800 184.878400 1185.387200 2191.216000 1.000000
1099.529600 630.355200 1189.353600 2611.984000 1.000000
1109.046400 317.860800 1189.856000 2307.104000 1.000000
1097.372800 673.668800 1190.145600 2656.672000 1.000000
1107.947200 258.078400 1190.392000 2253.056000 1.000000
1115.910400 133.790880 1192.025600 2148.064000 1.000000
1118.060800 164.681600 1194.392000 2174.704000 1.000000
1111.612800 236.145600 1194.675200 2232.960000 1.000000
1106.716800 569.054400 1196.265600 2544.512000 1.000000
1102.859200 743.787200 1196.808000 2733.904000 1.000000
1116.539200 270.484800 1200.932800 2261.136000 1.000000
1125.796800 213.041600 1203.000000 2212.496000 1.000000
1106.392000 874.516800 1206.475200 2875.280000 1.000000
1110.001600 861.262400 1208.731200 2859.344000 1.000000
1117.203200 674.856000 1209.552000 2652.880000 1.000000
1110.846400 924.838400 1212.088000 2946.576000 1.000000
1128.795200 491.731200 1213.944000 2469.232000 1.000000
1133.180800 472.446400 1217.416000 2449.184000 1.000000
1136.161600 408.099200 1219.268800 2385.376000 1.000000
1155.331200 132.187680 1224.907200 2144.496000 1.000000
1128.046400 849.440000 1225.665600 2841.808000 1.000000
1163.257600 83.860000 1228.864000 2102.096000 1.000000
1131.942400 794.308800 1229.198400 2779.280000 1.000000
1143.747200 564.505600 1230.553600 2540.112000 1.000000
1130.454400 861.547200 1231.758400 2854.480000 1.000000
1167.848000 50.584800 1232.073600 2073.280000 1.000000
1166.872000 91.153440 1233.478400 2108.752000 1.000000
1144.680000 688.217600 1235.553600 2670.256000 1.000000
1171.358400 113.820320 1237.481600 2129.152000 1.000000
1175.499200 21.351680 1238.196800 2047.328000 1.000000
1169.280000 181.056000 1238.860800 2180.640000 1.000000
1159.425600 532.835200 1241.440000 2505.840000 1.000000
1164.120000 382.827200 1242.974400 2358.272000 1.000000
1177.059200 138.439040 1244.166400 2146.800000 1.000000
1176.486400 168.889600 1245.243200 2170.384000 1.000000
1172.868800 223.835200 1245.577600 2215.056000 1.000000
1161.075200 546.540800 1246.246400 2517.136000 1.000000
1169.129600 465.304000 1249.912000 2436.320000 1.000000
1172.716800 416.312000 1250.211200 2392.864000 1.000000
1166.606400 508.035200 1250.384000 2476.768000 1.000000
1160.548800 654.510400 1250.483200 2630.064000 1.000000
1161.070400 732.256000 1253.129600 2714.256000 1.000000
1188.147200 360.238400 1262.748800 2334.160000 1.000000
1189.091200 348.657600 1262.990400 2323.360000 1.000000
1192.755200 291.462400 1263.241600 2273.248000 1.000000
1161.088000 920.142400 1263.563200 2921.024000 1.000000
1201.115200 204.412800 1267.870400 2196.304000 1.000000
1196.907200 342.102400 1269.694400 2316.896000 1.000000
1197.779200 373.636800 1270.988800 2346.800000 1.000000
1204.508800 222.686400 1271.428800 2211.504000 1.000000
1210.896000 207.926400 1275.136000 2199.040000 1.000000
1213.366400 190.361600 1277.318400 2183.440000 1.000000
1218.214400 162.947200 1278.801600 2159.840000 1.000000
1215.897600 249.256000 1281.185600 2234.528000 1.000000
1227.243200 172.176000 1287.281600 2170.848000 1.000000
1227.979200 147.543200 1287.545600 2150.992000 1.000000
1236.129600 49.234880 1287.809600 2070.608000 1.000000
2195.008000 1195.936000 2178.944000 1945.712000 1.000000
2433.664000 1598.500800 2479.440000 1346.108800 1.000000
2382.176000 1805.648000 2500.720000 1547.148800 1.000000
2520.384000 1466.412800 2507.392000 1355.547200 1.000000
2420.736000 1709.104000 2537.344000 1693.008000 1.000000
2469.552000 1558.433600 2541.248000 1737.936000 1.000000
2459.232000 1583.710400 2559.472000 1852.272000 1.000000
2673.536000 1374.635200 2571.920000 1132.577600 1.000000
2492.432000 1511.902400 2579.392000 1942.688000 1.000000
2542.304000 1616.592000 2594.656000 1617.120000 1.000000
2652.176000 1521.681600 2604.304000 1201.513600 1.000000
2340.400000 1299.868800 3088.416000 2154.544000 1.000000
