453.120000 2509.152000 97.892800 1012.612800 1.000000
490.897600 2777.920000 1074.521600 1445.398400 1.000000
132.611520 2362.224000 1171.830400 1700.048000 1.000000
2439.328000 70.008480 2182.528000 2659.920000 1.000000
2500.848000 189.022400 2290.544000 2784.208000 1.000000
2534.576000 1732.080000 2506.176000 1058.670400 1.000000
2521.152000 1900.016000 2604.816000 1167.675200 1.000000
2523.872000 1935.184000 2633.376000 1194.894400 1.000000
2478.896000 2010.272000 2657.568000 1283.104000 1.000000
2514.912000 1989.072000 2659.008000 1226.878400 1.000000
2513.520000 2194.928000 2840.528000 1419.312000 1.000000
