1990.960000 42.308160 1665.760000 1900.416000 1.000000
2045.984000 69.031040 1716.368000 1914.528000 1.000000
2079.952000 76.616320 1744.576000 1913.504000 1.000000
2019.936000 408.028800 1761.376000 2200.400000 1.000000
2146.832000 64.908960 1799.648000 1887.648000 1.000000
2160.528000 66.868480 1810.864000 1885.376000 1.000000
1970.400000 825.868800 1814.400000 2665.360000 1.000000
2184.720000 130.995520 1844.080000 1945.600000 1.000000
1995.520000 858.456000 1845.792000 2687.920000 1.000000
2217.792000 84.957760 1860.896000 1892.544000 1.000000
2004.496000 884.475200 1864.480000 2710.000000 1.000000
2210.320000 135.483200 1865.296000 1945.056000 1.000000
2210.768000 148.595840 1870.192000 1955.344000 1.000000
2225.472000 160.980800 1886.048000 1963.872000 1.000000
2217.248000 179.414400 1886.304000 1980.752000 1.000000
2237.920000 189.889600 1906.944000 1988.272000 1.000000
2129.120000 595.180800 1910.704000 2415.024000 1.000000
2061.824000 926.822400 1937.936000 2735.792000 1.000000
2074.560000 890.078400 1939.984000 2694.544000 1.000000
2144.288000 641.776000 1940.592000 2471.584000 1.000000
2328.544000 83.171840 1950.672000 1871.616000 1.000000
2126.064000 747.339200 1952.528000 2577.920000 1.000000
2329.216000 101.267200 1956.096000 1888.368000 1.000000
2080.928000 940.760000 1961.760000 2746.032000 1.000000
2353.872000 76.445600 1972.560000 1855.680000 1.000000
2230.976000 481.920000 1973.008000 2243.264000 1.000000
2355.536000 113.743200 1981.504000 1895.984000 1.000000
2166.768000 742.131200 1992.240000 2563.904000 1.000000
2262.368000 452.675200 1993.200000 2205.472000 1.000000
2315.744000 319.224000 2002.032000 2079.712000 1.000000
2209.088000 700.715200 2020.944000 2516.448000 1.000000
2424.576000 86.626080 2029.488000 1849.312000 1.000000
2439.328000 70.008480 2034.208000 1831.888000 1.000000
2425.200000 106.952640 2035.040000 1871.088000 1.000000
2260.720000 613.308800 2041.968000 2407.568000 1.000000
2350.880000 415.886400 2056.528000 2157.072000 1.000000
2278.864000 604.030400 2057.936000 2392.880000 1.000000
2333.920000 475.324800 2065.616000 2211.712000 1.000000
2298.496000 611.891200 2076.912000 2392.144000 1.000000
2366.736000 427.073600 2077.632000 2161.424000 1.000000
2244.336000 776.937600 2080.800000 2573.888000 1.000000
2366.528000 442.219200 2081.392000 2176.208000 1.000000
2358.240000 463.840000 2082.288000 2198.464000 1.000000
2366.352000 451.979200 2086.656000 2184.528000 1.000000
2443.456000 237.993600 2087.952000 1990.096000 1.000000
2199.728000 956.777600 2093.088000 2734.592000 1.000000
2318.544000 612.454400 2097.360000 2387.184000 1.000000
2500.320000 122.636160 2097.568000 1871.520000 1.000000
2485.392000 170.556800 2101.072000 1918.672000 1.000000
2420.912000 368.459200 2107.792000 2102.064000 1.000000
2392.432000 467.694400 2113.664000 2193.024000 1.000000
2535.008000 88.380960 2116.000000 1828.688000 1.000000
2541.136000 71.775680 2116.016000 1810.640000 1.000000
2299.936000 722.409600 2116.544000 2514.448000 1.000000
2500.848000 189.022400 2119.312000 1930.352000 1.000000
2557.232000 54.926240 2123.328000 1791.488000 1.000000
2320.096000 692.296000 2125.728000 2476.080000 1.000000
2367.296000 567.275200 2126.160000 2324.512000 1.000000
2485.184000 267.961600 2131.376000 2006.448000 1.000000
2233.584000 966.304000 2132.240000 2734.672000 1.000000
2557.200000 89.861920 2133.920000 1824.000000 1.000000
2515.296000 204.769600 2137.312000 1940.768000 1.000000
2332.928000 713.196800 2144.288000 2499.808000 1.000000
2261.056000 932.342400 2148.784000 2686.624000 1.000000
2267.344000 924.084800 2150.304000 2675.520000 1.000000
2422.880000 502.358400 2155.088000 2227.296000 1.000000
2591.152000 82.505120 2160.320000 1811.200000 1.000000
2460.400000 440.281600 2165.024000 2155.536000 1.000000
2453.904000 465.859200 2169.872000 2182.224000 1.000000
2305.120000 912.513600 2185.504000 2656.080000 1.000000
2732.496000 1324.713600 2568.720000 1496.212800 1.000000
2637.136000 1565.958400 2574.192000 1406.433600 1.000000
2573.216000 1849.392000 2587.984000 1393.593600 1.000000
2713.888000 1318.886400 2648.992000 1710.016000 1.000000
2680.384000 1547.660800 2678.544000 1776.480000 1.000000
2495.680000 2179.136000 2722.128000 1894.352000 1.000000
2503.152000 2196.592000 2743.872000 1910.064000 1.000000
