16.655200 2355.904000 8.952896 1044.673600 1.000000
31.558720 2820.944000 50.766400 1484.806400 1.000000
86.914560 2574.848000 54.219840 1293.200000 1.000000
125.459040 2421.104000 66.621120 1147.219200 1.000000
103.340320 2577.152000 69.465120 1293.278400 1.000000
68.551360 2857.920000 82.391200 1525.163200 1.000000
142.470400 2564.128000 101.421600 1283.040000 1.000000
204.396800 2432.064000 143.363040 1189.348800 1.000000
232.657600 2274.064000 148.560160 1024.950400 1.000000
170.836800 2786.704000 171.910400 1459.428800 1.000000
180.478400 2798.880000 181.176000 1478.971200 1.000000
324.604800 2079.136000 205.728000 811.572800 1.000000
331.052800 2229.504000 240.180800 987.297600 1.000000
354.512000 2265.808000 268.382400 1024.102400 1.000000
280.624000 2902.032000 288.036800 1605.904000 1.000000
312.392000 2760.720000 296.716800 1494.836800 1.000000
385.784000 2192.592000 305.900800 962.944000 1.000000
372.800000 2428.848000 311.614400 1196.689600 1.000000
385.715200 2361.024000 314.412800 1129.868800 1.000000
345.380800 2633.904000 315.481600 1379.275200 1.000000
391.667200 2347.264000 318.808000 1116.540800 1.000000
390.948800 2355.472000 319.726400 1124.174400 1.000000
390.683200 2360.880000 320.617600 1129.505600 1.000000
401.398400 2307.296000 322.897600 1075.336000 1.000000
409.580800 2257.584000 325.105600 1024.472000 1.000000
414.081600 2252.512000 328.348800 1019.681600 1.000000
400.750400 2362.016000 330.488000 1132.561600 1.000000
404.987200 2336.176000 331.542400 1104.915200 1.000000
395.334400 2408.432000 331.609600 1178.182400 1.000000
402.390400 2362.144000 331.864000 1132.481600 1.000000
377.924800 2565.680000 336.686400 1313.675200 1.000000
409.323200 2354.272000 337.539200 1123.228800 1.000000
400.436800 2428.176000 339.184000 1197.337600 1.000000
402.846400 2417.552000 340.094400 1187.427200 1.000000
404.851200 2400.624000 341.070400 1171.075200 1.000000
427.203200 2246.560000 341.809600 1014.910400 1.000000
410.657600 2380.336000 342.876800 1149.819200 1.000000
373.243200 2656.256000 344.611200 1407.814400 1.000000
434.377600 2234.592000 345.848000 999.976000 1.000000
418.955200 2345.824000 346.004800 1115.248000 1.000000
422.240000 2317.504000 346.150400 1087.617600 1.000000
421.500800 2327.952000 346.230400 1097.617600 1.000000
420.950400 2186.608000 350.624000 961.331200 1.000000
438.428800 2246.800000 351.492800 1014.675200 1.000000
441.358400 2230.640000 352.929600 996.931200 1.000000
435.500800 2274.736000 354.499200 1043.598400 1.000000
441.331200 2256.640000 356.497600 1024.678400 1.000000
435.377600 2317.360000 358.724800 1088.520000 1.000000
366.777600 2831.680000 360.926400 1556.059200 1.000000
447.104000 2238.528000 361.284800 1006.272000 1.000000
447.752000 2248.032000 363.035200 1016.193600 1.000000
444.820800 2266.048000 363.142400 1034.896000 1.000000
455.539200 2214.688000 365.681600 980.763200 1.000000
410.472000 2557.552000 369.691200 1309.897600 1.000000
469.907200 2132.640000 372.448000 883.283200 1.000000
457.035200 2265.088000 373.200000 1034.030400 1.000000
463.921600 2232.064000 377.192000 999.668800 1.000000
404.512000 2694.208000 379.955200 1438.096000 1.000000
608.056000 1314.513600 380.865600 123.576960 1.000000
403.196800 2726.384000 382.734400 1470.568000 1.000000
425.302400 2614.656000 391.481600 1363.484800 1.000000
624.784000 1301.860800 396.345600 106.616800 1.000000
468.532800 2476.320000 411.500800 1244.096000 1.000000
566.542400 1812.832000 414.147200 647.832000 1.000000
570.700800 1826.832000 421.865600 663.267200 1.000000
655.043200 1296.313600 428.131200 101.399360 1.000000
672.216000 1307.288000 453.227200 119.021600 1.000000
575.475200 2066.016000 467.067200 826.256000 1.000000
631.236800 1827.264000 484.963200 669.577600 1.000000
596.062400 2071.936000 492.580800 836.518400 1.000000
590.505600 2362.832000 521.488000 1152.830400 1.000000
672.300800 1781.296000 524.848000 619.233600 1.000000
673.579200 1791.792000 525.600000 632.299200 1.000000
593.900800 2981.536000 587.915200 1747.088000 1.000000
692.955200 2079.056000 592.422400 851.448000 1.000000
751.481600 2841.472000 633.963200 2396.384000 1.000000
727.041600 2256.032000 647.000000 1057.208000 1.000000
734.156800 2204.736000 648.611200 1001.076800 1.000000
730.750400 2298.864000 655.073600 1100.785600 1.000000
765.849600 2180.624000 680.606400 976.988800 1.000000
761.617600 2382.912000 695.755200 1199.582400 1.000000
787.515200 2308.288000 700.054400 1108.944000 1.000000
779.601600 2559.376000 724.481600 1404.219200 1.000000
825.499200 2268.720000 750.288000 1084.347200 1.000000
832.180800 2238.640000 752.339200 1049.934400 1.000000
838.968000 2322.208000 755.547200 1133.216000 1.000000
796.068800 2587.712000 756.107200 1328.004800 1.000000
838.956800 2234.416000 758.035200 1032.380800 1.000000
863.409600 2265.952000 786.409600 1079.665600 1.000000
1042.035200 1372.929600 884.836800 230.531200 1.000000
1133.894400 1376.633600 988.249600 241.492800 1.000000
1104.820800 1878.224000 995.934400 764.334400 1.000000
1143.633600 1383.136000 999.571200 249.440000 1.000000
1114.809600 1870.768000 1004.704000 757.708800 1.000000
1157.587200 1373.259200 1012.601600 237.659200 1.000000
1137.686400 1732.832000 1025.624000 605.288000 1.000000
1146.257600 1813.168000 1037.662400 699.004800 1.000000
1186.964800 1279.544000 1046.190400 119.384960 1.000000
1160.340800 1825.936000 1053.867200 713.740800 1.000000
1180.505600 1853.632000 1075.100800 746.251200 1.000000
1197.604800 1791.552000 1090.769600 677.240000 1.000000
1234.312000 1233.296000 1096.531200 63.961920 1.000000
1230.460800 1357.584000 1098.520000 227.393600 1.000000
1245.448000 1255.004800 1111.123200 92.911520 1.000000
1196.209600 2053.024000 1121.137600 869.147200 1.000000
1242.720000 1832.704000 1142.344000 728.840000 1.000000
1229.675200 2353.552000 1158.387200 1207.590400 1.000000
1232.086400 2516.976000 1164.392000 1370.291200 1.000000
1248.230400 2360.672000 1174.836800 1218.870400 1.000000
1268.435200 2344.128000 1196.067200 1204.545600 1.000000
1275.880000 2386.672000 1201.497600 1243.401600 1.000000
1476.160000 2695.152000 1396.590400 1546.385600 1.000000
1476.524800 2616.544000 1396.705600 1471.070400 1.000000
1474.897600 2513.088000 1397.772800 1380.046400 1.000000
1481.990400 2587.488000 1404.662400 1455.299200 1.000000
1481.387200 2594.736000 1404.763200 1462.992000 1.000000
1493.873600 2499.920000 1416.840000 1373.246400 1.000000
1505.592000 2554.896000 1426.832000 1425.488000 1.000000
1518.105600 2588.208000 1435.758400 1457.102400 1.000000
1516.916800 2572.016000 1437.164800 1441.187200 1.000000
1528.670400 2575.424000 1447.683200 1444.872000 1.000000
1531.123200 2542.192000 1452.502400 1414.348800 1.000000
1546.969600 2731.936000 1459.824000 1590.601600 1.000000
1574.619200 2722.352000 1494.732800 1585.219200 1.000000
1586.512000 1862.496000 1508.377600 790.913600 1.000000
1662.496000 2539.696000 1575.299200 1418.200000 1.000000
1659.952000 2526.288000 1575.379200 1405.897600 1.000000
1682.624000 2549.056000 1590.644800 1427.953600 1.000000
1667.184000 1847.216000 1593.440000 777.873600 1.000000
1676.288000 2370.688000 1597.651200 1258.078400 1.000000
1668.560000 1353.244800 1604.592000 263.536000 1.000000
1698.208000 2411.104000 1614.352000 1294.600000 1.000000
1625.648000 2042.320000 1622.640000 896.940800 1.000000
1748.112000 1890.784000 1678.864000 833.088000 1.000000
1761.696000 1892.512000 1691.872000 835.236800 1.000000
1758.400000 1757.248000 1692.976000 687.171200 1.000000
1765.504000 1877.520000 1698.576000 822.132800 1.000000
1773.600000 1703.088000 1715.680000 626.776000 1.000000
1788.512000 1851.040000 1721.296000 794.644800 1.000000
1782.192000 1713.440000 1723.728000 637.579200 1.000000
1799.040000 1904.928000 1730.960000 850.848000 1.000000
1798.480000 1886.288000 1731.808000 830.900800 1.000000
1795.472000 1838.384000 1733.344000 785.660800 1.000000
1812.960000 2096.896000 1748.928000 963.324800 1.000000
1815.008000 1886.720000 1749.856000 831.646400 1.000000
1818.688000 1910.736000 1749.856000 857.905600 1.000000
1819.280000 2104.512000 1755.040000 973.307200 1.000000
1803.648000 1391.689600 1757.264000 323.971200 1.000000
1823.792000 1827.664000 1762.976000 774.809600 1.000000
1834.432000 1883.744000 1769.632000 833.598400 1.000000
1836.880000 1845.760000 1774.464000 793.576000 1.000000
1844.528000 1802.720000 1786.864000 746.747200 1.000000
1845.024000 1371.830400 1802.528000 299.422400 1.000000
1854.784000 1424.056000 1812.960000 365.993600 1.000000
1881.376000 2058.400000 1819.312000 937.889600 1.000000
1862.880000 1424.753600 1821.264000 365.592000 1.000000
1865.200000 1474.545600 1823.168000 418.971200 1.000000
1864.672000 1416.148800 1823.936000 356.595200 1.000000
1881.072000 1814.864000 1825.072000 762.777600 1.000000
1889.760000 1884.928000 1826.160000 837.451200 1.000000
1895.616000 1874.416000 1834.144000 829.412800 1.000000
1872.128000 1382.953600 1835.840000 318.598400 1.000000
1899.184000 2070.576000 1836.768000 948.968000 1.000000
1902.704000 1888.320000 1840.816000 844.672000 1.000000
1897.200000 1788.848000 1842.976000 736.416000 1.000000
1880.784000 1440.046400 1844.448000 382.865600 1.000000
1898.576000 1773.120000 1846.880000 719.028800 1.000000
1889.440000 1593.496000 1847.776000 516.732800 1.000000
1875.120000 1253.100800 1850.800000 149.816480 1.000000
1917.072000 1712.352000 1868.944000 648.428800 1.000000
1930.064000 1762.176000 1878.736000 708.016000 1.000000
1984.512000 2556.320000 1881.248000 1453.334400 1.000000
1959.840000 2186.976000 1887.200000 1076.100800 1.000000
1915.376000 1355.912000 1887.520000 287.716800 1.000000
1933.232000 1701.248000 1888.128000 637.097600 1.000000
1988.048000 2373.472000 1898.656000 1264.329600 1.000000
1955.888000 1761.744000 1907.040000 707.712000 1.000000
1955.952000 1717.456000 1911.760000 657.665600 1.000000
1970.544000 1895.248000 1912.400000 857.908800 1.000000
1971.712000 1880.288000 1913.664000 842.244800 1.000000
1961.216000 1738.816000 1915.152000 678.774400 1.000000
1991.648000 2176.992000 1921.872000 1068.184000 1.000000
1971.648000 1756.480000 1923.824000 702.104000 1.000000
1984.928000 1879.600000 1925.696000 842.816000 1.000000
1948.896000 1362.676800 1927.120000 299.648000 1.000000
1980.896000 1755.776000 1933.136000 700.492800 1.000000
1969.392000 1472.622400 1938.800000 424.950400 1.000000
2009.232000 1888.544000 1950.592000 855.276800 1.000000
2003.728000 1832.240000 1950.800000 794.416000 1.000000
1997.904000 1772.240000 1952.096000 726.211200 1.000000
1970.432000 1333.208000 1953.552000 264.820800 1.000000
2034.128000 2227.952000 1958.048000 1121.993600 1.000000
1989.024000 1514.188800 1960.784000 469.062400 1.000000
2007.952000 1484.860800 1982.944000 440.475200 1.000000
2006.144000 1394.427200 1988.016000 347.628800 1.000000
2010.688000 1460.428800 1989.008000 413.854400 1.000000
2008.336000 1404.156800 1989.888000 358.430400 1.000000
2060.304000 2152.784000 1991.728000 1047.371200 1.000000
2021.056000 1405.628800 2003.264000 361.040000 1.000000
2029.936000 1391.830400 2013.040000 347.187200 1.000000
2039.552000 1432.219200 2022.304000 393.387200 1.000000
2035.344000 1373.070400 2023.056000 322.032000 1.000000
2087.136000 2068.496000 2025.168000 976.060800 1.000000
2034.096000 1319.672000 2027.376000 254.470400 1.000000
2086.208000 1996.992000 2030.224000 903.161600 1.000000
2073.488000 1750.992000 2032.272000 709.945600 1.000000
2045.168000 1382.468800 2033.056000 336.185600 1.000000
2055.056000 1489.411200 2033.904000 449.528000 1.000000
2118.320000 2221.824000 2037.344000 1116.028800 1.000000
2109.056000 2157.424000 2039.056000 1055.316800 1.000000
2046.464000 1244.433600 2050.000000 157.940000 1.000000
2038.512000 1155.209600 2050.960000 42.971360 1.000000
2070.688000 1491.532800 2051.632000 452.907200 1.000000
2053.024000 1292.787200 2055.328000 223.019200 1.000000
2085.920000 1423.232000 2074.208000 388.715200 1.000000
2070.448000 1249.121600 2076.048000 168.236800 1.000000
2063.200000 1200.825600 2078.320000 104.084640 1.000000
2090.832000 1411.862400 2082.000000 375.316800 1.000000
2102.272000 1497.712000 2085.968000 462.491200 1.000000
2099.456000 1425.224000 2089.872000 390.190400 1.000000
2098.224000 1404.241600 2091.696000 366.387200 1.000000
2104.400000 1413.718400 2094.320000 377.729600 1.000000
2102.496000 1387.294400 2097.408000 347.016000 1.000000
2094.256000 1275.308800 2101.456000 202.379200 1.000000
2096.880000 1288.915200 2104.944000 218.521600 1.000000
2110.416000 1391.939200 2106.848000 353.329600 1.000000
2093.104000 1206.788800 2108.960000 114.585760 1.000000
2117.248000 1317.704000 2124.704000 260.665600 1.000000
2115.568000 1245.580800 2128.112000 171.811200 1.000000
2130.160000 1363.297600 2131.296000 322.112000 1.000000
2137.280000 1429.355200 2132.816000 397.017600 1.000000
2146.256000 1453.601600 2139.104000 424.585600 1.000000
2130.672000 1293.264000 2140.704000 229.747200 1.000000
2147.248000 1434.441600 2141.888000 405.251200 1.000000
2139.920000 1370.040000 2143.360000 327.769600 1.000000
2153.008000 1441.998400 2147.920000 413.334400 1.000000
2151.168000 1413.833600 2149.600000 380.680000 1.000000
2153.648000 1376.929600 2155.952000 339.464000 1.000000
2160.832000 1361.604800 2166.992000 323.616000 1.000000
2136.000000 1144.811200 2168.192000 39.567520 1.000000
2171.936000 1414.345600 2173.088000 383.267200 1.000000
2169.280000 1363.502400 2175.904000 324.681600 1.000000
2176.464000 1349.019200 2186.512000 306.628800 1.000000
2160.416000 1160.241600 2195.584000 61.959840 1.000000
2165.968000 1173.264000 2200.608000 77.593280 1.000000
2422.832000 2163.808000 2202.256000 1936.416000 1.000000
2175.296000 1222.846400 2204.272000 141.078240 1.000000
2484.016000 2190.976000 2256.848000 1972.080000 1.000000
2441.792000 1466.224000 2285.328000 1482.140800 1.000000
2436.240000 1435.820800 2286.080000 1451.560000 1.000000
2529.120000 2079.328000 2306.624000 1926.496000 1.000000
2538.416000 1190.961600 2426.016000 1263.798400 1.000000
2548.096000 1168.320000 2448.032000 1230.409600 1.000000
2582.992000 1790.704000 2487.760000 1616.720000 1.000000
2656.912000 1410.051200 2508.960000 1520.371200 1.000000
2724.000000 1527.856000 2517.520000 1702.672000 1.000000
2652.688000 1272.441600 2530.208000 1392.859200 1.000000
2649.840000 1199.876800 2540.064000 1318.044800 1.000000
2716.576000 1450.456000 2562.560000 1565.662400 1.000000
2700.096000 1302.350400 2572.416000 1431.443200 1.000000
2684.896000 1205.700800 2574.752000 1336.516800 1.000000
2679.504000 1156.625600 2578.304000 1287.313600 1.000000
2684.144000 1184.115200 2578.512000 1316.980800 1.000000
2695.472000 1241.816000 2579.408000 1373.737600 1.000000
2703.264000 1251.641600 2585.312000 1384.332800 1.000000
2694.256000 1157.902400 2593.552000 1293.622400 1.000000
2706.672000 1171.772800 2603.600000 1312.217600 1.000000
2713.360000 1210.864000 2603.760000 1349.881600 1.000000
2702.704000 1144.908800 2603.904000 1284.097600 1.000000
2713.824000 1179.240000 2609.248000 1321.088000 1.000000
2737.568000 1263.452800 2609.632000 1423.920000 1.000000
2710.512000 1138.190400 2613.952000 1280.288000 1.000000
2728.576000 1223.643200 2617.168000 1365.200000 1.000000
2726.096000 1194.566400 2619.408000 1339.428800 1.000000
2726.704000 1188.038400 2621.232000 1332.425600 1.000000
2731.328000 1202.227200 2624.080000 1346.664000 1.000000
2728.128000 1180.576000 2625.184000 1325.318400 1.000000
2732.496000 1195.321600 2626.432000 1340.316800 1.000000
2733.408000 1188.616000 2628.544000 1334.588800 1.000000
2742.272000 1215.620800 2633.328000 1362.059200 1.000000
2736.176000 1161.556800 2636.944000 1308.849600 1.000000
2743.232000 1184.808000 2641.552000 1331.012800 1.000000
2751.728000 1197.731200 2647.200000 1348.032000 1.000000
2753.408000 1190.660800 2648.688000 1342.268800 1.000000
2748.928000 1170.649600 2649.168000 1321.915200 1.000000
2745.632000 1149.812800 2650.112000 1299.652800 1.000000
2750.416000 1163.604800 2651.664000 1315.184000 1.000000
2754.288000 1185.190400 2651.824000 1336.635200 1.000000
2758.352000 1205.995200 2652.048000 1357.676800 1.000000
2758.368000 1198.505600 2652.528000 1350.737600 1.000000
2760.144000 1192.326400 2656.480000 1345.300800 1.000000
2760.432000 1184.857600 2657.376000 1338.680000 1.000000
2757.408000 1164.080000 2659.008000 1317.702400 1.000000
2762.912000 1171.993600 2662.608000 1327.040000 1.000000
2759.712000 1146.800000 2664.784000 1301.680000 1.000000
2763.792000 1165.232000 2665.664000 1320.756800 1.000000
2770.448000 1180.659200 2668.864000 1337.177600 1.000000
2765.488000 1151.478400 2670.144000 1307.828800 1.000000
2759.920000 1111.508800 2679.088000 1272.121600 1.000000
2847.536000 1046.889600 2774.656000 1259.110400 1.000000
2879.552000 1078.460800 2800.192000 1301.659200 1.000000
3629.584000 788.524800 3515.280000 906.532800 1.000000
