642.835200 731.230400 388.883200 2694.656000 1.000000
1890.464000 41.315040 1581.732800 1778.016000 1.000000
1990.960000 42.308160 1665.792000 1759.280000 1.000000
1960.928000 411.299200 1699.040000 2064.256000 1.000000
1931.184000 842.500800 1755.856000 2504.704000 1.000000
2112.528000 106.220640 1774.848000 1791.360000 1.000000
1970.400000 825.868800 1792.032000 2482.816000 1.000000
2160.528000 66.868480 1806.896000 1748.368000 1.000000
1995.520000 858.456000 1820.752000 2506.768000 1.000000
2170.112000 120.224800 1826.064000 1795.152000 1.000000
2004.496000 884.475200 1836.688000 2528.112000 1.000000
2013.264000 857.280000 1837.264000 2500.944000 1.000000
2009.024000 877.545600 1839.392000 2522.128000 1.000000
2076.544000 605.240000 1845.936000 2269.152000 1.000000
2213.696000 51.059520 1846.368000 1721.376000 1.000000
2101.328000 543.936000 1853.168000 2196.512000 1.000000
2217.792000 84.957760 1856.224000 1754.464000 1.000000
2210.768000 148.595840 1864.976000 1810.176000 1.000000
1979.104000 1095.971200 1867.664000 2864.272000 1.000000
2223.200000 129.422720 1869.680000 1791.024000 1.000000
2085.872000 699.400000 1871.328000 2364.976000 1.000000
2233.248000 99.080480 1873.200000 1764.416000 1.000000
2064.352000 795.240000 1875.216000 2444.416000 1.000000
2217.248000 179.414400 1877.696000 1837.840000 1.000000
2079.888000 781.990400 1888.752000 2430.704000 1.000000
2129.120000 595.180800 1891.440000 2243.104000 1.000000
2237.920000 189.889600 1896.752000 1842.832000 1.000000
2275.056000 52.397440 1896.992000 1712.400000 1.000000
2007.280000 1100.483200 1899.120000 2862.288000 1.000000
2089.008000 789.168000 1899.520000 2434.496000 1.000000
2276.464000 75.300640 1902.096000 1736.880000 1.000000
2263.904000 140.906560 1905.984000 1791.792000 1.000000
2061.824000 926.822400 1906.000000 2554.944000 1.000000
2222.384000 339.377600 1915.344000 1958.208000 1.000000
2008.528000 1142.592000 1915.616000 2911.760000 1.000000
2144.288000 641.776000 1920.096000 2296.496000 1.000000
2160.528000 614.848000 1925.072000 2261.152000 1.000000
2204.352000 481.648000 1932.432000 2094.112000 1.000000
2328.544000 83.171840 1946.752000 1732.768000 1.000000
2149.088000 773.408000 1953.584000 2410.400000 1.000000
2115.008000 916.227200 1954.144000 2529.232000 1.000000
2230.976000 481.920000 1956.128000 2087.936000 1.000000
2253.344000 428.251200 1960.880000 2033.680000 1.000000
2368.336000 18.932960 1961.728000 1665.936000 1.000000
2166.768000 742.131200 1964.368000 2381.760000 1.000000
2355.536000 113.743200 1974.464000 1757.280000 1.000000
2262.368000 452.675200 1975.600000 2055.120000 1.000000
2054.464000 1209.078400 1981.760000 2988.672000 1.000000
2327.536000 263.636800 1987.408000 1890.592000 1.000000
2315.744000 319.224000 1989.600000 1935.216000 1.000000
2201.120000 720.387200 1993.280000 2352.160000 1.000000
2281.440000 467.355200 1995.712000 2066.352000 1.000000
2091.072000 1150.145600 2005.184000 2898.576000 1.000000
2216.496000 733.985600 2009.984000 2364.928000 1.000000
2348.416000 300.318400 2012.352000 1916.496000 1.000000
2420.048000 77.292480 2016.496000 1710.064000 1.000000
2260.720000 613.308800 2018.224000 2236.736000 1.000000
2267.920000 600.099200 2020.864000 2221.024000 1.000000
2264.336000 634.563200 2025.712000 2257.184000 1.000000
2425.200000 106.952640 2028.608000 1735.536000 1.000000
2439.328000 70.008480 2028.976000 1699.856000 1.000000
2280.800000 622.403200 2036.880000 2238.784000 1.000000
2350.880000 415.886400 2039.120000 2010.624000 1.000000
2450.928000 83.386240 2042.048000 1709.456000 1.000000
2392.240000 286.956800 2044.144000 1899.664000 1.000000
2333.920000 475.324800 2044.672000 2063.344000 1.000000
2127.344000 1178.296000 2052.240000 2931.456000 1.000000
2366.736000 427.073600 2058.880000 2012.912000 1.000000
2452.720000 158.630880 2062.592000 1777.600000 1.000000
2366.528000 442.219200 2063.296000 2028.016000 1.000000
2366.352000 451.979200 2066.656000 2037.072000 1.000000
2318.544000 612.454400 2069.040000 2220.144000 1.000000
2327.776000 586.577600 2071.872000 2194.096000 1.000000
2465.328000 172.489600 2074.960000 1785.664000 1.000000
2506.864000 53.281920 2077.776000 1670.832000 1.000000
2307.760000 707.579200 2086.752000 2324.624000 1.000000
2178.640000 1118.118400 2088.128000 2834.320000 1.000000
2500.320000 122.636160 2089.696000 1735.808000 1.000000
2420.912000 368.459200 2090.688000 1958.768000 1.000000
2493.280000 143.805440 2091.424000 1756.128000 1.000000
2274.416000 833.648000 2091.776000 2439.168000 1.000000
2355.600000 574.635200 2092.272000 2174.064000 1.000000
2336.032000 649.385600 2096.384000 2252.656000 1.000000
2190.592000 1112.876800 2096.768000 2824.608000 1.000000
2404.752000 463.075200 2101.936000 2038.544000 1.000000
2336.048000 674.817600 2103.536000 2281.360000 1.000000
2261.056000 932.342400 2105.504000 2513.712000 1.000000
2265.776000 954.948800 2118.064000 2536.192000 1.000000
2402.160000 525.585600 2118.208000 2112.656000 1.000000
2262.304000 968.329600 2120.064000 2551.008000 1.000000
2430.288000 476.664000 2127.328000 2048.016000 1.000000
2305.120000 912.513600 2141.648000 2486.400000 1.000000
2300.656000 921.878400 2142.048000 2493.088000 1.000000
2460.400000 440.281600 2143.472000 2010.064000 1.000000
2427.664000 1231.548800 2203.872000 1140.080000 1.000000
2599.776000 1164.032000 2310.640000 1230.176000 1.000000
2623.088000 1147.553600 2322.480000 1207.032000 1.000000
2704.128000 1200.320000 2399.760000 1200.241600 1.000000
2713.360000 1210.864000 2410.832000 1203.225600 1.000000
2760.144000 1192.326400 2440.144000 1176.049600 1.000000
2725.728000 1311.291200 2462.496000 1305.374400 1.000000
2604.704000 1705.840000 2505.680000 1666.000000 1.000000
2629.184000 1607.712000 2514.144000 1750.224000 1.000000
2462.592000 2063.248000 2522.528000 2030.128000 1.000000
2724.000000 1527.856000 2585.856000 1747.360000 1.000000
2452.960000 2181.872000 2587.232000 2301.152000 1.000000
2720.080000 1695.776000 2622.528000 1802.528000 1.000000
2494.000000 2212.640000 2633.216000 2312.960000 1.000000
2495.760000 2200.848000 2643.600000 2295.408000 1.000000
2503.152000 2196.592000 2648.400000 2290.144000 1.000000
