707.976000 119.114240 500.560000 2845.456000 1.000000
2106.272000 99.565280 1856.784000 2505.376000 1.000000
2215.760000 125.004480 1959.408000 2503.008000 1.000000
2227.296000 463.601600 2091.360000 2829.840000 1.000000
2420.048000 77.292480 2112.576000 2392.896000 1.000000
2439.328000 70.008480 2125.408000 2377.760000 1.000000
2450.928000 83.386240 2139.392000 2388.448000 1.000000
2485.392000 170.556800 2203.696000 2476.864000 1.000000
2348.144000 470.504000 2209.280000 2803.536000 1.000000
2500.848000 189.022400 2223.808000 2489.568000 1.000000
2512.880000 188.635200 2235.616000 2485.328000 1.000000
2515.296000 204.769600 2240.032000 2501.136000 1.000000
2456.432000 377.921600 2267.776000 2681.872000 1.000000
2484.688000 466.494400 2330.208000 2756.736000 1.000000
2637.136000 1565.958400 2564.736000 1138.328000 1.000000
2581.424000 1792.704000 2599.296000 1210.372800 1.000000
2525.056000 2026.768000 2692.560000 1379.436800 1.000000
2503.152000 2196.592000 2804.416000 1541.828800 1.000000
1625.648000 2042.320000 3270.224000 163.640000 1.000000
