3.151664 2610.016000 2.700800 2184.576000 1.000000
4.747696 2367.952000 3.280912 1945.712000 1.000000
3.227824 2599.664000 3.492048 2174.224000 1.000000
9.666560 2572.848000 9.707520 2149.040000 1.000000
16.655200 2355.904000 14.856432 1932.736000 1.000000
23.849120 2416.848000 15.391152 1995.920000 1.000000
70.919360 1729.824000 17.542080 1361.132800 1.000000
27.310880 2403.120000 18.594560 1981.840000 1.000000
28.072480 2435.984000 19.377440 2013.696000 1.000000
22.039680 2683.872000 23.893440 2253.632000 1.000000
34.280640 2422.720000 24.453280 2000.096000 1.000000
78.881600 1717.840000 25.937920 1349.515200 1.000000
28.124640 2682.384000 30.343360 2253.952000 1.000000
85.321600 1709.424000 30.733920 1340.224000 1.000000
29.996000 2619.744000 31.260640 2195.072000 1.000000
40.855360 2420.704000 32.368640 1999.136000 1.000000
31.286560 2611.056000 33.324000 2185.920000 1.000000
90.796000 1801.552000 43.040160 1436.078400 1.000000
42.168960 2605.056000 44.217120 2180.960000 1.000000
46.823840 2593.264000 47.054080 2168.944000 1.000000
31.558720 2820.944000 48.594080 2385.312000 1.000000
98.620960 1815.280000 48.845440 1451.851200 1.000000
112.017280 1797.680000 62.919840 1432.192000 1.000000
60.893120 2687.584000 63.964800 2266.512000 1.000000
62.519840 2676.912000 64.908960 2256.432000 1.000000
63.822400 2694.192000 65.860960 2271.648000 1.000000
60.947840 2735.968000 66.948160 2308.048000 1.000000
64.252960 2679.904000 67.320800 2259.408000 1.000000
65.459840 2709.136000 67.975360 2284.976000 1.000000
70.171840 2584.240000 68.214880 2169.904000 1.000000
65.703200 2749.600000 73.856960 2321.424000 1.000000
127.959680 1698.272000 77.256480 1330.872000 1.000000
131.424640 1729.184000 79.596640 1362.248000 1.000000
76.444320 2718.144000 80.063840 2292.928000 1.000000
68.551360 2857.920000 80.828320 2421.504000 1.000000
135.415680 1720.432000 83.906240 1353.296000 1.000000
86.914560 2574.848000 84.208160 2167.488000 1.000000
100.113120 2377.104000 84.786880 1956.528000 1.000000
135.945920 1823.168000 85.641280 1458.158400 1.000000
96.836000 2567.360000 93.117440 2158.416000 1.000000
141.102080 1801.408000 94.052800 1437.363200 1.000000
104.216640 2563.872000 99.738400 2154.304000 1.000000
103.340320 2577.152000 100.116960 2167.088000 1.000000
118.519200 2578.736000 112.311040 2167.936000 1.000000
134.539200 2265.184000 115.100320 1869.136000 1.000000
168.844800 1753.040000 118.907360 1387.379200 1.000000
114.460320 2814.848000 122.098080 2384.928000 1.000000
126.168960 2546.800000 123.143520 2139.040000 1.000000
132.114240 2585.088000 127.952320 2175.664000 1.000000
139.790400 2464.384000 130.122400 2064.240000 1.000000
135.865440 2558.272000 130.591040 2150.352000 1.000000
120.928320 2794.176000 131.140160 2362.960000 1.000000
139.115040 2537.696000 133.096800 2130.864000 1.000000
136.067360 2577.968000 133.452640 2168.768000 1.000000
125.183840 2818.256000 134.396800 2384.688000 1.000000
142.470400 2564.128000 137.229760 2155.568000 1.000000
146.897280 2535.728000 141.075840 2126.848000 1.000000
147.945760 2557.184000 141.113440 2148.672000 1.000000
148.108320 2540.896000 141.602400 2133.648000 1.000000
154.796000 2551.056000 148.053600 2142.480000 1.000000
168.168000 2478.272000 154.653920 2085.168000 1.000000
163.761600 2601.696000 159.664000 2190.464000 1.000000
182.240000 2352.640000 167.910400 1961.488000 1.000000
185.955200 2334.736000 168.568000 1944.848000 1.000000
177.424000 2599.504000 173.545600 2190.704000 1.000000
197.448000 2208.896000 174.587200 1819.120000 1.000000
192.313600 2355.952000 175.473600 1965.568000 1.000000
201.427200 2338.656000 185.726400 1948.912000 1.000000
180.478400 2798.880000 185.817600 2377.184000 1.000000
213.409600 2204.384000 193.163200 1812.800000 1.000000
190.163200 2756.112000 194.545600 2331.376000 1.000000
207.064000 2455.312000 195.308800 2064.432000 1.000000
213.497600 2446.688000 201.059200 2057.920000 1.000000
218.048000 2374.912000 201.921600 1985.680000 1.000000
222.697600 2224.256000 202.204800 1834.128000 1.000000
196.328000 2739.856000 202.337600 2314.944000 1.000000
206.246400 2716.560000 207.403200 2294.256000 1.000000
220.238400 2447.760000 208.136000 2055.504000 1.000000
222.268800 2386.320000 208.680000 1997.312000 1.000000
230.875200 2239.872000 211.784000 1847.152000 1.000000
232.657600 2274.064000 216.001600 1882.224000 1.000000
242.289600 2725.920000 242.484800 2304.672000 1.000000
256.556800 2498.672000 249.326400 2105.984000 1.000000
266.894400 2503.552000 256.905600 2109.680000 1.000000
251.360000 2667.680000 256.936000 2252.720000 1.000000
268.190400 2482.336000 257.896000 2091.488000 1.000000
268.076800 2426.176000 260.971200 2032.752000 1.000000
272.392000 2499.328000 262.417600 2107.168000 1.000000
275.606400 2486.576000 263.347200 2094.976000 1.000000
283.281600 2302.240000 267.278400 1910.000000 1.000000
264.936000 2745.680000 268.171200 2323.744000 1.000000
278.030400 2798.128000 278.868800 2386.080000 1.000000
290.723200 2486.688000 282.176000 2097.184000 1.000000
280.675200 2689.520000 285.368000 2272.032000 1.000000
308.848000 2150.464000 286.137600 1751.424000 1.000000
306.016000 2271.376000 286.803200 1880.864000 1.000000
280.624000 2902.032000 286.897600 2483.056000 1.000000
283.252800 2668.576000 287.249600 2254.160000 1.000000
286.331200 2804.704000 287.692800 2391.664000 1.000000
285.366400 2819.328000 287.947200 2405.280000 1.000000
296.745600 2624.400000 292.878400 2218.736000 1.000000
295.115200 2829.984000 298.224000 2414.320000 1.000000
320.068800 2251.088000 301.392000 1862.560000 1.000000
306.561600 2627.200000 303.112000 2220.624000 1.000000
309.929600 2613.840000 306.033600 2204.912000 1.000000
327.816000 2207.520000 307.760000 1820.192000 1.000000
309.803200 2670.208000 310.211200 2255.984000 1.000000
331.052800 2229.504000 311.390400 1840.672000 1.000000
342.008000 2203.376000 320.396800 1814.304000 1.000000
323.040000 2626.352000 321.096000 2220.560000 1.000000
329.604800 2824.448000 331.088000 2414.784000 1.000000
336.880000 2760.464000 335.961600 2356.848000 1.000000
354.512000 2265.808000 336.092800 1876.688000 1.000000
362.406400 2143.088000 337.641600 1753.264000 1.000000
345.380800 2633.904000 341.060800 2235.328000 1.000000
340.718400 2860.080000 343.808000 2445.008000 1.000000
367.726400 2191.024000 348.747200 1805.488000 1.000000
344.419200 2896.224000 350.811200 2478.752000 1.000000
353.038400 2816.080000 354.131200 2407.712000 1.000000
361.185600 2633.472000 356.624000 2233.936000 1.000000
372.800000 2428.848000 360.601600 2040.816000 1.000000
367.145600 2558.912000 362.496000 2161.584000 1.000000
377.932800 2409.360000 364.435200 2021.216000 1.000000
378.750400 2358.000000 365.388800 1970.544000 1.000000
373.243200 2656.256000 368.761600 2257.968000 1.000000
366.332800 2857.168000 369.940800 2444.272000 1.000000
385.715200 2361.024000 370.608000 1974.224000 1.000000
364.177600 2878.896000 370.758400 2462.544000 1.000000
377.924800 2565.680000 371.139200 2167.520000 1.000000
383.825600 2424.032000 371.716800 2035.696000 1.000000
388.536000 2366.432000 373.921600 1979.408000 1.000000
390.948800 2355.472000 375.878400 1968.896000 1.000000
391.667200 2347.264000 376.505600 1959.696000 1.000000
377.225600 2654.464000 377.267200 2252.400000 1.000000
390.683200 2360.880000 377.592000 1974.416000 1.000000
392.534400 2381.040000 379.588800 1994.448000 1.000000
394.576000 2393.648000 381.384000 2006.656000 1.000000
394.091200 2416.384000 382.064000 2028.912000 1.000000
436.041600 1883.024000 384.144000 1521.620800 1.000000
474.099200 697.644800 385.390400 313.196800 1.000000
400.972800 2326.608000 386.316800 1941.312000 1.000000
400.750400 2362.016000 386.500800 1975.408000 1.000000
401.076800 2313.936000 386.940800 1927.680000 1.000000
405.465600 2291.968000 388.238400 1906.480000 1.000000
396.353600 2558.608000 388.616000 2162.208000 1.000000
406.356800 2246.576000 388.780800 1861.888000 1.000000
406.979200 2239.872000 389.035200 1854.368000 1.000000
404.987200 2336.176000 390.249600 1949.584000 1.000000
403.016000 2406.960000 390.424000 2019.888000 1.000000
396.744000 2566.448000 391.350400 2168.288000 1.000000
396.540800 2592.704000 391.510400 2190.688000 1.000000
404.851200 2400.624000 391.988800 2013.552000 1.000000
395.308800 2737.008000 395.222400 2335.536000 1.000000
414.081600 2252.512000 395.414400 1866.944000 1.000000
415.116800 2262.832000 396.456000 1877.136000 1.000000
410.657600 2380.336000 396.790400 1993.488000 1.000000
413.401600 2312.400000 398.705600 1925.472000 1.000000
489.054400 645.600000 398.710400 255.843200 1.000000
487.987200 654.467200 398.748800 267.528000 1.000000
398.403200 2725.056000 399.156800 2323.520000 1.000000
418.078400 2292.768000 401.380800 1907.040000 1.000000
418.286400 2276.528000 402.238400 1892.048000 1.000000
404.512000 2694.208000 402.454400 2292.512000 1.000000
403.196800 2726.384000 402.564800 2324.448000 1.000000
418.955200 2345.824000 403.297600 1958.832000 1.000000
493.048000 668.257600 403.859200 281.857600 1.000000
421.500800 2327.952000 405.507200 1942.192000 1.000000
425.235200 2292.768000 409.665600 1907.360000 1.000000
422.472000 2400.432000 410.211200 2014.448000 1.000000
426.622400 2308.064000 410.648000 1922.160000 1.000000
430.552000 2199.392000 410.792000 1814.144000 1.000000
428.643200 2284.528000 411.371200 1898.608000 1.000000
425.134400 2382.192000 413.356800 1994.864000 1.000000
441.147200 2063.808000 416.059200 1675.440000 1.000000
434.366400 2302.656000 418.593600 1917.168000 1.000000
435.500800 2274.736000 419.660800 1889.312000 1.000000
435.401600 2293.168000 419.676800 1907.952000 1.000000
438.428800 2246.800000 420.076800 1861.664000 1.000000
435.542400 2338.272000 421.200000 1951.984000 1.000000
425.302400 2614.656000 421.752000 2214.896000 1.000000
441.358400 2230.640000 422.232000 1845.184000 1.000000
439.931200 2230.544000 423.344000 1845.488000 1.000000
439.089600 2285.376000 423.472000 1899.840000 1.000000
441.331200 2256.640000 423.483200 1871.536000 1.000000
513.078400 702.385600 426.286400 319.179200 1.000000
447.752000 2248.032000 430.225600 1863.120000 1.000000
423.449600 2845.408000 430.942400 2415.264000 1.000000
447.449600 2287.280000 432.187200 1902.368000 1.000000
438.824000 2589.648000 434.473600 2190.672000 1.000000
455.539200 2214.688000 436.766400 1829.280000 1.000000
441.118400 2573.984000 437.736000 2176.544000 1.000000
457.035200 2265.088000 440.572800 1880.736000 1.000000
446.438400 2551.568000 441.620800 2158.656000 1.000000
526.728000 763.043200 443.158400 384.846400 1.000000
461.123200 2276.496000 444.304000 1891.472000 1.000000
530.115200 712.601600 445.592000 331.488000 1.000000
463.921600 2232.064000 446.128000 1846.400000 1.000000
531.422400 721.540800 446.193600 341.259200 1.000000
531.380800 738.062400 448.209600 358.227200 1.000000
531.819200 759.430400 448.368000 381.116800 1.000000
531.878400 755.217600 448.553600 376.099200 1.000000
538.480000 711.678400 454.406400 329.417600 1.000000
536.425600 773.440000 454.902400 395.307200 1.000000
540.155200 687.270400 458.828800 303.806400 1.000000
542.451200 772.222400 460.720000 393.649600 1.000000
551.022400 700.801600 466.729600 319.384000 1.000000
506.390400 2276.368000 491.614400 1891.840000 1.000000
578.046400 678.057600 496.265600 293.860800 1.000000
558.387200 1269.294400 499.988800 914.307200 1.000000
515.731200 2260.944000 500.592000 1881.008000 1.000000
523.105600 2237.888000 506.859200 1853.968000 1.000000
599.601600 684.558400 517.454400 301.776000 1.000000
596.966400 781.872000 518.964800 406.531200 1.000000
596.713600 790.657600 520.059200 414.680000 1.000000
599.059200 775.712000 520.680000 400.219200 1.000000
600.172800 751.200000 522.136000 374.824000 1.000000
603.643200 772.209600 525.560000 396.844800 1.000000
607.176000 693.784000 526.582400 311.188800 1.000000
566.542400 1812.832000 530.638400 1461.419200 1.000000
612.608000 777.883200 535.022400 402.636800 1.000000
524.241600 2815.152000 539.272000 2345.824000 1.000000
619.526400 769.646400 542.812800 395.328000 1.000000
581.590400 1780.624000 544.094400 1427.492800 1.000000
585.484800 1799.776000 547.182400 1447.355200 1.000000
603.400000 1334.144000 548.718400 983.556800 1.000000
608.056000 1314.513600 549.646400 961.950400 1.000000
609.052800 1376.291200 554.433600 1027.412800 1.000000
597.196800 1831.008000 561.996800 1480.385600 1.000000
642.835200 731.230400 566.560000 355.257600 1.000000
643.344000 742.683200 566.779200 367.668800 1.000000
588.008000 2102.800000 566.889600 1721.920000 1.000000
600.601600 1875.168000 567.609600 1523.616000 1.000000
624.784000 1301.860800 569.393600 951.100800 1.000000
647.129600 724.822400 569.475200 345.526400 1.000000
584.928000 2379.776000 571.646400 2002.048000 1.000000
606.787200 1880.976000 574.371200 1528.491200 1.000000
608.832000 1845.616000 574.947200 1495.936000 1.000000
596.062400 2071.936000 575.195200 1690.336000 1.000000
590.505600 2362.832000 576.657600 1982.256000 1.000000
614.369600 1810.048000 578.494400 1460.892800 1.000000
642.188800 1310.305600 587.262400 960.448000 1.000000
593.900800 2981.536000 593.558400 2588.736000 1.000000
655.043200 1296.313600 597.059200 944.028800 1.000000
648.305600 1386.544000 597.358400 1038.584000 1.000000
631.236800 1827.264000 598.632000 1478.680000 1.000000
618.406400 2148.368000 599.670400 1769.328000 1.000000
661.161600 1382.384000 609.017600 1036.113600 1.000000
662.627200 1350.273600 609.916800 1005.236800 1.000000
646.432000 1831.104000 613.027200 1482.438400 1.000000
652.416000 1817.984000 617.616000 1468.305600 1.000000
638.339200 2144.288000 618.208000 1768.288000 1.000000
672.216000 1307.288000 618.448000 957.644800 1.000000
656.864000 1807.872000 621.686400 1458.643200 1.000000
643.608000 2148.432000 624.139200 1771.168000 1.000000
643.049600 2117.888000 624.793600 1737.216000 1.000000
642.904000 2131.296000 626.259200 1751.408000 1.000000
650.668800 2141.440000 630.857600 1764.432000 1.000000
607.422400 2788.640000 642.574400 2214.064000 1.000000
664.676800 2131.456000 648.369600 1752.928000 1.000000
696.948800 1850.896000 664.411200 1499.411200 1.000000
697.948800 1817.136000 666.865600 1471.065600 1.000000
693.619200 2140.960000 674.681600 1764.624000 1.000000
702.195200 2345.680000 693.731200 1947.696000 1.000000
727.907200 2214.176000 710.732800 1843.568000 1.000000
727.041600 2256.032000 711.070400 1882.208000 1.000000
734.156800 2204.736000 716.331200 1832.144000 1.000000
745.819200 2171.024000 727.833600 1797.568000 1.000000
743.361600 2616.672000 736.361600 2201.856000 1.000000
759.569600 2600.160000 755.065600 2191.792000 1.000000
779.521600 2193.008000 762.254400 1821.024000 1.000000
768.544000 2658.432000 768.355200 2242.384000 1.000000
779.601600 2559.376000 777.310400 2150.992000 1.000000
802.745600 2305.312000 784.969600 1932.800000 1.000000
821.534400 2289.760000 808.070400 1920.800000 1.000000
639.734400 2609.328000 812.427200 2436.400000 1.000000
843.166400 2342.176000 829.800000 1970.528000 1.000000
842.764800 2359.408000 830.190400 1987.232000 1.000000
838.744000 2822.464000 830.740800 2441.296000 1.000000
848.724800 2322.944000 834.028800 1952.848000 1.000000
853.164800 2351.248000 838.779200 1979.728000 1.000000
857.673600 2185.680000 839.691200 1815.536000 1.000000
907.065600 733.507200 850.420800 364.825600 1.000000
865.688000 2306.880000 850.664000 1936.464000 1.000000
894.464000 2166.192000 876.795200 1796.560000 1.000000
910.472000 2166.976000 892.307200 1798.224000 1.000000
910.638400 2205.936000 893.972800 1837.168000 1.000000
919.008000 2149.200000 901.571200 1778.928000 1.000000
922.444800 2363.248000 908.561600 2000.032000 1.000000
946.809600 2194.976000 929.387200 1829.984000 1.000000
949.571200 2157.600000 932.104000 1789.952000 1.000000
946.412800 2722.864000 935.323200 2335.776000 1.000000
948.880000 2056.176000 955.214400 1683.344000 1.000000
1042.035200 1372.929600 1008.604800 1042.128000 1.000000
1040.680000 1879.728000 1014.828800 1542.713600 1.000000
1065.209600 1373.446400 1032.289600 1041.190400 1.000000
1072.574400 1379.766400 1040.768000 1047.676800 1.000000
1084.739200 671.033600 1042.852800 298.670400 1.000000
1062.038400 2867.664000 1043.390400 2535.120000 1.000000
1094.184000 777.004800 1050.915200 416.905600 1.000000
1035.566400 2973.568000 1060.096000 2763.600000 1.000000
1099.806400 797.188800 1063.668800 444.072000 1.000000
1109.712000 807.809600 1070.571200 450.678400 1.000000
1094.449600 1858.784000 1071.256000 1523.435200 1.000000
1114.809600 1870.768000 1091.283200 1536.308800 1.000000
1137.718400 798.188800 1100.241600 441.220800 1.000000
1141.708800 766.739200 1106.740800 411.422400 1.000000
1143.633600 1383.136000 1114.364800 1054.048000 1.000000
1142.214400 1821.488000 1118.238400 1488.014400 1.000000
1146.257600 1813.168000 1123.604800 1479.776000 1.000000
1151.024000 1763.136000 1127.654400 1428.236800 1.000000
1157.587200 1373.259200 1128.022400 1045.246400 1.000000
1151.662400 1840.784000 1128.748800 1508.068800 1.000000
1166.737600 789.972800 1129.275200 439.267200 1.000000
1160.340800 1825.936000 1137.843200 1491.659200 1.000000
1177.792000 1256.427200 1148.428800 920.232000 1.000000
1172.334400 1829.184000 1148.587200 1497.696000 1.000000
1176.168000 1801.568000 1153.171200 1467.728000 1.000000
1186.964800 1279.544000 1157.662400 943.838400 1.000000
1180.505600 1853.632000 1159.432000 1522.769600 1.000000
1187.987200 1252.172800 1159.440000 915.641600 1.000000
1196.484800 778.353600 1162.603200 422.729600 1.000000
1196.768000 665.854400 1163.022400 294.275200 1.000000
1201.401600 652.696000 1166.289600 279.492800 1.000000
1208.024000 646.936000 1174.590400 273.568000 1.000000
1199.436800 1836.048000 1175.174400 1505.192000 1.000000
1203.918400 1867.680000 1181.038400 1535.424000 1.000000
1204.472000 1764.864000 1181.707200 1431.481600 1.000000
1216.963200 714.931200 1184.502400 352.059200 1.000000
1218.211200 1372.577600 1191.276800 1045.062400 1.000000
1216.572800 1820.832000 1194.790400 1489.380800 1.000000
1223.062400 1368.443200 1196.540800 1041.219200 1.000000
1217.553600 1841.568000 1196.846400 1510.462400 1.000000
1219.468800 1813.344000 1198.564800 1481.668800 1.000000
1219.667200 1861.248000 1199.134400 1529.875200 1.000000
1230.460800 1357.584000 1203.497600 1029.988800 1.000000
1230.736000 1802.944000 1208.704000 1470.811200 1.000000
1232.086400 2516.976000 1214.884800 2156.272000 1.000000
1245.448000 1255.004800 1220.052800 920.636800 1.000000
1249.852800 1354.934400 1223.664000 1028.764800 1.000000
1250.505600 1247.195200 1224.116800 911.284800 1.000000
1244.587200 2527.616000 1227.704000 2167.216000 1.000000
1246.433600 2551.664000 1229.396800 2189.392000 1.000000
1260.113600 724.795200 1230.307200 365.875200 1.000000
1248.230400 2360.672000 1230.438400 2004.592000 1.000000
1264.387200 690.044800 1237.544000 324.419200 1.000000
1255.131200 2340.352000 1239.811200 1983.408000 1.000000
1260.804800 2525.456000 1242.392000 2165.616000 1.000000
1274.108800 776.974400 1247.145600 424.832000 1.000000
1274.867200 711.472000 1247.846400 349.740800 1.000000
1268.435200 2344.128000 1251.254400 1988.752000 1.000000
1271.499200 2354.352000 1253.046400 1999.152000 1.000000
1278.422400 1296.257600 1254.156800 964.860800 1.000000
1275.880000 2386.672000 1256.974400 2030.192000 1.000000
1278.176000 2550.336000 1259.670400 2186.800000 1.000000
1287.614400 751.713600 1263.102400 396.272000 1.000000
1292.396800 805.137600 1264.848000 454.904000 1.000000
1293.395200 762.764800 1267.795200 408.528000 1.000000
1303.019200 2493.600000 1280.918400 2138.992000 1.000000
1307.660800 713.937600 1282.321600 353.012800 1.000000
1314.136000 759.428800 1289.705600 405.430400 1.000000
1415.425600 1844.880000 1397.566400 1519.521600 1.000000
1427.222400 844.457600 1411.089600 503.619200 1.000000
1451.046400 2126.688000 1435.089600 1773.760000 1.000000
1474.742400 2788.832000 1449.288000 2419.136000 1.000000
1475.259200 2480.816000 1452.774400 2124.976000 1.000000
1481.990400 2587.488000 1458.968000 2230.192000 1.000000
1493.196800 2763.408000 1468.297600 2397.376000 1.000000
1492.907200 2773.312000 1469.004800 2405.456000 1.000000
1493.873600 2499.920000 1472.334400 2146.144000 1.000000
1503.144000 2730.224000 1477.777600 2366.272000 1.000000
1505.592000 2554.896000 1482.707200 2199.600000 1.000000
1507.928000 2611.104000 1484.188800 2253.392000 1.000000
1508.502400 2565.280000 1484.923200 2208.976000 1.000000
1516.281600 2694.448000 1489.014400 2331.472000 1.000000
1516.916800 2572.016000 1492.635200 2215.552000 1.000000
1524.344000 2610.912000 1502.084800 2255.280000 1.000000
1528.705600 2783.360000 1503.835200 2416.096000 1.000000
1529.504000 2605.392000 1506.008000 2249.440000 1.000000
1535.204800 2731.824000 1506.678400 2369.056000 1.000000
1531.123200 2542.192000 1507.208000 2186.800000 1.000000
1539.702400 2741.424000 1513.537600 2378.048000 1.000000
1560.940800 1815.808000 1542.368000 1494.870400 1.000000
1574.619200 2722.352000 1546.598400 2361.536000 1.000000
1582.230400 2141.136000 1568.198400 1790.416000 1.000000
1586.512000 1862.496000 1569.614400 1543.089600 1.000000
1592.944000 724.337600 1590.152000 373.752000 1.000000
1606.512000 1345.046400 1596.409600 1028.332800 1.000000
1683.200000 2140.576000 1611.360000 1790.144000 1.000000
1655.728000 1328.910400 1648.688000 1011.454400 1.000000
1673.472000 1340.980800 1666.912000 1028.449600 1.000000
1677.120000 1380.027200 1669.728000 1067.270400 1.000000
1701.680000 2497.744000 1674.144000 2147.360000 1.000000
1672.208000 775.105600 1674.704000 433.235200 1.000000
1692.960000 1552.536000 1681.488000 1238.646400 1.000000
1678.656000 758.297600 1682.480000 415.193600 1.000000
1699.360000 1865.840000 1683.728000 1549.219200 1.000000
1708.384000 1782.128000 1694.848000 1465.982400 1.000000
1710.288000 2139.840000 1702.096000 1793.600000 1.000000
1700.256000 785.492800 1705.568000 447.816000 1.000000
1742.656000 2393.120000 1717.056000 2044.928000 1.000000
1739.344000 1858.448000 1725.136000 1542.334400 1.000000
1748.112000 1890.784000 1732.848000 1575.011200 1.000000
1748.176000 1420.731200 1742.432000 1114.627200 1.000000
1761.696000 1892.512000 1745.728000 1576.726400 1.000000
1765.552000 1848.928000 1749.312000 1534.438400 1.000000
1764.784000 1835.056000 1750.464000 1521.236800 1.000000
1766.624000 1563.612800 1759.024000 1247.516800 1.000000
1775.296000 1855.904000 1759.680000 1541.977600 1.000000
1773.600000 1703.088000 1762.784000 1386.033600 1.000000
1782.192000 1713.440000 1770.848000 1397.283200 1.000000
1786.752000 1908.624000 1771.424000 1593.937600 1.000000
1779.120000 1463.468800 1772.928000 1157.542400 1.000000
1787.760000 1818.368000 1774.176000 1503.312000 1.000000
1766.848000 795.584000 1775.520000 460.600000 1.000000
1799.952000 2080.000000 1781.920000 1730.080000 1.000000
1799.040000 1904.928000 1783.232000 1590.302400 1.000000
1798.480000 1886.288000 1785.104000 1569.843200 1.000000
1805.056000 1851.968000 1792.160000 1540.155200 1.000000
1810.704000 1832.064000 1795.984000 1516.315200 1.000000
1803.648000 1391.689600 1800.256000 1085.230400 1.000000
1803.328000 1085.388800 1808.512000 760.756800 1.000000
1823.792000 1827.664000 1811.408000 1517.212800 1.000000
1827.568000 1917.776000 1811.808000 1602.224000 1.000000
1823.248000 1384.904000 1819.200000 1079.416000 1.000000
1834.432000 1883.744000 1819.696000 1570.488000 1.000000
1830.992000 1577.705600 1822.992000 1261.568000 1.000000
1836.880000 1845.760000 1824.272000 1532.675200 1.000000
1842.016000 1812.752000 1828.224000 1500.534400 1.000000
1834.768000 1517.904000 1829.232000 1211.577600 1.000000
1845.024000 1371.830400 1842.960000 1064.878400 1.000000
1846.048000 1421.992000 1843.616000 1118.187200 1.000000
1852.320000 1586.545600 1845.264000 1272.403200 1.000000
1851.040000 1539.465600 1846.256000 1231.777600 1.000000
1855.888000 1510.657600 1850.608000 1203.385600 1.000000
1854.784000 1424.056000 1852.080000 1119.908800 1.000000
1853.904000 1372.689600 1853.728000 1067.169600 1.000000
1862.416000 1601.120000 1856.384000 1285.990400 1.000000
1862.880000 1424.753600 1860.160000 1120.328000 1.000000
1867.552000 1616.112000 1860.448000 1301.400000 1.000000
1881.376000 2058.400000 1862.160000 1716.736000 1.000000
1862.352000 1265.988800 1863.904000 953.240000 1.000000
1870.096000 1409.299200 1868.448000 1105.705600 1.000000
1870.816000 1362.907200 1870.128000 1058.556800 1.000000
1883.616000 1774.048000 1873.440000 1462.828800 1.000000
1891.296000 1865.984000 1877.264000 1553.928000 1.000000
1882.272000 1577.683200 1880.080000 1262.803200 1.000000
1899.184000 2070.576000 1880.112000 1727.040000 1.000000
1880.784000 1440.046400 1880.576000 1134.665600 1.000000
1895.616000 1874.416000 1881.776000 1563.204800 1.000000
1889.440000 1593.496000 1883.904000 1279.118400 1.000000
1897.200000 1788.848000 1886.512000 1478.340800 1.000000
1898.576000 1773.120000 1887.408000 1461.086400 1.000000
1894.832000 1577.851200 1888.944000 1264.172800 1.000000
1907.376000 2035.936000 1890.304000 1693.872000 1.000000
1893.168000 1395.475200 1891.584000 1092.788800 1.000000
1893.760000 1378.027200 1892.080000 1073.380800 1.000000
1898.928000 1604.592000 1892.432000 1291.081600 1.000000
1894.096000 1345.012800 1895.376000 1034.006400 1.000000
1911.712000 1863.632000 1897.792000 1553.432000 1.000000
1878.464000 759.379200 1898.304000 421.353600 1.000000
1899.504000 1402.572800 1898.816000 1099.057600 1.000000
1902.160000 1368.750400 1902.656000 1066.520000 1.000000
1926.416000 2159.680000 1904.464000 1816.992000 1.000000
1907.360000 1431.209600 1905.008000 1130.481600 1.000000
1919.776000 1746.256000 1910.864000 1434.072000 1.000000
1904.208000 1064.542400 1914.848000 742.817600 1.000000
1928.528000 1769.280000 1916.496000 1456.988800 1.000000
1930.064000 1762.176000 1918.528000 1450.408000 1.000000
1924.208000 1394.350400 1925.216000 1092.787200 1.000000
1927.136000 1379.609600 1929.024000 1074.715200 1.000000
1936.560000 1688.672000 1929.056000 1377.483200 1.000000
1931.552000 1396.715200 1931.968000 1093.907200 1.000000
1941.408000 1679.248000 1932.336000 1365.816000 1.000000
1937.792000 1582.593600 1933.808000 1272.249600 1.000000
1942.736000 1708.768000 1934.448000 1397.265600 1.000000
1959.840000 2186.976000 1936.192000 1844.160000 1.000000
1935.600000 1449.566400 1936.336000 1147.824000 1.000000
1937.376000 1380.961600 1937.936000 1080.339200 1.000000
1960.656000 2175.040000 1938.336000 1833.488000 1.000000
1928.768000 1052.262400 1939.264000 730.785600 1.000000
1946.384000 1567.766400 1942.080000 1258.126400 1.000000
1955.888000 1761.744000 1945.936000 1450.891200 1.000000
1955.952000 1717.456000 1947.920000 1405.712000 1.000000
1972.800000 2195.584000 1948.960000 1853.104000 1.000000
1990.224000 2508.704000 1954.816000 2160.864000 1.000000
1970.544000 1895.248000 1956.288000 1586.040000 1.000000
1964.576000 1692.688000 1956.912000 1381.043200 1.000000
1988.048000 2373.472000 1957.344000 2026.720000 1.000000
1967.712000 1673.984000 1960.304000 1362.225600 1.000000
1960.336000 1409.204800 1963.024000 1108.132800 1.000000
1941.216000 834.324800 1963.440000 511.257600 1.000000
1991.648000 2176.992000 1965.904000 1835.328000 1.000000
1990.080000 2187.072000 1966.064000 1845.248000 1.000000
1950.400000 987.168000 1966.144000 674.334400 1.000000
1966.816000 1430.555200 1969.184000 1126.881600 1.000000
1969.392000 1472.622400 1969.216000 1170.265600 1.000000
1984.928000 1879.600000 1969.952000 1572.700800 1.000000
1953.152000 887.184000 1972.688000 569.582400 1.000000
1981.216000 1679.200000 1974.592000 1367.843200 1.000000
1964.288000 1062.708800 1978.672000 744.097600 1.000000
1948.608000 563.236800 1979.248000 206.222400 1.000000
1982.960000 1530.492800 1980.576000 1228.158400 1.000000
1974.592000 1235.721600 1983.472000 928.897600 1.000000
1961.376000 819.433600 1983.648000 493.233600 1.000000
1980.768000 1336.828800 1984.016000 1033.467200 1.000000
1998.880000 1898.624000 1984.080000 1588.169600 1.000000
1982.496000 1476.596800 1984.288000 1173.875200 1.000000
1964.288000 882.171200 1985.024000 564.768000 1.000000
1989.024000 1514.188800 1987.904000 1212.099200 1.000000
2002.832000 1879.984000 1988.944000 1572.017600 1.000000
1996.096000 1669.120000 1989.824000 1357.753600 1.000000
1976.160000 1070.859200 1991.728000 750.748800 1.000000
2003.728000 1832.240000 1991.984000 1524.750400 1.000000
1997.712000 1557.225600 1992.336000 1251.771200 1.000000
1979.104000 1095.971200 1992.432000 777.832000 1.000000
1996.848000 1503.670400 1995.232000 1201.640000 1.000000
1996.672000 1457.875200 1996.240000 1157.216000 1.000000
2015.248000 1895.504000 2001.360000 1587.545600 1.000000
1981.008000 877.080000 2001.536000 559.910400 1.000000
2014.480000 1839.200000 2004.000000 1532.182400 1.000000
2006.272000 1546.363200 2005.056000 1243.147200 1.000000
2007.952000 1484.860800 2006.416000 1184.691200 1.000000
2028.976000 2110.528000 2006.880000 1771.136000 1.000000
2009.744000 1535.945600 2007.280000 1233.678400 1.000000
2022.400000 1924.656000 2007.808000 1614.336000 1.000000
2034.128000 2227.952000 2007.888000 1889.568000 1.000000
1992.624000 1058.814400 2008.064000 739.523200 1.000000
2006.144000 1394.427200 2010.144000 1095.292800 1.000000
1996.000000 1104.854400 2011.936000 788.134400 1.000000
2008.336000 1404.156800 2012.400000 1105.400000 1.000000
2031.456000 2080.640000 2012.784000 1742.048000 1.000000
2019.760000 1660.000000 2013.776000 1351.264000 1.000000
1991.328000 878.612800 2014.704000 561.214400 1.000000
2027.456000 1838.112000 2014.848000 1530.710400 1.000000
2030.768000 1897.248000 2015.456000 1590.044800 1.000000
2019.440000 1589.169600 2015.744000 1280.876800 1.000000
1980.432000 567.444800 2015.984000 211.881600 1.000000
2046.272000 2176.736000 2018.544000 1837.248000 1.000000
1981.952000 491.334400 2020.144000 132.101920 1.000000
1988.560000 633.483200 2020.800000 283.638400 1.000000
2033.488000 1862.576000 2020.928000 1555.580800 1.000000
2028.576000 1682.144000 2022.112000 1372.552000 1.000000
2007.280000 1100.483200 2022.656000 785.499200 1.000000
1983.248000 403.920000 2024.144000 40.163040 1.000000
2021.056000 1405.628800 2024.960000 1107.217600 1.000000
2004.496000 884.475200 2026.304000 568.380800 1.000000
2011.152000 1085.620800 2026.560000 768.684800 1.000000
2024.336000 1433.808000 2027.600000 1136.544000 1.000000
1990.032000 448.712000 2029.552000 87.006240 1.000000
2055.936000 2178.496000 2029.552000 1837.792000 1.000000
1999.824000 670.910400 2032.752000 322.323200 1.000000
2045.072000 1907.552000 2033.168000 1598.380800 1.000000
2029.936000 1391.830400 2034.176000 1093.180800 1.000000
1996.112000 494.811200 2035.136000 136.439840 1.000000
2035.136000 1518.427200 2035.168000 1216.017600 1.000000
2013.264000 857.280000 2035.344000 537.936000 1.000000
2048.992000 1830.928000 2035.760000 1520.964800 1.000000
2026.448000 1258.796800 2036.064000 951.843200 1.000000
2060.304000 2152.784000 2036.080000 1812.304000 1.000000
2010.976000 826.451200 2036.416000 502.054400 1.000000
2014.672000 909.328000 2037.472000 595.574400 1.000000
2015.408000 897.284800 2038.304000 582.948800 1.000000
2064.944000 2187.056000 2039.040000 1847.824000 1.000000
2041.392000 1584.000000 2039.488000 1276.465600 1.000000
2017.312000 890.465600 2041.296000 573.694400 1.000000
2034.096000 1319.672000 2041.456000 1016.624000 1.000000
2037.856000 1223.724800 2049.696000 913.987200 1.000000
2036.544000 1205.854400 2050.464000 895.803200 1.000000
2045.168000 1382.468800 2050.768000 1083.371200 1.000000
2055.616000 1599.584000 2052.080000 1291.011200 1.000000
2028.144000 871.707200 2052.448000 555.036800 1.000000
2038.512000 1155.209600 2053.440000 841.041600 1.000000
2055.056000 1489.411200 2054.896000 1191.105600 1.000000
2046.464000 1244.433600 2057.328000 936.968000 1.000000
2059.840000 1455.406400 2062.784000 1156.649600 1.000000
2053.104000 1280.473600 2064.432000 976.550400 1.000000
2053.024000 1292.787200 2064.496000 989.062400 1.000000
2074.384000 1737.552000 2066.304000 1428.918400 1.000000
2087.136000 2068.496000 2066.688000 1734.736000 1.000000
2054.464000 1209.078400 2066.880000 898.836800 1.000000
2026.624000 483.204800 2067.584000 124.217120 1.000000
2042.064000 822.913600 2069.872000 498.924800 1.000000
2070.688000 1491.532800 2072.912000 1191.934400 1.000000
2045.072000 803.956800 2074.224000 478.556800 1.000000
2083.104000 1740.912000 2074.816000 1434.488000 1.000000
2065.296000 1298.128000 2074.992000 994.809600 1.000000
2048.640000 837.246400 2076.736000 519.532800 1.000000
2063.200000 1200.825600 2076.960000 890.521600 1.000000
2069.392000 1369.252800 2077.008000 1070.099200 1.000000
2050.144000 822.174400 2079.248000 496.972800 1.000000
2037.152000 470.409600 2079.712000 112.519840 1.000000
2068.128000 1235.308800 2080.112000 927.409600 1.000000
2065.984000 1055.505600 2081.568000 742.412800 1.000000
2070.448000 1249.121600 2082.176000 942.206400 1.000000
2109.056000 2157.424000 2083.328000 1820.224000 1.000000
2061.824000 926.822400 2085.664000 616.800000 1.000000
2074.272000 1243.368000 2087.120000 935.715200 1.000000
2071.328000 1074.059200 2088.448000 758.536000 1.000000
2084.672000 1406.016000 2088.512000 1109.444800 1.000000
2075.264000 1197.739200 2089.264000 885.729600 1.000000
2118.320000 2221.824000 2089.296000 1883.456000 1.000000
2085.920000 1423.232000 2090.304000 1129.780800 1.000000
2078.304000 1180.747200 2092.912000 870.585600 1.000000
2075.600000 1066.436800 2093.232000 752.065600 1.000000
2068.656000 958.492800 2093.616000 649.950400 1.000000
2064.352000 795.240000 2095.600000 468.676800 1.000000
2085.920000 1250.305600 2097.952000 944.260800 1.000000
2097.072000 1533.772800 2098.400000 1233.062400 1.000000
2074.560000 890.078400 2102.080000 577.713600 1.000000
2102.272000 1497.712000 2103.984000 1199.731200 1.000000
2094.256000 1275.308800 2104.576000 971.273600 1.000000
2104.256000 1559.708800 2105.344000 1257.097600 1.000000
2099.456000 1425.224000 2105.616000 1132.192000 1.000000
2093.104000 1206.788800 2106.256000 899.180800 1.000000
2106.192000 1527.908800 2106.704000 1227.193600 1.000000
2096.880000 1288.915200 2108.112000 985.571200 1.000000
2102.496000 1387.294400 2108.928000 1090.817600 1.000000
2091.072000 1150.145600 2109.120000 835.664000 1.000000
2063.776000 466.572800 2109.632000 111.089600 1.000000
2104.400000 1413.718400 2111.072000 1117.289600 1.000000
2096.000000 1166.745600 2111.248000 855.936000 1.000000
2093.024000 1057.496000 2112.064000 745.984000 1.000000
2110.464000 1404.963200 2117.216000 1109.060800 1.000000
2078.816000 529.393600 2122.320000 175.123200 1.000000
2085.872000 699.400000 2124.960000 360.542400 1.000000
2118.192000 1416.302400 2125.072000 1120.648000 1.000000
2126.672000 1552.272000 2125.200000 1251.374400 1.000000
2124.752000 1525.726400 2125.648000 1227.388800 1.000000
2108.656000 1143.657600 2126.208000 833.478400 1.000000
2115.568000 1245.580800 2128.288000 944.929600 1.000000
2113.840000 1266.571200 2128.592000 964.806400 1.000000
2083.344000 454.360000 2132.096000 98.012960 1.000000
2105.040000 1002.457600 2133.504000 697.003200 1.000000
2122.064000 1309.729600 2133.792000 1009.064000 1.000000
2186.816000 2756.352000 2133.984000 2409.232000 1.000000
2135.856000 1440.856000 2140.688000 1146.022400 1.000000
2130.672000 1293.264000 2143.072000 992.563200 1.000000
2127.344000 1178.296000 2144.384000 869.124800 1.000000
2115.008000 916.227200 2145.280000 606.480000 1.000000
2100.416000 517.478400 2145.424000 164.979200 1.000000
2101.328000 543.936000 2145.984000 192.238400 1.000000
2142.480000 1480.630400 2146.512000 1183.049600 1.000000
2119.152000 943.475200 2147.008000 637.228800 1.000000
2139.920000 1370.040000 2149.984000 1072.163200 1.000000
2146.256000 1453.601600 2151.632000 1158.937600 1.000000
2147.248000 1434.441600 2153.104000 1140.089600 1.000000
2148.880000 1469.497600 2153.472000 1173.886400 1.000000
2136.000000 1144.811200 2153.552000 835.219200 1.000000
2145.488000 1385.112000 2153.552000 1090.094400 1.000000
2147.648000 1404.886400 2154.608000 1109.280000 1.000000
2123.600000 852.785600 2155.472000 537.572800 1.000000
2124.688000 861.452800 2155.936000 546.120000 1.000000
2151.168000 1413.833600 2158.304000 1118.713600 1.000000
2153.104000 1391.107200 2161.456000 1096.102400 1.000000
2153.008000 1356.086400 2162.768000 1059.777600 1.000000
2116.784000 568.310400 2163.152000 217.545600 1.000000
2134.864000 940.140800 2163.952000 635.492800 1.000000
2140.400000 967.774400 2167.808000 663.057600 1.000000
2160.832000 1361.604800 2169.808000 1065.731200 1.000000
2221.168000 2650.608000 2171.200000 2311.216000 1.000000
2129.120000 595.180800 2174.528000 245.854400 1.000000
2165.936000 1372.644800 2174.896000 1077.867200 1.000000
2166.368000 1348.424000 2176.032000 1052.400000 1.000000
2158.144000 1177.008000 2176.672000 868.441600 1.000000
2150.208000 1021.632000 2177.600000 717.006400 1.000000
2169.280000 1363.502400 2179.152000 1068.966400 1.000000
2145.936000 864.257600 2179.920000 550.086400 1.000000
2164.208000 1251.934400 2180.096000 947.595200 1.000000
2156.896000 1078.803200 2180.576000 768.779200 1.000000
2131.456000 499.768000 2180.816000 148.267840 1.000000
2149.056000 856.432000 2181.248000 541.264000 1.000000
2165.968000 1173.264000 2185.488000 864.158400 1.000000
2135.024000 472.372800 2187.136000 120.078240 1.000000
2176.464000 1349.019200 2187.136000 1053.211200 1.000000
2144.288000 641.776000 2188.944000 299.483200 1.000000
2142.688000 554.040000 2190.064000 205.617600 1.000000
2140.480000 491.352000 2191.312000 139.900160 1.000000
2175.744000 1234.617600 2192.224000 932.515200 1.000000
2152.416000 699.756800 2192.992000 363.012800 1.000000
2182.528000 1339.344000 2193.056000 1043.534400 1.000000
2177.456000 1107.878400 2200.928000 797.779200 1.000000
2182.016000 1073.622400 2206.400000 764.848000 1.000000
2186.176000 1099.054400 2209.552000 790.012800 1.000000
2165.360000 657.350400 2210.752000 317.432000 1.000000
2170.032000 720.264000 2212.320000 386.164800 1.000000
2173.600000 752.267200 2212.656000 421.083200 1.000000
2189.328000 1087.745600 2213.856000 778.593600 1.000000
2198.960000 1234.246400 2215.120000 930.268800 1.000000
2163.248000 495.544000 2216.304000 144.662080 1.000000
2196.640000 1116.318400 2219.760000 808.313600 1.000000
2202.448000 1101.595200 2226.304000 792.652800 1.000000
2174.800000 459.400000 2230.448000 109.386560 1.000000
2198.352000 916.683200 2230.528000 610.772800 1.000000
2175.632000 474.297600 2232.496000 120.209280 1.000000
2189.536000 668.132800 2233.568000 331.201600 1.000000
2210.880000 1103.328000 2235.280000 795.307200 1.000000
2210.784000 1056.632000 2237.776000 752.086400 1.000000
2189.120000 561.176000 2241.264000 214.148800 1.000000
2202.032000 802.742400 2241.952000 479.452800 1.000000
2217.184000 1086.420800 2243.216000 778.732800 1.000000
2201.120000 720.387200 2244.992000 387.217600 1.000000
2215.920000 998.737600 2246.800000 697.827200 1.000000
2222.640000 1127.220800 2247.600000 820.436800 1.000000
2211.840000 808.400000 2252.736000 486.425600 1.000000
2222.080000 985.694400 2253.120000 684.716800 1.000000
2212.016000 792.168000 2253.344000 468.912000 1.000000
2209.088000 700.715200 2255.168000 365.788800 1.000000
2216.160000 753.382400 2260.880000 424.345600 1.000000
2268.752000 1736.128000 2261.280000 1796.256000 1.000000
2224.304000 875.001600 2261.376000 564.380800 1.000000
2220.944000 797.518400 2262.176000 476.112000 1.000000
2215.744000 665.713600 2264.672000 325.859200 1.000000
2238.192000 1086.710400 2265.072000 779.776000 1.000000
2216.208000 608.105600 2267.008000 264.451200 1.000000
2233.984000 876.502400 2271.024000 566.008000 1.000000
2239.264000 973.107200 2272.096000 673.240000 1.000000
2236.096000 904.171200 2272.496000 598.427200 1.000000
2230.544000 757.710400 2275.072000 430.688000 1.000000
2220.592000 520.121600 2276.256000 172.977600 1.000000
2240.768000 861.955200 2279.216000 548.859200 1.000000
2246.480000 967.232000 2281.392000 665.654400 1.000000
2247.984000 920.764800 2282.032000 613.513600 1.000000
2252.160000 1037.608000 2283.280000 736.758400 1.000000
2223.392000 534.184000 2283.984000 187.219200 1.000000
2252.208000 1005.388800 2284.592000 705.905600 1.000000
2259.136000 1070.291200 2288.064000 766.665600 1.000000
2257.168000 1024.236800 2288.800000 725.174400 1.000000
2230.976000 481.920000 2290.368000 135.168320 1.000000
2256.848000 863.409600 2297.344000 550.900800 1.000000
2261.056000 932.342400 2297.904000 629.342400 1.000000
2332.768000 2207.504000 2299.712000 2138.416000 1.000000
2249.136000 641.675200 2300.496000 303.840000 1.000000
2248.048000 624.355200 2300.608000 285.780800 1.000000
2265.776000 954.948800 2302.672000 652.236800 1.000000
2267.344000 924.084800 2303.824000 620.948800 1.000000
2253.584000 649.408000 2303.904000 313.400000 1.000000
2267.008000 911.283200 2304.400000 606.577600 1.000000
2248.208000 560.312000 2305.536000 214.683200 1.000000
2272.608000 876.331200 2313.264000 566.454400 1.000000
2339.472000 2089.760000 2316.336000 2102.848000 1.000000
2274.368000 861.966400 2316.432000 550.355200 1.000000
2274.416000 833.648000 2317.040000 517.718400 1.000000
2260.720000 613.308800 2317.184000 273.216000 1.000000
2281.040000 955.694400 2317.840000 654.188800 1.000000
2273.808000 752.707200 2321.680000 425.356800 1.000000
2262.928000 464.660800 2326.320000 116.127200 1.000000
2353.040000 2102.176000 2329.040000 2117.344000 1.000000
2288.288000 867.444800 2329.920000 557.001600 1.000000
2333.520000 1686.224000 2330.240000 1763.408000 1.000000
2297.264000 900.667200 2337.536000 597.563200 1.000000
2300.656000 921.878400 2341.104000 620.024000 1.000000
2285.184000 613.542400 2341.840000 274.432000 1.000000
2292.272000 742.982400 2342.192000 416.028800 1.000000
2299.264000 749.508800 2348.176000 422.091200 1.000000
2304.944000 841.238400 2348.304000 526.908800 1.000000
2295.520000 676.403200 2348.752000 345.964800 1.000000
2376.624000 2308.432000 2349.376000 2296.144000 1.000000
2369.888000 2054.960000 2349.472000 2070.736000 1.000000
2377.552000 2167.680000 2350.800000 2188.272000 1.000000
2307.760000 707.579200 2359.216000 377.606400 1.000000
2359.360000 1608.128000 2361.520000 1683.104000 1.000000
2388.960000 2359.920000 2362.064000 2344.816000 1.000000
2391.184000 2132.384000 2364.944000 2150.144000 1.000000
2308.448000 642.782400 2365.008000 307.929600 1.000000
2317.392000 725.694400 2370.240000 398.798400 1.000000
2310.784000 542.747200 2373.584000 199.950400 1.000000
2313.728000 563.158400 2377.216000 222.081600 1.000000
2404.640000 2140.384000 2377.984000 2159.184000 1.000000
2318.544000 612.454400 2378.656000 276.662400 1.000000
2322.288000 533.392000 2384.352000 190.198400 1.000000
2332.928000 713.196800 2385.264000 386.577600 1.000000
2327.680000 618.723200 2386.896000 284.593600 1.000000
2319.680000 409.676800 2391.584000 58.496800 1.000000
2388.016000 1597.747200 2391.936000 1677.600000 1.000000
2336.032000 649.385600 2394.640000 314.852800 1.000000
2404.432000 1792.032000 2397.136000 1854.160000 1.000000
2337.424000 617.332800 2398.400000 281.516800 1.000000
2346.208000 569.748800 2409.008000 230.284800 1.000000
2389.648000 1362.153600 2412.800000 1413.398400 1.000000
2403.424000 1529.750400 2412.928000 1608.592000 1.000000
2439.472000 2112.816000 2414.608000 2141.088000 1.000000
2340.624000 393.774400 2414.720000 41.994080 1.000000
2344.480000 451.070400 2415.600000 105.498560 1.000000
2352.912000 582.979200 2417.008000 243.707200 1.000000
2348.144000 470.504000 2417.408000 127.626560 1.000000
2360.880000 629.457600 2422.208000 294.124800 1.000000
2358.496000 589.742400 2422.960000 251.820800 1.000000
2352.464000 456.792000 2423.984000 111.360160 1.000000
2453.296000 2111.072000 2428.624000 2142.480000 1.000000
2453.872000 2105.248000 2429.328000 2137.968000 1.000000
2457.616000 2137.440000 2430.624000 2165.680000 1.000000
2365.536000 558.596800 2431.904000 219.572800 1.000000
2460.512000 2174.400000 2432.640000 2198.048000 1.000000
2462.384000 2135.920000 2435.248000 2163.600000 1.000000
2366.352000 451.979200 2439.232000 106.921600 1.000000
2462.224000 2091.920000 2439.440000 2126.640000 1.000000
2468.000000 2147.152000 2441.456000 2175.264000 1.000000
2442.448000 1737.408000 2442.160000 1819.504000 1.000000
2375.104000 523.544000 2443.584000 183.260800 1.000000
2475.936000 2141.840000 2449.408000 2171.424000 1.000000
2383.856000 535.788800 2452.256000 196.531200 1.000000
2380.480000 495.931200 2454.032000 155.613760 1.000000
2441.792000 1466.224000 2455.472000 1545.699200 1.000000
2388.736000 505.011200 2460.112000 164.576000 1.000000
2392.432000 467.694400 2466.576000 125.089760 1.000000
2389.232000 409.190400 2467.424000 57.630720 1.000000
2490.272000 2007.600000 2472.288000 2061.536000 1.000000
2402.160000 525.585600 2474.096000 185.510400 1.000000
2397.984000 430.124800 2476.416000 83.260320 1.000000
2404.752000 463.075200 2479.824000 120.441760 1.000000
2499.792000 2003.024000 2483.056000 2058.752000 1.000000
2513.520000 2194.928000 2484.896000 2220.752000 1.000000
2411.120000 468.633600 2485.424000 127.470720 1.000000
2422.880000 502.358400 2496.144000 163.164800 1.000000
2523.936000 2136.480000 2498.976000 2173.728000 1.000000
2423.776000 474.355200 2501.024000 133.870080 1.000000
2430.288000 476.664000 2508.048000 136.807360 1.000000
2529.120000 2079.328000 2508.176000 2125.680000 1.000000
2488.192000 1369.974400 2510.480000 1449.742400 1.000000
2428.832000 382.601600 2512.192000 32.952320 1.000000
2538.000000 2131.440000 2513.504000 2169.232000 1.000000
2526.288000 1890.048000 2517.952000 1966.064000 1.000000
2528.928000 1900.112000 2519.024000 1974.768000 1.000000
2437.552000 379.678400 2522.112000 30.285920 1.000000
2520.160000 2037.776000 2524.048000 2049.552000 1.000000
2545.168000 2068.720000 2525.296000 2119.408000 1.000000
2537.408000 1988.096000 2527.904000 2039.072000 1.000000
2453.904000 465.859200 2531.488000 124.598400 1.000000
2534.576000 1732.080000 2537.584000 1826.208000 1.000000
2549.360000 1916.656000 2538.256000 1992.176000 1.000000
2460.400000 440.281600 2542.912000 98.043840 1.000000
2555.184000 1902.352000 2545.872000 1980.032000 1.000000
2557.872000 1745.664000 2551.296000 1850.496000 1.000000
2561.312000 1808.128000 2560.048000 1896.176000 1.000000
2534.832000 1214.211200 2571.984000 1298.316800 1.000000
2576.224000 1770.096000 2576.064000 1866.976000 1.000000
2575.776000 1765.008000 2576.576000 1861.728000 1.000000
2538.528000 1123.264000 2581.232000 1178.800000 1.000000
2591.184000 1859.440000 2586.144000 1945.824000 1.000000
2544.768000 1132.049600 2587.440000 1189.238400 1.000000
2583.520000 1725.216000 2588.592000 1826.368000 1.000000
2548.096000 1168.320000 2589.552000 1254.070400 1.000000
2564.960000 1147.144000 2608.416000 1234.739200 1.000000
2617.584000 1770.736000 2619.136000 1869.136000 1.000000
2578.224000 1183.724800 2620.288000 1274.428800 1.000000
2578.944000 1155.246400 2622.944000 1245.377600 1.000000
2621.728000 1754.464000 2624.672000 1855.424000 1.000000
2610.448000 1602.480000 2625.024000 1710.320000 1.000000
2621.488000 1698.384000 2628.848000 1804.560000 1.000000
2594.448000 1281.081600 2631.168000 1381.172800 1.000000
2621.792000 1561.433600 2639.760000 1671.664000 1.000000
2633.856000 1718.768000 2639.984000 1822.832000 1.000000
2596.176000 1184.036800 2640.080000 1276.686400 1.000000
2594.288000 1141.860800 2641.632000 1233.601600 1.000000
2595.056000 1130.976000 2642.032000 1222.849600 1.000000
2614.480000 1372.648000 2643.936000 1480.324800 1.000000
2598.464000 1124.286400 2646.400000 1216.113600 1.000000
2604.704000 1200.043200 2647.504000 1295.024000 1.000000
2603.680000 1120.352000 2652.352000 1213.652800 1.000000
2621.744000 1365.665600 2652.816000 1472.368000 1.000000
2610.768000 1144.169600 2657.888000 1237.982400 1.000000
2638.736000 1508.552000 2660.976000 1621.520000 1.000000
2614.256000 1126.190400 2663.120000 1220.817600 1.000000
2619.344000 1174.707200 2664.704000 1271.363200 1.000000
2639.792000 1276.500800 2669.104000 1385.721600 1.000000
2623.088000 1147.553600 2670.272000 1243.740800 1.000000
2658.832000 1656.240000 2670.400000 1765.216000 1.000000
2629.808000 1200.896000 2673.152000 1301.348800 1.000000
2644.592000 1430.412800 2673.616000 1541.516800 1.000000
2647.936000 1465.377600 2673.872000 1578.107200 1.000000
2644.912000 1405.880000 2674.928000 1515.729600 1.000000
2651.744000 1490.420800 2675.888000 1603.744000 1.000000
2645.200000 1379.326400 2680.128000 1488.955200 1.000000
2656.720000 1469.614400 2682.752000 1582.731200 1.000000
2641.824000 1275.081600 2683.024000 1382.307200 1.000000
2634.288000 1136.083200 2683.904000 1233.388800 1.000000
2661.680000 1492.084800 2686.272000 1605.968000 1.000000
2642.112000 1176.540800 2689.216000 1276.446400 1.000000
2666.208000 1471.624000 2692.768000 1585.281600 1.000000
2648.992000 1208.515200 2694.640000 1311.089600 1.000000
2665.584000 1414.971200 2695.120000 1529.036800 1.000000
2649.808000 1185.699200 2696.720000 1286.972800 1.000000
2676.176000 1542.513600 2697.280000 1657.008000 1.000000
2643.360000 1026.003200 2698.480000 1057.856000 1.000000
2663.552000 1076.931200 2706.496000 1156.860800 1.000000
2671.664000 1354.993600 2707.008000 1467.846400 1.000000
2675.520000 1376.860800 2709.088000 1489.633600 1.000000
2678.128000 1369.563200 2712.784000 1482.969600 1.000000
2681.344000 1357.361600 2716.528000 1470.868800 1.000000
2669.264000 1155.064000 2719.200000 1257.472000 1.000000
2671.264000 1190.006400 2719.520000 1294.652800 1.000000
2685.536000 1381.400000 2719.840000 1496.000000 1.000000
2681.264000 1310.627200 2720.720000 1422.040000 1.000000
2682.480000 1298.332800 2723.136000 1410.489600 1.000000
2686.480000 1332.190400 2725.008000 1444.891200 1.000000
2690.736000 1359.072000 2727.088000 1473.611200 1.000000
2677.904000 1145.024000 2729.776000 1247.678400 1.000000
2682.384000 1192.273600 2730.976000 1299.089600 1.000000
2684.144000 1184.115200 2733.664000 1290.587200 1.000000
2691.504000 1285.137600 2734.352000 1396.651200 1.000000
2688.704000 1215.771200 2735.552000 1323.288000 1.000000
2682.960000 1143.515200 2736.048000 1248.225600 1.000000
2689.744000 1190.465600 2738.336000 1298.894400 1.000000
2689.872000 1198.158400 2738.592000 1306.176000 1.000000
2686.496000 1154.692800 2738.800000 1260.478400 1.000000
2692.032000 1183.755200 2741.952000 1291.803200 1.000000
2692.192000 1146.840000 2744.976000 1251.600000 1.000000
2694.320000 1165.212800 2745.712000 1271.720000 1.000000
2695.824000 1192.585600 2746.656000 1300.804800 1.000000
2711.792000 1386.971200 2747.056000 1503.576000 1.000000
2700.096000 1302.350400 2749.296000 1391.596800 1.000000
2699.296000 1178.283200 2750.288000 1286.782400 1.000000
2705.680000 1242.480000 2751.280000 1353.808000 1.000000
2695.040000 977.710400 2755.504000 1026.912000 1.000000
2705.440000 1185.601600 2756.368000 1295.241600 1.000000
2702.704000 1144.908800 2756.384000 1251.083200 1.000000
2711.152000 1192.664000 2761.744000 1302.673600 1.000000
2712.992000 1186.347200 2764.384000 1296.331200 1.000000
2713.824000 1179.240000 2765.008000 1289.220800 1.000000
2713.664000 1172.364800 2765.296000 1281.934400 1.000000
2711.552000 1145.932800 2765.872000 1253.540800 1.000000
2710.512000 1138.190400 2766.880000 1244.025600 1.000000
2715.872000 1173.030400 2767.120000 1283.715200 1.000000
2725.728000 1311.291200 2767.408000 1427.035200 1.000000
2711.824000 1132.619200 2767.616000 1239.272000 1.000000
2720.320000 1173.910400 2772.848000 1284.297600 1.000000
2722.048000 1167.116800 2776.096000 1277.148800 1.000000
2723.328000 1177.707200 2776.432000 1287.833600 1.000000
2726.688000 1201.163200 2777.168000 1312.947200 1.000000
2726.096000 1194.566400 2777.344000 1306.344000 1.000000
2728.576000 1223.643200 2777.728000 1336.830400 1.000000
2723.888000 1153.808000 2778.144000 1263.118400 1.000000
2726.704000 1188.038400 2778.720000 1299.632000 1.000000
2729.952000 1215.596800 2779.584000 1328.280000 1.000000
2728.128000 1180.576000 2781.520000 1291.433600 1.000000
2732.496000 1195.321600 2784.016000 1307.740800 1.000000
2733.408000 1188.616000 2785.584000 1300.576000 1.000000
2735.232000 1181.625600 2788.096000 1293.784000 1.000000
2732.432000 1146.678400 2788.288000 1256.907200 1.000000
2736.176000 1161.556800 2790.880000 1272.475200 1.000000
2738.480000 1202.385600 2790.880000 1315.044800 1.000000
2742.272000 1215.620800 2793.904000 1330.099200 1.000000
2744.320000 1226.272000 2794.144000 1341.232000 1.000000
2738.976000 1148.545600 2795.104000 1259.067200 1.000000
2742.112000 1175.905600 2796.032000 1288.552000 1.000000
2743.232000 1184.808000 2797.088000 1296.833600 1.000000
2742.320000 1169.675200 2797.408000 1281.456000 1.000000
2746.336000 1190.633600 2799.552000 1304.160000 1.000000
2743.168000 1033.035200 2800.112000 1088.841600 1.000000
2745.632000 1149.812800 2802.672000 1260.588800 1.000000
2762.512000 1328.838400 2803.744000 1450.080000 1.000000
2752.160000 1214.948800 2804.992000 1330.395200 1.000000
2750.416000 1163.604800 2805.888000 1276.492800 1.000000
2750.240000 1156.846400 2806.528000 1268.550400 1.000000
2753.408000 1190.660800 2806.752000 1305.246400 1.000000
2761.360000 1302.536000 2807.264000 1421.128000 1.000000
2749.520000 1141.505600 2807.424000 1251.395200 1.000000
2754.288000 1185.190400 2808.688000 1298.796800 1.000000
2757.408000 1164.080000 2813.440000 1277.419200 1.000000
2758.880000 1138.145600 2817.536000 1249.736000 1.000000
2762.128000 1178.742400 2817.616000 1293.336000 1.000000
2759.664000 1151.680000 2817.664000 1263.545600 1.000000
2762.752000 1160.176000 2820.976000 1272.656000 1.000000
2771.184000 1180.934400 2827.520000 1297.488000 1.000000
2766.736000 1118.488000 2827.632000 1233.478400 1.000000
2771.232000 1159.513600 2828.848000 1273.915200 1.000000
2772.448000 1166.843200 2829.648000 1282.083200 1.000000
2772.960000 1142.929600 2830.320000 1254.955200 1.000000
2766.832000 1055.030400 2834.672000 1165.520000 1.000000
2777.040000 1101.225600 2838.480000 1216.499200 1.000000
2780.096000 1144.833600 2840.176000 1260.400000 1.000000
2795.408000 1169.112000 2853.936000 1297.656000 1.000000
2795.568000 1113.500800 2862.304000 1228.001600 1.000000
2828.848000 1065.934400 2890.384000 1197.900800 1.000000
2827.264000 1022.184000 2901.392000 1140.371200 1.000000
2835.616000 1058.307200 2907.168000 1182.657600 1.000000
2835.088000 1022.168000 2913.024000 1142.374400 1.000000
2847.536000 1046.889600 2921.248000 1174.473600 1.000000
3067.216000 1688.256000 3101.072000 1950.544000 1.000000
3234.464000 2690.288000 3409.488000 2624.176000 1.000000
3581.456000 2718.656000 3492.176000 2650.016000 1.000000
3420.832000 519.680000 3492.512000 510.262400 1.000000
3341.984000 484.809600 3520.672000 595.412800 1.000000
3446.016000 589.742400 3625.760000 755.358400 1.000000
3559.808000 2239.568000 3632.144000 2429.552000 1.000000
3556.832000 1169.275200 3678.352000 1464.977600 1.000000
3725.280000 570.560000 3746.128000 524.868800 1.000000
3682.032000 1768.432000 3760.768000 2111.952000 1.000000
4003.472000 2988.000000 3875.264000 2982.704000 1.000000
3785.408000 862.174400 3950.416000 1143.491200 1.000000
