100.113120 2377.104000 63.590560 2856.016000 1.000000
110.015200 2388.944000 73.004480 2866.080000 1.000000
69.686560 1807.664000 96.002080 2179.344000 1.000000
13.547872 1164.084800 100.184160 1524.291200 1.000000
138.896160 2428.112000 100.657760 2881.536000 1.000000
72.184640 1724.208000 105.977920 2096.208000 1.000000
134.311840 2301.504000 108.269280 2746.976000 1.000000
84.486880 1787.456000 112.050560 2157.440000 1.000000
78.881600 1717.840000 113.183200 2089.552000 1.000000
85.321600 1709.424000 118.362560 2080.960000 1.000000
31.690080 1163.859200 119.008160 1523.531200 1.000000
167.584000 2531.360000 122.623520 2996.480000 1.000000
112.017280 1797.680000 137.408480 2167.888000 1.000000
64.874240 1248.500800 141.276000 1602.464000 1.000000
71.118720 1178.246400 154.867360 1537.988800 1.000000
185.955200 2334.736000 160.137600 2770.656000 1.000000
131.424640 1729.184000 164.176000 2100.704000 1.000000
127.959680 1698.272000 165.843200 2070.576000 1.000000
192.313600 2355.952000 167.235200 2790.016000 1.000000
90.815680 1252.256000 168.126400 1606.784000 1.000000
141.102080 1801.408000 168.316800 2170.992000 1.000000
135.945920 1823.168000 168.664000 2194.944000 1.000000
135.415680 1720.432000 169.051200 2092.464000 1.000000
89.339200 1184.800000 171.990400 1544.067200 1.000000
145.468960 1792.416000 173.299200 2162.032000 1.000000
201.427200 2338.656000 174.489600 2774.544000 1.000000
213.497600 2446.688000 179.648000 2889.792000 1.000000
223.892800 2422.448000 192.064000 2862.320000 1.000000
168.844800 1753.040000 198.462400 2124.864000 1.000000
213.409600 2204.384000 198.971200 2634.320000 1.000000
232.657600 2274.064000 214.528000 2706.752000 1.000000
258.406400 2485.904000 223.446400 2927.456000 1.000000
240.168000 2219.072000 225.593600 2652.736000 1.000000
269.697600 2534.800000 230.803200 2991.440000 1.000000
266.894400 2503.552000 231.633600 2953.744000 1.000000
272.708800 2543.264000 234.070400 3003.280000 1.000000
272.392000 2499.328000 238.638400 2947.360000 1.000000
280.326400 2531.408000 244.592000 2986.016000 1.000000
219.065600 1735.136000 252.096000 2106.736000 1.000000
320.068800 2251.088000 303.889600 2682.400000 1.000000
332.606400 2194.272000 321.955200 2624.480000 1.000000
342.008000 2203.376000 331.446400 2634.608000 1.000000
354.512000 2265.808000 338.409600 2693.840000 1.000000
362.406400 2143.088000 354.752000 2572.208000 1.000000
380.366400 2393.840000 356.800000 2832.160000 1.000000
383.825600 2424.032000 358.721600 2863.968000 1.000000
367.726400 2191.024000 359.996800 2623.152000 1.000000
383.356800 2398.416000 360.075200 2836.960000 1.000000
371.064000 2127.600000 365.523200 2556.800000 1.000000
390.948800 2355.472000 370.409600 2792.064000 1.000000
392.534400 2381.040000 370.867200 2820.432000 1.000000
400.436800 2428.176000 376.204800 2867.648000 1.000000
404.851200 2400.624000 381.448000 2839.664000 1.000000
404.987200 2336.176000 385.932800 2771.936000 1.000000
410.836800 2410.944000 387.854400 2850.544000 1.000000
410.657600 2380.336000 389.120000 2818.064000 1.000000
411.116800 2321.392000 393.220800 2756.624000 1.000000
418.955200 2345.824000 399.745600 2780.944000 1.000000
414.081600 2252.512000 399.958400 2685.952000 1.000000
422.472000 2400.432000 400.254400 2838.336000 1.000000
418.286400 2276.528000 403.275200 2709.248000 1.000000
422.756800 2301.008000 405.588800 2735.792000 1.000000
425.134400 2382.192000 406.292800 2819.520000 1.000000
420.950400 2186.608000 408.190400 2615.568000 1.000000
425.235200 2292.768000 409.576000 2727.360000 1.000000
428.643200 2284.528000 413.347200 2717.904000 1.000000
434.366400 2302.656000 418.483200 2737.616000 1.000000
435.500800 2274.736000 421.342400 2707.968000 1.000000
438.428800 2246.800000 424.187200 2679.872000 1.000000
439.089600 2285.376000 424.987200 2719.072000 1.000000
441.331200 2256.640000 427.716800 2689.520000 1.000000
453.120000 2509.152000 428.256000 2951.776000 1.000000
444.820800 2266.048000 431.849600 2699.200000 1.000000
447.752000 2248.032000 435.720000 2681.680000 1.000000
457.035200 2265.088000 443.715200 2698.336000 1.000000
461.123200 2276.496000 446.390400 2707.440000 1.000000
454.078400 2057.296000 454.588800 2486.544000 1.000000
469.907200 2132.640000 462.811200 2564.624000 1.000000
498.470400 2308.400000 486.254400 2747.328000 1.000000
509.886400 2308.752000 494.696000 2743.200000 1.000000
380.097600 629.891200 498.684800 993.163200 1.000000
518.468800 2286.608000 504.185600 2720.224000 1.000000
523.105600 2237.888000 512.425600 2664.992000 1.000000
520.448000 2024.080000 522.104000 2452.688000 1.000000
182.824000 8.831664 534.201600 9.617248 1.000000
579.352000 2385.680000 562.769600 2820.272000 1.000000
575.475200 2066.016000 575.524800 2494.944000 1.000000
590.505600 2362.832000 575.601600 2790.240000 1.000000
588.008000 2102.800000 584.104000 2532.704000 1.000000
570.700800 1826.832000 592.531200 2195.216000 1.000000
596.062400 2071.936000 594.924800 2498.160000 1.000000
487.987200 654.467200 598.352000 1013.924800 1.000000
499.470400 679.092800 606.651200 1037.977600 1.000000
585.484800 1799.776000 609.062400 2166.192000 1.000000
506.972800 710.140800 612.145600 1066.036800 1.000000
620.067200 2115.744000 618.329600 2544.832000 1.000000
624.561600 2062.192000 626.323200 2485.600000 1.000000
630.057600 2141.312000 627.342400 2565.952000 1.000000
526.728000 763.043200 628.248000 1115.816000 1.000000
567.534400 1240.899200 629.238400 1591.891200 1.000000
634.646400 2154.672000 631.116800 2580.352000 1.000000
531.422400 721.540800 636.648000 1075.699200 1.000000
614.369600 1810.048000 637.131200 2177.936000 1.000000
584.665600 1381.260800 638.851200 1728.768000 1.000000
643.049600 2117.888000 639.182400 2546.864000 1.000000
541.158400 764.800000 641.254400 1116.756800 1.000000
643.608000 2148.432000 643.096000 2573.088000 1.000000
541.227200 701.641600 645.454400 1056.728000 1.000000
629.934400 2719.776000 645.808000 2993.328000 1.000000
544.081600 714.304000 647.688000 1069.536000 1.000000
590.200000 1320.108800 648.643200 1667.920000 1.000000
593.060800 1368.668800 648.662400 1714.128000 1.000000
596.825600 1375.300800 651.921600 1720.544000 1.000000
631.236800 1827.264000 653.824000 2195.632000 1.000000
551.022400 700.801600 654.067200 1056.344000 1.000000
610.377600 1337.507200 666.958400 1683.664000 1.000000
569.124800 666.593600 671.985600 1025.798400 1.000000
673.996800 2140.944000 672.041600 2565.280000 1.000000
652.416000 1817.984000 674.553600 2184.752000 1.000000
656.864000 1807.872000 679.139200 2174.832000 1.000000
594.430400 706.857600 695.793600 1062.700800 1.000000
599.059200 775.712000 696.288000 1127.161600 1.000000
699.409600 2023.792000 699.801600 2449.344000 1.000000
599.601600 684.558400 700.897600 1040.745600 1.000000
600.824000 714.521600 701.105600 1067.772800 1.000000
649.355200 1394.604800 701.329600 1739.600000 1.000000
709.404800 2176.928000 706.587200 2602.176000 1.000000
612.608000 777.883200 707.724800 1128.820800 1.000000
651.606400 1275.587200 712.152000 1623.632000 1.000000
662.180800 1392.300800 714.048000 1736.912000 1.000000
696.948800 1850.896000 717.280000 2217.600000 1.000000
729.192000 2289.808000 721.617600 2719.600000 1.000000
727.907200 2214.176000 724.022400 2639.840000 1.000000
671.366400 1364.328000 725.289600 1709.088000 1.000000
704.992000 1825.488000 727.232000 2192.240000 1.000000
734.156800 2204.736000 730.110400 2629.376000 1.000000
734.020800 2190.080000 731.443200 2613.968000 1.000000
740.611200 2272.512000 731.904000 2698.464000 1.000000
709.716800 1814.560000 734.561600 2182.128000 1.000000
640.880000 758.012800 735.424000 1107.915200 1.000000
642.835200 731.230400 739.660800 1083.998400 1.000000
745.819200 2171.024000 741.960000 2597.216000 1.000000
746.272000 2209.152000 745.244800 2641.200000 1.000000
779.521600 2193.008000 775.654400 2622.304000 1.000000
658.622400 62.971200 788.705600 473.547200 1.000000
790.193600 2170.368000 789.992000 2595.216000 1.000000
681.344000 92.159680 806.651200 498.972800 1.000000
814.086400 2292.352000 810.856000 2721.936000 1.000000
825.499200 2268.720000 818.065600 2689.904000 1.000000
707.976000 119.114240 829.963200 522.528000 1.000000
838.956800 2234.416000 831.604800 2661.792000 1.000000
843.166400 2342.176000 837.190400 2773.520000 1.000000
847.872000 2174.240000 845.628800 2600.832000 1.000000
853.164800 2351.248000 846.705600 2780.064000 1.000000
857.673600 2185.680000 857.780800 2610.928000 1.000000
865.688000 2306.880000 860.272000 2738.736000 1.000000
876.086400 2235.088000 874.723200 2662.432000 1.000000
894.464000 2166.192000 896.078400 2590.768000 1.000000
910.472000 2166.976000 911.848000 2592.352000 1.000000
919.008000 2149.200000 921.817600 2572.256000 1.000000
925.016000 2130.480000 934.315200 2554.560000 1.000000
946.809600 2194.976000 949.294400 2610.336000 1.000000
1040.680000 1879.728000 1060.491200 2245.936000 1.000000
1042.035200 1372.929600 1084.934400 1714.832000 1.000000
1100.649600 1834.144000 1123.700800 2195.952000 1.000000
1114.809600 1870.768000 1138.595200 2235.344000 1.000000
1094.184000 777.004800 1160.600000 1119.353600 1.000000
1142.214400 1821.488000 1166.368000 2182.960000 1.000000
1146.257600 1813.168000 1171.828800 2174.496000 1.000000
1132.129600 1341.993600 1175.776000 1679.456000 1.000000
1151.662400 1840.784000 1176.900800 2203.136000 1.000000
1151.024000 1763.136000 1177.257600 2124.720000 1.000000
1143.633600 1383.136000 1185.241600 1720.848000 1.000000
1172.334400 1829.184000 1195.793600 2191.392000 1.000000
1180.505600 1853.632000 1203.520000 2216.192000 1.000000
1141.708800 766.739200 1205.811200 1110.624000 1.000000
1167.404800 1340.374400 1209.961600 1678.320000 1.000000
1151.772800 748.520000 1216.376000 1095.750400 1.000000
1212.633600 2512.608000 1217.425600 2948.912000 1.000000
1178.348800 1242.334400 1223.540800 1585.025600 1.000000
1199.436800 1836.048000 1224.187200 2196.640000 1.000000
1162.003200 769.676800 1224.715200 1112.484800 1.000000
1232.086400 2516.976000 1234.894400 2950.912000 1.000000
1196.820800 1318.158400 1238.977600 1656.704000 1.000000
1217.553600 1841.568000 1242.036800 2202.928000 1.000000
1219.468800 1813.344000 1242.404800 2172.784000 1.000000
1219.667200 1861.248000 1243.526400 2224.496000 1.000000
1230.736000 1802.944000 1256.648000 2163.888000 1.000000
1248.230400 2360.672000 1257.044800 2785.504000 1.000000
1201.401600 652.696000 1263.593600 1009.502400 1.000000
1258.073600 2519.024000 1263.667200 2953.568000 1.000000
1202.886400 719.998400 1264.299200 1067.937600 1.000000
1208.024000 646.936000 1269.668800 1004.800000 1.000000
1210.420800 676.305600 1273.950400 1032.249600 1.000000
1214.344000 668.289600 1275.832000 1023.334400 1.000000
1268.435200 2344.128000 1278.123200 2766.624000 1.000000
1271.499200 2354.352000 1280.579200 2777.888000 1.000000
1264.918400 2020.272000 1283.067200 2438.800000 1.000000
1275.880000 2386.672000 1284.995200 2813.376000 1.000000
1245.448000 1255.004800 1287.921600 1596.424000 1.000000
1278.176000 2550.336000 1288.291200 2985.136000 1.000000
1249.852800 1354.934400 1289.665600 1691.200000 1.000000
1250.505600 1247.195200 1293.003200 1588.900800 1.000000
1239.899200 742.049600 1297.769600 1087.297600 1.000000
1257.542400 668.364800 1316.067200 1022.790400 1.000000
1264.387200 690.044800 1323.152000 1043.196800 1.000000
1274.108800 776.974400 1330.420800 1118.428800 1.000000
1287.614400 751.713600 1343.937600 1095.782400 1.000000
1358.515200 2377.536000 1373.552000 2805.872000 1.000000
1322.398400 759.652800 1374.483200 1102.286400 1.000000
1370.353600 2225.232000 1388.307200 2643.600000 1.000000
1451.046400 2126.688000 1472.350400 2540.496000 1.000000
1475.259200 2480.816000 1492.443200 2913.616000 1.000000
1474.897600 2513.088000 1492.681600 2943.088000 1.000000
1524.166400 2084.720000 1547.113600 2501.072000 1.000000
1560.940800 1815.808000 1588.243200 2172.912000 1.000000
1586.512000 1862.496000 1614.976000 2221.152000 1.000000
1658.016000 2365.856000 1686.096000 2791.472000 1.000000
1659.952000 2526.288000 1690.848000 2962.384000 1.000000
1663.776000 1882.432000 1692.768000 2240.208000 1.000000
1665.728000 2491.488000 1695.200000 2925.936000 1.000000
1670.928000 1323.675200 1700.640000 1655.680000 1.000000
1672.528000 1849.104000 1702.384000 2204.048000 1.000000
1676.288000 2370.688000 1708.832000 2796.400000 1.000000
1691.040000 760.292800 1721.008000 1101.932800 1.000000
1699.360000 1865.840000 1729.024000 2223.840000 1.000000
1698.208000 2411.104000 1729.600000 2838.016000 1.000000
1709.984000 1581.518400 1737.728000 1932.864000 1.000000
1723.328000 1877.696000 1754.912000 2234.912000 1.000000
1741.584000 2014.624000 1766.096000 2419.248000 1.000000
1742.656000 2393.120000 1775.744000 2818.496000 1.000000
1748.112000 1890.784000 1778.736000 2250.288000 1.000000
1756.912000 785.318400 1781.760000 1121.280000 1.000000
1758.048000 1843.776000 1789.920000 2200.240000 1.000000
1766.848000 795.584000 1790.656000 1130.652800 1.000000
1765.504000 1877.520000 1792.288000 2234.480000 1.000000
1761.696000 1892.512000 1792.368000 2251.920000 1.000000
1770.416000 785.380800 1793.280000 1121.270400 1.000000
1774.208000 804.259200 1799.184000 1138.339200 1.000000
1773.600000 1703.088000 1801.488000 2057.168000 1.000000
1775.296000 1855.904000 1805.888000 2212.448000 1.000000
1787.760000 1818.368000 1819.248000 2176.304000 1.000000
1790.976000 2101.920000 1828.864000 2522.176000 1.000000
1798.480000 1886.288000 1829.840000 2245.248000 1.000000
1803.648000 1391.689600 1830.752000 1719.840000 1.000000
1799.040000 1904.928000 1830.912000 2265.504000 1.000000
1799.952000 2080.000000 1833.728000 2501.504000 1.000000
1807.072000 1412.377600 1834.608000 1741.040000 1.000000
1808.832000 1580.737600 1837.328000 1929.440000 1.000000
1818.352000 1391.705600 1845.360000 1719.904000 1.000000
1817.392000 1904.768000 1848.048000 2264.016000 1.000000
1817.728000 1870.032000 1849.344000 2226.912000 1.000000
1822.384000 1401.763200 1849.728000 1730.000000 1.000000
1818.688000 1910.736000 1849.888000 2272.704000 1.000000
1823.792000 1827.664000 1856.224000 2183.712000 1.000000
1830.992000 1577.705600 1859.632000 1924.944000 1.000000
1827.408000 1976.240000 1860.784000 2380.336000 1.000000
1842.864000 791.916800 1863.904000 1127.064000 1.000000
1834.432000 1883.744000 1866.944000 2240.528000 1.000000
1836.880000 1845.760000 1869.488000 2198.720000 1.000000
1845.024000 1371.830400 1870.464000 1699.200000 1.000000
1842.016000 1812.752000 1872.160000 2167.040000 1.000000
1844.032000 1578.067200 1872.304000 1925.456000 1.000000
1846.048000 1421.992000 1872.960000 1750.992000 1.000000
1854.720000 1036.467200 1876.896000 1374.472000 1.000000
1858.320000 1044.403200 1881.280000 1382.240000 1.000000
1852.320000 1586.545600 1881.312000 1934.480000 1.000000
1854.784000 1424.056000 1881.456000 1752.944000 1.000000
1855.888000 1510.657600 1882.192000 1841.888000 1.000000
1852.336000 1873.552000 1885.376000 2231.136000 1.000000
1862.416000 1601.120000 1892.400000 1948.640000 1.000000
1870.976000 1040.134400 1892.528000 1377.292800 1.000000
1863.680000 1842.080000 1894.528000 2200.096000 1.000000
1870.816000 1362.907200 1896.112000 1692.480000 1.000000
1890.464000 41.315040 1897.264000 449.916800 1.000000
1872.128000 1382.953600 1898.240000 1710.480000 1.000000
1876.640000 1395.611200 1902.896000 1722.928000 1.000000
1880.784000 1440.046400 1908.432000 1767.168000 1.000000
1871.376000 2048.112000 1908.944000 2460.464000 1.000000
1896.560000 475.348800 1909.424000 837.862400 1.000000
1885.520000 1402.808000 1910.432000 1730.160000 1.000000
1886.048000 1620.592000 1914.880000 1969.536000 1.000000
1883.616000 1774.048000 1916.176000 2130.048000 1.000000
1882.336000 2028.592000 1918.432000 2438.224000 1.000000
1881.376000 2058.400000 1918.496000 2472.128000 1.000000
1889.440000 1593.496000 1918.912000 1940.576000 1.000000
1893.760000 1378.027200 1919.360000 1706.640000 1.000000
1902.784000 840.153600 1920.400000 1170.296000 1.000000
1895.168000 1607.664000 1923.248000 1956.672000 1.000000
1904.208000 1064.542400 1924.672000 1402.651200 1.000000
1910.912000 836.737600 1927.504000 1165.992000 1.000000
1916.736000 461.057600 1927.808000 822.888000 1.000000
1895.616000 1874.416000 1928.544000 2229.856000 1.000000
1897.200000 1788.848000 1928.720000 2143.408000 1.000000
1906.944000 1444.086400 1932.976000 1773.776000 1.000000
1902.704000 1888.320000 1933.616000 2243.344000 1.000000
1899.184000 2070.576000 1936.048000 2486.160000 1.000000
1910.720000 1876.256000 1943.120000 2231.712000 1.000000
1913.856000 1799.904000 1943.584000 2157.168000 1.000000
1911.712000 1863.632000 1944.912000 2219.136000 1.000000
1935.792000 728.924800 1951.120000 1074.363200 1.000000
1919.776000 1746.256000 1951.440000 2100.032000 1.000000
1948.608000 563.236800 1957.824000 925.742400 1.000000
1928.272000 1746.096000 1960.048000 2099.824000 1.000000
1948.976000 845.451200 1964.912000 1174.411200 1.000000
1926.416000 2159.680000 1968.496000 2573.872000 1.000000
1966.752000 419.500800 1973.248000 781.041600 1.000000
1946.384000 1567.766400 1977.424000 1911.536000 1.000000
1954.224000 1431.356800 1979.056000 1758.848000 1.000000
1964.288000 882.171200 1979.504000 1207.347200 1.000000
1967.840000 811.713600 1981.392000 1145.200000 1.000000
1979.664000 414.729600 1983.584000 777.065600 1.000000
1960.336000 1409.204800 1986.480000 1737.040000 1.000000
1955.888000 1761.744000 1986.720000 2115.456000 1.000000
1983.248000 403.920000 1987.040000 766.979200 1.000000
1955.952000 1717.456000 1988.144000 2070.528000 1.000000
1981.952000 491.334400 1988.352000 853.449600 1.000000
1990.960000 42.308160 1988.384000 449.403200 1.000000
1977.680000 835.316800 1990.816000 1165.579200 1.000000
1975.824000 898.985600 1991.648000 1221.532800 1.000000
1961.216000 1738.816000 1992.720000 2092.208000 1.000000
1977.408000 953.812800 1993.152000 1274.772800 1.000000
1981.120000 867.950400 1993.664000 1194.265600 1.000000
1952.496000 2164.976000 1994.320000 2584.416000 1.000000
1981.008000 877.080000 1994.976000 1202.992000 1.000000
1964.576000 1692.688000 1995.680000 2044.688000 1.000000
1979.104000 1095.971200 1998.208000 1432.966400 1.000000
1967.712000 1673.984000 1998.384000 2025.664000 1.000000
1964.384000 1935.344000 1999.392000 2298.880000 1.000000
1959.840000 2186.976000 2001.968000 2607.856000 1.000000
1971.056000 1565.169600 2002.400000 1906.448000 1.000000
1980.768000 1336.828800 2003.552000 1665.984000 1.000000
1991.328000 878.612800 2004.480000 1204.385600 1.000000
1960.656000 2175.040000 2004.544000 2595.712000 1.000000
1970.544000 1895.248000 2005.600000 2252.256000 1.000000
1971.712000 1880.288000 2006.224000 2235.568000 1.000000
1995.520000 858.456000 2007.344000 1185.558400 1.000000
1981.264000 1453.022400 2008.400000 1780.288000 1.000000
1982.496000 1476.596800 2009.200000 1808.016000 1.000000
1982.960000 1530.492800 2010.656000 1865.024000 1.000000
1986.800000 1467.323200 2012.320000 1797.360000 1.000000
1980.896000 1755.776000 2012.624000 2108.128000 1.000000
1972.800000 2195.584000 2014.496000 2615.456000 1.000000
2000.896000 1070.003200 2018.064000 1406.904000 1.000000
1984.928000 1879.600000 2018.912000 2235.952000 1.000000
2009.360000 795.937600 2019.952000 1131.740800 1.000000
1985.936000 1796.288000 2020.512000 2147.312000 1.000000
2019.936000 408.028800 2021.104000 769.091200 1.000000
2010.976000 826.451200 2021.760000 1157.593600 1.000000
2009.024000 877.545600 2022.512000 1202.240000 1.000000
2023.392000 495.193600 2023.072000 854.611200 1.000000
2002.256000 1411.320000 2027.840000 1737.920000 1.000000
1996.096000 1669.120000 2027.968000 2017.888000 1.000000
2006.144000 1394.427200 2029.792000 1720.304000 1.000000
2026.624000 483.204800 2030.080000 844.150400 1.000000
2007.952000 1484.860800 2031.584000 1817.520000 1.000000
1997.904000 1772.240000 2031.936000 2129.920000 1.000000
2008.336000 1404.156800 2032.944000 1730.432000 1.000000
1990.080000 2187.072000 2033.312000 2607.200000 1.000000
1998.880000 1898.624000 2034.016000 2252.672000 1.000000
2023.952000 911.216000 2034.784000 1234.371200 1.000000
1988.048000 2373.472000 2034.816000 2804.640000 1.000000
2009.744000 1535.945600 2035.184000 1870.304000 1.000000
1991.648000 2176.992000 2036.496000 2597.392000 1.000000
2003.728000 1832.240000 2037.312000 2185.888000 1.000000
2045.984000 69.031040 2037.424000 470.297600 1.000000
2011.408000 1524.686400 2037.440000 1854.016000 1.000000
2002.832000 1879.984000 2037.488000 2235.168000 1.000000
2028.144000 871.707200 2038.656000 1197.939200 1.000000
2048.896000 55.828320 2040.448000 458.588800 1.000000
2019.968000 1279.780800 2041.696000 1609.728000 1.000000
2016.976000 1573.126400 2045.424000 1915.712000 1.000000
2024.336000 1433.808000 2046.384000 1759.392000 1.000000
2019.440000 1589.169600 2047.536000 1933.952000 1.000000
2019.760000 1660.000000 2050.272000 2010.256000 1.000000
2048.624000 478.915200 2050.800000 838.556800 1.000000
2024.032000 1535.126400 2050.896000 1869.408000 1.000000
2020.672000 1707.216000 2052.528000 2060.256000 1.000000
2029.936000 1391.830400 2052.704000 1717.872000 1.000000
2036.544000 1205.854400 2054.160000 1539.491200 1.000000
2033.280000 1278.171200 2054.496000 1609.440000 1.000000
2037.856000 1223.724800 2057.440000 1557.000000 1.000000
2020.752000 1883.632000 2059.536000 2239.104000 1.000000
2035.136000 1518.427200 2060.752000 1852.432000 1.000000
2029.680000 1769.504000 2061.232000 2121.184000 1.000000
2025.488000 1823.216000 2061.600000 2175.952000 1.000000
2061.968000 486.932800 2061.664000 846.348800 1.000000
2039.552000 1432.219200 2063.056000 1758.304000 1.000000
2064.480000 516.187200 2065.216000 874.952000 1.000000
2046.464000 1244.433600 2066.768000 1575.174400 1.000000
2079.952000 76.616320 2067.776000 477.259200 1.000000
2030.768000 1897.248000 2069.216000 2250.416000 1.000000
2064.352000 795.240000 2069.424000 1131.774400 1.000000
2033.488000 1862.576000 2069.472000 2216.784000 1.000000
2041.392000 1584.000000 2070.272000 1925.664000 1.000000
2071.376000 464.729600 2070.496000 822.998400 1.000000
2064.128000 990.483200 2072.064000 1310.566400 1.000000
2057.968000 1064.729600 2072.400000 1398.590400 1.000000
2054.464000 1209.078400 2072.528000 1541.902400 1.000000
2043.904000 1572.787200 2073.168000 1914.544000 1.000000
2053.104000 1280.473600 2073.952000 1610.544000 1.000000
2078.816000 529.393600 2078.544000 887.862400 1.000000
2068.656000 958.492800 2078.672000 1276.763200 1.000000
2076.544000 605.240000 2079.040000 957.862400 1.000000
2055.056000 1489.411200 2079.312000 1822.112000 1.000000
2065.984000 1055.505600 2079.920000 1388.012800 1.000000
2072.672000 818.763200 2080.064000 1152.713600 1.000000
2034.128000 2227.952000 2080.112000 2646.032000 1.000000
2051.776000 1586.496000 2080.880000 1928.976000 1.000000
2083.344000 454.360000 2081.184000 813.558400 1.000000
2071.328000 1074.059200 2082.816000 1408.016000 1.000000
2072.768000 944.326400 2083.120000 1264.555200 1.000000
2074.560000 890.078400 2083.216000 1214.577600 1.000000
2073.264000 935.236800 2084.576000 1254.908800 1.000000
2079.888000 781.990400 2086.160000 1120.406400 1.000000
2048.992000 1830.928000 2086.560000 2183.280000 1.000000
2061.456000 1509.804800 2086.832000 1841.136000 1.000000
2051.840000 1889.504000 2087.008000 2245.056000 1.000000
2095.760000 273.843200 2087.600000 652.867200 1.000000
2075.600000 1066.436800 2088.704000 1400.201600 1.000000
2085.872000 699.400000 2090.128000 1047.281600 1.000000
2065.536000 1583.360000 2092.576000 1926.000000 1.000000
2075.264000 1197.739200 2092.960000 1531.345600 1.000000
2078.304000 1180.747200 2094.112000 1513.432000 1.000000
2070.688000 1491.532800 2095.264000 1822.720000 1.000000
2101.328000 543.936000 2097.136000 901.740800 1.000000
2064.160000 1776.752000 2097.808000 2129.248000 1.000000
2112.528000 106.220640 2098.432000 502.809600 1.000000
2100.416000 517.478400 2098.480000 876.086400 1.000000
2069.648000 1576.776000 2098.752000 1918.528000 1.000000
2101.984000 562.494400 2098.784000 918.971200 1.000000
2060.304000 2152.784000 2106.368000 2570.832000 1.000000
2098.768000 949.116800 2107.472000 1268.547200 1.000000
2084.672000 1406.016000 2108.112000 1732.432000 1.000000
2117.088000 306.473600 2108.144000 680.382400 1.000000
2093.104000 1206.788800 2109.744000 1540.931200 1.000000
2078.064000 1761.776000 2110.624000 2114.112000 1.000000
2108.608000 866.737600 2113.168000 1193.792000 1.000000
2131.456000 41.710720 2113.264000 443.188800 1.000000
2117.328000 486.473600 2113.280000 844.256000 1.000000
2126.512000 165.486400 2113.584000 558.352000 1.000000
2119.296000 501.766400 2115.152000 859.083200 1.000000
2083.104000 1740.912000 2115.664000 2092.688000 1.000000
2096.880000 1288.915200 2116.272000 1617.968000 1.000000
2108.016000 983.478400 2117.488000 1302.400000 1.000000
2135.696000 90.826080 2118.192000 488.212800 1.000000
2122.688000 493.537600 2118.384000 853.617600 1.000000
2115.008000 916.227200 2122.144000 1236.624000 1.000000
2097.072000 1533.772800 2122.624000 1864.768000 1.000000
2140.368000 109.042880 2123.264000 506.944000 1.000000
2108.656000 1143.657600 2123.392000 1476.478400 1.000000
2095.264000 1574.294400 2124.336000 1915.264000 1.000000
2102.496000 1387.294400 2124.368000 1712.192000 1.000000
2113.584000 1024.262400 2124.672000 1344.812800 1.000000
2146.032000 55.083360 2126.848000 455.568000 1.000000
2129.120000 595.180800 2127.248000 948.328000 1.000000
2131.456000 499.768000 2127.264000 857.310400 1.000000
2114.704000 1118.374400 2129.088000 1452.724800 1.000000
2087.136000 2068.496000 2131.296000 2471.616000 1.000000
2150.224000 155.091200 2131.712000 544.881600 1.000000
2104.256000 1559.708800 2132.144000 1898.240000 1.000000
2112.976000 1290.558400 2132.192000 1620.064000 1.000000
2150.784000 42.834400 2132.240000 443.521600 1.000000
2110.464000 1404.963200 2133.504000 1730.624000 1.000000
2110.416000 1391.939200 2133.584000 1715.312000 1.000000
2140.480000 491.352000 2133.840000 849.417600 1.000000
2113.840000 1266.571200 2133.904000 1597.097600 1.000000
2139.232000 532.816000 2134.864000 889.169600 1.000000
2130.640000 791.441600 2135.280000 1128.080000 1.000000
2142.688000 554.040000 2137.808000 911.292800 1.000000
2125.040000 1143.240000 2138.016000 1475.332800 1.000000
2118.192000 1416.302400 2140.320000 1740.640000 1.000000
2135.424000 862.356800 2141.136000 1188.124800 1.000000
2128.384000 1085.099200 2141.184000 1417.515200 1.000000
2134.864000 940.140800 2141.584000 1259.547200 1.000000
2160.528000 66.868480 2141.776000 467.977600 1.000000
2144.288000 641.776000 2143.296000 993.816000 1.000000
2140.400000 967.774400 2146.896000 1285.963200 1.000000
2136.000000 1144.811200 2149.152000 1479.201600 1.000000
2130.160000 1363.297600 2150.304000 1688.832000 1.000000
2145.936000 864.257600 2151.120000 1190.481600 1.000000
2152.416000 699.756800 2152.336000 1047.214400 1.000000
2144.048000 996.670400 2154.176000 1315.152000 1.000000
2148.128000 882.016000 2155.360000 1209.217600 1.000000
2150.208000 1021.632000 2158.160000 1341.289600 1.000000
2109.056000 2157.424000 2158.912000 2573.168000 1.000000
2168.096000 468.036800 2159.520000 825.488000 1.000000
2137.280000 1429.355200 2160.368000 1754.288000 1.000000
2139.920000 1370.040000 2161.120000 1694.304000 1.000000
2184.752000 37.166400 2161.648000 441.699200 1.000000
2184.720000 130.995520 2164.496000 524.659200 1.000000
2174.800000 459.400000 2165.200000 818.192000 1.000000
2189.824000 100.287040 2166.048000 496.140800 1.000000
2170.032000 720.264000 2166.512000 1064.884800 1.000000
2145.488000 1385.112000 2166.592000 1710.112000 1.000000
2166.768000 742.131200 2167.152000 1084.568000 1.000000
2175.632000 474.297600 2167.584000 829.673600 1.000000
2149.424000 1286.790400 2167.952000 1613.648000 1.000000
2147.248000 1434.441600 2168.480000 1761.456000 1.000000
2145.808000 1337.800000 2168.688000 1665.472000 1.000000
2146.256000 1453.601600 2169.136000 1780.304000 1.000000
2145.264000 1445.755200 2169.568000 1772.048000 1.000000
2151.168000 1413.833600 2171.776000 1738.720000 1.000000
2148.880000 1469.497600 2172.352000 1796.720000 1.000000
2158.144000 1177.008000 2172.576000 1509.968000 1.000000
2153.648000 1376.929600 2173.248000 1701.216000 1.000000
2153.104000 1391.107200 2173.840000 1716.560000 1.000000
2154.064000 1365.072000 2174.032000 1690.128000 1.000000
2168.528000 982.699200 2174.368000 1301.051200 1.000000
2179.264000 697.092800 2177.760000 1042.409600 1.000000
2167.872000 1110.425600 2178.368000 1440.817600 1.000000
2195.424000 373.816000 2179.408000 742.470400 1.000000
2181.808000 765.212800 2181.360000 1103.473600 1.000000
2159.872000 1445.593600 2182.496000 1770.688000 1.000000
2189.536000 668.132800 2183.984000 1017.054400 1.000000
2165.936000 1372.644800 2185.680000 1696.432000 1.000000
2210.768000 148.595840 2186.048000 541.336000 1.000000
2213.696000 51.059520 2187.600000 449.852800 1.000000
2169.280000 1363.502400 2188.592000 1688.336000 1.000000
2177.456000 1107.878400 2189.248000 1441.057600 1.000000
2217.792000 84.957760 2193.104000 481.473600 1.000000
2218.816000 65.142880 2193.136000 464.054400 1.000000
2217.248000 179.414400 2194.512000 567.792000 1.000000
2225.216000 53.253120 2197.904000 452.512000 1.000000
2214.864000 276.323200 2197.984000 653.651200 1.000000
2223.200000 129.422720 2198.944000 522.068800 1.000000
2201.120000 720.387200 2199.392000 1063.188800 1.000000
2189.328000 1087.745600 2199.792000 1418.446400 1.000000
2225.472000 160.980800 2201.552000 551.660800 1.000000
2209.088000 700.715200 2204.672000 1047.827200 1.000000
2207.616000 727.635200 2204.672000 1070.024000 1.000000
2222.384000 339.377600 2206.880000 706.896000 1.000000
2200.608000 991.585600 2207.392000 1309.897600 1.000000
2235.536000 52.679040 2207.664000 451.555200 1.000000
2233.248000 99.080480 2207.760000 493.150400 1.000000
2205.680000 969.886400 2209.360000 1286.641600 1.000000
2201.024000 1072.523200 2210.192000 1400.995200 1.000000
2211.840000 808.400000 2210.496000 1143.683200 1.000000
2237.936000 138.326240 2211.872000 527.248000 1.000000
2216.496000 733.985600 2213.200000 1076.896000 1.000000
2216.160000 753.382400 2213.952000 1095.550400 1.000000
2223.392000 534.184000 2215.648000 889.312000 1.000000
2237.920000 189.889600 2215.712000 577.827200 1.000000
2230.976000 481.920000 2216.976000 838.265600 1.000000
2215.920000 998.737600 2220.368000 1315.793600 1.000000
2252.160000 137.630880 2224.832000 528.753600 1.000000
2222.080000 985.694400 2225.472000 1301.708800 1.000000
2230.240000 771.091200 2225.792000 1109.953600 1.000000
2230.544000 757.710400 2226.816000 1098.345600 1.000000
2256.048000 166.276800 2229.952000 554.796800 1.000000
2226.944000 1003.174400 2231.648000 1320.427200 1.000000
2253.344000 428.251200 2235.920000 788.302400 1.000000
2236.096000 904.171200 2236.528000 1224.140800 1.000000
2268.992000 214.313600 2238.592000 599.499200 1.000000
2240.768000 861.955200 2238.896000 1188.964800 1.000000
2263.696000 234.523200 2239.440000 618.452800 1.000000
2244.336000 776.937600 2241.408000 1113.574400 1.000000
2241.728000 891.932800 2242.496000 1215.278400 1.000000
2275.056000 52.397440 2243.264000 450.353600 1.000000
2276.464000 75.300640 2244.256000 472.936000 1.000000
2262.928000 464.660800 2246.512000 821.641600 1.000000
2262.368000 452.675200 2246.640000 809.606400 1.000000
2247.712000 933.475200 2248.128000 1251.676800 1.000000
2273.632000 257.840000 2250.096000 635.595200 1.000000
2260.720000 613.308800 2250.128000 965.318400 1.000000
2255.616000 777.387200 2250.688000 1113.875200 1.000000
2264.336000 634.563200 2251.648000 985.289600 1.000000
2254.816000 842.368000 2252.896000 1171.814400 1.000000
2256.848000 863.409600 2256.176000 1190.769600 1.000000
2280.928000 337.540800 2259.168000 705.459200 1.000000
2286.240000 211.937600 2259.632000 595.860800 1.000000
2261.056000 932.342400 2260.752000 1250.694400 1.000000
2286.736000 264.249600 2263.872000 641.704000 1.000000
2266.432000 850.080000 2263.904000 1179.128000 1.000000
2268.880000 868.652800 2265.552000 1193.944000 1.000000
2267.344000 924.084800 2265.552000 1241.484800 1.000000
2272.608000 876.331200 2267.888000 1201.857600 1.000000
2280.800000 622.403200 2269.440000 971.342400 1.000000
2274.416000 833.648000 2269.568000 1165.694400 1.000000
2274.368000 861.966400 2271.248000 1189.219200 1.000000
2301.104000 309.593600 2275.440000 682.024000 1.000000
2283.744000 842.254400 2276.608000 1173.632000 1.000000
2301.984000 380.697600 2276.944000 745.212800 1.000000
2302.592000 373.024000 2278.352000 737.652800 1.000000
2286.656000 782.265600 2279.584000 1119.971200 1.000000
2304.240000 399.640000 2280.496000 761.969600 1.000000
2281.040000 955.694400 2281.360000 1271.814400 1.000000
2315.632000 191.169600 2282.944000 575.465600 1.000000
2298.496000 611.891200 2283.568000 960.080000 1.000000
2288.288000 867.444800 2285.984000 1194.468800 1.000000
2298.112000 668.860800 2286.528000 1015.587200 1.000000
2315.744000 319.224000 2289.392000 692.230400 1.000000
2299.264000 749.508800 2290.080000 1090.270400 1.000000
2310.576000 531.139200 2292.320000 885.585600 1.000000
2329.216000 101.267200 2293.232000 495.291200 1.000000
2328.544000 83.171840 2293.504000 476.403200 1.000000
2330.880000 115.948160 2295.984000 510.444800 1.000000
2328.320000 239.190400 2296.224000 618.913600 1.000000
2316.800000 468.873600 2296.272000 824.678400 1.000000
2308.448000 642.782400 2296.288000 990.448000 1.000000
2322.224000 366.473600 2296.672000 730.851200 1.000000
2325.952000 303.091200 2297.184000 676.147200 1.000000
2324.560000 335.164800 2297.664000 704.728000 1.000000
2319.680000 409.676800 2298.736000 769.377600 1.000000
2308.880000 745.729600 2299.600000 1085.713600 1.000000
2300.656000 921.878400 2300.400000 1239.449600 1.000000
2313.088000 685.905600 2302.016000 1030.803200 1.000000
2334.416000 214.342400 2302.304000 596.628800 1.000000
2330.240000 383.139200 2304.512000 746.728000 1.000000
2317.392000 725.694400 2308.256000 1067.803200 1.000000
2334.496000 403.569600 2308.608000 765.307200 1.000000
2338.032000 310.203200 2309.168000 683.012800 1.000000
2334.464000 417.156800 2310.448000 776.564800 1.000000
2338.992000 341.560000 2311.008000 708.806400 1.000000
2331.360000 543.156800 2311.024000 893.419200 1.000000
2329.104000 564.857600 2312.064000 917.835200 1.000000
2333.920000 475.324800 2312.384000 830.435200 1.000000
2354.192000 105.252320 2317.504000 498.579200 1.000000
2353.872000 76.445600 2317.792000 469.470400 1.000000
2348.416000 300.318400 2318.160000 674.182400 1.000000
2349.888000 245.680000 2319.056000 626.121600 1.000000
2345.792000 424.660800 2319.296000 789.014400 1.000000
2334.496000 594.408000 2319.712000 940.680000 1.000000
2350.144000 326.596800 2320.560000 695.092800 1.000000
2331.152000 739.216000 2320.800000 1080.891200 1.000000
2337.424000 617.332800 2321.840000 966.304000 1.000000
2336.032000 649.385600 2321.968000 993.952000 1.000000
2354.336000 268.393600 2323.136000 646.044800 1.000000
2347.408000 536.020800 2324.336000 889.180800 1.000000
2346.208000 569.748800 2326.224000 921.827200 1.000000
2352.464000 456.792000 2328.256000 812.969600 1.000000
2353.968000 550.761600 2334.416000 902.649600 1.000000
2355.600000 574.635200 2335.984000 926.484800 1.000000
2358.496000 589.742400 2339.344000 940.091200 1.000000
2366.736000 427.073600 2340.032000 784.385600 1.000000
2372.368000 266.846400 2340.240000 641.148800 1.000000
2366.352000 451.979200 2341.552000 808.185600 1.000000
2375.312000 279.272000 2342.176000 654.529600 1.000000
2352.016000 1594.144000 2343.760000 1471.208000 1.000000
2381.792000 202.188800 2344.320000 586.728000 1.000000
2366.224000 510.051200 2344.512000 861.456000 1.000000
2365.536000 558.596800 2345.696000 910.892800 1.000000
2367.296000 567.275200 2347.168000 917.678400 1.000000
2375.104000 523.544000 2351.856000 875.576000 1.000000
2392.240000 286.956800 2356.416000 661.254400 1.000000
2392.912000 263.945600 2358.736000 640.136000 1.000000
2389.232000 409.190400 2359.728000 769.256000 1.000000
2383.856000 535.788800 2360.192000 887.753600 1.000000
2392.432000 467.694400 2365.344000 823.784000 1.000000
2397.984000 430.124800 2369.728000 787.758400 1.000000
2357.488000 2080.000000 2372.336000 2013.520000 1.000000
2404.752000 463.075200 2376.080000 817.936000 1.000000
2402.160000 525.585600 2376.640000 879.532800 1.000000
2416.352000 262.763200 2379.168000 639.443200 1.000000
2411.120000 468.633600 2381.568000 822.660800 1.000000
2408.256000 496.395200 2381.952000 849.396800 1.000000
2415.824000 490.369600 2389.328000 842.601600 1.000000
2439.328000 70.008480 2391.984000 461.566400 1.000000
2425.344000 427.232000 2393.600000 784.396800 1.000000
2428.832000 382.601600 2394.976000 745.454400 1.000000
2431.264000 369.158400 2397.376000 733.494400 1.000000
2450.928000 83.386240 2400.944000 475.547200 1.000000
2443.456000 237.993600 2402.128000 616.260800 1.000000
2450.272000 118.120320 2402.144000 506.732800 1.000000
2441.872000 274.972800 2402.256000 650.156800 1.000000
2404.432000 1792.032000 2402.816000 1683.328000 1.000000
2453.840000 128.792160 2406.144000 518.526400 1.000000
2452.720000 158.630880 2406.800000 545.526400 1.000000
2448.400000 310.206400 2410.064000 682.275200 1.000000
2467.088000 431.264000 2434.320000 787.025600 1.000000
2485.392000 170.556800 2434.336000 554.937600 1.000000
2471.344000 419.825600 2435.504000 776.857600 1.000000
2485.184000 267.961600 2441.312000 642.414400 1.000000
2493.280000 143.805440 2442.608000 529.547200 1.000000
2503.504000 37.152960 2445.936000 430.976000 1.000000
2494.768000 197.278400 2446.064000 577.872000 1.000000
2431.952000 2157.008000 2447.440000 2083.408000 1.000000
2502.256000 104.121920 2448.096000 493.369600 1.000000
2500.848000 189.022400 2451.232000 570.209600 1.000000
2439.472000 2112.816000 2452.736000 2031.056000 1.000000
2438.160000 2173.888000 2454.192000 2097.184000 1.000000
2431.584000 2331.696000 2455.424000 2262.032000 1.000000
2505.440000 173.840000 2455.952000 556.646400 1.000000
2513.296000 98.172640 2459.024000 486.926400 1.000000
2513.344000 123.719040 2459.184000 510.968000 1.000000
2449.712000 2074.672000 2459.664000 1985.056000 1.000000
2515.920000 85.965280 2461.168000 474.462400 1.000000
2512.880000 188.635200 2462.608000 570.446400 1.000000
2514.768000 177.766400 2464.368000 559.600000 1.000000
2452.368000 2132.688000 2466.432000 2052.528000 1.000000
2453.648000 2123.248000 2467.280000 2042.240000 1.000000
2528.768000 82.505120 2471.232000 471.606400 1.000000
2469.392000 1961.664000 2472.144000 1852.800000 1.000000
2462.224000 2091.920000 2473.440000 2003.376000 1.000000
2535.456000 39.455200 2475.072000 432.040000 1.000000
2460.512000 2174.400000 2476.976000 2098.752000 1.000000
2535.008000 88.380960 2477.136000 478.318400 1.000000
2478.896000 2010.272000 2481.248000 1908.208000 1.000000
2539.344000 150.756160 2483.776000 534.065600 1.000000
2541.264000 123.118720 2484.832000 512.252800 1.000000
2476.144000 2185.216000 2491.920000 2107.344000 1.000000
2538.416000 1190.961600 2496.800000 1087.689600 1.000000
2557.392000 89.636320 2499.056000 477.995200 1.000000
2498.848000 1956.608000 2499.488000 1843.248000 1.000000
2548.096000 1168.320000 2504.848000 1064.312000 1.000000
2496.112000 2113.136000 2506.896000 2023.984000 1.000000
2495.680000 2179.136000 2509.776000 2098.832000 1.000000
2513.632000 1909.664000 2510.608000 1787.632000 1.000000
2502.832000 2092.256000 2511.936000 1996.704000 1.000000
2534.576000 1732.080000 2517.696000 1592.521600 1.000000
2503.152000 2196.592000 2518.224000 2115.056000 1.000000
2526.288000 1890.048000 2520.848000 1764.848000 1.000000
2528.192000 1908.224000 2523.728000 1784.608000 1.000000
2570.096000 1204.030400 2525.232000 1093.904000 1.000000
2513.520000 2194.928000 2529.168000 2111.808000 1.000000
2575.840000 1190.276800 2530.864000 1082.035200 1.000000
2529.120000 2079.328000 2536.688000 1979.232000 1.000000
2552.064000 1859.888000 2543.824000 1727.952000 1.000000
2598.464000 1124.286400 2547.248000 1017.081600 1.000000
2596.176000 1184.036800 2549.760000 1073.267200 1.000000
2569.936000 1765.072000 2553.744000 1622.016000 1.000000
2575.776000 1765.008000 2559.728000 1621.920000 1.000000
2614.256000 1126.190400 2561.840000 1017.956800 1.000000
2573.216000 1849.392000 2562.752000 1715.504000 1.000000
2581.088000 1747.568000 2563.760000 1602.896000 1.000000
2591.344000 1590.852800 2565.696000 1443.012800 1.000000
2586.144000 1730.016000 2567.760000 1584.003200 1.000000
2619.344000 1174.707200 2568.672000 1062.660800 1.000000
2593.456000 1626.320000 2568.752000 1476.926400 1.000000
2588.800000 1750.032000 2571.568000 1604.800000 1.000000
2591.856000 1711.744000 2571.904000 1564.508800 1.000000
2609.584000 1444.868800 2573.152000 1306.846400 1.000000
2627.520000 1180.644800 2576.352000 1065.646400 1.000000
2621.248000 1437.315200 2584.096000 1297.347200 1.000000
2635.888000 1181.480000 2584.240000 1065.771200 1.000000
2642.112000 1176.540800 2589.888000 1059.723200 1.000000
2626.736000 1497.260800 2591.760000 1351.092800 1.000000
2625.296000 1572.308800 2594.976000 1423.803200 1.000000
2649.808000 1185.699200 2596.912000 1067.318400 1.000000
2648.992000 1208.515200 2597.904000 1087.160000 1.000000
2636.704000 1453.776000 2599.328000 1310.332800 1.000000
2652.688000 1272.441600 2604.768000 1145.724800 1.000000
2644.592000 1430.412800 2605.200000 1286.395200 1.000000
2638.736000 1553.566400 2605.776000 1405.203200 1.000000
2642.992000 1488.124800 2607.088000 1341.856000 1.000000
2639.344000 1583.104000 2608.864000 1433.644800 1.000000
2663.344000 1187.540800 2609.328000 1066.984000 1.000000
2644.000000 1529.473600 2609.744000 1382.344000 1.000000
2666.656000 1195.064000 2611.776000 1073.758400 1.000000
2642.496000 1610.032000 2612.912000 1459.043200 1.000000
2651.744000 1490.420800 2615.072000 1344.164800 1.000000
2661.344000 1365.366400 2616.944000 1226.492800 1.000000
2656.720000 1469.614400 2618.384000 1323.704000 1.000000
2653.184000 1534.763200 2618.400000 1386.630400 1.000000
2661.664000 1444.924800 2621.568000 1300.267200 1.000000
2674.672000 1222.969600 2622.496000 1096.888000 1.000000
2665.584000 1414.971200 2624.192000 1271.720000 1.000000
2670.624000 1366.512000 2624.704000 1227.152000 1.000000
2666.208000 1471.624000 2627.360000 1324.912000 1.000000
2684.144000 1184.115200 2628.256000 1060.734400 1.000000
2686.496000 1154.692800 2628.272000 1034.350400 1.000000
2672.528000 1397.688000 2628.496000 1255.526400 1.000000
2661.520000 1579.686400 2629.072000 1429.435200 1.000000
2658.832000 1656.240000 2630.544000 1503.996800 1.000000
2692.192000 1146.840000 2633.232000 1027.385600 1.000000
2689.744000 1190.465600 2633.568000 1065.692800 1.000000
2688.704000 1215.771200 2634.256000 1087.603200 1.000000
2692.032000 1183.755200 2634.992000 1060.272000 1.000000
2686.224000 1287.147200 2635.424000 1154.467200 1.000000
2680.720000 1403.467200 2636.704000 1260.516800 1.000000
2697.280000 1151.248000 2638.560000 1031.752000 1.000000
2695.824000 1192.585600 2639.072000 1067.616000 1.000000
2695.616000 1199.544000 2639.456000 1074.056000 1.000000
2676.176000 1542.513600 2640.272000 1392.508800 1.000000
2691.504000 1285.137600 2640.608000 1148.832000 1.000000
2695.472000 1241.816000 2641.440000 1111.945600 1.000000
2699.296000 1178.283200 2641.568000 1054.348800 1.000000
2700.160000 1171.560000 2641.776000 1048.222400 1.000000
2700.512000 1164.961600 2641.984000 1042.251200 1.000000
2702.704000 1144.908800 2642.752000 1024.353600 1.000000
2690.736000 1359.072000 2643.120000 1219.027200 1.000000
2696.080000 1279.598400 2643.552000 1145.659200 1.000000
2648.544000 1809.152000 2644.656000 1614.192000 1.000000
2706.128000 1178.444800 2647.760000 1054.350400 1.000000
2706.672000 1171.772800 2647.984000 1047.584000 1.000000
2710.512000 1138.190400 2648.320000 1017.891200 1.000000
2705.680000 1242.480000 2650.032000 1112.339200 1.000000
2711.552000 1145.932800 2650.496000 1024.712000 1.000000
2713.664000 1172.364800 2653.232000 1048.491200 1.000000
2712.992000 1186.347200 2653.952000 1059.902400 1.000000
2713.824000 1179.240000 2654.096000 1054.488000 1.000000
2715.872000 1173.030400 2657.568000 1047.051200 1.000000
2705.376000 1420.294400 2660.784000 1277.243200 1.000000
2725.296000 1146.892800 2662.416000 1024.265600 1.000000
2726.096000 1194.566400 2666.256000 1066.824000 1.000000
2726.688000 1201.163200 2666.864000 1072.956800 1.000000
2728.128000 1180.576000 2667.056000 1053.737600 1.000000
2732.432000 1146.678400 2669.312000 1023.272000 1.000000
2728.576000 1223.643200 2670.304000 1093.356800 1.000000
2732.496000 1195.321600 2671.984000 1067.048000 1.000000
2731.328000 1202.227200 2672.032000 1073.750400 1.000000
2733.408000 1188.616000 2672.144000 1060.939200 1.000000
2725.728000 1311.291200 2672.288000 1173.195200 1.000000
2729.728000 1296.448000 2675.104000 1159.566400 1.000000
2738.976000 1148.545600 2675.136000 1024.683200 1.000000
2741.760000 1136.030400 2676.752000 1013.376000 1.000000
2731.232000 1353.284800 2679.168000 1210.358400 1.000000
2742.320000 1169.675200 2679.600000 1042.726400 1.000000
2743.248000 1163.177600 2679.824000 1036.915200 1.000000
2745.712000 1129.924800 2679.856000 1006.441600 1.000000
2743.232000 1184.808000 2680.144000 1058.953600 1.000000
2732.496000 1324.713600 2680.592000 1183.656000 1.000000
2737.568000 1263.452800 2680.880000 1128.446400 1.000000
2745.632000 1149.812800 2681.712000 1024.585600 1.000000
2746.336000 1190.633600 2684.464000 1061.409600 1.000000
2748.928000 1170.649600 2685.648000 1042.728000 1.000000
2748.864000 1176.012800 2685.904000 1048.145600 1.000000
2750.416000 1163.604800 2686.416000 1036.851200 1.000000
2751.728000 1197.731200 2690.448000 1066.371200 1.000000
2759.920000 1111.508800 2690.800000 986.896000 1.000000
2756.816000 1157.241600 2691.360000 1030.622400 1.000000
2754.288000 1185.190400 2691.728000 1055.265600 1.000000
2758.880000 1138.145600 2693.104000 1013.593600 1.000000
2757.408000 1164.080000 2693.104000 1036.454400 1.000000
2759.712000 1146.800000 2694.176000 1021.080000 1.000000
2758.352000 1205.995200 2696.576000 1074.060800 1.000000
2760.432000 1184.857600 2697.504000 1054.388800 1.000000
2760.144000 1192.326400 2697.568000 1061.571200 1.000000
2762.128000 1178.742400 2698.368000 1049.076800 1.000000
2761.360000 1302.536000 2702.960000 1152.880000 1.000000
2777.040000 1101.225600 2704.576000 979.145600 1.000000
2771.856000 1198.897600 2707.360000 1069.854400 1.000000
2777.280000 1146.094400 2709.408000 1018.545600 1.000000
2795.568000 1113.500800 2716.640000 989.547200 1.000000
2795.408000 1169.112000 2721.664000 1033.769600 1.000000
2845.648000 1048.566400 2765.424000 917.534400 1.000000
3205.648000 2449.696000 3197.328000 2179.904000 1.000000
3648.624000 782.168000 3436.928000 552.203200 1.000000
