199.057600 2449.648000 117.979360 402.057600 1.000000
385.784000 2192.592000 237.188800 99.251200 1.000000
420.950400 2186.608000 280.971200 102.663040 1.000000
312.392000 2760.720000 305.444800 720.524800 1.000000
392.534400 2381.040000 307.536000 349.212800 1.000000
413.401600 2312.400000 313.843200 268.513600 1.000000
392.612800 2424.768000 315.939200 398.907200 1.000000
441.358400 2230.640000 323.403200 166.977600 1.000000
410.657600 2380.336000 324.892800 348.244800 1.000000
402.846400 2417.552000 325.260800 391.398400 1.000000
404.851200 2400.624000 325.350400 373.472000 1.000000
435.500800 2274.736000 329.835200 224.195200 1.000000
441.331200 2256.640000 330.315200 201.387200 1.000000
410.836800 2410.944000 332.387200 384.292800 1.000000
426.134400 2336.496000 333.868800 297.862400 1.000000
690.427200 2290.384000 608.161600 300.494400 1.000000
607.422400 2788.640000 612.257600 690.088000 1.000000
779.521600 2193.008000 688.100800 189.761600 1.000000
755.409600 2978.112000 766.984000 1062.201600 1.000000
826.764800 2870.784000 791.299200 1483.420800 1.000000
865.688000 2306.880000 797.032000 352.676800 1.000000
823.081600 2890.672000 820.665600 998.547200 1.000000
834.489600 2918.592000 835.086400 1030.888000 1.000000
1248.230400 2360.672000 1204.328000 509.156800 1.000000
1358.515200 2377.536000 1327.926400 552.611200 1.000000
1505.592000 2554.896000 1466.558400 765.630400 1.000000
1518.105600 2588.208000 1473.304000 799.950400 1.000000
1536.659200 2700.288000 1492.580800 918.841600 1.000000
1574.619200 2722.352000 1531.249600 949.459200 1.000000
1723.328000 1877.696000 1736.816000 136.655680 1.000000
1765.504000 1877.520000 1788.208000 144.987520 1.000000
1798.480000 1886.288000 1825.792000 156.088800 1.000000
1795.472000 1838.384000 1829.472000 106.108480 1.000000
1823.792000 1827.664000 1862.624000 93.092800 1.000000
1851.904000 1918.560000 1881.568000 199.078400 1.000000
1881.072000 1814.864000 1932.192000 86.421760 1.000000
1891.296000 1865.984000 1936.176000 155.854240 1.000000
1895.616000 1874.416000 1938.032000 166.041600 1.000000
1988.048000 2373.472000 1972.416000 597.744000 1.000000
1959.840000 2186.976000 1979.456000 367.398400 1.000000
2005.360000 2194.576000 2026.176000 382.363200 1.000000
2003.728000 1832.240000 2071.840000 135.053920 1.000000
2014.480000 1839.200000 2084.560000 144.698080 1.000000
2221.168000 2650.608000 2132.912000 987.876800 1.000000
2109.056000 2157.424000 2140.784000 339.912000 1.000000
