68.551360 2857.920000 72.458880 892.116800 1.000000
223.892800 2422.448000 128.043680 562.115200 1.000000
331.052800 2229.504000 196.678400 348.361600 1.000000
385.784000 2192.592000 232.059200 299.564800 1.000000
280.624000 2902.032000 287.756800 1005.665600 1.000000
411.716800 2268.928000 293.284800 407.456000 1.000000
383.825600 2424.032000 296.529600 584.800000 1.000000
321.811200 2749.888000 297.158400 892.396800 1.000000
392.534400 2381.040000 297.249600 534.550400 1.000000
392.612800 2424.768000 304.955200 584.808000 1.000000
441.358400 2230.640000 313.288000 360.624000 1.000000
400.436800 2428.176000 313.520000 586.979200 1.000000
410.657600 2380.336000 314.380800 535.088000 1.000000
404.851200 2400.624000 314.627200 558.955200 1.000000
402.846400 2417.552000 314.851200 577.112000 1.000000
435.500800 2274.736000 321.278400 416.457600 1.000000
410.836800 2410.944000 321.907200 569.574400 1.000000
441.331200 2256.640000 322.201600 394.859200 1.000000
409.051200 2437.840000 323.377600 599.374400 1.000000
426.134400 2336.496000 323.996800 487.032000 1.000000
447.104000 2238.528000 324.502400 373.284800 1.000000
422.472000 2400.432000 331.198400 557.105600 1.000000
425.134400 2382.192000 331.785600 537.432000 1.000000
459.910400 2257.456000 345.564800 400.024000 1.000000
409.337600 2633.824000 363.790400 785.185600 1.000000
395.308800 2737.008000 369.219200 887.422400 1.000000
404.512000 2694.208000 371.988800 841.022400 1.000000
403.196800 2726.384000 377.051200 878.720000 1.000000
500.793600 2263.712000 393.310400 418.811200 1.000000
485.104000 2759.840000 461.006400 966.236800 1.000000
590.505600 2362.832000 498.976000 552.729600 1.000000
727.041600 2256.032000 627.232000 451.956800 1.000000
807.971200 2277.568000 713.275200 486.070400 1.000000
819.857600 2295.584000 735.635200 515.273600 1.000000
834.049600 2303.664000 749.091200 525.489600 1.000000
863.409600 2265.952000 775.603200 494.816000 1.000000
880.262400 2550.896000 824.131200 822.576000 1.000000
1180.505600 1853.632000 1075.704000 173.323200 1.000000
1230.736000 1802.944000 1132.161600 112.019200 1.000000
1232.086400 2516.976000 1174.806400 835.704000 1.000000
1248.230400 2360.672000 1184.697600 669.043200 1.000000
1260.804800 2525.456000 1203.979200 851.387200 1.000000
1358.515200 2377.536000 1302.790400 704.814400 1.000000
1474.742400 2788.832000 1410.216000 1125.771200 1.000000
1475.259200 2480.816000 1416.523200 819.811200 1.000000
1481.990400 2587.488000 1421.166400 939.113600 1.000000
1505.592000 2554.896000 1445.344000 911.097600 1.000000
1518.105600 2588.208000 1454.700800 944.937600 1.000000
1516.916800 2572.016000 1455.038400 928.440000 1.000000
1531.123200 2542.192000 1471.920000 898.752000 1.000000
1543.532800 2714.304000 1476.862400 1071.801600 1.000000
1560.940800 1815.808000 1518.752000 184.137600 1.000000
1584.974400 1836.288000 1543.299200 212.081600 1.000000
1586.512000 1862.496000 1546.412800 245.875200 1.000000
1605.936000 1844.704000 1569.441600 228.721600 1.000000
1255.131200 2340.352000 1584.760000 703.604800 1.000000
1268.435200 2344.128000 1602.768000 710.120000 1.000000
1708.384000 1782.128000 1694.144000 162.667200 1.000000
1748.112000 1890.784000 1728.736000 301.190400 1.000000
1758.400000 1757.248000 1750.880000 133.190560 1.000000
1775.296000 1855.904000 1761.552000 265.840000 1.000000
1787.760000 1818.368000 1780.784000 222.680000 1.000000
1798.480000 1886.288000 1787.088000 301.196800 1.000000
1815.008000 1886.720000 1803.984000 308.329600 1.000000
1810.704000 1832.064000 1805.424000 240.900800 1.000000
1881.072000 1814.864000 1891.408000 228.070400 1.000000
1891.296000 1865.984000 1892.048000 297.844800 1.000000
1895.616000 1874.416000 1896.432000 307.577600 1.000000
1910.720000 1876.256000 1911.232000 311.489600 1.000000
1993.424000 2542.032000 1919.328000 945.449600 1.000000
1918.384000 1844.176000 1926.336000 277.614400 1.000000
1988.048000 2373.472000 1940.592000 745.937600 1.000000
1959.840000 2186.976000 1941.168000 527.868800 1.000000
1960.656000 2175.040000 1942.720000 515.438400 1.000000
1942.736000 1708.768000 1977.264000 99.034240 1.000000
1970.544000 1895.248000 1978.944000 341.694400 1.000000
1991.648000 2176.992000 1979.120000 522.200000 1.000000
2005.360000 2194.576000 1987.552000 541.030400 1.000000
1984.928000 1879.600000 1994.416000 328.604800 1.000000
1980.896000 1755.776000 2013.168000 164.939200 1.000000
2003.728000 1832.240000 2025.504000 274.195200 1.000000
2015.248000 1895.504000 2028.672000 348.174400 1.000000
2042.320000 2184.640000 2030.496000 537.918400 1.000000
1997.904000 1772.240000 2031.136000 194.294400 1.000000
2014.480000 1839.200000 2038.624000 283.494400 1.000000
1996.096000 1669.120000 2046.896000 56.045440 1.000000
1999.184000 1680.064000 2047.680000 70.663040 1.000000
2056.592000 2105.744000 2059.088000 447.979200 1.000000
2186.816000 2756.352000 2066.688000 1172.894400 1.000000
2019.760000 1660.000000 2077.536000 49.188320 1.000000
2118.320000 2221.824000 2095.536000 579.265600 1.000000
2109.056000 2157.424000 2100.736000 505.206400 1.000000
2221.168000 2650.608000 2110.928000 1109.619200 1.000000
