4.357904 2662.560000 7.283360 1106.801600 1.000000
31.558720 2820.944000 76.739840 1256.633600 1.000000
101.250080 2583.312000 84.669600 1079.030400 1.000000
118.519200 2578.736000 99.496000 1073.745600 1.000000
201.427200 2338.656000 137.086240 886.104000 1.000000
222.268800 2386.320000 163.528000 930.025600 1.000000
324.604800 2079.136000 205.808000 576.742400 1.000000
253.609600 2889.168000 284.598400 1376.236800 1.000000
377.588800 2367.648000 320.572800 925.899200 1.000000
386.915200 2350.768000 325.940800 907.908800 1.000000
388.035200 2372.656000 332.185600 929.880000 1.000000
401.398400 2307.296000 333.233600 861.408000 1.000000
515.260800 1256.638400 335.960000 404.430400 1.000000
414.081600 2252.512000 336.840000 804.115200 1.000000
392.534400 2381.040000 338.928000 939.561600 1.000000
394.576000 2393.648000 342.057600 953.468800 1.000000
404.987200 2336.176000 342.928000 892.857600 1.000000
402.390400 2362.144000 344.468800 921.025600 1.000000
392.612800 2424.768000 345.443200 984.820800 1.000000
413.401600 2312.400000 347.412800 869.089600 1.000000
409.323200 2354.272000 349.473600 911.640000 1.000000
400.436800 2428.176000 353.230400 987.944000 1.000000
402.846400 2417.552000 354.457600 977.523200 1.000000
437.425600 2202.128000 354.732800 748.464000 1.000000
410.657600 2380.336000 355.540800 939.011200 1.000000
357.598400 2698.144000 356.864000 1234.208000 1.000000
422.240000 2317.504000 357.048000 873.545600 1.000000
418.955200 2345.824000 357.280000 902.390400 1.000000
441.358400 2230.640000 358.172800 777.276800 1.000000
435.500800 2274.736000 364.329600 828.003200 1.000000
426.134400 2336.496000 365.291200 893.510400 1.000000
441.331200 2256.640000 365.504000 808.312000 1.000000
365.028800 2727.792000 368.540800 1266.739200 1.000000
447.104000 2238.528000 368.579200 788.433600 1.000000
447.752000 2248.032000 372.665600 800.107200 1.000000
455.539200 2214.688000 374.494400 761.865600 1.000000
344.419200 2896.224000 375.796800 1397.284800 1.000000
545.595200 1788.944000 381.947200 418.433600 1.000000
395.308800 2737.008000 401.652800 1276.180800 1.000000
398.403200 2725.056000 402.633600 1262.427200 1.000000
404.512000 2694.208000 403.593600 1229.816000 1.000000
509.886400 2308.752000 445.950400 867.550400 1.000000
423.449600 2845.408000 448.884800 1347.040000 1.000000
614.369600 1810.048000 462.297600 450.953600 1.000000
485.104000 2759.840000 482.065600 1392.891200 1.000000
631.236800 1827.264000 483.582400 471.110400 1.000000
585.937600 2685.200000 557.990400 1462.075200 1.000000
727.041600 2256.032000 659.640000 847.616000 1.000000
745.819200 2171.024000 668.643200 752.048000 1.000000
697.993600 2692.672000 683.395200 1304.649600 1.000000
765.849600 2180.624000 692.315200 764.470400 1.000000
779.521600 2193.008000 706.696000 780.230400 1.000000
761.617600 2382.912000 711.686400 997.617600 1.000000
755.409600 2978.112000 721.814400 2080.944000 1.000000
779.601600 2559.376000 751.134400 1169.945600 1.000000
832.420800 2289.120000 764.792000 890.732800 1.000000
865.688000 2306.880000 810.160000 919.996800 1.000000
878.649600 2281.520000 820.233600 892.865600 1.000000
880.262400 2550.896000 848.136000 1186.550400 1.000000
1180.505600 1853.632000 1092.556800 555.752000 1.000000
1204.472000 1764.864000 1111.627200 449.720000 1.000000
1216.572800 1820.832000 1129.241600 520.396800 1.000000
1217.553600 1841.568000 1132.446400 546.656000 1.000000
1232.086400 2516.976000 1188.568000 1184.921600 1.000000
1248.230400 2360.672000 1196.857600 1030.251200 1.000000
1260.804800 2525.456000 1216.006400 1198.259200 1.000000
1358.515200 2377.536000 1312.052800 1057.459200 1.000000
1476.524800 2616.544000 1423.270400 1293.745600 1.000000
1475.259200 2480.816000 1423.603200 1164.128000 1.000000
1474.897600 2513.088000 1424.032000 1197.859200 1.000000
1481.990400 2587.488000 1430.798400 1275.321600 1.000000
1485.486400 2645.776000 1432.499200 1333.881600 1.000000
1506.779200 2710.544000 1451.081600 1388.484800 1.000000
1505.592000 2554.896000 1453.068800 1245.673600 1.000000
1506.334400 2511.408000 1455.083200 1203.324800 1.000000
1518.105600 2588.208000 1461.724800 1277.843200 1.000000
1531.123200 2542.192000 1478.688000 1235.272000 1.000000
1584.974400 1836.288000 1534.793600 574.968000 1.000000
1597.457600 1813.968000 1550.076800 550.376000 1.000000
1605.936000 1844.704000 1558.632000 589.409600 1.000000
1606.512000 1345.046400 1562.588800 51.418880 1.000000
1658.016000 2365.856000 1606.048000 1062.755200 1.000000
1656.432000 1841.936000 1613.344000 589.832000 1.000000
1689.664000 2655.488000 1622.368000 1372.252800 1.000000
1721.552000 1866.608000 1683.312000 623.484800 1.000000
1725.616000 1624.832000 1701.344000 337.180800 1.000000
1758.400000 1757.248000 1728.000000 497.019200 1.000000
1765.552000 1848.928000 1730.960000 609.203200 1.000000
1759.904000 1417.436800 1741.024000 164.924800 1.000000
1775.296000 1855.904000 1742.336000 617.009600 1.000000
1773.600000 1703.088000 1751.888000 434.329600 1.000000
1798.480000 1886.288000 1766.400000 649.908800 1.000000
1795.472000 1838.384000 1766.448000 600.252800 1.000000
1805.056000 1851.968000 1778.272000 619.435200 1.000000
1815.008000 1886.720000 1784.512000 652.824000 1.000000
1817.728000 1870.032000 1788.320000 636.147200 1.000000
1827.568000 1917.776000 1796.096000 684.019200 1.000000
1838.032000 2082.528000 1806.576000 747.592000 1.000000
1836.880000 1845.760000 1810.720000 609.227200 1.000000
1822.384000 1401.763200 1818.864000 152.859520 1.000000
1842.016000 1812.752000 1819.616000 573.344000 1.000000
1846.048000 1421.992000 1846.640000 178.371200 1.000000
1854.784000 1424.056000 1855.440000 181.518400 1.000000
1867.552000 1616.112000 1862.464000 344.164800 1.000000
1881.072000 1814.864000 1862.704000 579.721600 1.000000
1883.616000 1774.048000 1868.432000 528.961600 1.000000
1902.704000 1888.320000 1877.072000 664.553600 1.000000
1897.200000 1788.848000 1882.048000 550.532800 1.000000
1886.048000 1620.592000 1884.304000 350.771200 1.000000
1926.416000 2159.680000 1884.416000 850.129600 1.000000
1898.576000 1773.120000 1886.336000 532.329600 1.000000
1910.672000 1886.656000 1886.672000 663.968000 1.000000
1880.784000 1440.046400 1887.152000 200.072000 1.000000
1917.072000 1712.352000 1911.664000 459.259200 1.000000
1919.776000 1746.256000 1912.368000 499.166400 1.000000
1984.512000 2556.320000 1914.288000 1266.851200 1.000000
1907.360000 1431.209600 1915.200000 197.043200 1.000000
1906.944000 1444.086400 1915.344000 210.526400 1.000000
1924.336000 1703.184000 1922.000000 450.940800 1.000000
1959.840000 2186.976000 1923.760000 877.494400 1.000000
1988.048000 2373.472000 1931.120000 1078.462400 1.000000
1933.232000 1701.248000 1931.232000 448.539200 1.000000
1923.840000 1433.584000 1937.936000 198.352000 1.000000
1953.776000 1773.216000 1944.992000 535.660800 1.000000
1955.888000 1761.744000 1948.144000 521.689600 1.000000
1971.712000 1880.288000 1953.664000 663.582400 1.000000
1937.376000 1380.961600 1958.448000 138.469440 1.000000
1991.648000 2176.992000 1960.768000 870.209600 1.000000
1984.928000 1879.600000 1966.272000 665.308800 1.000000
1967.712000 1673.984000 1972.352000 418.921600 1.000000
1954.224000 1431.356800 1972.432000 200.873600 1.000000
1966.816000 1430.555200 1986.624000 202.166400 1.000000
2003.728000 1832.240000 1993.264000 614.444800 1.000000
2034.128000 2227.952000 1994.576000 923.726400 1.000000
2015.248000 1895.504000 1999.056000 683.048000 1.000000
1999.184000 1680.064000 2005.600000 428.752000 1.000000
2014.480000 1839.200000 2005.680000 622.217600 1.000000
2031.456000 2080.640000 2012.448000 767.371200 1.000000
1990.768000 1490.321600 2013.584000 259.033600 1.000000
2020.672000 1707.216000 2028.400000 467.046400 1.000000
2045.312000 1888.960000 2031.152000 679.659200 1.000000
2060.304000 2152.784000 2031.712000 849.446400 1.000000
2019.760000 1660.000000 2033.056000 409.760000 1.000000
2006.144000 1394.427200 2039.024000 164.563200 1.000000
2028.576000 1682.144000 2040.016000 433.512000 1.000000
2008.336000 1404.156800 2040.896000 176.704000 1.000000
2024.336000 1433.808000 2054.912000 211.838400 1.000000
2021.056000 1405.628800 2054.928000 179.907200 1.000000
2029.936000 1391.830400 2067.536000 163.809600 1.000000
2118.320000 2221.824000 2073.920000 918.012800 1.000000
2055.056000 1489.411200 2085.488000 266.899200 1.000000
2070.688000 1491.532800 2106.400000 269.363200 1.000000
2102.272000 1497.712000 2139.968000 281.976000 1.000000
2099.456000 1425.224000 2145.408000 211.164800 1.000000
2102.496000 1387.294400 2153.600000 167.179200 1.000000
2110.464000 1404.963200 2160.304000 189.579200 1.000000
2146.256000 1453.601600 2195.344000 245.910400 1.000000
2139.920000 1370.040000 2203.040000 146.166560 1.000000
2292.960000 1911.824000 2291.888000 774.478400 1.000000
2716.576000 1450.456000 2560.512000 1852.736000 1.000000
2729.952000 1215.596800 2624.048000 1678.800000 1.000000
2726.704000 1188.038400 2626.480000 1656.896000 1.000000
2742.272000 1215.620800 2637.168000 1683.488000 1.000000
3239.712000 1048.507200 2984.080000 2394.528000 1.000000
3223.712000 1115.540800 2998.624000 2537.296000 1.000000
3341.984000 484.809600 3538.848000 1221.035200 1.000000
