1026.344000 245.710400 944.788800 2867.296000 1.000000
1008.420800 138.638080 1121.068800 2313.872000 1.000000
845.649600 244.446400 1290.182400 2156.752000 1.000000
751.104000 150.050560 1359.179200 1814.480000 1.000000
910.545600 197.835200 1397.600000 2997.008000 1.000000
958.630400 196.718400 1399.628800 2498.960000 1.000000
960.046400 207.614400 1403.427200 2505.152000 1.000000
977.038400 124.403200 1405.318400 2440.016000 1.000000
969.897600 196.084800 1408.249600 2496.640000 1.000000
1203.961600 1152.273600 1500.384000 880.720000 1.000000
2538.576000 1275.840000 2434.096000 1166.156800 1.000000
2165.264000 1947.168000 2646.560000 1438.395200 1.000000
2349.376000 1558.163200 2720.640000 1582.555200 1.000000
2366.944000 1506.825600 2724.448000 1605.136000 1.000000
2147.904000 1935.312000 2782.944000 1675.360000 1.000000
3616.896000 409.920000 3410.736000 612.048000 1.000000
