220.371200 1964.240000 173.068800 2923.072000 1.000000
515.678400 1804.592000 189.433600 2985.248000 1.000000
283.129600 1977.296000 232.201600 2952.112000 1.000000
323.529600 1973.664000 286.161600 2942.224000 1.000000
334.841600 1725.296000 329.644800 2635.184000 1.000000
415.470400 1402.606400 432.580800 2265.904000 1.000000
482.228800 1445.480000 495.395200 2320.480000 1.000000
495.534400 1366.600000 511.624000 2242.560000 1.000000
386.220800 135.918880 514.174400 1012.889600 1.000000
391.788800 34.745440 526.892800 919.328000 1.000000
418.148800 179.720000 541.252800 1045.209600 1.000000
416.313600 44.588960 550.960000 925.979200 1.000000
454.603200 223.560000 573.032000 1085.275200 1.000000
448.140800 81.637440 576.544000 954.801600 1.000000
449.704000 108.385760 578.875200 980.350400 1.000000
454.214400 99.984320 583.897600 973.368000 1.000000
463.806400 197.147200 584.608000 1060.329600 1.000000
455.059200 54.090080 585.779200 931.809600 1.000000
471.260800 215.436800 591.947200 1077.340800 1.000000
475.008000 247.067200 592.192000 1105.070400 1.000000
477.875200 286.582400 592.372800 1141.566400 1.000000
571.659200 1378.264000 592.438400 2249.472000 1.000000
473.628800 77.487040 601.600000 950.497600 1.000000
480.193600 95.157120 607.664000 965.640000 1.000000
495.033600 278.656000 608.980800 1132.915200 1.000000
503.816000 124.806720 626.956800 991.305600 1.000000
527.835200 217.801600 644.817600 1073.307200 1.000000
544.032000 312.592000 652.870400 1162.113600 1.000000
554.323200 232.694400 667.443200 1086.152000 1.000000
546.920000 124.618560 669.070400 987.835200 1.000000
555.001600 186.054400 669.230400 1043.425600 1.000000
559.099200 221.899200 673.536000 1075.012800 1.000000
553.481600 152.378080 673.718400 1013.104000 1.000000
567.905600 72.496160 690.489600 941.310400 1.000000
580.739200 209.852800 694.547200 1064.566400 1.000000
580.115200 161.424000 695.470400 1019.883200 1.000000
584.592000 230.676800 697.446400 1082.667200 1.000000
581.817600 83.957600 704.100800 949.571200 1.000000
596.347200 193.289600 709.344000 1048.164800 1.000000
598.510400 232.632000 710.163200 1084.312000 1.000000
588.257600 22.684800 710.364800 895.281600 1.000000
593.318400 99.528480 712.443200 963.131200 1.000000
604.384000 213.049600 717.308800 1065.652800 1.000000
610.556800 271.062400 718.428800 1117.812800 1.000000
606.691200 224.726400 718.702400 1076.393600 1.000000
612.115200 234.913600 721.924800 1086.163200 1.000000
609.977600 200.696000 724.516800 1053.742400 1.000000
612.548800 92.059520 731.220800 956.526400 1.000000
620.548800 187.339200 734.099200 1040.315200 1.000000
619.448000 51.782880 736.193600 919.918400 1.000000
628.232000 242.459200 737.600000 1091.665600 1.000000
635.718400 365.728000 737.808000 1206.600000 1.000000
625.270400 104.801280 741.968000 965.992000 1.000000
626.891200 118.169920 742.211200 977.291200 1.000000
632.188800 126.524000 746.812800 986.020800 1.000000
637.099200 52.584640 755.289600 918.512000 1.000000
656.465600 357.702400 755.987200 1196.104000 1.000000
641.524800 119.521600 756.513600 976.809600 1.000000
645.003200 109.672160 760.603200 969.640000 1.000000
671.028800 347.784000 770.241600 1186.507200 1.000000
656.550400 102.816320 770.404800 962.996800 1.000000
665.550400 246.729600 771.273600 1092.475200 1.000000
665.508800 230.334400 772.948800 1077.667200 1.000000
662.747200 163.851200 773.550400 1017.228800 1.000000
663.547200 74.799520 777.256000 939.054400 1.000000
678.465600 328.001600 779.665600 1166.736000 1.000000
677.798400 260.272000 781.305600 1103.993600 1.000000
684.625600 296.880000 786.369600 1136.920000 1.000000
671.062400 19.486240 788.046400 886.513600 1.000000
678.972800 151.740160 788.579200 1004.508800 1.000000
688.345600 348.964800 788.745600 1186.104000 1.000000
676.537600 27.992640 790.889600 895.278400 1.000000
686.614400 251.963200 792.172800 1095.704000 1.000000
680.808000 131.215200 793.152000 987.443200 1.000000
691.451200 217.755200 798.067200 1064.822400 1.000000
688.182400 122.940320 798.472000 979.124800 1.000000
698.593600 162.084800 806.558400 1014.803200 1.000000
717.924800 295.286400 818.161600 1136.361600 1.000000
722.632000 338.329600 820.512000 1171.843200 1.000000
720.835200 130.205600 827.350400 982.867200 1.000000
737.683200 318.387200 833.841600 1150.545600 1.000000
730.238400 211.468800 834.496000 1054.225600 1.000000
736.748800 35.646400 845.516800 900.278400 1.000000
759.214400 378.446400 852.998400 1208.209600 1.000000
746.238400 94.321760 856.086400 947.968000 1.000000
761.529600 357.448000 856.985600 1188.576000 1.000000
760.968000 335.249600 857.702400 1166.596800 1.000000
761.508800 288.659200 861.345600 1125.440000 1.000000
757.622400 104.769920 863.496000 959.654400 1.000000
764.257600 87.206880 870.553600 943.785600 1.000000
764.424000 48.150720 870.563200 908.233600 1.000000
768.270400 188.430400 870.564800 1032.340800 1.000000
771.604800 168.691200 874.038400 1014.961600 1.000000
775.417600 250.481600 874.321600 1089.404800 1.000000
779.508800 233.008000 877.769600 1072.867200 1.000000
774.326400 115.441120 879.676800 969.748800 1.000000
783.179200 176.864000 884.606400 1021.569600 1.000000
785.820800 190.699200 885.691200 1034.065600 1.000000
786.300800 79.479680 892.316800 936.067200 1.000000
791.779200 155.226720 893.016000 1002.587200 1.000000
795.964800 185.718400 897.177600 1028.771200 1.000000
808.225600 337.969600 899.065600 1167.592000 1.000000
805.611200 267.878400 901.894400 1104.062400 1.000000
810.708800 152.005600 907.686400 998.318400 1.000000
812.150400 227.251200 910.721600 1065.264000 1.000000
825.068800 405.510400 914.414400 1229.878400 1.000000
829.564800 370.667200 919.211200 1196.668800 1.000000
828.792000 324.936000 921.214400 1154.054400 1.000000
822.409600 67.471200 923.820800 923.408000 1.000000
835.884800 305.985600 926.630400 1135.745600 1.000000
839.115200 344.454400 928.662400 1171.537600 1.000000
832.172800 82.522240 932.227200 937.073600 1.000000
838.051200 46.593600 937.643200 904.180800 1.000000
840.080000 114.603520 939.139200 963.099200 1.000000
857.996800 295.785600 948.185600 1124.513600 1.000000
847.982400 30.134720 949.262400 889.246400 1.000000
861.742400 319.468800 952.358400 1146.302400 1.000000
947.624000 2015.520000 955.788800 2921.904000 1.000000
863.484800 99.159520 961.553600 950.977600 1.000000
880.760000 335.972800 969.790400 1161.184000 1.000000
881.171200 316.076800 969.870400 1142.854400 1.000000
884.598400 285.697600 971.676800 1115.808000 1.000000
873.750400 124.125280 971.912000 970.947200 1.000000
890.598400 413.153600 973.385600 1228.385600 1.000000
972.452800 1994.720000 982.204800 2894.176000 1.000000
895.622400 256.668800 982.713600 1088.628800 1.000000
900.004800 446.067200 984.080000 1262.305600 1.000000
905.523200 96.340480 999.116800 946.067200 1.000000
908.865600 134.322080 999.878400 980.456000 1.000000
919.318400 359.080000 1002.921600 1179.486400 1.000000
925.014400 269.622400 1010.608000 1096.961600 1.000000
919.462400 98.105280 1011.529600 947.323200 1.000000
939.651200 414.046400 1016.960000 1227.470400 1.000000
934.433600 330.702400 1017.496000 1151.944000 1.000000
928.059200 172.897600 1021.732800 1013.315200 1.000000
959.222400 496.089600 1035.606400 1304.680000 1.000000
956.830400 436.297600 1036.036800 1245.886400 1.000000
952.732800 264.286400 1037.651200 1092.808000 1.000000
964.580800 460.684800 1039.825600 1268.499200 1.000000
951.089600 82.265440 1041.542400 930.632000 1.000000
955.971200 186.393600 1041.592000 1022.587200 1.000000
967.192000 470.545600 1042.136000 1278.619200 1.000000
966.817600 345.596800 1048.913600 1161.977600 1.000000
970.681600 306.003200 1049.009600 1124.990400 1.000000
971.094400 359.977600 1050.208000 1176.840000 1.000000
961.664000 75.845760 1051.612800 924.568000 1.000000
974.964800 416.195200 1052.142400 1227.710400 1.000000
973.036800 277.494400 1057.286400 1101.188800 1.000000
987.619200 206.000000 1069.414400 1036.272000 1.000000
992.204800 383.636800 1069.619200 1196.646400 1.000000
993.238400 319.996800 1071.900800 1139.270400 1.000000
988.726400 153.481440 1072.611200 993.550400 1.000000
1001.900800 412.361600 1075.236800 1221.147200 1.000000
996.275200 111.768160 1080.008000 955.908800 1.000000
1010.428800 446.953600 1084.056000 1255.230400 1.000000
1011.742400 341.222400 1087.790400 1155.547200 1.000000
1003.966400 53.278560 1088.617600 903.214400 1.000000
1007.040000 188.744000 1088.803200 1023.777600 1.000000
1017.892800 287.465600 1095.753600 1108.880000 1.000000
1015.822400 178.217600 1096.060800 1013.945600 1.000000
1014.484800 229.748800 1096.521600 1059.582400 1.000000
1020.585600 115.680480 1103.371200 958.528000 1.000000
1029.256000 352.105600 1104.483200 1165.830400 1.000000
1025.304000 138.978080 1105.556800 979.057600 1.000000
1030.032000 216.678400 1108.777600 1044.516800 1.000000
1027.182400 77.084480 1110.846400 924.838400 1.000000
1035.660800 233.774400 1114.195200 1060.729600 1.000000
1044.267200 469.880000 1114.206400 1272.217600 1.000000
1049.289600 505.851200 1115.161600 1303.564800 1.000000
1046.185600 132.860000 1124.864000 972.926400 1.000000
1052.150400 279.512000 1127.187200 1098.782400 1.000000
1055.622400 239.926400 1129.348800 1061.145600 1.000000
1060.195200 381.251200 1130.734400 1190.657600 1.000000
1066.105600 503.505600 1131.795200 1303.196800 1.000000
1057.756800 106.701280 1138.307200 947.187200 1.000000
1064.793600 321.131200 1138.862400 1135.520000 1.000000
1067.244800 333.292800 1140.180800 1147.505600 1.000000
1116.275200 2091.600000 1141.267200 2987.664000 1.000000
1065.990400 69.062080 1143.700800 914.092800 1.000000
1069.696000 46.437120 1145.486400 897.806400 1.000000
1072.131200 216.547200 1146.435200 1043.339200 1.000000
1074.780800 312.833600 1149.672000 1128.377600 1.000000
1081.036800 403.724800 1150.248000 1209.603200 1.000000
1082.556800 420.753600 1150.292800 1224.990400 1.000000
1081.388800 279.468800 1152.982400 1099.288000 1.000000
1076.123200 119.626720 1153.864000 959.819200 1.000000
1083.520000 323.793600 1154.500800 1140.793600 1.000000
1080.542400 157.336960 1156.318400 994.032000 1.000000
1091.329600 375.448000 1160.336000 1183.084800 1.000000
1085.158400 73.972640 1161.088000 920.142400 1.000000
1113.572800 486.569600 1175.857600 1286.990400 1.000000
1272.184000 2085.792000 1197.316800 2981.712000 1.000000
1235.476800 706.073600 1249.604800 1481.081600 1.000000
1383.305600 1414.640000 1408.552000 2234.656000 1.000000
1389.123200 2053.760000 1437.723200 2932.816000 1.000000
1438.990400 1843.440000 1486.017600 2701.712000 1.000000
1458.577600 1111.009600 1487.315200 1954.992000 1.000000
1476.412800 1108.270400 1503.857600 1947.904000 1.000000
1483.260800 1581.984000 1526.884800 2418.128000 1.000000
1487.481600 2008.192000 1548.920000 2881.584000 1.000000
1503.787200 1818.064000 1553.720000 2670.960000 1.000000
1505.233600 1856.960000 1557.648000 2712.576000 1.000000
1464.172800 572.544000 1563.681600 1352.926400 1.000000
1529.536000 1790.496000 1583.659200 2640.576000 1.000000
1566.980800 1469.537600 1611.344000 2281.152000 1.000000
1693.696000 2116.336000 1782.048000 2982.224000 1.000000
1778.480000 1057.574400 1815.472000 1806.032000 1.000000
1829.568000 761.273600 1849.504000 1502.147200 1.000000
1859.792000 378.809600 1853.808000 1177.172800 1.000000
1835.104000 772.785600 1855.424000 1512.460800 1.000000
1843.024000 761.249600 1863.088000 1499.326400 1.000000
1852.288000 702.419200 1870.576000 1438.172800 1.000000
1882.912000 768.060800 1902.720000 1503.827200 1.000000
2002.896000 1871.808000 2198.016000 1814.000000 1.000000
2049.328000 2221.216000 2259.840000 2366.208000 1.000000
2066.784000 2237.904000 2280.432000 2377.056000 1.000000
2165.184000 1210.625600 2289.104000 1167.859200 1.000000
2074.016000 2247.408000 2289.808000 2384.992000 1.000000
2143.616000 1444.025600 2289.888000 1377.772800 1.000000
2172.096000 1221.364800 2297.712000 1175.376000 1.000000
2092.080000 2091.872000 2298.656000 2151.552000 1.000000
2166.720000 1269.825600 2299.056000 1214.417600 1.000000
2127.408000 1984.000000 2333.280000 1919.696000 1.000000
2221.456000 1100.729600 2334.272000 1058.004800 1.000000
2208.240000 1262.865600 2337.536000 1203.652800 1.000000
2215.968000 1184.696000 2338.128000 1131.990400 1.000000
2211.808000 1237.209600 2339.264000 1179.857600 1.000000
2136.896000 1953.904000 2340.624000 1883.168000 1.000000
2223.888000 1167.344000 2342.688000 1114.945600 1.000000
2147.904000 1935.312000 2349.216000 1862.704000 1.000000
2145.680000 1950.128000 2349.920000 1877.504000 1.000000
2165.424000 1892.576000 2363.440000 1815.360000 1.000000
2213.360000 1471.174400 2365.360000 1377.553600 1.000000
2252.864000 1139.372800 2366.240000 1082.320000 1.000000
2231.392000 1317.657600 2366.752000 1242.190400 1.000000
2220.768000 1458.964800 2371.584000 1368.379200 1.000000
2186.336000 1843.200000 2379.440000 1762.048000 1.000000
2180.720000 1898.208000 2379.664000 1818.832000 1.000000
2185.424000 1891.104000 2383.824000 1810.640000 1.000000
2253.824000 1269.942400 2384.560000 1189.142400 1.000000
2185.904000 1900.624000 2385.600000 1820.816000 1.000000
2195.840000 1819.360000 2387.216000 1732.832000 1.000000
2193.072000 1876.160000 2390.048000 1794.560000 1.000000
2258.128000 1335.014400 2394.224000 1251.278400 1.000000
2208.816000 1784.352000 2395.440000 1699.584000 1.000000
2198.864000 1894.272000 2397.040000 1811.984000 1.000000
2208.016000 1842.480000 2401.760000 1757.248000 1.000000
2245.872000 1507.046400 2402.064000 1410.820800 1.000000
2268.448000 1311.937600 2402.960000 1228.072000 1.000000
2259.072000 1477.451200 2412.176000 1378.156800 1.000000
2224.704000 1792.976000 2412.496000 1705.216000 1.000000
2200.560000 1997.904000 2412.496000 1918.080000 1.000000
2284.384000 1262.030400 2413.808000 1172.697600 1.000000
2223.792000 1853.296000 2418.048000 1765.200000 1.000000
2298.432000 1298.793600 2431.280000 1208.288000 1.000000
2276.560000 1517.745600 2432.656000 1416.728000 1.000000
2296.848000 1384.441600 2439.440000 1284.718400 1.000000
2253.376000 1783.952000 2440.928000 1688.464000 1.000000
2303.472000 1367.198400 2442.688000 1270.452800 1.000000
2315.936000 1242.577600 2442.880000 1146.513600 1.000000
2306.432000 1446.478400 2454.240000 1339.065600 1.000000
2282.320000 1687.952000 2459.232000 1583.710400 1.000000
2271.312000 1828.096000 2464.928000 1725.936000 1.000000
2328.800000 1347.273600 2465.936000 1250.347200 1.000000
2337.376000 1278.168000 2467.264000 1176.664000 1.000000
2318.720000 1469.035200 2469.952000 1359.028800 1.000000
2349.200000 1257.246400 2475.904000 1154.225600 1.000000
2345.232000 1353.681600 2482.704000 1252.288000 1.000000
2357.664000 1255.990400 2484.128000 1150.536000 1.000000
2326.800000 1540.219200 2485.760000 1422.200000 1.000000
2356.688000 1277.088000 2485.808000 1173.142400 1.000000
2352.608000 1325.904000 2487.008000 1224.899200 1.000000
2323.792000 1601.424000 2491.376000 1484.116800 1.000000
2287.056000 1692.032000 2492.432000 1511.902400 1.000000
2349.376000 1558.163200 2494.928000 1484.758400 1.000000
2346.976000 1465.798400 2498.800000 1349.504000 1.000000
2333.808000 1590.395200 2499.824000 1471.297600 1.000000
2365.744000 1334.856000 2500.592000 1230.187200 1.000000
2340.400000 1529.750400 2500.912000 1409.939200 1.000000
2360.096000 1426.236800 2505.760000 1316.561600 1.000000
2354.704000 1513.524800 2510.912000 1392.412800 1.000000
2353.408000 1529.950400 2511.808000 1407.796800 1.000000
2384.032000 1316.553600 2515.328000 1209.393600 1.000000
2387.856000 1292.153600 2516.624000 1185.056000 1.000000
2374.176000 1451.396800 2523.440000 1331.139200 1.000000
2373.456000 1495.705600 2527.776000 1372.814400 1.000000
2348.816000 1723.824000 2530.736000 1604.448000 1.000000
2375.264000 1514.644800 2531.344000 1390.129600 1.000000
2389.408000 1459.483200 2539.408000 1335.510400 1.000000
2387.552000 1489.147200 2540.464000 1364.307200 1.000000
2426.048000 1349.417600 2560.464000 1228.739200 1.000000
2443.920000 1442.256000 2591.456000 1303.872000 1.000000
2514.272000 607.729600 2593.440000 562.497600 1.000000
2459.536000 1367.555200 2596.992000 1230.982400 1.000000
2466.336000 1328.376000 2599.280000 1191.926400 1.000000
2465.680000 1354.859200 2601.088000 1216.062400 1.000000
2439.344000 1582.048000 2603.216000 1440.969600 1.000000
2456.080000 1470.358400 2606.304000 1328.368000 1.000000
2453.904000 1489.537600 2607.264000 1345.083200 1.000000
2476.160000 1361.944000 2613.120000 1218.558400 1.000000
2478.368000 1354.441600 2614.432000 1210.820800 1.000000
2478.912000 1372.755200 2617.360000 1228.062400 1.000000
2460.112000 1536.628800 2618.816000 1389.744000 1.000000
2493.920000 1374.177600 2632.176000 1224.062400 1.000000
2497.552000 1366.412800 2634.592000 1215.180800 1.000000
2503.312000 1370.748800 2641.248000 1216.880000 1.000000
2506.880000 1357.195200 2642.768000 1203.731200 1.000000
2509.792000 1372.368000 2647.760000 1217.795200 1.000000
2501.472000 1442.699200 2648.144000 1286.577600 1.000000
2528.320000 1329.776000 2658.336000 1174.864000 1.000000
2528.832000 1364.326400 2665.472000 1200.656000 1.000000
2571.152000 634.587200 2665.584000 558.798400 1.000000
2513.040000 1544.686400 2673.536000 1374.635200 1.000000
2583.776000 1205.944000 2675.424000 1073.004800 1.000000
