604.384000 213.049600 885.872000 2397.808000 1.000000
661.792000 405.916800 937.299200 2601.504000 1.000000
656.550400 102.816320 943.284800 2273.232000 1.000000
663.547200 74.799520 951.091200 2246.112000 1.000000
678.972800 151.740160 958.520000 2314.400000 1.000000
680.808000 131.215200 963.502400 2293.888000 1.000000
681.384000 61.401600 969.918400 2228.464000 1.000000
770.532800 71.727200 1049.252800 2219.056000 1.000000
786.300800 79.479680 1064.390400 2219.872000 1.000000
789.585600 99.688320 1064.860800 2240.416000 1.000000
814.422400 55.809120 1089.212800 2195.760000 1.000000
831.966400 125.041280 1102.467200 2257.360000 1.000000
832.172800 82.522240 1102.790400 2216.880000 1.000000
847.604800 256.944000 1108.006400 2381.904000 1.000000
858.216000 357.550400 1114.548800 2492.192000 1.000000
844.267200 67.896800 1115.912000 2201.488000 1.000000
857.996800 295.785600 1116.680000 2419.728000 1.000000
861.742400 319.468800 1120.128000 2445.232000 1.000000
861.371200 270.326400 1121.068800 2392.688000 1.000000
863.484800 99.159520 1130.104000 2227.648000 1.000000
881.171200 316.076800 1138.160000 2437.488000 1.000000
884.200000 229.552000 1139.745600 2345.520000 1.000000
877.424000 33.793920 1145.152000 2158.256000 1.000000
900.004800 446.067200 1146.497600 2579.952000 1.000000
908.865600 134.322080 1166.329600 2253.984000 1.000000
925.430400 353.430400 1167.748800 2473.152000 1.000000
916.243200 145.343520 1176.372800 2262.816000 1.000000
934.433600 330.702400 1187.801600 2439.552000 1.000000
932.046400 89.460320 1189.356800 2206.464000 1.000000
928.059200 172.897600 1189.755200 2284.000000 1.000000
959.222400 496.089600 1210.601600 2613.344000 1.000000
953.833600 108.037120 1212.684800 2216.288000 1.000000
960.046400 207.614400 1214.542400 2309.104000 1.000000
965.384000 373.640000 1214.654400 2478.800000 1.000000
970.681600 306.003200 1220.536000 2404.192000 1.000000
961.664000 75.845760 1220.606400 2186.800000 1.000000
977.038400 124.403200 1230.366400 2228.976000 1.000000
972.864000 66.285120 1230.560000 2170.752000 1.000000
986.760000 299.116800 1236.430400 2394.432000 1.000000
987.619200 206.000000 1239.609600 2302.752000 1.000000
988.953600 129.678720 1242.179200 2233.648000 1.000000
996.275200 111.768160 1249.395200 2213.296000 1.000000
1010.428800 446.953600 1253.884800 2548.048000 1.000000
1013.416000 399.646400 1260.118400 2494.688000 1.000000
1007.278400 43.028320 1261.051200 2141.072000 1.000000
1015.822400 178.217600 1265.529600 2273.664000 1.000000
1030.032000 216.678400 1278.320000 2303.088000 1.000000
1037.043200 339.252800 1283.043200 2424.176000 1.000000
1038.577600 362.217600 1284.139200 2449.200000 1.000000
1044.267200 469.880000 1288.926400 2562.416000 1.000000
1051.584000 206.864000 1297.691200 2292.560000 1.000000
1060.195200 381.251200 1300.665600 2465.056000 1.000000
1059.214400 405.158400 1302.681600 2489.392000 1.000000
1057.756800 106.701280 1306.244800 2194.912000 1.000000
1065.412800 175.459200 1309.937600 2258.752000 1.000000
1067.280000 200.473600 1312.283200 2282.800000 1.000000
1069.696000 46.437120 1313.396800 2137.472000 1.000000
1072.131200 216.547200 1315.849600 2297.104000 1.000000
1077.576000 197.091200 1320.796800 2279.200000 1.000000
1080.542400 157.336960 1324.246400 2242.640000 1.000000
1081.036800 403.724800 1324.328000 2485.760000 1.000000
1081.121600 163.763200 1324.966400 2245.968000 1.000000
1085.158400 73.972640 1328.795200 2162.096000 1.000000
1091.329600 375.448000 1333.984000 2452.848000 1.000000
1092.732800 109.616320 1335.436800 2194.176000 1.000000
1235.476800 706.073600 1400.476800 2804.192000 1.000000
1836.496000 704.436800 2097.040000 2648.176000 1.000000
1852.288000 702.419200 2112.112000 2638.048000 1.000000
1860.000000 722.476800 2125.616000 2652.256000 1.000000
1882.912000 768.060800 2155.728000 2736.496000 1.000000
2154.400000 1896.800000 2574.704000 1542.672000 1.000000
2213.600000 1750.880000 2579.152000 1405.230400 1.000000
2195.840000 1819.360000 2583.232000 1467.396800 1.000000
2156.672000 1940.848000 2592.592000 1576.350400 1.000000
2183.776000 1887.040000 2609.264000 1478.745600 1.000000
2340.400000 1529.750400 2616.416000 1171.041600 1.000000
2354.704000 1513.524800 2620.704000 1158.827200 1.000000
2191.968000 1989.376000 2648.960000 1592.041600 1.000000
2326.304000 1760.560000 2664.800000 1529.577600 1.000000
2315.472000 1799.104000 2679.760000 1909.456000 1.000000
