415.470400 1402.606400 383.177600 2878.224000 1.000000
495.534400 1366.600000 466.406400 2858.944000 1.000000
571.659200 1378.264000 552.537600 2864.064000 1.000000
449.704000 108.385760 562.249600 1486.676800 1.000000
448.140800 81.637440 562.465600 1460.838400 1.000000
463.806400 197.147200 566.673600 1567.763200 1.000000
471.660800 239.089600 569.566400 1605.072000 1.000000
455.059200 54.090080 569.883200 1436.470400 1.000000
475.008000 247.067200 572.292800 1613.632000 1.000000
471.260800 215.436800 574.001600 1585.196800 1.000000
463.065600 86.546560 574.902400 1465.179200 1.000000
485.556800 194.296000 586.235200 1561.094400 1.000000
473.628800 77.487040 586.304000 1454.284800 1.000000
484.099200 175.929600 588.363200 1546.808000 1.000000
480.193600 95.157120 591.582400 1469.364800 1.000000
503.816000 124.806720 610.764800 1493.276800 1.000000
519.024000 158.752640 621.667200 1522.153600 1.000000
512.136000 97.467360 622.118400 1467.512000 1.000000
527.835200 217.801600 626.534400 1575.252800 1.000000
537.531200 124.787520 643.001600 1489.691200 1.000000
554.323200 232.694400 648.840000 1587.147200 1.000000
671.297600 1384.811200 654.406400 2859.456000 1.000000
559.099200 221.899200 655.104000 1574.980800 1.000000
567.905600 72.496160 673.769600 1438.184000 1.000000
580.115200 161.424000 679.348800 1518.692800 1.000000
581.817600 83.957600 687.576000 1445.904000 1.000000
604.384000 213.049600 699.888000 1562.260800 1.000000
612.115200 234.913600 703.496000 1581.836800 1.000000
632.089600 184.396800 726.342400 1531.457600 1.000000
625.780800 75.334720 726.849600 1436.620800 1.000000
637.099200 52.584640 738.891200 1412.334400 1.000000
665.550400 246.729600 752.840000 1585.561600 1.000000
665.508800 230.334400 755.627200 1570.475200 1.000000
663.547200 74.799520 760.646400 1430.704000 1.000000
671.902400 188.195200 762.067200 1531.404800 1.000000
688.345600 348.964800 768.560000 1679.280000 1.000000
678.972800 151.740160 771.585600 1495.824000 1.000000
671.062400 19.486240 771.875200 1377.200000 1.000000
676.537600 27.992640 773.952000 1385.977600 1.000000
680.808000 131.215200 775.748800 1478.118400 1.000000
691.451200 217.755200 780.297600 1554.641600 1.000000
688.182400 122.940320 781.035200 1468.852800 1.000000
691.529600 77.110720 787.004800 1428.912000 1.000000
698.593600 162.084800 788.595200 1504.334400 1.000000
705.576000 239.368000 790.128000 1573.659200 1.000000
712.305600 339.801600 790.494400 1666.848000 1.000000
699.212800 28.416480 796.256000 1383.432000 1.000000
720.835200 130.205600 810.400000 1470.577600 1.000000
728.960000 181.505600 817.686400 1517.987200 1.000000
759.214400 378.446400 832.988800 1697.600000 1.000000
751.104000 150.050560 839.601600 1486.025600 1.000000
764.257600 87.206880 852.860800 1428.992000 1.000000
778.304000 286.286400 856.016000 1607.312000 1.000000
774.326400 115.441120 861.288000 1455.377600 1.000000
783.179200 176.864000 867.360000 1504.577600 1.000000
791.779200 155.226720 875.288000 1485.587200 1.000000
800.328000 298.715200 875.427200 1616.272000 1.000000
789.585600 99.688320 876.451200 1437.760000 1.000000
805.611200 267.878400 883.892800 1587.155200 1.000000
802.928000 138.354080 886.148800 1471.161600 1.000000
825.068800 405.510400 893.489600 1716.864000 1.000000
811.928000 111.953440 895.406400 1446.486400 1.000000
825.620800 348.134400 896.192000 1662.032000 1.000000
834.787200 537.788800 898.801600 1818.416000 1.000000
828.868800 220.155200 907.492800 1540.121600 1.000000
830.731200 197.417600 909.356800 1518.891200 1.000000
843.790400 194.142400 920.966400 1514.526400 1.000000
840.080000 114.603520 921.236800 1446.190400 1.000000
857.996800 295.785600 929.654400 1605.072000 1.000000
870.745600 411.206400 936.556800 1710.832000 1.000000
871.486400 188.035200 946.465600 1504.689600 1.000000
884.200000 229.552000 950.488000 1540.073600 1.000000
881.171200 316.076800 951.320000 1621.520000 1.000000
884.598400 285.697600 954.862400 1590.852800 1.000000
890.598400 413.153600 955.624000 1710.288000 1.000000
900.004800 446.067200 962.459200 1743.104000 1.000000
895.622400 256.668800 964.156800 1566.009600 1.000000
900.804800 22.082080 977.950400 1357.339200 1.000000
908.843200 141.431680 980.937600 1463.278400 1.000000
925.014400 269.622400 992.193600 1572.961600 1.000000
934.433600 330.702400 998.648000 1627.488000 1.000000
928.059200 172.897600 1001.982400 1488.723200 1.000000
951.089600 82.265440 1022.312000 1406.472000 1.000000
955.971200 186.393600 1022.873600 1496.982400 1.000000
965.384000 373.640000 1027.164800 1664.640000 1.000000
958.684800 56.243040 1029.555200 1381.574400 1.000000
986.760000 299.116800 1047.081600 1593.012800 1.000000
992.468800 475.004800 1048.588800 1756.384000 1.000000
986.166400 328.876800 1049.224000 1618.976000 1.000000
988.953600 129.678720 1055.312000 1444.392000 1.000000
996.275200 111.768160 1061.710400 1426.968000 1.000000
1010.428800 446.953600 1065.904000 1729.712000 1.000000
1003.966400 53.278560 1069.296000 1373.934400 1.000000
1020.153600 488.542400 1074.123200 1764.000000 1.000000
1025.304000 138.978080 1087.366400 1449.084800 1.000000
1030.032000 216.678400 1089.769600 1514.081600 1.000000
1027.182400 77.084480 1090.681600 1396.014400 1.000000
1035.660800 233.774400 1094.321600 1529.569600 1.000000
1044.267200 469.880000 1096.990400 1744.544000 1.000000
1049.289600 505.851200 1101.470400 1777.280000 1.000000
1045.204800 260.384000 1103.529600 1550.598400 1.000000
1055.622400 239.926400 1109.166400 1528.851200 1.000000
1059.214400 405.158400 1111.377600 1682.800000 1.000000
1060.195200 381.251200 1112.419200 1660.016000 1.000000
1058.649600 304.728000 1115.510400 1589.764800 1.000000
1057.756800 106.701280 1119.246400 1416.564800 1.000000
1065.412800 175.459200 1120.908800 1475.294400 1.000000
1067.244800 333.292800 1122.926400 1615.264000 1.000000
1065.990400 69.062080 1123.297600 1382.528000 1.000000
1063.187200 133.738240 1123.835200 1441.337600 1.000000
1069.696000 46.437120 1126.091200 1365.598400 1.000000
1072.131200 216.547200 1126.752000 1511.241600 1.000000
1082.556800 420.753600 1132.185600 1693.680000 1.000000
1081.036800 403.724800 1132.627200 1678.144000 1.000000
1080.542400 157.336960 1137.288000 1462.580800 1.000000
1113.572800 486.569600 1155.003200 1760.112000 1.000000
1173.452800 701.569600 1171.288000 1957.984000 1.000000
1136.292800 514.993600 1174.206400 1778.640000 1.000000
1180.732800 773.785600 1181.027200 2005.728000 1.000000
1203.961600 1152.273600 1197.587200 2286.528000 1.000000
1151.907200 603.331200 1198.054400 1842.992000 1.000000
1235.476800 706.073600 1225.918400 1953.904000 1.000000
1219.652800 1388.417600 1238.113600 2793.472000 1.000000
1295.569600 1407.854400 1319.444800 2804.448000 1.000000
1835.104000 772.785600 1856.576000 1950.336000 1.000000
1840.752000 787.254400 1859.072000 1964.896000 1.000000
1843.024000 761.249600 1863.072000 1935.168000 1.000000
1852.288000 702.419200 1868.288000 1867.008000 1.000000
1860.000000 722.476800 1875.584000 1890.880000 1.000000
1888.432000 654.136000 1895.280000 1827.728000 1.000000
1894.208000 744.635200 1913.664000 1900.192000 1.000000
1969.712000 1531.433600 2142.624000 1474.569600 1.000000
1966.992000 1557.788800 2144.224000 1499.902400 1.000000
1985.312000 1539.924800 2161.936000 1477.649600 1.000000
2007.424000 1539.872000 2182.304000 1475.307200 1.000000
2021.168000 1500.216000 2189.728000 1435.556800 1.000000
2298.384000 863.892800 2340.432000 936.576000 1.000000
2245.840000 1280.401600 2369.264000 1172.057600 1.000000
2220.768000 1458.964800 2378.304000 1328.180800 1.000000
2238.560000 1475.337600 2400.192000 1335.406400 1.000000
2249.568000 1439.028800 2404.128000 1295.956800 1.000000
2147.904000 1935.312000 2404.192000 1814.528000 1.000000
2285.264000 1302.444800 2411.216000 1179.259200 1.000000
2158.720000 1989.904000 2428.896000 1861.216000 1.000000
2174.848000 1936.736000 2431.216000 1811.632000 1.000000
2169.584000 1883.024000 2432.848000 1706.080000 1.000000
2276.560000 1517.745600 2445.104000 1360.190400 1.000000
2330.240000 1275.216000 2448.688000 1134.756800 1.000000
2299.696000 1461.076800 2455.872000 1303.795200 1.000000
2315.248000 1383.867200 2456.592000 1233.595200 1.000000
2324.832000 1342.350400 2457.584000 1203.273600 1.000000
2340.624000 1292.355200 2461.632000 1146.736000 1.000000
2335.920000 1320.128000 2463.440000 1179.097600 1.000000
2356.688000 1277.088000 2474.560000 1127.742400 1.000000
2347.344000 1323.289600 2474.704000 1179.459200 1.000000
2329.680000 1416.025600 2476.784000 1257.473600 1.000000
2318.720000 1469.035200 2478.000000 1300.377600 1.000000
2367.792000 1307.372800 2491.136000 1157.384000 1.000000
2341.552000 1470.064000 2500.336000 1294.486400 1.000000
2326.800000 1540.219200 2501.584000 1359.360000 1.000000
2221.152000 1974.176000 2507.312000 1780.400000 1.000000
2360.096000 1426.236800 2508.304000 1258.939200 1.000000
2271.312000 1828.096000 2509.296000 1664.720000 1.000000
2318.640000 1616.800000 2509.904000 1436.924800 1.000000
2322.784000 1610.672000 2511.968000 1429.089600 1.000000
2340.400000 1529.750400 2512.608000 1345.988800 1.000000
2287.056000 1692.032000 2514.912000 1445.963200 1.000000
2398.560000 1295.952000 2517.824000 1136.200000 1.000000
2280.768000 1833.008000 2519.424000 1666.656000 1.000000
2354.704000 1513.524800 2522.304000 1328.078400 1.000000
2374.176000 1451.396800 2528.128000 1269.630400 1.000000
2360.112000 1541.752000 2533.536000 1349.376000 1.000000
2354.512000 1590.348800 2539.712000 1397.814400 1.000000
2387.552000 1489.147200 2548.400000 1298.787200 1.000000
2392.016000 1523.905600 2562.960000 1327.494400 1.000000
2413.456000 1610.608000 2596.240000 1421.718400 1.000000
2503.760000 1405.440000 2643.152000 1168.852800 1.000000
2511.568000 1392.262400 2647.168000 1153.425600 1.000000
2698.608000 956.651200 2718.992000 652.480000 1.000000
