41.259360 2789.248000 129.036640 2464.608000 1.000000
54.400480 2747.792000 141.580160 2424.944000 1.000000
58.036960 2805.584000 145.752160 2481.584000 1.000000
96.599840 1739.968000 153.277600 1451.772800 1.000000
99.020000 2784.016000 184.089600 2460.752000 1.000000
102.731680 2837.184000 188.793600 2507.456000 1.000000
115.285920 2859.648000 199.360000 2531.760000 1.000000
122.579360 2742.192000 205.785600 2420.704000 1.000000
143.577600 2238.560000 212.086400 1927.184000 1.000000
162.436800 2064.576000 226.328000 1764.848000 1.000000
165.332800 2041.072000 227.649600 1742.640000 1.000000
164.918400 1970.224000 231.049600 1667.568000 1.000000
174.011200 2165.072000 242.123200 1855.904000 1.000000
207.806400 1690.848000 262.689600 1401.299200 1.000000
186.136000 2720.672000 263.652800 2405.024000 1.000000
196.808000 2747.424000 276.944000 2429.344000 1.000000
196.726400 2920.976000 278.176000 2591.664000 1.000000
230.254400 1574.737600 278.902400 1282.508800 1.000000
198.724800 2919.408000 280.403200 2589.760000 1.000000
225.043200 2226.672000 291.192000 1915.408000 1.000000
220.401600 2904.064000 300.414400 2573.776000 1.000000
228.048000 2829.760000 310.331200 2495.376000 1.000000
271.918400 1695.232000 323.192000 1403.537600 1.000000
252.457600 2153.344000 324.718400 1846.416000 1.000000
246.134400 2938.176000 325.452800 2609.472000 1.000000
283.129600 1977.296000 344.064000 1676.608000 1.000000
275.131200 2226.784000 344.443200 1916.192000 1.000000
284.910400 2092.160000 346.667200 1784.112000 1.000000
288.844800 2118.080000 351.880000 1813.024000 1.000000
298.049600 1872.896000 352.804800 1581.201600 1.000000
295.496000 2191.872000 363.241600 1884.688000 1.000000
306.104000 2056.160000 365.012800 1748.128000 1.000000
318.713600 1728.480000 371.267200 1445.048000 1.000000
311.547200 2170.192000 373.259200 1864.848000 1.000000
310.273600 2282.800000 378.006400 1968.368000 1.000000
332.017600 2086.128000 389.366400 1781.120000 1.000000
322.030400 2305.664000 389.489600 1988.592000 1.000000
327.606400 2318.416000 395.628800 2001.792000 1.000000
325.080000 2692.272000 399.614400 2378.528000 1.000000
339.971200 2272.640000 404.552000 1958.720000 1.000000
337.529600 2329.312000 405.172800 2013.024000 1.000000
341.585600 2316.528000 405.872000 1996.992000 1.000000
341.310400 2329.920000 409.492800 2013.936000 1.000000
340.476800 2701.296000 413.200000 2391.024000 1.000000
347.785600 2342.592000 415.496000 2025.264000 1.000000
351.979200 2303.136000 415.947200 1984.720000 1.000000
347.120000 2445.296000 416.331200 2131.248000 1.000000
359.572800 2035.856000 418.604800 1743.648000 1.000000
377.950400 2250.400000 440.270400 1938.688000 1.000000
377.392000 2453.696000 443.075200 2136.160000 1.000000
383.534400 2441.568000 450.166400 2124.160000 1.000000
388.644800 2377.888000 454.108800 2059.920000 1.000000
391.656000 2446.000000 457.196800 2126.864000 1.000000
415.470400 1402.606400 457.321600 1127.920000 1.000000
403.704000 2111.376000 461.486400 1828.592000 1.000000
402.996800 2119.696000 463.344000 1837.200000 1.000000
403.022400 2457.600000 468.323200 2140.832000 1.000000
434.584000 2489.600000 503.680000 2167.808000 1.000000
449.331200 2072.544000 507.512000 1791.744000 1.000000
463.513600 2794.016000 530.496000 2480.240000 1.000000
495.534400 1366.600000 535.760000 1086.347200 1.000000
480.576000 2699.888000 545.488000 2386.160000 1.000000
484.164800 2853.824000 548.542400 2535.744000 1.000000
492.547200 2701.072000 557.566400 2388.400000 1.000000
493.529600 2812.176000 559.249600 2493.520000 1.000000
515.678400 1804.592000 567.073600 1502.460800 1.000000
545.544000 319.004800 568.001600 33.084000 1.000000
531.459200 1369.688000 573.697600 1089.696000 1.000000
530.520000 2776.160000 591.049600 2467.424000 1.000000
561.003200 2401.712000 595.020800 2087.696000 1.000000
538.344000 2699.648000 601.329600 2391.680000 1.000000
542.571200 2729.968000 604.344000 2417.968000 1.000000
566.897600 2806.272000 629.035200 2492.752000 1.000000
618.105600 317.452800 639.513600 35.332000 1.000000
635.718400 365.728000 657.608000 82.245760 1.000000
598.412800 2765.696000 659.089600 2454.672000 1.000000
619.382400 2116.544000 673.273600 1839.616000 1.000000
617.857600 2714.080000 676.688000 2406.064000 1.000000
655.648000 333.694400 679.257600 51.847840 1.000000
636.403200 2709.712000 694.784000 2402.752000 1.000000
639.289600 2754.752000 698.076800 2445.024000 1.000000
676.254400 372.854400 704.531200 95.694720 1.000000
646.692800 2693.808000 704.592000 2388.448000 1.000000
657.972800 2615.952000 722.545600 2310.032000 1.000000
708.768000 357.699200 731.985600 77.992320 1.000000
681.283200 2672.432000 737.836800 2366.816000 1.000000
719.104000 327.238400 743.356800 49.158560 1.000000
722.632000 338.329600 745.689600 57.368640 1.000000
697.387200 2103.536000 747.288000 1830.256000 1.000000
696.118400 2852.736000 753.684800 2537.088000 1.000000
714.739200 2885.712000 771.057600 2569.136000 1.000000
694.825600 2606.496000 780.745600 2299.776000 1.000000
759.214400 378.446400 784.004800 99.776480 1.000000
808.225600 337.969600 834.096000 61.056480 1.000000
815.595200 388.585600 841.606400 113.155040 1.000000
795.966400 2971.104000 848.347200 2649.792000 1.000000
825.620800 348.134400 851.089600 72.910880 1.000000
825.068800 405.510400 852.654400 128.881120 1.000000
839.115200 344.454400 865.321600 67.966240 1.000000
845.968000 358.868800 871.907200 84.300000 1.000000
858.216000 357.550400 885.500800 82.037120 1.000000
861.742400 319.468800 888.777600 42.129600 1.000000
863.985600 398.542400 890.558400 123.815680 1.000000
872.206400 377.630400 898.094400 101.072000 1.000000
858.990400 2134.528000 900.926400 1862.816000 1.000000
857.385600 2961.200000 905.409600 2641.232000 1.000000
863.027200 2868.768000 911.414400 2558.592000 1.000000
890.598400 413.153600 917.553600 139.309760 1.000000
903.158400 377.987200 927.256000 100.902080 1.000000
903.523200 431.673600 930.094400 158.685120 1.000000
900.004800 446.067200 930.257600 173.057600 1.000000
908.262400 2751.968000 954.606400 2449.824000 1.000000
922.670400 2811.888000 968.454400 2504.512000 1.000000
923.168000 2738.384000 968.534400 2431.104000 1.000000
939.651200 414.046400 970.153600 141.764480 1.000000
947.785600 393.161600 977.542400 118.189920 1.000000
932.212800 2741.520000 977.752000 2436.080000 1.000000
954.196800 306.707200 982.987200 29.398560 1.000000
937.531200 2777.792000 983.512000 2472.080000 1.000000
959.222400 496.089600 987.755200 226.864000 1.000000
960.283200 322.960000 989.304000 46.883360 1.000000
960.075200 387.008000 989.651200 114.692960 1.000000
960.750400 452.140800 993.144000 180.830400 1.000000
966.817600 345.596800 996.894400 69.749120 1.000000
971.094400 359.977600 1001.321600 85.477280 1.000000
974.145600 2683.568000 1017.817600 2377.680000 1.000000
992.204800 383.636800 1022.328000 110.391840 1.000000
979.112000 2860.816000 1022.406400 2553.504000 1.000000
980.347200 2915.312000 1022.790400 2599.744000 1.000000
992.468800 475.004800 1023.580800 203.782400 1.000000
998.363200 484.414400 1029.896000 212.124800 1.000000
990.790400 1987.440000 1031.760000 1719.536000 1.000000
992.171200 2702.896000 1036.254400 2404.144000 1.000000
1010.428800 446.953600 1041.984000 176.926400 1.000000
1011.742400 341.222400 1043.339200 67.460000 1.000000
1029.256000 352.105600 1061.057600 79.472000 1.000000
1044.267200 469.880000 1074.488000 200.952000 1.000000
1048.401600 332.156800 1077.942400 56.197600 1.000000
1049.289600 505.851200 1080.054400 238.260800 1.000000
1060.195200 381.251200 1091.540800 109.994560 1.000000
1060.180800 461.590400 1093.051200 190.900800 1.000000
1052.864000 2651.424000 1093.236800 2354.704000 1.000000
1064.793600 321.131200 1097.451200 48.148800 1.000000
1066.105600 503.505600 1098.963200 234.512000 1.000000
1068.556800 477.574400 1101.113600 207.803200 1.000000
1072.529600 448.510400 1104.230400 177.168000 1.000000
1081.036800 403.724800 1113.168000 132.456160 1.000000
1091.329600 375.448000 1125.614400 104.131520 1.000000
1113.572800 486.569600 1150.048000 216.124800 1.000000
1119.315200 654.131200 1163.488000 393.744000 1.000000
1140.281600 1416.926400 1176.598400 1151.867200 1.000000
1152.652800 1402.750400 1189.432000 1137.088000 1.000000
1173.452800 701.569600 1217.372800 448.830400 1.000000
1180.732800 773.785600 1225.259200 516.654400 1.000000
1197.305600 2525.184000 1228.936000 2238.592000 1.000000
1205.649600 2879.440000 1235.512000 2577.376000 1.000000
1205.648000 2684.128000 1238.164800 2387.824000 1.000000
1202.350400 591.809600 1239.870400 333.955200 1.000000
1219.652800 1388.417600 1257.156800 1121.772800 1.000000
1235.476800 706.073600 1281.505600 450.926400 1.000000
1254.740800 1392.283200 1293.904000 1128.894400 1.000000
1275.932800 2451.840000 1302.758400 2154.720000 1.000000
1280.777600 2760.464000 1310.096000 2464.400000 1.000000
1295.379200 2607.968000 1324.544000 2325.392000 1.000000
1306.198400 2682.688000 1333.014400 2394.656000 1.000000
1318.840000 2613.072000 1347.027200 2328.512000 1.000000
1321.057600 2739.040000 1348.582400 2443.632000 1.000000
1333.179200 2577.232000 1356.126400 2295.872000 1.000000
1333.126400 2695.376000 1357.779200 2407.680000 1.000000
1359.473600 2676.928000 1358.048000 2404.448000 1.000000
1338.944000 2640.400000 1364.692800 2354.784000 1.000000
1342.820800 2527.392000 1372.041600 2243.792000 1.000000
1361.075200 2436.560000 1388.707200 2143.952000 1.000000
1366.172800 2629.504000 1391.300800 2343.616000 1.000000
1371.633600 2665.424000 1395.116800 2381.888000 1.000000
1374.576000 2688.192000 1400.860800 2400.064000 1.000000
1371.852800 2017.600000 1401.364800 1758.400000 1.000000
1374.945600 2046.592000 1404.516800 1788.080000 1.000000
1383.587200 2624.000000 1406.755200 2339.552000 1.000000
1383.305600 1414.640000 1418.158400 1152.408000 1.000000
1389.123200 2053.760000 1418.430400 1795.072000 1.000000
1393.955200 2082.896000 1425.512000 1828.048000 1.000000
1410.921600 2560.224000 1431.547200 2280.848000 1.000000
1414.008000 2604.800000 1436.683200 2322.752000 1.000000
1410.505600 2011.872000 1440.616000 1753.696000 1.000000
1407.995200 1423.776000 1443.217600 1164.220800 1.000000
1394.385600 1184.080000 1444.128000 999.574400 1.000000
1433.292800 2592.928000 1456.011200 2311.792000 1.000000
1439.619200 2035.120000 1468.832000 1781.504000 1.000000
1458.080000 2705.568000 1478.019200 2418.704000 1.000000
1442.356800 1282.139200 1479.105600 1004.889600 1.000000
1455.249600 1406.312000 1494.736000 1148.084800 1.000000
1477.262400 1815.536000 1504.505600 1555.496000 1.000000
1483.260800 1581.984000 1515.227200 1321.212800 1.000000
1476.412800 1108.270400 1515.350400 820.020800 1.000000
1500.572800 2592.592000 1515.428800 2304.528000 1.000000
1496.752000 2068.384000 1521.316800 1814.752000 1.000000
1517.580800 2755.520000 1532.641600 2468.656000 1.000000
1515.145600 1554.531200 1546.995200 1293.089600 1.000000
1516.030400 1423.571200 1553.907200 1170.907200 1.000000
1542.680000 2783.344000 1558.164800 2496.160000 1.000000
1529.536000 1790.496000 1559.488000 1533.902400 1.000000
1548.393600 2889.568000 1560.635200 2592.512000 1.000000
1559.321600 2822.176000 1572.084800 2533.616000 1.000000
1571.324800 2837.344000 1585.822400 2543.984000 1.000000
1592.532800 2845.632000 1604.112000 2555.312000 1.000000
1599.961600 2821.920000 1612.448000 2530.576000 1.000000
1593.150400 2047.808000 1614.224000 1795.520000 1.000000
1610.960000 2774.880000 1619.616000 2492.800000 1.000000
1651.184000 2772.752000 1659.632000 2487.472000 1.000000
1638.848000 2073.200000 1662.240000 1824.864000 1.000000
1670.144000 2862.144000 1674.288000 2568.672000 1.000000
1653.696000 2047.200000 1676.576000 1798.112000 1.000000
1667.840000 2757.936000 1676.592000 2472.800000 1.000000
1668.944000 2733.520000 1677.504000 2453.088000 1.000000
1671.264000 2702.864000 1680.256000 2422.192000 1.000000
1725.376000 2876.624000 1727.984000 2582.096000 1.000000
1731.856000 2912.832000 1734.800000 2617.424000 1.000000
1778.480000 1057.574400 1821.248000 818.598400 1.000000
1778.784000 791.062400 1828.096000 543.614400 1.000000
1815.344000 772.843200 1866.352000 527.020800 1.000000
1817.488000 601.707200 1870.128000 342.947200 1.000000
1877.408000 2838.176000 1871.040000 2555.088000 1.000000
1820.784000 752.052800 1873.200000 501.670400 1.000000
1880.320000 1718.048000 1874.624000 1801.264000 1.000000
1831.872000 725.227200 1881.744000 480.969600 1.000000
1835.392000 749.206400 1886.240000 505.216000 1.000000
1892.480000 1747.232000 1886.448000 1836.944000 1.000000
1835.552000 622.566400 1894.144000 366.036800 1.000000
1852.288000 702.419200 1904.672000 457.974400 1.000000
1854.864000 732.092800 1906.672000 486.643200 1.000000
1909.264000 1503.436800 1910.528000 1598.396800 1.000000
1920.768000 1773.680000 1913.840000 1860.576000 1.000000
1873.872000 694.297600 1926.256000 448.776000 1.000000
1947.872000 1794.544000 1938.784000 1890.256000 1.000000
1888.432000 654.136000 1945.232000 404.526400 1.000000
1894.208000 744.635200 1946.176000 501.696000 1.000000
1892.688000 625.363200 1946.640000 371.659200 1.000000
1955.456000 1791.632000 1947.456000 1888.272000 1.000000
1974.848000 1832.848000 1964.752000 1927.680000 1.000000
1991.776000 1755.360000 1983.072000 1857.040000 1.000000
2002.896000 1784.208000 1991.776000 1886.448000 1.000000
2015.216000 2105.648000 2004.928000 2124.224000 1.000000
2019.632000 2206.736000 2006.384000 2207.552000 1.000000
1978.928000 586.078400 2039.120000 335.617600 1.000000
2059.312000 2206.000000 2042.928000 2213.184000 1.000000
2037.072000 1298.424000 2044.656000 1393.958400 1.000000
2040.784000 1125.900800 2048.688000 1226.428800 1.000000
2059.456000 1361.700800 2061.952000 1480.976000 1.000000
2009.840000 626.712000 2070.896000 375.144000 1.000000
2091.024000 1601.840000 2086.240000 1719.424000 1.000000
2112.368000 2125.760000 2092.272000 2164.400000 1.000000
2116.416000 2211.984000 2094.352000 2232.192000 1.000000
2037.776000 489.830400 2107.872000 236.078400 1.000000
2110.752000 1575.376000 2108.704000 1695.600000 1.000000
2126.736000 1950.208000 2109.360000 2043.824000 1.000000
2133.376000 1948.672000 2116.032000 2042.736000 1.000000
2138.048000 1929.088000 2121.488000 2023.648000 1.000000
2139.408000 1945.408000 2122.464000 2039.392000 1.000000
2144.304000 1962.064000 2126.560000 2055.312000 1.000000
2147.904000 1935.312000 2130.928000 2030.432000 1.000000
2122.272000 1172.940800 2133.312000 1273.953600 1.000000
2156.672000 1940.848000 2138.944000 2036.224000 1.000000
2157.504000 1916.528000 2140.944000 2012.208000 1.000000
2070.816000 399.089600 2141.744000 154.557440 1.000000
2168.560000 1919.344000 2151.696000 2016.400000 1.000000
2175.200000 1979.872000 2155.360000 2075.936000 1.000000
2146.368000 1138.766400 2158.512000 1248.670400 1.000000
2155.216000 1205.816000 2164.272000 1321.355200 1.000000
2180.160000 1866.960000 2164.336000 1967.984000 1.000000
2155.696000 1159.913600 2166.560000 1273.273600 1.000000
2156.144000 1168.691200 2166.736000 1281.668800 1.000000
2168.896000 1443.697600 2168.944000 1565.409600 1.000000
2186.336000 1843.200000 2171.920000 1945.104000 1.000000
2166.720000 1269.825600 2172.448000 1387.992000 1.000000
2191.968000 1989.376000 2173.168000 2084.496000 1.000000
2195.264000 2020.480000 2173.952000 2114.288000 1.000000
2165.184000 1210.625600 2174.288000 1328.188800 1.000000
2190.640000 1848.848000 2175.616000 1951.056000 1.000000
2166.112000 1154.212800 2177.280000 1268.243200 1.000000
2194.560000 1852.448000 2178.880000 1954.992000 1.000000
2172.096000 1221.364800 2179.536000 1339.889600 1.000000
2195.424000 1833.888000 2179.856000 1936.272000 1.000000
2200.560000 1997.904000 2180.416000 2093.424000 1.000000
2198.864000 1894.272000 2182.672000 1994.928000 1.000000
2195.840000 1819.360000 2184.080000 1920.672000 1.000000
2176.752000 1140.148800 2189.248000 1255.833600 1.000000
2221.136000 1815.984000 2194.240000 1941.696000 1.000000
2221.152000 1974.176000 2201.056000 2072.752000 1.000000
2220.064000 1820.672000 2205.488000 1926.208000 1.000000
2200.064000 1218.529600 2207.152000 1340.318400 1.000000
2206.688000 1368.209600 2207.952000 1494.734400 1.000000
2223.792000 1853.296000 2208.128000 1957.520000 1.000000
2211.872000 1398.072000 2211.440000 1525.489600 1.000000
2211.888000 1393.312000 2211.600000 1522.497600 1.000000
2207.216000 1296.860800 2214.896000 1423.752000 1.000000
2215.120000 1245.945600 2221.840000 1367.142400 1.000000
2215.968000 1184.696000 2224.176000 1309.675200 1.000000
2220.640000 1275.267200 2226.288000 1398.792000 1.000000
2221.456000 1100.729600 2233.296000 1224.476800 1.000000
2231.392000 1317.657600 2234.144000 1446.377600 1.000000
2225.168000 1144.772800 2235.600000 1270.355200 1.000000
2238.560000 1475.337600 2235.968000 1600.352000 1.000000
2242.928000 1952.240000 2236.480000 2032.832000 1.000000
2263.792000 2134.400000 2236.848000 2190.016000 1.000000
2252.144000 1769.264000 2238.560000 1881.200000 1.000000
2238.064000 1093.089600 2238.944000 1185.027200 1.000000
2236.096000 1284.889600 2240.800000 1411.124800 1.000000
2242.448000 1419.030400 2242.048000 1547.787200 1.000000
2255.088000 1700.800000 2243.600000 1817.424000 1.000000
2247.664000 1394.940800 2247.360000 1524.200000 1.000000
2244.944000 1309.364800 2247.424000 1437.233600 1.000000
2238.736000 1162.248000 2248.656000 1288.676800 1.000000
2271.312000 1828.096000 2255.184000 1939.712000 1.000000
2259.072000 1477.451200 2255.792000 1605.344000 1.000000
2257.568000 1282.160000 2262.528000 1413.004800 1.000000
2280.768000 1833.008000 2264.272000 1943.296000 1.000000
2279.632000 1745.040000 2266.416000 1860.432000 1.000000
2279.952000 1702.688000 2267.872000 1821.632000 1.000000
2258.368000 1142.660800 2268.544000 1272.124800 1.000000
2279.376000 1672.048000 2269.152000 1791.840000 1.000000
2278.976000 1652.608000 2269.504000 1773.856000 1.000000
2263.536000 1175.011200 2272.208000 1306.137600 1.000000
2267.504000 1252.249600 2272.736000 1385.672000 1.000000
2279.280000 1572.408000 2272.880000 1697.840000 1.000000
2289.168000 2019.520000 2286.352000 2084.688000 1.000000
2283.728000 1316.185600 2286.672000 1447.588800 1.000000
2276.816000 960.592000 2296.240000 1066.937600 1.000000
2226.400000 291.328000 2297.824000 47.420000 1.000000
2294.176000 1294.264000 2297.824000 1428.630400 1.000000
2296.848000 1384.441600 2298.432000 1515.020800 1.000000
2291.088000 1198.201600 2298.560000 1334.193600 1.000000
2307.328000 1624.800000 2298.672000 1751.568000 1.000000
2306.432000 1446.478400 2303.472000 1579.710400 1.000000
2303.760000 1327.627200 2306.336000 1460.254400 1.000000
2318.272000 1596.713600 2310.416000 1724.720000 1.000000
2311.616000 1233.691200 2315.504000 1372.852800 1.000000
2318.720000 1469.035200 2315.632000 1603.072000 1.000000
2321.136000 1391.553600 2321.248000 1526.260800 1.000000
2328.336000 1548.260800 2321.920000 1680.096000 1.000000
2329.488000 1573.016000 2322.256000 1703.568000 1.000000
2320.096000 1312.870400 2322.368000 1448.582400 1.000000
2324.512000 1401.392000 2323.536000 1537.569600 1.000000
2333.808000 1590.395200 2325.680000 1720.560000 1.000000
2329.680000 1416.025600 2328.352000 1550.876800 1.000000
2328.800000 1347.273600 2330.080000 1481.430400 1.000000
2340.400000 1529.750400 2334.224000 1664.128000 1.000000
2342.976000 1597.278400 2334.304000 1727.680000 1.000000
2330.240000 1275.216000 2334.464000 1415.142400 1.000000
2343.616000 1570.944000 2335.968000 1703.664000 1.000000
2329.552000 1245.142400 2336.112000 1387.174400 1.000000
2347.568000 1539.998400 2341.040000 1674.096000 1.000000
2337.376000 1278.168000 2341.664000 1417.284800 1.000000
2346.976000 1465.798400 2342.912000 1602.512000 1.000000
2316.128000 807.353600 2343.184000 911.980800 1.000000
2340.624000 1292.355200 2344.000000 1431.508800 1.000000
2354.064000 1575.662400 2345.808000 1708.896000 1.000000
2345.232000 1353.681600 2346.656000 1489.068800 1.000000
2353.408000 1529.950400 2346.800000 1664.768000 1.000000
2350.048000 1376.249600 2349.600000 1513.753600 1.000000
2360.112000 1541.752000 2350.704000 1678.288000 1.000000
2359.872000 1550.156800 2352.256000 1685.200000 1.000000
2349.200000 1257.246400 2354.528000 1400.150400 1.000000
2336.736000 967.424000 2356.784000 1064.307200 1.000000
2360.096000 1426.236800 2358.464000 1565.761600 1.000000
2356.688000 1330.825600 2358.688000 1468.228800 1.000000
2365.632000 1520.315200 2359.376000 1656.736000 1.000000
2384.208000 2088.432000 2362.672000 2165.392000 1.000000
2372.064000 1528.404800 2365.392000 1665.280000 1.000000
2365.744000 1334.856000 2367.680000 1472.992000 1.000000
2369.648000 1366.692800 2369.632000 1504.766400 1.000000
2374.176000 1451.396800 2371.120000 1590.771200 1.000000
2379.152000 1530.940800 2372.528000 1667.968000 1.000000
2376.176000 1342.134400 2377.744000 1481.073600 1.000000
2377.968000 1286.020800 2381.264000 1428.041600 1.000000
2385.696000 1436.795200 2382.112000 1577.662400 1.000000
2387.776000 1381.321600 2387.344000 1521.356800 1.000000
2387.776000 1318.750400 2390.224000 1460.009600 1.000000
2359.168000 695.667200 2390.352000 812.224000 1.000000
2387.856000 1292.153600 2390.960000 1435.465600 1.000000
2396.832000 1482.244800 2391.728000 1622.592000 1.000000
2395.200000 1355.164800 2395.888000 1495.737600 1.000000
2394.784000 1276.492800 2396.832000 1421.203200 1.000000
2398.560000 1295.952000 2401.776000 1438.924800 1.000000
2387.936000 999.118400 2407.408000 1097.043200 1.000000
2406.560000 1330.792000 2408.208000 1473.792000 1.000000
2411.200000 1426.438400 2408.528000 1569.292800 1.000000
2411.600000 1395.088000 2409.824000 1537.564800 1.000000
2408.624000 1282.654400 2412.416000 1427.433600 1.000000
2391.632000 929.812800 2415.024000 1030.024000 1.000000
2422.880000 1403.358400 2421.456000 1547.371200 1.000000
2417.904000 1278.979200 2421.648000 1425.273600 1.000000
2420.448000 1289.411200 2423.616000 1436.192000 1.000000
2427.712000 1453.132800 2423.696000 1597.040000 1.000000
2422.048000 1324.488000 2425.120000 1468.032000 1.000000
2431.264000 1408.632000 2429.808000 1553.596800 1.000000
2431.616000 1354.379200 2433.648000 1497.892800 1.000000
2436.144000 1401.780800 2434.672000 1547.921600 1.000000
2436.272000 1380.000000 2435.680000 1526.115200 1.000000
2440.480000 1415.296000 2438.240000 1561.612800 1.000000
2445.808000 1518.636800 2439.248000 1662.512000 1.000000
2437.680000 1300.950400 2439.488000 1448.036800 1.000000
2443.920000 1442.256000 2439.776000 1589.612800 1.000000
2440.928000 1354.692800 2441.488000 1501.723200 1.000000
2449.776000 1558.963200 2441.808000 1702.608000 1.000000
2445.920000 1416.801600 2443.216000 1564.331200 1.000000
2444.528000 1389.993600 2443.296000 1538.028800 1.000000
2449.200000 1463.348800 2443.968000 1610.128000 1.000000
2444.368000 1295.809600 2447.376000 1446.096000 1.000000
2445.776000 1343.641600 2447.408000 1492.600000 1.000000
2448.816000 1302.840000 2450.288000 1453.872000 1.000000
2455.248000 1456.177600 2450.512000 1604.080000 1.000000
2456.080000 1470.358400 2451.344000 1617.456000 1.000000
2460.112000 1536.628800 2453.424000 1681.488000 1.000000
2457.488000 1387.068800 2456.544000 1535.419200 1.000000
2461.008000 1403.788800 2458.816000 1553.364800 1.000000
2457.360000 1303.636800 2459.440000 1455.449600 1.000000
2465.552000 1433.404800 2461.776000 1583.363200 1.000000
2462.544000 1370.225600 2462.416000 1520.056000 1.000000
2467.360000 1320.473600 2468.800000 1474.908800 1.000000
2471.888000 1423.379200 2468.832000 1574.769600 1.000000
2471.712000 1369.304000 2471.040000 1522.830400 1.000000
2471.328000 1341.510400 2471.376000 1495.840000 1.000000
2479.920000 1430.131200 2475.616000 1582.452800 1.000000
2478.368000 1354.441600 2477.424000 1509.302400 1.000000
2386.144000 2704.736000 2482.912000 2712.672000 1.000000
2485.408000 1412.579200 2483.280000 1566.625600 1.000000
2503.760000 1405.440000 2501.152000 1562.752000 1.000000
2503.312000 1370.748800 2501.664000 1528.744000 1.000000
2502.512000 1359.409600 2502.400000 1516.936000 1.000000
2509.312000 1382.552000 2506.480000 1542.257600 1.000000
2510.960000 1417.662400 2507.984000 1575.454400 1.000000
2515.904000 1376.609600 2514.224000 1537.353600 1.000000
2521.712000 1392.366400 2519.760000 1553.276800 1.000000
2528.832000 1364.326400 2527.584000 1530.128000 1.000000
2534.768000 1450.724800 2528.672000 1611.792000 1.000000
2534.128000 1345.908800 2532.512000 1506.913600 1.000000
2544.448000 1429.132800 2538.576000 1595.806400 1.000000
2540.304000 1344.198400 2539.600000 1505.494400 1.000000
2558.416000 1378.150400 2555.584000 1547.254400 1.000000
2613.232000 1186.601600 2620.800000 1376.643200 1.000000
2698.992000 1038.937600 2710.624000 1249.843200 1.000000
2677.792000 601.432000 2713.952000 786.992000 1.000000
2710.224000 895.684800 2722.736000 1129.078400 1.000000
2733.728000 760.150400 2730.352000 813.316800 1.000000
2737.088000 793.308800 2762.320000 1007.315200 1.000000
2652.848000 1466.828800 2781.152000 1732.288000 1.000000
3109.152000 1749.152000 3061.248000 2079.136000 1.000000
3119.040000 100.467680 3198.160000 232.112000 1.000000
3624.672000 398.331200 3556.256000 437.278400 1.000000
3616.896000 409.920000 3557.600000 455.192000 1.000000
3674.848000 2339.600000 3569.712000 2652.672000 1.000000
3746.592000 933.020800 3661.344000 1055.576000 1.000000
3821.216000 2843.808000 3714.960000 2851.376000 1.000000
3882.352000 1171.806400 3878.176000 1569.976000 1.000000
