433.120000 2893.536000 422.542400 2222.096000 1.000000
50.243040 2778.928000 434.100800 1414.784000 1.000000
144.955520 1977.888000 439.564800 640.800000 1.000000
168.019200 1865.872000 458.896000 547.462400 1.000000
172.192000 2194.960000 475.020800 845.283200 1.000000
122.579360 2742.192000 495.422400 1391.894400 1.000000
204.585600 1961.792000 500.028800 691.636800 1.000000
209.235200 2163.600000 526.006400 836.238400 1.000000
171.025600 2887.888000 542.705600 1520.755200 1.000000
198.724800 2919.408000 569.420800 1551.480000 1.000000
283.129600 1977.296000 573.897600 658.572800 1.000000
275.131200 2226.784000 584.721600 897.846400 1.000000
228.048000 2829.760000 591.366400 1471.713600 1.000000
307.137600 1958.864000 606.256000 640.420800 1.000000
306.411200 2304.800000 611.480000 966.608000 1.000000
310.273600 2282.800000 614.827200 945.867200 1.000000
319.240000 2207.648000 619.779200 886.793600 1.000000
316.649600 2318.176000 622.310400 981.611200 1.000000
322.030400 2305.664000 626.200000 967.268800 1.000000
327.606400 2318.416000 632.228800 980.969600 1.000000
347.120000 2445.296000 663.232000 1118.449600 1.000000
322.608000 2740.784000 667.840000 1413.187200 1.000000
415.470400 1402.606400 680.908800 100.681600 1.000000
383.801600 2112.592000 691.889600 866.641600 1.000000
391.656000 2446.000000 700.766400 1117.281600 1.000000
403.022400 2457.600000 709.712000 1126.691200 1.000000
402.996800 2119.696000 709.936000 873.641600 1.000000
503.788800 1977.296000 771.878400 774.328000 1.000000
491.104000 2128.736000 786.204800 893.758400 1.000000
463.513600 2794.016000 791.668800 1481.494400 1.000000
531.459200 1369.688000 792.038400 57.636160 1.000000
497.907200 2119.328000 796.259200 886.576000 1.000000
480.576000 2699.888000 802.310400 1396.737600 1.000000
508.300800 2129.488000 806.256000 897.825600 1.000000
493.529600 2812.176000 817.305600 1493.924800 1.000000
505.145600 2748.640000 825.625600 1443.731200 1.000000
530.520000 2776.160000 844.732800 1469.348800 1.000000
567.824000 2115.840000 861.814400 891.472000 1.000000
550.243200 2691.824000 863.208000 1397.020800 1.000000
566.897600 2806.272000 878.094400 1497.486400 1.000000
570.064000 2756.544000 881.729600 1457.404800 1.000000
590.838400 2844.480000 895.179200 1539.747200 1.000000
643.473600 1374.832000 901.192000 75.212960 1.000000
598.412800 2765.696000 906.350400 1469.236800 1.000000
623.363200 2144.016000 911.734400 927.473600 1.000000
604.609600 2799.376000 912.763200 1498.950400 1.000000
643.131200 2095.280000 931.942400 881.596800 1.000000
639.289600 2754.752000 941.092800 1465.675200 1.000000
682.968000 1376.736000 941.841600 82.824960 1.000000
663.281600 2102.480000 947.393600 890.889600 1.000000
674.803200 2123.360000 956.510400 913.625600 1.000000
657.489600 2860.960000 958.923200 1555.891200 1.000000
677.612800 2851.216000 975.280000 1548.051200 1.000000
681.283200 2672.432000 976.216000 1397.294400 1.000000
768.275200 2119.232000 1039.692800 920.969600 1.000000
774.067200 2911.312000 1055.790400 1608.112000 1.000000
786.785600 2116.144000 1060.833600 920.003200 1.000000
824.950400 2090.416000 1093.894400 899.643200 1.000000
857.385600 2961.200000 1125.225600 1658.992000 1.000000
891.073600 2113.328000 1153.908800 931.281600 1.000000
911.401600 2618.416000 1174.164800 1382.305600 1.000000
922.670400 2811.888000 1181.385600 1546.396800 1.000000
972.452800 1994.720000 1226.704000 809.772800 1.000000
993.256000 2724.912000 1241.008000 1482.827200 1.000000
1042.408000 2766.304000 1282.665600 1524.192000 1.000000
1062.750400 2774.512000 1301.312000 1535.526400 1.000000
1098.080000 2529.712000 1323.097600 1272.478400 1.000000
1129.945600 2440.096000 1355.155200 1197.073600 1.000000
1143.508800 2454.992000 1360.600000 1211.014400 1.000000
1116.275200 2091.600000 1361.681600 939.086400 1.000000
1141.286400 2496.208000 1363.742400 1250.265600 1.000000
1175.886400 2439.856000 1398.641600 1203.905600 1.000000
1162.169600 2101.504000 1403.566400 954.092800 1.000000
1188.849600 2458.704000 1403.812800 1222.888000 1.000000
1169.313600 2087.600000 1410.457600 941.308800 1.000000
1281.988800 2536.576000 1485.064000 1361.185600 1.000000
1277.545600 2573.392000 1488.684800 1392.158400 1.000000
1306.198400 2682.688000 1510.126400 1491.811200 1.000000
1290.035200 2123.536000 1522.201600 991.582400 1.000000
1318.840000 2613.072000 1523.756800 1433.732800 1.000000
1323.147200 2677.040000 1524.892800 1489.721600 1.000000
1325.115200 2640.384000 1527.684800 1456.094400 1.000000
1333.126400 2695.376000 1531.635200 1503.705600 1.000000
1338.944000 2640.400000 1538.875200 1459.152000 1.000000
1342.820800 2527.392000 1541.190400 1362.081600 1.000000
1366.172800 2629.504000 1563.993600 1453.297600 1.000000
1371.633600 2665.424000 1565.187200 1486.720000 1.000000
1374.576000 2688.192000 1568.318400 1503.475200 1.000000
1390.139200 2664.736000 1581.000000 1485.793600 1.000000
1414.008000 2604.800000 1606.176000 1438.684800 1.000000
1428.873600 2616.672000 1617.776000 1448.729600 1.000000
1496.302400 2412.848000 1686.304000 1220.344000 1.000000
1517.580800 2755.520000 1686.384000 1579.356800 1.000000
1519.515200 2515.504000 1698.848000 1372.608000 1.000000
1548.393600 2889.568000 1701.680000 1688.912000 1.000000
1477.262400 1815.536000 1715.808000 672.947200 1.000000
1557.808000 2517.504000 1732.352000 1379.849600 1.000000
1483.260800 1581.984000 1743.616000 407.395200 1.000000
1506.393600 1575.240000 1767.072000 404.227200 1.000000
1529.536000 1790.496000 1772.544000 652.806400 1.000000
1515.145600 1554.531200 1778.480000 381.867200 1.000000
1560.214400 1826.272000 1797.024000 702.672000 1.000000
1669.312000 2850.976000 1806.992000 1676.080000 1.000000
1586.464000 1956.768000 1813.200000 850.436800 1.000000
1653.744000 2609.632000 1813.952000 1475.134400 1.000000
1668.944000 2733.520000 1815.472000 1577.715200 1.000000
1671.264000 2702.864000 1817.520000 1551.028800 1.000000
1731.856000 2912.832000 1854.336000 1728.896000 1.000000
1918.368000 1737.040000 2189.232000 1559.528000 1.000000
1936.272000 1471.041600 2243.040000 1343.820800 1.000000
1985.312000 1539.924800 2276.704000 1414.691200 1.000000
2002.752000 1520.920000 2297.840000 1402.107200 1.000000
2021.168000 1500.216000 2314.048000 1391.092800 1.000000
2126.736000 1950.208000 2335.360000 1758.800000 1.000000
2138.048000 1929.088000 2348.224000 1745.280000 1.000000
2198.864000 1894.272000 2406.848000 1734.912000 1.000000
2203.568000 1846.000000 2433.776000 1685.488000 1.000000
2166.720000 1269.825600 2491.008000 1234.153600 1.000000
2155.696000 1159.913600 2502.160000 1117.057600 1.000000
2227.056000 1503.408000 2502.464000 1450.347200 1.000000
2172.096000 1221.364800 2503.920000 1189.331200 1.000000
2211.872000 1398.072000 2504.992000 1370.660800 1.000000
2206.688000 1368.209600 2506.672000 1341.936000 1.000000
2276.688000 1683.328000 2511.408000 1600.976000 1.000000
2245.872000 1507.046400 2516.160000 1459.590400 1.000000
2238.560000 1475.337600 2516.576000 1433.721600 1.000000
2287.056000 1692.032000 2533.344000 1598.934400 1.000000
2231.392000 1317.657600 2537.888000 1303.275200 1.000000
2247.664000 1394.940800 2538.320000 1374.350400 1.000000
2220.640000 1275.267200 2539.536000 1252.235200 1.000000
2258.128000 1335.014400 2561.024000 1319.204800 1.000000
2263.296000 1250.046400 2569.808000 1269.374400 1.000000
2266.704000 1335.352000 2569.824000 1325.004800 1.000000
2221.456000 1100.729600 2575.488000 1097.201600 1.000000
2252.864000 1139.372800 2596.128000 1146.676800 1.000000
2333.808000 1469.929600 2602.432000 1458.404800 1.000000
2315.248000 1383.867200 2606.944000 1374.584000 1.000000
2329.680000 1416.025600 2610.832000 1410.492800 1.000000
2354.704000 1513.524800 2613.264000 1498.873600 1.000000
2355.120000 1498.694400 2615.488000 1484.134400 1.000000
2360.096000 1426.236800 2636.480000 1428.444800 1.000000
2374.176000 1451.396800 2643.216000 1453.187200 1.000000
2340.624000 1292.355200 2645.776000 1313.336000 1.000000
2356.688000 1330.825600 2653.040000 1343.740800 1.000000
2385.696000 1436.795200 2655.392000 1445.182400 1.000000
2365.744000 1334.856000 2660.032000 1350.720000 1.000000
2349.200000 1257.246400 2660.384000 1292.051200 1.000000
2380.320000 1329.923200 2675.392000 1351.059200 1.000000
2387.776000 1318.750400 2684.016000 1344.723200 1.000000
2427.712000 1453.132800 2691.904000 1472.212800 1.000000
2438.624000 1485.814400 2694.480000 1503.984000 1.000000
2414.848000 1344.100800 2703.664000 1376.939200 1.000000
2456.080000 1470.358400 2714.064000 1497.145600 1.000000
2422.048000 1324.488000 2714.832000 1362.033600 1.000000
2303.536000 846.014400 2717.280000 810.139200 1.000000
2444.528000 1389.993600 2719.840000 1426.478400 1.000000
2417.904000 1278.979200 2720.208000 1323.777600 1.000000
2452.864000 1414.252800 2722.656000 1450.316800 1.000000
2448.224000 1397.347200 2722.752000 1443.068800 1.000000
2316.128000 807.353600 2736.848000 781.340800 1.000000
2459.536000 1367.555200 2737.872000 1415.649600 1.000000
2457.360000 1303.636800 2750.272000 1363.259200 1.000000
2485.408000 1412.579200 2753.600000 1465.561600 1.000000
2503.312000 1370.748800 2776.976000 1439.321600 1.000000
2558.416000 1378.150400 2822.368000 1472.694400 1.000000
2622.080000 1197.688000 2969.280000 1348.560000 1.000000
2737.088000 793.308800 3130.544000 1096.412800 1.000000
2733.728000 760.150400 3143.360000 1027.590400 1.000000
2677.792000 601.432000 3148.848000 925.512000 1.000000
