429.841600 2881.488000 186.652800 1790.944000 1.000000
58.036960 2805.584000 415.728000 1211.590400 1.000000
175.403200 2325.152000 462.656000 708.987200 1.000000
198.724800 2919.408000 544.228800 1332.507200 1.000000
283.129600 1977.296000 545.534400 397.430400 1.000000
228.048000 2829.760000 566.184000 1252.456000 1.000000
291.032000 2282.080000 570.065600 692.697600 1.000000
306.411200 2304.800000 585.036800 716.379200 1.000000
319.240000 2207.648000 590.502400 636.268800 1.000000
316.649600 2318.176000 594.632000 730.568000 1.000000
322.030400 2305.664000 598.627200 715.712000 1.000000
328.468800 1937.472000 600.364800 366.153600 1.000000
323.361600 2329.456000 603.595200 744.577600 1.000000
336.387200 1956.096000 607.635200 381.708800 1.000000
366.353600 2261.152000 634.872000 685.793600 1.000000
391.656000 2446.000000 675.680000 875.924800 1.000000
398.057600 2436.544000 679.081600 868.409600 1.000000
403.022400 2457.600000 685.206400 885.457600 1.000000
422.873600 2505.904000 705.209600 921.944000 1.000000
463.513600 2794.016000 766.985600 1266.100800 1.000000
480.576000 2699.888000 776.214400 1182.859200 1.000000
508.300800 2129.488000 778.942400 672.147200 1.000000
492.547200 2701.072000 787.660800 1186.382400 1.000000
495.668800 2739.312000 790.545600 1220.376000 1.000000
493.529600 2812.176000 792.636800 1280.681600 1.000000
530.520000 2776.160000 821.027200 1258.049600 1.000000
542.571200 2729.968000 832.560000 1218.580800 1.000000
566.897600 2806.272000 854.051200 1288.512000 1.000000
569.675200 2739.264000 855.867200 1231.467200 1.000000
590.838400 2844.480000 871.084800 1326.320000 1.000000
603.008000 2671.568000 884.504000 1175.598400 1.000000
604.609600 2799.376000 888.033600 1289.755200 1.000000
635.262400 2105.520000 896.774400 667.584000 1.000000
617.393600 2830.192000 898.633600 1316.296000 1.000000
638.024000 2120.592000 899.425600 683.192000 1.000000
643.131200 2095.280000 907.582400 658.462400 1.000000
639.289600 2754.752000 916.531200 1254.612800 1.000000
657.489600 2860.960000 934.118400 1347.964800 1.000000
696.118400 2852.736000 966.452800 1344.768000 1.000000
714.739200 2885.712000 982.712000 1374.905600 1.000000
768.275200 2119.232000 1019.147200 703.016000 1.000000
775.619200 2104.448000 1027.148800 688.993600 1.000000
795.966400 2971.104000 1051.040000 1457.084800 1.000000
812.192000 2642.736000 1063.979200 1182.816000 1.000000
824.950400 2090.416000 1071.992000 681.096000 1.000000
857.385600 2961.200000 1100.761600 1457.756800 1.000000
863.027200 2868.768000 1106.099200 1386.057600 1.000000
874.404800 2996.224000 1115.304000 1488.219200 1.000000
891.073600 2113.328000 1133.875200 715.896000 1.000000
901.616000 2658.368000 1139.889600 1210.811200 1.000000
922.670400 2811.888000 1157.139200 1345.059200 1.000000
937.531200 2777.792000 1169.814400 1319.070400 1.000000
940.924800 2910.272000 1171.430400 1431.134400 1.000000
974.145600 2683.568000 1201.576000 1242.537600 1.000000
974.024000 2749.168000 1202.052800 1299.870400 1.000000
980.347200 2915.312000 1203.827200 1438.764800 1.000000
979.112000 2860.816000 1204.014400 1393.374400 1.000000
989.139200 2682.992000 1214.652800 1247.203200 1.000000
1023.700800 2616.480000 1246.006400 1194.190400 1.000000
1042.408000 2766.304000 1259.976000 1329.129600 1.000000
1062.750400 2774.512000 1276.449600 1333.256000 1.000000
1231.296000 2046.128000 1311.355200 681.776000 1.000000
1129.945600 2440.096000 1339.446400 974.252800 1.000000
1141.286400 2496.208000 1346.648000 1029.819200 1.000000
1116.275200 2091.600000 1346.958400 728.801600 1.000000
1175.886400 2439.856000 1383.684800 981.985600 1.000000
1162.169600 2101.504000 1388.238400 745.832000 1.000000
1205.648000 2684.128000 1400.800000 1280.788800 1.000000
1308.857600 2027.120000 1427.094400 675.696000 1.000000
1293.608000 2638.864000 1478.681600 1260.283200 1.000000
1306.198400 2682.688000 1488.852800 1297.902400 1.000000
1306.715200 2620.016000 1491.052800 1244.113600 1.000000
1333.126400 2695.376000 1508.822400 1310.467200 1.000000
1295.524800 2099.664000 1514.537600 764.950400 1.000000
1338.944000 2640.400000 1516.832000 1265.691200 1.000000
1342.820800 2527.392000 1524.544000 1167.971200 1.000000
1366.172800 2629.504000 1542.124800 1262.056000 1.000000
1371.633600 2665.424000 1544.131200 1292.819200 1.000000
1374.576000 2688.192000 1545.472000 1312.323200 1.000000
1383.587200 2624.000000 1554.936000 1259.168000 1.000000
1402.657600 2512.496000 1578.699200 1166.654400 1.000000
1414.008000 2604.800000 1585.883200 1247.129600 1.000000
1428.873600 2616.672000 1597.324800 1256.763200 1.000000
1517.580800 2755.520000 1662.064000 1391.787200 1.000000
1542.680000 2783.344000 1679.664000 1415.771200 1.000000
1519.515200 2515.504000 1683.600000 1183.811200 1.000000
1568.444800 2864.256000 1695.344000 1486.672000 1.000000
1571.324800 2837.344000 1702.032000 1462.454400 1.000000
1439.716800 1602.416000 1702.496000 180.011200 1.000000
1477.262400 1815.536000 1716.656000 450.809600 1.000000
1599.961600 2821.920000 1726.128000 1455.182400 1.000000
1606.048000 2574.144000 1754.800000 1249.824000 1.000000
1529.536000 1790.496000 1775.728000 433.020800 1.000000
1668.944000 2733.520000 1791.104000 1395.030400 1.000000
1653.744000 2609.632000 1792.336000 1288.704000 1.000000
1689.184000 2812.208000 1801.232000 1459.830400 1.000000
1586.464000 1956.768000 1809.840000 643.894400 1.000000
1708.368000 2823.216000 1816.544000 1468.155200 1.000000
1725.376000 2876.624000 1824.896000 1516.470400 1.000000
1740.352000 2596.800000 1870.816000 1289.382400 1.000000
2166.720000 1269.825600 2405.504000 1350.478400 1.000000
2195.472000 1371.649600 2407.056000 1454.987200 1.000000
2227.056000 1503.408000 2409.792000 1555.651200 1.000000
2172.096000 1221.364800 2421.408000 1306.172800 1.000000
2238.560000 1475.337600 2422.528000 1543.659200 1.000000
2200.064000 1218.529600 2446.464000 1314.124800 1.000000
2247.664000 1394.940800 2447.888000 1489.068800 1.000000
2231.392000 1317.657600 2452.416000 1416.712000 1.000000
2296.848000 1384.441600 2494.672000 1493.963200 1.000000
2315.248000 1383.867200 2511.872000 1495.150400 1.000000
2321.136000 1391.553600 2513.344000 1506.491200 1.000000
2329.680000 1416.025600 2514.912000 1530.355200 1.000000
2360.096000 1426.236800 2539.232000 1550.190400 1.000000
2374.176000 1451.396800 2545.472000 1570.833600 1.000000
2427.712000 1453.132800 2591.280000 1595.355200 1.000000
2521.664000 1498.464000 2620.512000 1706.688000 1.000000
2298.384000 863.892800 2627.376000 973.721600 1.000000
2457.360000 1303.636800 2651.008000 1500.952000 1.000000
2503.312000 1370.748800 2673.456000 1576.710400 1.000000
2558.416000 1378.150400 2714.560000 1618.848000 1.000000
2584.736000 607.867200 2816.000000 890.862400 1.000000
2676.960000 971.417600 2925.632000 1430.995200 1.000000
