72.972640 1828.784000 242.548800 979.995200 1.000000
108.995840 1821.728000 274.176000 989.155200 1.000000
29.058080 2897.024000 285.686400 1986.752000 1.000000
41.259360 2789.248000 289.534400 1897.600000 1.000000
50.243040 2778.928000 297.020800 1886.976000 1.000000
54.400480 2747.792000 299.716800 1861.136000 1.000000
58.036960 2805.584000 306.059200 1913.904000 1.000000
144.955520 1977.888000 311.824000 1133.881600 1.000000
76.127520 2790.896000 320.939200 1898.992000 1.000000
168.019200 1865.872000 333.224000 1034.729600 1.000000
151.260000 2226.560000 334.040000 1357.427200 1.000000
175.403200 2325.152000 363.155200 1448.875200 1.000000
258.321600 1669.760000 404.081600 840.024000 1.000000
217.977600 2137.552000 409.011200 1297.705600 1.000000
251.681600 2232.864000 433.171200 1375.752000 1.000000
198.724800 2919.408000 437.208000 2019.424000 1.000000
252.457600 2153.344000 440.147200 1306.926400 1.000000
283.129600 1977.296000 447.899200 1142.092800 1.000000
213.356800 2912.320000 449.912000 2012.192000 1.000000
275.131200 2226.784000 455.724800 1373.816000 1.000000
228.048000 2829.760000 460.964800 1937.488000 1.000000
295.496000 2191.872000 473.129600 1344.129600 1.000000
306.411200 2304.800000 486.566400 1444.435200 1.000000
310.273600 2282.800000 488.625600 1421.816000 1.000000
319.240000 2207.648000 494.404800 1360.216000 1.000000
318.502400 2237.456000 495.556800 1385.731200 1.000000
322.030400 2305.664000 499.566400 1442.606400 1.000000
321.382400 2292.976000 499.859200 1431.913600 1.000000
323.361600 2329.456000 502.344000 1466.366400 1.000000
329.563200 2347.008000 509.052800 1485.558400 1.000000
333.688000 2338.256000 512.908800 1477.224000 1.000000
344.062400 2248.624000 517.772800 1395.057600 1.000000
341.585600 2316.528000 518.262400 1453.952000 1.000000
343.304000 2265.376000 518.899200 1410.171200 1.000000
344.110400 2202.640000 519.497600 1360.792000 1.000000
344.390400 2387.440000 532.400000 1538.489600 1.000000
349.710400 2356.768000 533.646400 1502.350400 1.000000
347.120000 2445.296000 536.260800 1584.964800 1.000000
322.608000 2740.784000 539.595200 1873.136000 1.000000
354.662400 2370.832000 540.344000 1523.795200 1.000000
325.080000 2692.272000 543.748800 1827.216000 1.000000
415.470400 1402.606400 553.120000 599.982400 1.000000
365.544000 2394.864000 553.192000 1540.857600 1.000000
388.644800 2377.888000 571.046400 1522.761600 1.000000
392.444800 2427.872000 574.704000 1566.897600 1.000000
391.656000 2446.000000 575.313600 1582.827200 1.000000
393.782400 2399.344000 575.958400 1542.796800 1.000000
403.022400 2457.600000 584.321600 1594.592000 1.000000
376.723200 2781.952000 590.750400 1908.640000 1.000000
457.860800 1449.121600 591.188800 645.960000 1.000000
423.174400 2121.424000 603.939200 1328.320000 1.000000
423.728000 2469.872000 605.966400 1598.696000 1.000000
433.785600 2082.608000 611.838400 1292.340800 1.000000
488.691200 1411.574400 620.569600 602.796800 1.000000
495.534400 1366.600000 628.214400 554.184000 1.000000
519.657600 1816.368000 657.366400 983.323200 1.000000
531.459200 1369.688000 663.030400 560.912000 1.000000
462.249600 2791.936000 668.372800 1930.096000 1.000000
480.576000 2699.888000 679.940800 1845.216000 1.000000
484.164800 2853.824000 688.593600 1976.608000 1.000000
493.529600 2812.176000 696.113600 1941.888000 1.000000
522.395200 2714.384000 718.187200 1863.840000 1.000000
530.520000 2776.160000 726.296000 1914.832000 1.000000
538.344000 2699.648000 731.574400 1850.944000 1.000000
542.152000 2677.296000 734.516800 1830.256000 1.000000
542.571200 2729.968000 736.449600 1872.032000 1.000000
571.659200 1378.264000 741.324800 577.672000 1.000000
550.243200 2691.824000 743.035200 1841.568000 1.000000
577.184000 2556.192000 746.481600 1685.392000 1.000000
566.897600 2806.272000 761.036800 1943.104000 1.000000
569.675200 2739.264000 761.224000 1884.176000 1.000000
570.064000 2756.544000 762.806400 1899.712000 1.000000
598.412800 2765.696000 788.803200 1910.736000 1.000000
604.609600 2799.376000 794.576000 1939.696000 1.000000
617.393600 2830.192000 805.784000 1966.096000 1.000000
631.491200 2666.544000 814.846400 1826.064000 1.000000
636.403200 2709.712000 819.249600 1865.856000 1.000000
639.289600 2754.752000 825.046400 1902.272000 1.000000
681.283200 2672.432000 859.011200 1830.784000 1.000000
726.153600 2118.192000 884.867200 1347.182400 1.000000
714.739200 2885.712000 895.003200 2018.432000 1.000000
723.118400 2916.528000 902.668800 2045.008000 1.000000
739.489600 2962.752000 917.556800 2082.800000 1.000000
774.627200 2097.792000 929.036800 1332.364800 1.000000
786.785600 2116.144000 938.392000 1349.932800 1.000000
815.204800 2891.312000 982.721600 2030.000000 1.000000
795.966400 2971.104000 988.425600 2456.704000 1.000000
857.385600 2961.200000 1018.289600 2090.576000 1.000000
925.926400 2058.192000 1059.088000 1302.748800 1.000000
929.366400 2094.704000 1070.316800 1338.684800 1.000000
920.254400 2626.672000 1071.150400 1812.112000 1.000000
922.670400 2811.888000 1075.209600 1970.192000 1.000000
940.043200 2748.768000 1090.268800 1916.864000 1.000000
979.112000 2860.816000 1125.747200 2016.048000 1.000000
980.347200 2915.312000 1126.968000 2060.736000 1.000000
993.256000 2724.912000 1135.643200 1900.864000 1.000000
1114.481600 2984.576000 1241.881600 2127.344000 1.000000
1116.275200 2091.600000 1245.043200 1350.505600 1.000000
1124.558400 2828.096000 1249.545600 1995.184000 1.000000
1205.649600 2879.440000 1321.126400 2048.832000 1.000000
1219.652800 1388.417600 1333.083200 626.211200 1.000000
1251.956800 1135.926400 1366.715200 281.849600 1.000000
1281.988800 2536.576000 1381.667200 1759.648000 1.000000
1280.777600 2760.464000 1388.544000 1952.784000 1.000000
1277.545600 2573.392000 1393.848000 1791.232000 1.000000
1295.569600 1407.854400 1403.683200 654.609600 1.000000
1297.788800 2585.776000 1406.004800 1805.312000 1.000000
1306.198400 2682.688000 1410.865600 1887.920000 1.000000
1318.840000 2613.072000 1424.873600 1832.432000 1.000000
1325.115200 2640.384000 1430.211200 1854.624000 1.000000
1333.126400 2695.376000 1435.022400 1901.424000 1.000000
1342.820800 2527.392000 1438.515200 1757.360000 1.000000
1338.944000 2640.400000 1441.232000 1856.528000 1.000000
1366.172800 2629.504000 1467.094400 1849.776000 1.000000
1371.633600 2665.424000 1469.940800 1879.312000 1.000000
1371.852800 2017.600000 1480.288000 1288.502400 1.000000
1390.139200 2664.736000 1486.068800 1880.448000 1.000000
1402.657600 2512.496000 1494.534400 1745.936000 1.000000
1383.305600 1414.640000 1496.366400 666.324800 1.000000
1414.008000 2604.800000 1509.310400 1830.944000 1.000000
1410.505600 2011.872000 1516.947200 1286.084800 1.000000
1421.811200 2568.064000 1517.366400 1798.544000 1.000000
1428.873600 2616.672000 1521.971200 1840.112000 1.000000
1433.292800 2592.928000 1526.332800 1818.864000 1.000000
1443.004800 2714.768000 1533.764800 1928.336000 1.000000
1493.745600 2967.104000 1571.092800 2137.856000 1.000000
1477.262400 1815.536000 1584.681600 1088.412800 1.000000
1437.460800 2013.984000 1596.396800 1284.502400 1.000000
1533.105600 2023.008000 1597.243200 1307.419200 1.000000
1517.580800 2755.520000 1597.800000 1967.536000 1.000000
1653.744000 2609.632000 1724.400000 1854.544000 1.000000
1669.312000 2850.976000 1727.616000 2059.536000 1.000000
1671.264000 2702.864000 1731.776000 1930.864000 1.000000
1689.184000 2812.208000 1745.376000 2024.480000 1.000000
1697.424000 2770.880000 1754.512000 1995.056000 1.000000
1708.368000 2823.216000 1761.936000 2034.704000 1.000000
1719.616000 2891.888000 1768.656000 2096.032000 1.000000
1725.376000 2876.624000 1774.384000 2079.840000 1.000000
1731.856000 2912.832000 1779.168000 2109.632000 1.000000
1693.696000 2116.336000 1781.232000 1418.942400 1.000000
1696.128000 2069.616000 1786.480000 1369.756800 1.000000
1740.352000 2596.800000 1798.912000 1847.856000 1.000000
1811.888000 2506.368000 1869.840000 1772.368000 1.000000
1877.408000 2838.176000 1909.616000 2055.232000 1.000000
1778.480000 1057.574400 1941.696000 345.024000 1.000000
1799.088000 780.043200 1992.256000 40.875360 1.000000
1827.632000 797.550400 2027.440000 70.516160 1.000000
1835.104000 772.785600 2032.864000 42.464320 1.000000
1883.040000 2027.200000 2035.136000 1782.016000 1.000000
1840.752000 787.254400 2036.624000 57.855040 1.000000
1882.912000 768.060800 2082.208000 50.900000 1.000000
1908.736000 1590.500800 2114.576000 1533.230400 1.000000
1947.872000 1794.544000 2131.920000 1721.648000 1.000000
1932.352000 1557.691200 2138.656000 1508.838400 1.000000
1940.064000 1567.796800 2145.104000 1518.016000 1.000000
1954.944000 1549.993600 2159.328000 1506.291200 1.000000
1966.992000 1557.788800 2170.096000 1515.526400 1.000000
1969.712000 1531.433600 2174.592000 1491.537600 1.000000
2056.400000 2218.384000 2175.456000 1959.488000 1.000000
1987.824000 1567.328000 2185.136000 1527.937600 1.000000
1985.312000 1539.924800 2188.160000 1502.494400 1.000000
2002.752000 1520.920000 2206.960000 1487.859200 1.000000
2021.168000 1500.216000 2225.760000 1472.267200 1.000000
2051.888000 1603.008000 2240.800000 1564.456000 1.000000
2126.736000 1950.208000 2275.552000 1863.216000 1.000000
2133.376000 1948.672000 2281.952000 1862.832000 1.000000
2138.688000 1959.328000 2285.664000 1871.696000 1.000000
2157.504000 1916.528000 2307.120000 1838.880000 1.000000
2174.848000 1936.736000 2319.728000 1859.856000 1.000000
2191.968000 1989.376000 2331.504000 1903.952000 1.000000
2199.264000 1821.232000 2353.840000 1767.472000 1.000000
2211.072000 1799.792000 2366.976000 1751.856000 1.000000
2168.896000 1443.697600 2370.480000 1455.710400 1.000000
2220.064000 1820.672000 2372.384000 1770.720000 1.000000
2224.704000 1792.976000 2379.824000 1749.648000 1.000000
2146.368000 1138.766400 2379.920000 1153.873600 1.000000
2222.496000 1778.752000 2380.064000 1736.544000 1.000000
2156.144000 1168.691200 2384.208000 1189.382400 1.000000
2155.696000 1159.913600 2385.760000 1179.116800 1.000000
2166.720000 1269.825600 2385.824000 1291.753600 1.000000
2172.096000 1221.364800 2393.840000 1247.472000 1.000000
2166.112000 1154.212800 2396.768000 1175.876800 1.000000
2213.360000 1471.174400 2407.152000 1486.944000 1.000000
2225.968000 1523.268800 2411.040000 1531.424000 1.000000
2211.872000 1398.072000 2412.400000 1426.657600 1.000000
2227.056000 1503.408000 2415.616000 1514.312000 1.000000
2274.448000 1869.184000 2416.416000 1818.992000 1.000000
2271.312000 1828.096000 2418.944000 1785.648000 1.000000
2208.240000 1262.865600 2425.360000 1293.067200 1.000000
2238.560000 1475.337600 2428.272000 1494.644800 1.000000
2287.504000 1823.104000 2432.432000 1785.568000 1.000000
2220.640000 1275.267200 2435.888000 1305.720000 1.000000
2231.392000 1317.657600 2438.464000 1356.076800 1.000000
2247.664000 1394.940800 2445.808000 1428.944000 1.000000
2278.512000 1592.262400 2453.488000 1591.926400 1.000000
2246.496000 1303.222400 2456.720000 1342.190400 1.000000
2276.560000 1517.745600 2459.488000 1535.920000 1.000000
2258.128000 1335.014400 2463.632000 1371.240000 1.000000
2268.448000 1311.937600 2476.416000 1352.961600 1.000000
2262.768000 1260.436800 2477.856000 1310.048000 1.000000
2263.296000 1250.046400 2479.824000 1301.995200 1.000000
2252.864000 1139.372800 2480.928000 1191.774400 1.000000
2258.368000 1142.660800 2486.896000 1195.401600 1.000000
2299.696000 1461.076800 2487.152000 1492.843200 1.000000
2263.536000 1175.011200 2487.952000 1227.609600 1.000000
2318.272000 1596.713600 2488.080000 1609.232000 1.000000
2305.232000 1467.038400 2492.352000 1498.206400 1.000000
2306.432000 1446.478400 2493.664000 1482.100800 1.000000
2296.848000 1384.441600 2494.544000 1423.748800 1.000000
2285.264000 1302.444800 2494.608000 1348.545600 1.000000
2284.384000 1262.030400 2497.680000 1316.368000 1.000000
2310.080000 1366.595200 2508.112000 1409.097600 1.000000
2295.024000 1240.376000 2510.544000 1301.864000 1.000000
2315.248000 1383.867200 2512.752000 1422.915200 1.000000
2333.808000 1469.929600 2518.112000 1505.856000 1.000000
2329.680000 1416.025600 2520.752000 1457.536000 1.000000
2354.512000 1590.348800 2521.888000 1611.136000 1.000000
2337.232000 1445.585600 2523.392000 1484.352000 1.000000
2328.048000 1293.528000 2534.608000 1349.926400 1.000000
2340.624000 1292.355200 2534.928000 1365.905600 1.000000
2345.232000 1353.681600 2542.912000 1401.238400 1.000000
2337.376000 1278.168000 2544.928000 1341.420800 1.000000
2370.544000 1523.841600 2545.312000 1558.512000 1.000000
2360.096000 1426.236800 2547.840000 1475.521600 1.000000
2346.480000 1298.510400 2551.040000 1356.880000 1.000000
2349.200000 1257.246400 2558.096000 1326.520000 1.000000
2374.176000 1451.396800 2558.160000 1497.368000 1.000000
2356.688000 1277.088000 2563.312000 1343.065600 1.000000
2365.744000 1334.856000 2564.928000 1390.243200 1.000000
2375.264000 1514.644800 2565.184000 1532.739200 1.000000
2303.536000 846.014400 2567.104000 865.748800 1.000000
2401.200000 1546.881600 2570.368000 1588.374400 1.000000
2336.736000 967.424000 2576.192000 970.448000 1.000000
2410.512000 1495.088000 2581.760000 1545.590400 1.000000
2390.768000 1351.548800 2586.048000 1409.635200 1.000000
2387.776000 1318.750400 2586.864000 1381.353600 1.000000
2401.648000 1410.137600 2588.224000 1464.590400 1.000000
2408.064000 1452.880000 2589.504000 1505.176000 1.000000
2419.936000 1431.251200 2602.832000 1488.929600 1.000000
2427.712000 1453.132800 2607.152000 1510.185600 1.000000
2359.168000 695.667200 2612.432000 786.873600 1.000000
2438.624000 1485.814400 2613.520000 1540.404800 1.000000
2445.808000 1518.636800 2615.952000 1571.302400 1.000000
2422.048000 1324.488000 2618.800000 1394.147200 1.000000
2429.744000 1365.819200 2620.144000 1432.040000 1.000000
2417.904000 1278.979200 2621.120000 1354.291200 1.000000
2443.920000 1442.256000 2623.632000 1505.268800 1.000000
2453.904000 1489.537600 2627.184000 1547.515200 1.000000
2445.920000 1416.801600 2628.816000 1482.793600 1.000000
2444.528000 1389.993600 2631.040000 1459.180800 1.000000
2435.808000 1318.699200 2632.336000 1393.644800 1.000000
2456.080000 1470.358400 2632.480000 1531.689600 1.000000
2441.328000 1327.705600 2636.048000 1402.908800 1.000000
2448.224000 1397.347200 2637.248000 1472.062400 1.000000
2466.000000 1448.161600 2642.800000 1514.307200 1.000000
2444.368000 1295.809600 2643.040000 1377.196800 1.000000
2457.488000 1387.068800 2643.776000 1460.185600 1.000000
2459.536000 1367.555200 2647.904000 1444.968000 1.000000
2462.544000 1370.225600 2651.616000 1447.073600 1.000000
2468.032000 1382.300800 2654.128000 1460.932800 1.000000
2464.128000 1348.371200 2654.240000 1429.739200 1.000000
2457.360000 1303.636800 2654.800000 1388.777600 1.000000
2488.192000 1421.803200 2667.200000 1500.148800 1.000000
2485.408000 1412.579200 2667.600000 1492.084800 1.000000
2492.432000 1398.632000 2675.520000 1482.155200 1.000000
2493.632000 1391.240000 2677.360000 1476.267200 1.000000
2497.568000 1402.676800 2679.120000 1487.147200 1.000000
2503.312000 1370.748800 2688.912000 1460.940800 1.000000
2510.960000 1417.662400 2690.912000 1505.900800 1.000000
2509.792000 1372.368000 2694.640000 1464.315200 1.000000
2122.816000 800.337600 2704.000000 298.721600 1.000000
2698.608000 956.651200 2908.656000 1242.326400 1.000000
2693.008000 971.404800 2916.992000 1227.401600 1.000000
2676.960000 971.417600 2934.144000 1154.240000 1.000000
2677.792000 601.432000 2996.960000 878.308800 1.000000
3109.152000 1749.152000 3177.648000 2084.944000 1.000000
