433.120000 2893.536000 484.454400 1666.816000 1.000000
250.556800 2250.144000 613.036800 304.961600 1.000000
198.724800 2919.408000 617.145600 1020.128000 1.000000
251.681600 2232.864000 618.718400 291.416000 1.000000
228.048000 2829.760000 637.792000 939.139200 1.000000
291.032000 2282.080000 646.043200 332.499200 1.000000
306.411200 2304.800000 661.062400 358.449600 1.000000
271.313600 2819.296000 671.830400 947.028800 1.000000
321.382400 2281.776000 674.198400 335.344000 1.000000
323.361600 2329.456000 680.113600 389.315200 1.000000
327.606400 2318.416000 681.500800 373.771200 1.000000
329.563200 2347.008000 683.673600 406.825600 1.000000
403.022400 2457.600000 760.398400 541.019200 1.000000
422.873600 2505.904000 779.680000 576.857600 1.000000
463.513600 2794.016000 836.787200 962.452800 1.000000
497.907200 2119.328000 841.961600 335.041600 1.000000
480.576000 2699.888000 847.480000 876.641600 1.000000
492.547200 2701.072000 859.104000 881.265600 1.000000
493.529600 2812.176000 862.390400 978.825600 1.000000
541.240000 2535.040000 867.502400 617.222400 1.000000
505.145600 2748.640000 870.481600 927.179200 1.000000
566.897600 2806.272000 922.624000 987.545600 1.000000
590.838400 2844.480000 940.270400 1026.902400 1.000000
617.393600 2830.192000 966.803200 1019.556800 1.000000
731.500800 2924.880000 1064.595200 1119.424000 1.000000
747.824000 2972.976000 1077.152000 1161.014400 1.000000
768.275200 2119.232000 1094.630400 389.604800 1.000000
775.619200 2104.448000 1105.280000 376.052800 1.000000
795.696000 2930.192000 1115.294400 1138.054400 1.000000
786.785600 2116.144000 1115.955200 390.038400 1.000000
795.966400 2971.104000 1116.412800 1169.137600 1.000000
824.950400 2090.416000 1151.217600 368.494400 1.000000
857.385600 2961.200000 1165.121600 1171.766400 1.000000
901.616000 2658.368000 1209.441600 921.052800 1.000000
908.262400 2751.968000 1211.892800 1010.507200 1.000000
891.073600 2113.328000 1213.641600 408.043200 1.000000
922.670400 2811.888000 1223.472000 1061.585600 1.000000
920.254400 2626.672000 1227.590400 897.766400 1.000000
937.531200 2777.792000 1238.280000 1034.646400 1.000000
940.043200 2748.768000 1240.664000 1011.332800 1.000000
980.347200 2915.312000 1268.073600 1159.145600 1.000000
979.112000 2860.816000 1269.262400 1113.964800 1.000000
974.145600 2683.568000 1270.470400 957.283200 1.000000
993.256000 2724.912000 1286.222400 999.836800 1.000000
992.171200 2702.896000 1286.593600 980.145600 1.000000
1052.864000 2651.424000 1341.137600 947.305600 1.000000
1062.750400 2774.512000 1343.243200 1055.796800 1.000000
1129.945600 2440.096000 1421.091200 660.758400 1.000000
1175.886400 2439.856000 1462.523200 670.353600 1.000000
1205.648000 2684.128000 1468.550400 1007.806400 1.000000
1188.849600 2458.704000 1470.822400 690.772800 1.000000
1169.313600 2087.600000 1480.257600 436.433600 1.000000
1280.777600 2760.464000 1526.068800 1087.912000 1.000000
1281.988800 2536.576000 1542.676800 890.430400 1.000000
1306.198400 2682.688000 1555.584000 1027.374400 1.000000
1306.715200 2620.016000 1559.454400 971.182400 1.000000
1325.115200 2640.384000 1574.396800 993.616000 1.000000
1333.126400 2695.376000 1575.192000 1043.643200 1.000000
1349.977600 2672.336000 1592.713600 1025.966400 1.000000
1366.172800 2629.504000 1611.584000 993.756800 1.000000
1374.576000 2688.192000 1612.208000 1044.939200 1.000000
1433.292800 2592.928000 1673.248000 968.156800 1.000000
1534.008000 2752.112000 1740.016000 1132.945600 1.000000
1542.680000 2783.344000 1743.344000 1157.505600 1.000000
1496.302400 2412.848000 1760.032000 712.862400 1.000000
1571.324800 2837.344000 1763.296000 1205.316800 1.000000
1592.532800 2845.632000 1775.712000 1219.180800 1.000000
1477.262400 1815.536000 1827.056000 132.155680 1.000000
1668.944000 2733.520000 1855.136000 1141.392000 1.000000
1653.744000 2609.632000 1862.656000 1033.782400 1.000000
1708.368000 2823.216000 1877.168000 1215.915200 1.000000
1721.968000 2854.848000 1883.120000 1247.923200 1.000000
1529.536000 1790.496000 1889.024000 112.420960 1.000000
1560.214400 1826.272000 1910.160000 172.683200 1.000000
1801.424000 2927.408000 1928.528000 1518.289600 1.000000
1985.312000 1539.924800 2171.168000 1580.846400 1.000000
2287.056000 1692.032000 2345.216000 1804.656000 1.000000
2166.720000 1269.825600 2386.576000 1468.724800 1.000000
2231.392000 1317.657600 2427.568000 1536.208000 1.000000
2306.432000 1446.478400 2455.040000 1659.504000 1.000000
2296.848000 1384.441600 2462.400000 1611.856000 1.000000
2303.472000 1367.198400 2473.264000 1599.916800 1.000000
2330.960000 1373.904000 2492.432000 1615.376000 1.000000
3322.416000 82.132000 2519.936000 1259.393600 1.000000
2698.608000 956.651200 2869.792000 1672.880000 1.000000
2733.728000 760.150400 2972.544000 1533.894400 1.000000
