879.875200 192.812800 963.220800 2545.664000 1.000000
896.617600 331.025600 972.003200 2654.400000 1.000000
905.886400 311.116800 986.694400 2628.848000 1.000000
910.560000 672.980800 989.172800 2948.272000 1.000000
911.617600 143.510240 992.307200 2493.728000 1.000000
916.867200 327.158400 996.827200 2639.136000 1.000000
922.768000 727.358400 1000.692800 3002.768000 1.000000
925.379200 78.049600 1003.398400 2440.752000 1.000000
945.915200 145.472320 1022.712000 2488.128000 1.000000
957.931200 502.144000 1036.011200 2772.384000 1.000000
968.340800 577.211200 1049.118400 2836.656000 1.000000
984.870400 103.737280 1056.358400 2446.192000 1.000000
992.875200 386.244800 1068.944000 2656.784000 1.000000
1006.025600 671.928000 1083.803200 2917.008000 1.000000
1008.497600 600.595200 1086.635200 2839.744000 1.000000
1011.040000 488.889600 1086.988800 2742.400000 1.000000
1034.726400 152.931360 1103.686400 2456.480000 1.000000
1030.820800 467.876800 1104.243200 2718.480000 1.000000
1032.273600 406.334400 1104.713600 2666.336000 1.000000
1041.971200 642.886400 1124.811200 2877.008000 1.000000
1058.910400 130.252960 1125.448000 2431.600000 1.000000
1047.910400 643.150400 1125.707200 2869.792000 1.000000
1060.769600 289.990400 1130.440000 2558.912000 1.000000
1055.651200 579.956800 1131.859200 2808.928000 1.000000
1066.001600 134.239840 1131.873600 2434.016000 1.000000
1058.342400 663.206400 1137.081600 2885.072000 1.000000
1066.144000 361.860800 1137.276800 2618.384000 1.000000
1076.451200 134.410720 1139.769600 2432.848000 1.000000
1065.374400 468.788800 1141.340800 2703.392000 1.000000
1067.192000 544.280000 1142.702400 2770.656000 1.000000
1069.078400 499.974400 1144.272000 2733.024000 1.000000
1068.427200 560.075200 1144.449600 2785.408000 1.000000
1083.564800 394.795200 1152.510400 2640.752000 1.000000
1088.140800 235.267200 1153.244800 2506.864000 1.000000
1082.524800 589.585600 1156.230400 2808.816000 1.000000
1092.233600 202.473600 1157.070400 2480.976000 1.000000
1079.625600 707.601600 1158.870400 2920.816000 1.000000
1096.796800 331.144000 1161.374400 2587.936000 1.000000
1079.555200 748.196800 1161.987200 2963.328000 1.000000
1088.689600 444.670400 1162.046400 2672.112000 1.000000
1087.268800 660.296000 1166.014400 2875.648000 1.000000
1094.060800 480.576000 1168.000000 2704.608000 1.000000
1110.360000 126.780800 1168.420800 2417.600000 1.000000
1110.640000 97.000800 1170.316800 2394.240000 1.000000
1099.907200 567.184000 1174.582400 2785.536000 1.000000
1111.632000 227.747200 1175.078400 2496.528000 1.000000
1113.966400 206.321600 1176.500800 2479.728000 1.000000
1101.689600 613.899200 1177.596800 2828.336000 1.000000
1114.579200 258.777600 1177.716800 2521.808000 1.000000
1120.582400 115.021920 1179.491200 2405.984000 1.000000
1127.387200 73.441280 1183.385600 2373.008000 1.000000
1119.315200 327.084800 1185.323200 2576.128000 1.000000
1103.115200 737.726400 1186.208000 2946.352000 1.000000
1121.398400 317.641600 1186.249600 2567.664000 1.000000
1109.635200 668.915200 1187.907200 2877.152000 1.000000
1134.944000 74.186080 1189.544000 2371.968000 1.000000
1117.827200 473.499200 1190.616000 2696.080000 1.000000
1129.556800 226.992000 1190.732800 2493.104000 1.000000
1141.748800 185.049600 1199.390400 2456.992000 1.000000
1128.971200 537.432000 1202.278400 2749.328000 1.000000
1124.057600 726.756800 1204.262400 2931.136000 1.000000
1127.393600 755.267200 1208.460800 2959.792000 1.000000
1152.593600 257.459200 1209.208000 2518.208000 1.000000
1157.923200 86.439200 1210.038400 2376.320000 1.000000
1144.883200 496.782400 1211.345600 2713.824000 1.000000
1133.204800 703.099200 1212.912000 2903.008000 1.000000
1139.556800 596.929600 1213.156800 2802.992000 1.000000
1154.449600 384.291200 1218.716800 2608.304000 1.000000
1148.702400 522.328000 1219.361600 2733.280000 1.000000
1174.460800 77.351040 1223.492800 2367.632000 1.000000
1163.003200 563.227200 1235.368000 2766.816000 1.000000
1180.731200 545.540800 1249.787200 2745.600000 1.000000
1191.217600 331.547200 1251.440000 2556.064000 1.000000
1174.124800 703.744000 1253.558400 2893.120000 1.000000
1194.049600 345.902400 1253.960000 2567.872000 1.000000
1173.896000 741.171200 1254.739200 2932.352000 1.000000
1207.644800 191.268800 1255.657600 2449.872000 1.000000
1182.049600 622.180800 1257.915200 2813.360000 1.000000
1182.368000 729.124800 1263.192000 2917.792000 1.000000
1223.302400 239.628800 1274.497600 2482.896000 1.000000
1196.628800 732.694400 1277.337600 2919.760000 1.000000
1224.195200 306.758400 1280.654400 2529.680000 1.000000
1208.913600 687.865600 1286.267200 2868.432000 1.000000
1216.403200 583.051200 1287.392000 2766.784000 1.000000
1240.865600 293.027200 1293.017600 2515.424000 1.000000
1224.571200 561.000000 1294.182400 2747.184000 1.000000
1247.808000 228.825600 1294.958400 2464.064000 1.000000
1240.164800 427.585600 1298.800000 2628.096000 1.000000
1243.697600 364.401600 1298.873600 2573.296000 1.000000
1243.027200 462.044800 1305.406400 2662.048000 1.000000
1232.051200 641.457600 1306.030400 2817.664000 1.000000
1256.051200 323.363200 1308.064000 2536.064000 1.000000
1254.177600 490.003200 1317.264000 2679.760000 1.000000
1280.521600 201.396800 1321.388800 2437.408000 1.000000
1259.425600 530.393600 1324.323200 2714.128000 1.000000
1258.536000 583.785600 1327.494400 2759.120000 1.000000
1260.009600 606.776000 1330.345600 2779.856000 1.000000
1270.054400 528.358400 1335.236800 2708.640000 1.000000
1258.918400 680.793600 1336.504000 2853.200000 1.000000
1291.801600 313.148800 1338.844800 2522.544000 1.000000
1288.859200 415.556800 1341.569600 2610.144000 1.000000
1296.321600 330.932800 1343.475200 2537.616000 1.000000
1292.416000 388.611200 1344.310400 2586.416000 1.000000
1265.915200 713.564800 1344.694400 2883.456000 1.000000
1286.428800 515.177600 1349.868800 2693.968000 1.000000
1317.366400 146.474080 1350.134400 2392.896000 1.000000
1315.171200 178.883200 1351.427200 2419.344000 1.000000
1284.849600 597.164800 1354.118400 2766.352000 1.000000
1304.059200 359.238400 1354.225600 2557.088000 1.000000
1281.952000 722.046400 1360.747200 2889.280000 1.000000
1306.420800 431.174400 1360.908800 2618.064000 1.000000
1334.758400 125.658400 1362.939200 2374.224000 1.000000
1307.681600 444.052800 1363.281600 2628.096000 1.000000
1317.284800 420.152000 1370.244800 2606.096000 1.000000
1307.283200 566.584000 1373.358400 2731.920000 1.000000
1310.348800 599.393600 1378.683200 2761.888000 1.000000
1342.169600 249.561600 1378.803200 2465.856000 1.000000
1324.907200 458.904000 1379.134400 2637.104000 1.000000
1316.528000 536.382400 1379.284800 2704.000000 1.000000
1343.057600 289.289600 1382.136000 2496.528000 1.000000
1314.635200 589.504000 1382.292800 2751.760000 1.000000
1314.681600 612.944000 1382.804800 2774.672000 1.000000
1339.873600 343.425600 1384.896000 2539.136000 1.000000
1355.092800 212.558400 1385.873600 2436.640000 1.000000
1379.259200 34.458720 1391.576000 2303.840000 1.000000
1334.926400 500.446400 1395.120000 2670.384000 1.000000
1320.379200 742.480000 1400.774400 2898.640000 1.000000
1346.659200 548.019200 1408.195200 2710.256000 1.000000
1392.080000 111.590400 1409.145600 2358.448000 1.000000
1330.539200 761.068800 1413.012800 2913.568000 1.000000
1366.492800 406.051200 1413.616000 2585.840000 1.000000
1342.040000 683.200000 1414.995200 2838.128000 1.000000
1350.683200 588.174400 1415.984000 2745.840000 1.000000
1344.204800 662.126400 1417.718400 2817.680000 1.000000
1388.702400 230.273600 1417.976000 2445.280000 1.000000
1383.625600 299.081600 1418.608000 2498.752000 1.000000
1348.620800 625.049600 1419.801600 2779.680000 1.000000
1407.363200 79.797760 1420.329600 2335.056000 1.000000
1344.355200 715.030400 1422.396800 2867.776000 1.000000
1348.388800 681.606400 1422.444800 2834.992000 1.000000
1386.652800 333.166400 1425.200000 2523.328000 1.000000
1383.147200 400.955200 1428.817600 2578.896000 1.000000
1389.512000 423.768000 1437.371200 2597.360000 1.000000
1383.014400 525.683200 1440.225600 2686.992000 1.000000
1405.707200 343.000000 1441.953600 2530.752000 1.000000
1375.865600 762.419200 1458.371200 2909.712000 1.000000
1443.412800 338.651200 1473.230400 2545.152000 1.000000
1436.024000 375.331200 1473.486400 2577.152000 1.000000
1437.979200 394.654400 1475.163200 2592.192000 1.000000
1442.736000 404.470400 1481.433600 2600.288000 1.000000
1455.120000 316.307200 1485.184000 2530.368000 1.000000
1471.592000 345.112000 1501.864000 2549.120000 1.000000
1446.944000 572.310400 1506.124800 2748.880000 1.000000
265.566400 247.838400 2221.728000 110.149120 1.000000
2607.712000 2147.360000 2720.640000 1582.555200 1.000000
2504.048000 2246.144000 2734.336000 1790.304000 1.000000
2499.296000 2266.704000 2740.720000 1812.928000 1.000000
2564.576000 2199.840000 2755.776000 1708.352000 1.000000
2630.880000 1261.836800 2809.200000 1706.784000 1.000000
2727.744000 2222.080000 2869.488000 1602.624000 1.000000
