8.681696 2335.200000 9.892384 1184.795200 1.000000
202.532800 2721.328000 27.401280 1574.060800 1.000000
216.380800 2612.976000 32.883360 1469.675200 1.000000
245.494400 2431.440000 46.617440 1284.040000 1.000000
261.768000 2483.744000 64.577600 1335.427200 1.000000
246.763200 2622.592000 65.615840 1482.049600 1.000000
258.673600 2607.936000 75.552160 1470.552000 1.000000
255.825600 2632.912000 76.051040 1494.065600 1.000000
266.864000 2567.536000 79.996960 1424.108800 1.000000
258.545600 2700.944000 82.397120 1559.236800 1.000000
277.443200 2504.848000 82.475200 1359.888000 1.000000
284.128000 2578.000000 98.176960 1440.158400 1.000000
275.739200 2716.592000 101.290400 1573.947200 1.000000
292.590400 2498.752000 102.255520 1353.556800 1.000000
361.184000 1668.608000 107.195520 524.257600 1.000000
300.302400 2482.608000 107.628960 1339.880000 1.000000
371.963200 1693.696000 118.915200 550.600000 1.000000
313.536000 2498.912000 125.770400 1355.382400 1.000000
312.576000 2586.544000 127.710560 1453.712000 1.000000
384.169600 1693.984000 133.848800 555.284800 1.000000
322.828800 2537.520000 133.936160 1403.254400 1.000000
332.820800 2484.752000 138.616960 1344.054400 1.000000
325.923200 2590.624000 142.143200 1456.096000 1.000000
343.595200 2708.064000 167.827200 1575.323200 1.000000
363.902400 2693.760000 187.304000 1554.747200 1.000000
367.710400 2578.784000 188.364800 1443.220800 1.000000
411.187200 2506.560000 219.176000 1377.208000 1.000000
407.880000 2472.192000 219.926400 1340.971200 1.000000
412.332800 2481.328000 222.283200 1348.891200 1.000000
414.937600 2636.656000 234.600000 1506.833600 1.000000
411.913600 2685.072000 235.424000 1551.780800 1.000000
430.356800 2499.888000 241.596800 1369.572800 1.000000
437.038400 2505.216000 246.164800 1379.100800 1.000000
432.561600 2601.296000 250.316800 1473.318400 1.000000
442.760000 2515.856000 253.091200 1392.691200 1.000000
432.494400 2632.432000 253.427200 1504.331200 1.000000
494.843200 1780.160000 257.468800 640.504000 1.000000
493.995200 1792.096000 257.969600 653.182400 1.000000
448.572800 2472.592000 260.547200 1342.464000 1.000000
453.585600 2492.336000 263.956800 1365.193600 1.000000
444.441600 2730.768000 266.115200 1606.352000 1.000000
441.364800 2714.272000 267.404800 1586.952000 1.000000
443.003200 2701.504000 267.872000 1572.473600 1.000000
513.777600 1797.776000 272.934400 660.486400 1.000000
464.864000 2508.224000 277.828800 1380.153600 1.000000
522.017600 1780.784000 287.619200 645.310400 1.000000
472.588800 2553.728000 290.254400 1431.532800 1.000000
480.020800 2570.816000 299.779200 1446.548800 1.000000
484.019200 2667.280000 308.011200 1545.988800 1.000000
542.809600 1799.088000 310.524800 666.572800 1.000000
499.145600 2489.344000 310.972800 1367.201600 1.000000
543.072000 1858.384000 315.289600 728.622400 1.000000
501.388800 2556.128000 317.769600 1437.140800 1.000000
493.041600 2717.600000 321.435200 1593.097600 1.000000
554.278400 1776.656000 323.865600 644.033600 1.000000
559.993600 1796.240000 327.564800 667.305600 1.000000
517.040000 2648.160000 340.644800 1527.334400 1.000000
573.062400 1782.624000 340.777600 652.830400 1.000000
584.884800 1817.024000 354.478400 693.758400 1.000000
536.712000 2697.552000 361.883200 1578.723200 1.000000
598.476800 1785.456000 369.384000 659.241600 1.000000
601.956800 1805.184000 373.870400 681.104000 1.000000
639.534400 1870.336000 419.267200 1001.776000 1.000000
654.246400 1980.096000 436.907200 1129.716800 1.000000
645.640000 2117.696000 441.481600 1264.828800 1.000000
649.729600 2177.376000 448.425600 1325.003200 1.000000
657.667200 2236.656000 460.387200 1381.470400 1.000000
680.096000 1911.088000 463.824000 1065.129600 1.000000
720.374400 1113.582400 468.075200 177.804800 1.000000
680.736000 2009.360000 470.822400 1165.100800 1.000000
680.193600 2028.064000 471.048000 1183.907200 1.000000
696.984000 1827.696000 478.435200 983.984000 1.000000
702.840000 1756.032000 480.177600 905.419200 1.000000
708.916800 1699.952000 482.724800 851.638400 1.000000
732.668800 1195.164800 482.865600 283.115200 1.000000
701.344000 1846.304000 484.556800 1003.772800 1.000000
701.827200 1896.912000 485.924800 1054.524800 1.000000
738.745600 1105.017600 488.425600 172.624000 1.000000
710.017600 1827.392000 491.283200 986.465600 1.000000
736.464000 1277.801600 491.720000 380.488000 1.000000
702.646400 2026.160000 492.579200 1189.712000 1.000000
727.876800 1523.062400 493.268800 663.360000 1.000000
724.811200 1601.056000 493.947200 749.777600 1.000000
744.009600 1185.211200 497.705600 277.667200 1.000000
744.348800 1298.819200 501.126400 409.923200 1.000000
732.096000 1591.216000 501.537600 740.769600 1.000000
752.236800 1083.436800 502.403200 153.574080 1.000000
716.000000 1930.992000 502.843200 1094.267200 1.000000
703.675200 2162.640000 503.080000 1321.716800 1.000000
728.260800 1729.744000 503.350400 885.566400 1.000000
722.873600 1818.176000 503.702400 980.281600 1.000000
742.913600 1386.899200 505.100800 513.691200 1.000000
749.904000 1142.969600 505.932800 222.644800 1.000000
699.492800 2307.808000 506.528000 1457.172800 1.000000
727.401600 1791.440000 507.691200 954.467200 1.000000
714.185600 2080.864000 509.964800 1244.804800 1.000000
762.059200 1019.040000 512.284800 77.154400 1.000000
722.195200 2007.984000 513.819200 1174.592000 1.000000
756.502400 1274.454400 513.868800 382.593600 1.000000
742.494400 1743.312000 520.256000 903.665600 1.000000
757.756800 1405.996800 520.262400 538.825600 1.000000
718.788800 2256.752000 524.320000 1412.945600 1.000000
766.612800 1299.614400 526.632000 414.312000 1.000000
773.008000 1117.520000 527.548800 198.148800 1.000000
764.020800 1426.620800 529.940800 563.598400 1.000000
722.929600 2326.048000 531.979200 1477.233600 1.000000
731.454400 2165.504000 532.606400 1328.652800 1.000000
728.638400 2255.568000 534.520000 1413.230400 1.000000
783.188800 1075.273600 536.364800 149.037600 1.000000
772.192000 1368.662400 536.414400 498.377600 1.000000
774.334400 1387.563200 536.801600 520.368000 1.000000
772.976000 1403.609600 537.220800 538.572800 1.000000
755.369600 1908.208000 540.523200 1078.427200 1.000000
776.720000 1393.670400 540.880000 527.308800 1.000000
754.521600 1879.760000 541.899200 1050.963200 1.000000
745.531200 2099.248000 542.700800 1269.249600 1.000000
788.696000 1108.580800 545.401600 190.209600 1.000000
751.860800 2039.392000 546.356800 1213.256000 1.000000
776.438400 1493.340800 546.612800 640.672000 1.000000
781.520000 1410.988800 546.739200 546.457600 1.000000
787.552000 1276.699200 547.451200 393.993600 1.000000
768.633600 1731.632000 547.971200 897.446400 1.000000
774.321600 1667.664000 552.134400 830.972800 1.000000
778.923200 1583.323200 552.923200 741.916800 1.000000
797.080000 1094.166400 553.430400 176.356800 1.000000
775.539200 1691.408000 553.952000 856.974400 1.000000
776.289600 1712.512000 555.344000 879.988800 1.000000
784.632000 1489.369600 555.414400 639.227200 1.000000
763.436800 1972.928000 556.075200 1145.611200 1.000000
801.516800 994.624000 556.496000 57.480480 1.000000
764.331200 2002.224000 557.532800 1175.710400 1.000000
747.262400 2360.944000 558.065600 1514.612800 1.000000
796.625600 1205.219200 558.857600 313.259200 1.000000
794.609600 1408.545600 561.926400 549.286400 1.000000
775.846400 1856.240000 563.172800 1027.688000 1.000000
756.104000 2264.368000 564.065600 1426.548800 1.000000
777.876800 1860.032000 565.099200 1032.641600 1.000000
801.937600 1306.627200 565.299200 433.478400 1.000000
789.395200 1611.888000 565.462400 774.640000 1.000000
784.236800 1716.816000 565.628800 885.713600 1.000000
803.372800 1211.472000 565.891200 320.822400 1.000000
752.025600 2419.776000 566.673600 1567.763200 1.000000
798.715200 1502.972800 570.980800 657.406400 1.000000
813.017600 1137.718400 572.051200 235.132800 1.000000
796.528000 1596.910400 572.076800 758.889600 1.000000
762.516800 2354.768000 572.427200 1509.843200 1.000000
814.952000 1034.987200 572.521600 108.869920 1.000000
769.060800 2213.376000 572.995200 1381.595200 1.000000
778.603200 1981.552000 573.288000 1157.699200 1.000000
760.073600 2439.456000 574.001600 1585.196800 1.000000
801.948800 1553.115200 575.758400 713.558400 1.000000
804.580800 1473.694400 576.193600 624.520000 1.000000
783.860800 2013.568000 577.129600 1188.819200 1.000000
774.969600 2158.000000 577.516800 1327.968000 1.000000
819.875200 1113.161600 578.502400 205.624000 1.000000
777.736000 2135.392000 579.244800 1308.766400 1.000000
797.003200 1752.096000 579.702400 927.291200 1.000000
787.721600 1949.200000 580.428800 1127.012800 1.000000
765.897600 2423.936000 580.628800 1574.153600 1.000000
818.008000 1169.462400 580.934400 273.329600 1.000000
781.579200 2097.072000 581.051200 1271.819200 1.000000
791.601600 1875.776000 581.150400 1052.348800 1.000000
793.236800 1918.384000 581.742400 1095.155200 1.000000
814.276800 1390.422400 582.824000 528.832000 1.000000
776.649600 2275.840000 583.956800 1438.249600 1.000000
809.822400 1583.028800 585.897600 746.216000 1.000000
814.142400 1508.940800 587.737600 665.726400 1.000000
829.907200 1040.793600 590.392000 120.223040 1.000000
826.088000 1237.304000 590.520000 354.804800 1.000000
824.060800 1312.790400 590.665600 444.220800 1.000000
778.739200 2362.544000 591.014400 1517.571200 1.000000
783.003200 2306.928000 591.582400 1469.364800 1.000000
777.177600 2421.664000 591.872000 1573.148800 1.000000
783.612800 2266.800000 592.195200 1431.412800 1.000000
826.192000 1278.648000 592.627200 405.668800 1.000000
817.688000 1543.016000 592.644800 704.542400 1.000000
787.915200 2209.488000 592.921600 1379.195200 1.000000
790.228800 2191.472000 594.180800 1361.462400 1.000000
818.057600 1556.424000 594.195200 719.585600 1.000000
826.019200 1351.500800 594.753600 489.960000 1.000000
791.896000 2170.608000 595.435200 1343.555200 1.000000
813.337600 1687.152000 595.892800 862.334400 1.000000
786.280000 2365.584000 597.228800 1522.412800 1.000000
822.560000 1500.600000 597.566400 658.329600 1.000000
824.948800 1471.958400 598.195200 627.032000 1.000000
824.545600 1509.073600 598.947200 667.508800 1.000000
814.931200 1800.160000 601.920000 978.713600 1.000000
825.430400 1574.382400 602.660800 739.379200 1.000000
815.500800 1832.528000 604.542400 1011.460800 1.000000
833.846400 1423.404800 606.017600 573.270400 1.000000
818.548800 1842.976000 607.488000 1022.268800 1.000000
806.457600 2140.080000 608.937600 1316.574400 1.000000
795.046400 2424.912000 609.217600 1577.700800 1.000000
842.899200 1245.552000 609.352000 366.531200 1.000000
816.921600 1919.568000 609.656000 1102.273600 1.000000
846.284800 1068.388800 609.825600 153.268320 1.000000
841.592000 1314.936000 610.080000 448.859200 1.000000
825.067200 1810.400000 611.944000 989.340800 1.000000
799.556800 2403.280000 612.452800 1557.592000 1.000000
843.272000 1337.092800 613.468800 475.830400 1.000000
852.820800 1058.324800 615.340800 147.040000 1.000000
842.542400 1431.283200 615.432000 582.627200 1.000000
832.427200 1727.840000 616.947200 905.401600 1.000000
827.460800 1874.288000 618.092800 1055.848000 1.000000
853.707200 1110.795200 619.048000 206.628800 1.000000
828.788800 1852.512000 619.305600 1031.739200 1.000000
838.393600 1672.656000 621.211200 847.803200 1.000000
864.208000 1014.515200 628.833600 90.540640 1.000000
851.484800 1511.632000 629.176000 676.260800 1.000000
835.283200 1933.392000 629.406400 1119.016000 1.000000
842.084800 1807.232000 630.723200 988.896000 1.000000
858.707200 1408.836800 632.756800 558.584000 1.000000
841.104000 1862.784000 633.313600 1045.446400 1.000000
839.532800 1901.968000 633.419200 1087.275200 1.000000
822.296000 2341.920000 634.027200 1504.774400 1.000000
845.700800 1831.936000 635.259200 1015.708800 1.000000
851.145600 1720.064000 636.955200 899.785600 1.000000
839.968000 1978.368000 637.470400 1164.507200 1.000000
877.492800 1001.308800 643.243200 75.306880 1.000000
843.577600 2077.056000 643.846400 1262.288000 1.000000
845.721600 2097.344000 644.867200 1285.481600 1.000000
874.105600 1256.512000 645.096000 385.854400 1.000000
850.299200 1975.984000 648.096000 1163.531200 1.000000
851.233600 1984.304000 648.889600 1172.203200 1.000000
874.643200 1406.974400 650.417600 558.692800 1.000000
869.456000 1593.577600 651.006400 766.875200 1.000000
857.964800 1884.256000 651.913600 1070.566400 1.000000
857.592000 1938.432000 653.587200 1125.713600 1.000000
865.955200 1741.616000 653.702400 925.849600 1.000000
841.145600 2416.048000 655.104000 1574.980800 1.000000
868.208000 1694.272000 656.312000 875.926400 1.000000
886.376000 1196.723200 657.212800 316.584000 1.000000
882.406400 1393.252800 657.756800 542.996800 1.000000
855.753600 2149.984000 662.068800 1329.880000 1.000000
891.689600 1174.257600 662.608000 289.550400 1.000000
887.806400 1403.158400 664.720000 557.174400 1.000000
894.281600 1211.492800 666.854400 334.416000 1.000000
895.758400 1152.070400 667.353600 262.699200 1.000000
869.492800 2005.600000 669.318400 1196.995200 1.000000
892.081600 1449.739200 672.232000 610.776000 1.000000
862.916800 2294.240000 672.355200 1466.582400 1.000000
875.390400 1968.768000 672.697600 1160.656000 1.000000
893.569600 1510.688000 673.844800 681.688000 1.000000
882.155200 1831.440000 674.328000 1018.520000 1.000000
872.568000 2125.216000 675.144000 1311.006400 1.000000
904.588800 1015.150400 675.768000 98.852640 1.000000
886.806400 1801.328000 677.094400 989.644800 1.000000
870.697600 2232.160000 678.211200 1410.601600 1.000000
898.411200 1548.904000 681.116800 724.084800 1.000000
902.395200 1433.139200 682.121600 594.948800 1.000000
886.180800 1936.032000 682.540800 1126.931200 1.000000
909.011200 1067.654400 682.790400 165.305600 1.000000
906.926400 1360.256000 683.020800 510.025600 1.000000
885.728000 1980.000000 683.611200 1173.616000 1.000000
892.987200 1866.176000 685.363200 1059.848000 1.000000
888.702400 1916.848000 686.104000 1109.113600 1.000000
912.846400 1129.766400 688.076800 240.544000 1.000000
914.188800 1299.328000 691.988800 443.166400 1.000000
899.830400 1824.240000 693.812800 1013.947200 1.000000
895.560000 1992.096000 693.980800 1185.942400 1.000000
891.648000 2111.520000 695.926400 1301.889600 1.000000
897.422400 2003.408000 697.638400 1197.472000 1.000000
903.014400 1816.736000 698.841600 1008.792000 1.000000
914.344000 1576.497600 699.062400 754.720000 1.000000
885.872000 2397.808000 699.888000 1562.260800 1.000000
896.694400 2086.400000 700.372800 1277.528000 1.000000
927.297600 997.476800 700.840000 81.228960 1.000000
887.713600 2409.040000 701.593600 1572.003200 1.000000
900.558400 2016.304000 701.604800 1210.460800 1.000000
906.633600 1906.240000 703.846400 1100.715200 1.000000
921.825600 1265.908800 707.332800 398.480000 1.000000
925.078400 1459.374400 707.804800 626.484800 1.000000
933.096000 981.504000 707.888000 62.825120 1.000000
909.427200 2022.592000 711.062400 1219.057600 1.000000
932.294400 1318.872000 711.140800 467.532800 1.000000
936.225600 1188.204800 712.142400 313.032000 1.000000
920.225600 1778.144000 712.579200 969.436800 1.000000
937.862400 1285.737600 714.814400 431.289600 1.000000
926.756800 1597.862400 714.894400 780.212800 1.000000
936.195200 1373.828800 717.057600 528.806400 1.000000
918.716800 1975.872000 718.884800 1172.171200 1.000000
933.796800 1506.020800 719.126400 680.843200 1.000000
945.203200 1392.404800 723.713600 554.844800 1.000000
941.016000 1501.371200 726.972800 676.814400 1.000000
922.249600 2132.416000 727.123200 1325.131200 1.000000
927.427200 1936.496000 727.480000 1133.456000 1.000000
947.939200 1280.929600 727.532800 426.905600 1.000000
924.403200 2062.368000 727.838400 1258.324800 1.000000
928.921600 1948.192000 728.160000 1146.651200 1.000000
947.931200 1229.824000 728.606400 365.340800 1.000000
932.510400 1818.384000 729.632000 1010.320000 1.000000
930.032000 1990.624000 729.985600 1189.352000 1.000000
945.579200 1389.171200 730.345600 546.481600 1.000000
924.539200 2173.632000 731.092800 1363.224000 1.000000
933.142400 1998.144000 734.046400 1196.835200 1.000000
943.057600 1745.680000 734.528000 938.955200 1.000000
946.744000 1616.048000 736.217600 801.558400 1.000000
954.627200 1323.206400 736.537600 474.753600 1.000000
955.944000 1245.019200 736.649600 385.214400 1.000000
917.420800 2547.056000 736.864000 1693.600000 1.000000
951.270400 1456.512000 737.942400 626.766400 1.000000
920.601600 2387.952000 739.532800 1558.075200 1.000000
958.147200 1313.204800 740.254400 463.432000 1.000000
943.771200 1866.512000 741.564800 1065.683200 1.000000
932.731200 2392.496000 744.190400 1560.091200 1.000000
943.577600 1988.704000 745.180800 1188.814400 1.000000
969.227200 1001.505600 749.796800 91.281440 1.000000
962.316800 1573.696000 751.312000 760.608000 1.000000
954.155200 1869.904000 751.678400 1070.203200 1.000000
971.532800 1313.387200 755.544000 465.723200 1.000000
975.092800 1083.072000 755.889600 193.931200 1.000000
975.974400 980.588800 756.472000 68.191360 1.000000
975.912000 1045.617600 756.548800 147.437440 1.000000
974.075200 1366.996800 759.619200 525.441600 1.000000
964.723200 1733.616000 759.630400 928.520000 1.000000
977.531200 1239.073600 760.212800 380.625600 1.000000
978.360000 1166.601600 760.257600 289.600000 1.000000
951.091200 2246.112000 760.646400 1430.704000 1.000000
970.920000 1491.494400 760.784000 668.790400 1.000000
980.030400 1050.310400 762.016000 153.570400 1.000000
948.374400 2358.800000 762.067200 1531.404800 1.000000
964.070400 1835.840000 762.497600 1035.500800 1.000000
982.878400 1070.934400 765.019200 179.216000 1.000000
985.118400 1221.488000 768.350400 359.992000 1.000000
952.113600 2525.392000 768.560000 1679.280000 1.000000
979.732800 1450.115200 769.355200 620.512000 1.000000
988.707200 1313.764800 774.065600 468.177600 1.000000
992.832000 1140.249600 775.166400 262.198400 1.000000
970.590400 2131.552000 776.019200 1330.827200 1.000000
991.435200 1254.686400 776.052800 400.358400 1.000000
976.195200 1949.168000 777.171200 1154.585600 1.000000
993.387200 1280.454400 777.177600 431.515200 1.000000
983.702400 1670.144000 777.961600 866.172800 1.000000
973.339200 2146.608000 778.392000 1340.286400 1.000000
968.377600 2266.416000 779.352000 1452.510400 1.000000
995.896000 1022.211200 779.646400 121.620320 1.000000
992.873600 1337.208000 780.056000 494.875200 1.000000
968.897600 2412.512000 781.491200 1583.683200 1.000000
988.713600 1588.451200 781.635200 779.452800 1.000000
997.619200 973.115200 781.830400 61.902880 1.000000
998.203200 990.380800 782.424000 83.563520 1.000000
994.464000 1440.889600 783.286400 614.819200 1.000000
999.966400 1073.108800 785.240000 188.857600 1.000000
970.041600 2566.336000 785.739200 1714.944000 1.000000
999.864000 1233.248000 785.868800 376.190400 1.000000
981.030400 2071.952000 786.822400 1274.745600 1.000000
988.196800 1819.552000 786.902400 1021.432000 1.000000
1003.532800 1041.708800 787.323200 146.404640 1.000000
990.969600 1797.952000 787.612800 998.867200 1.000000
977.304000 2399.552000 790.128000 1573.659200 1.000000
991.960000 1737.840000 790.579200 934.102400 1.000000
999.678400 1546.769600 792.180800 735.654400 1.000000
1009.691200 1025.406400 795.206400 128.001760 1.000000
1006.059200 1379.899200 795.340800 546.907200 1.000000
995.627200 1834.400000 795.667200 1038.521600 1.000000
1003.464000 1526.384000 796.036800 712.934400 1.000000
985.371200 2111.632000 796.196800 1310.689600 1.000000
1011.065600 1052.532800 797.616000 159.933920 1.000000
993.091200 2021.568000 797.841600 1226.534400 1.000000
1012.051200 1097.748800 798.081600 214.905600 1.000000
993.696000 2223.856000 804.510400 1413.979200 1.000000
1013.384000 1406.457600 805.656000 578.414400 1.000000
992.385600 2345.568000 807.132800 1527.204800 1.000000
1011.852800 1593.281600 807.174400 787.643200 1.000000
1011.262400 1797.664000 808.036800 999.052800 1.000000
1019.977600 1186.942400 808.310400 323.652800 1.000000
1001.520000 2188.048000 809.323200 1381.953600 1.000000
1008.185600 1806.224000 809.784000 1010.123200 1.000000
1021.396800 1170.204800 810.099200 303.553600 1.000000
1010.841600 1754.528000 810.364800 954.734400 1.000000
1011.462400 1771.472000 810.870400 972.670400 1.000000
995.382400 2542.624000 812.312000 1698.752000 1.000000
1007.136000 2061.792000 813.041600 1267.843200 1.000000
1009.971200 1978.352000 814.332800 1186.126400 1.000000
1013.105600 1822.896000 814.563200 1027.680000 1.000000
1011.625600 2044.528000 816.491200 1251.110400 1.000000
1026.584000 1378.542400 817.203200 548.339200 1.000000
1029.499200 1069.321600 819.524800 183.212800 1.000000
1008.084800 2359.120000 820.155200 1539.932800 1.000000
1021.364800 1747.552000 821.116800 948.841600 1.000000
1032.584000 1167.707200 822.820800 303.918400 1.000000
1032.646400 1373.212800 823.500800 541.636800 1.000000
1010.481600 2313.632000 824.137600 1501.320000 1.000000
1016.868800 2026.224000 824.388800 1234.998400 1.000000
1033.568000 1239.731200 825.219200 387.353600 1.000000
1035.323200 1217.467200 826.308800 362.233600 1.000000
1019.212800 2076.416000 826.832000 1282.881600 1.000000
1038.392000 1070.313600 828.238400 185.028800 1.000000
1033.630400 1570.462400 829.483200 764.851200 1.000000
1038.424000 1158.995200 829.587200 293.403200 1.000000
1033.088000 1702.096000 831.427200 905.470400 1.000000
1040.425600 1198.913600 831.531200 346.340800 1.000000
1031.681600 1741.680000 832.009600 944.673600 1.000000
1044.598400 1028.504000 835.193600 135.616480 1.000000
1032.537600 1955.200000 837.862400 1165.387200 1.000000
1027.110400 2297.696000 839.601600 1486.025600 1.000000
1031.974400 2121.984000 840.032000 1326.817600 1.000000
1049.896000 1101.728000 841.656000 225.299200 1.000000
1046.948800 1412.070400 842.369600 589.057600 1.000000
1040.246400 1872.560000 842.472000 1081.520000 1.000000
1036.249600 2068.688000 842.908800 1276.768000 1.000000
1036.505600 2041.248000 843.132800 1251.788800 1.000000
1026.899200 2564.496000 844.417600 1717.104000 1.000000
1037.035200 2083.328000 845.766400 1288.996800 1.000000
1052.472000 1375.371200 847.705600 546.299200 1.000000
1056.504000 1288.136000 850.492800 449.132800 1.000000
1058.596800 1115.704000 851.428800 241.832000 1.000000
1059.065600 1052.867200 851.900800 166.444800 1.000000
1056.259200 1482.156800 853.902400 668.643200 1.000000
1043.516800 2197.904000 854.137600 1396.638400 1.000000
1056.243200 1458.484800 854.209600 642.899200 1.000000
1051.619200 1939.232000 856.672000 1149.624000 1.000000
1054.059200 1762.320000 857.067200 966.878400 1.000000
1053.550400 1800.032000 857.225600 1006.966400 1.000000
1056.920000 1743.392000 857.424000 949.288000 1.000000
1065.324800 1169.067200 858.601600 307.715200 1.000000
1067.203200 949.123200 860.720000 40.107840 1.000000
1048.934400 2264.448000 861.288000 1455.377600 1.000000
1052.795200 2086.432000 861.393600 1291.132800 1.000000
1049.388800 2393.904000 862.652800 1575.334400 1.000000
1062.790400 1867.984000 864.944000 1080.760000 1.000000
1071.156800 1116.739200 866.214400 248.291200 1.000000
1068.886400 1525.904000 866.612800 718.816000 1.000000
1072.308800 958.409600 867.902400 54.654080 1.000000
1061.102400 1997.664000 868.932800 1209.654400 1.000000
1061.913600 2155.152000 870.774400 1359.844800 1.000000
1073.662400 1569.785600 872.075200 768.939200 1.000000
1076.761600 945.380800 873.340800 38.481440 1.000000
1064.987200 1947.744000 873.536000 1160.692800 1.000000
1077.974400 1248.542400 874.908800 405.380800 1.000000
1062.801600 2292.912000 875.288000 1485.587200 1.000000
1075.984000 1554.206400 876.137600 750.894400 1.000000
1064.860800 2240.416000 876.451200 1437.760000 1.000000
1078.936000 938.158400 876.643200 31.556960 1.000000
1080.310400 1216.619200 877.011200 365.940800 1.000000
1080.587200 1261.060800 877.321600 420.291200 1.000000
1064.537600 2662.480000 881.035200 1822.032000 1.000000
1086.080000 1204.659200 881.726400 352.376000 1.000000
1086.779200 1282.163200 882.379200 444.958400 1.000000
1082.075200 1505.209600 882.385600 698.715200 1.000000
1084.979200 1342.966400 883.100800 513.080000 1.000000
1087.790400 1134.129600 884.115200 268.708800 1.000000
1076.107200 2196.880000 884.318400 1399.275200 1.000000
1088.596800 1019.830400 885.513600 130.658080 1.000000
1090.372800 1111.294400 886.044800 242.040000 1.000000
1074.004800 2276.112000 886.148800 1471.161600 1.000000
1079.259200 1979.344000 886.550400 1195.664000 1.000000
1089.883200 1142.640000 886.832000 279.011200 1.000000
1091.315200 1099.028800 889.356800 228.009600 1.000000
1093.580800 1195.638400 890.374400 342.369600 1.000000
1093.198400 1047.574400 890.433600 165.524800 1.000000
1093.052800 958.120000 892.094400 58.369440 1.000000
1089.302400 1534.384000 892.488000 730.646400 1.000000
1080.476800 2302.464000 893.267200 1495.990400 1.000000
1080.336000 2556.640000 893.489600 1716.864000 1.000000
1098.793600 1213.099200 893.939200 363.084800 1.000000
1081.019200 2387.840000 894.025600 1572.398400 1.000000
1090.656000 1756.816000 894.806400 967.456000 1.000000
1089.880000 1784.592000 894.840000 994.283200 1.000000
1091.078400 1704.800000 895.019200 915.176000 1.000000
1092.222400 1933.248000 899.248000 1149.726400 1.000000
1096.867200 1735.440000 901.376000 946.011200 1.000000
1096.358400 1955.728000 904.387200 1172.302400 1.000000
1095.272000 2204.352000 905.952000 1406.220800 1.000000
1109.808000 1390.718400 907.763200 575.465600 1.000000
1105.980800 1517.331200 908.523200 715.616000 1.000000
1104.502400 1752.176000 909.769600 964.019200 1.000000
1102.721600 1821.728000 909.822400 1034.780800 1.000000
1108.321600 1450.793600 911.670400 641.065600 1.000000
1108.057600 1434.657600 911.761600 622.113600 1.000000
1102.401600 2134.848000 911.875200 1344.172800 1.000000
1112.980800 1227.385600 912.371200 384.076800 1.000000
1103.728000 2009.168000 912.809600 1225.840000 1.000000
1103.494400 2127.184000 913.172800 1339.214400 1.000000
1112.961600 1168.582400 913.699200 313.292800 1.000000
1113.212800 945.648000 915.473600 42.976000 1.000000
1115.859200 1215.510400 915.676800 370.441600 1.000000
1113.260800 1122.320000 916.224000 254.104000 1.000000
1116.582400 1078.139200 916.563200 204.099200 1.000000
1111.704000 1775.824000 917.640000 988.780800 1.000000
1116.755200 1086.339200 918.099200 215.486400 1.000000
1113.630400 1559.528000 918.158400 761.774400 1.000000
1117.913600 1239.604800 919.030400 399.660800 1.000000
1116.640000 1513.113600 919.633600 711.948800 1.000000
1108.337600 2179.904000 919.721600 1386.096000 1.000000
1114.902400 1916.992000 923.004800 1133.825600 1.000000
1115.755200 2220.848000 927.392000 1423.139200 1.000000
1125.532800 1003.977600 929.318400 115.458720 1.000000
1116.680000 2419.728000 929.654400 1605.072000 1.000000
1127.228800 1221.123200 930.380800 379.401600 1.000000
1119.073600 2160.256000 931.244800 1369.686400 1.000000
1122.131200 1998.672000 931.504000 1215.643200 1.000000
1126.201600 1762.032000 932.857600 976.006400 1.000000
1127.182400 1721.696000 934.492800 936.622400 1.000000
1128.430400 1774.240000 935.086400 988.942400 1.000000
1126.060800 2013.584000 935.377600 1231.329600 1.000000
1126.176000 1986.304000 935.846400 1205.928000 1.000000
1132.636800 960.152000 937.881600 63.359520 1.000000
1128.739200 2125.968000 939.763200 1338.640000 1.000000
1135.614400 1322.000000 939.792000 496.180800 1.000000
1133.012800 1933.968000 942.667200 1153.960000 1.000000
1135.320000 1880.016000 943.366400 1098.464000 1.000000
1135.684800 2043.792000 945.292800 1261.824000 1.000000
1140.532800 1211.508800 946.243200 371.449600 1.000000
1136.795200 2097.984000 946.894400 1312.659200 1.000000
1138.033600 2011.552000 947.620800 1230.091200 1.000000
1139.745600 2345.520000 950.488000 1540.073600 1.000000
1144.432000 945.411200 951.140800 47.119360 1.000000
1144.105600 1729.936000 951.960000 945.286400 1.000000
1148.534400 1399.211200 953.564800 585.937600 1.000000
1148.953600 1159.220800 954.180800 306.460800 1.000000
1141.944000 2283.344000 954.449600 1483.710400 1.000000
1143.929600 2246.144000 954.734400 1449.401600 1.000000
1149.516800 1419.276800 955.326400 608.544000 1.000000
1151.057600 1226.332800 955.728000 388.377600 1.000000
1149.976000 1261.560000 955.780800 430.547200 1.000000
1153.377600 987.088000 960.209600 99.060640 1.000000
1149.467200 2065.872000 960.497600 1282.478400 1.000000
1146.497600 2579.952000 962.459200 1743.104000 1.000000
1157.016000 1249.456000 963.708800 417.369600 1.000000
1158.027200 1286.350400 963.833600 458.808000 1.000000
1152.008000 2104.112000 964.768000 1318.678400 1.000000
1154.958400 1962.880000 966.032000 1184.000000 1.000000
1157.158400 1894.832000 967.342400 1117.420800 1.000000
1157.976000 1932.304000 967.747200 1154.484800 1.000000
1159.353600 925.777600 967.784000 24.368960 1.000000
1162.486400 1321.414400 969.241600 499.620800 1.000000
1163.131200 1341.489600 969.603200 523.945600 1.000000
1164.857600 961.969600 972.961600 68.798880 1.000000
1162.155200 2030.784000 973.835200 1250.249600 1.000000
1166.747200 1100.027200 975.131200 235.112000 1.000000
1166.035200 1745.168000 975.161600 963.020800 1.000000
1169.048000 1429.785600 976.662400 624.160000 1.000000
1167.563200 2141.104000 977.950400 1357.339200 1.000000
1166.838400 2175.952000 979.040000 1389.945600 1.000000
1168.534400 1905.600000 979.446400 1127.908800 1.000000
1171.715200 1312.352000 980.048000 489.566400 1.000000
1165.849600 2557.296000 980.945600 1727.568000 1.000000
1171.411200 1653.232000 981.579200 867.736000 1.000000
1173.544000 1708.032000 983.916800 926.548800 1.000000
1173.747200 1077.425600 984.953600 210.974400 1.000000
1176.808000 1180.017600 985.528000 337.361600 1.000000
1177.080000 1137.302400 986.825600 283.772800 1.000000
1176.667200 1957.104000 987.499200 1179.416000 1.000000
1176.996800 1843.728000 988.742400 1066.584000 1.000000
1179.872000 2100.064000 990.561600 1319.652800 1.000000
1181.384000 1002.412800 991.684800 122.071200 1.000000
1183.588800 1825.168000 993.715200 1050.486400 1.000000
1186.518400 1681.760000 996.428800 899.321600 1.000000
1188.467200 1524.492800 996.774400 732.420800 1.000000
1185.505600 2217.776000 997.414400 1426.640000 1.000000
1186.884800 1997.296000 997.923200 1218.494400 1.000000
1186.275200 1768.384000 998.977600 987.988800 1.000000
1189.721600 2082.192000 1000.920000 1303.390400 1.000000
1190.756800 1279.708800 1001.104000 455.908800 1.000000
1186.256000 2572.064000 1001.139200 1741.680000 1.000000
1190.545600 2525.920000 1001.553600 1704.560000 1.000000
1192.072000 1697.792000 1001.744000 915.840000 1.000000
1189.755200 2284.000000 1001.982400 1488.723200 1.000000
1191.838400 1243.870400 1002.811200 414.753600 1.000000
1192.584000 1823.232000 1003.190400 1047.198400 1.000000
1193.832000 1274.569600 1003.369600 451.454400 1.000000
1194.734400 1949.616000 1006.084800 1174.000000 1.000000
1194.560000 1414.851200 1006.731200 610.670400 1.000000
1196.476800 1597.900800 1008.521600 811.390400 1.000000
1193.632000 951.433600 1008.651200 60.833600 1.000000
1196.713600 1065.328000 1008.686400 200.704000 1.000000
1198.811200 1523.990400 1009.457600 731.350400 1.000000
1197.958400 1199.921600 1009.792000 364.640000 1.000000
1200.806400 1907.040000 1010.908800 1132.315200 1.000000
1198.860800 1558.488000 1011.641600 769.545600 1.000000
1202.732800 1251.752000 1014.505600 425.171200 1.000000
1203.377600 1238.289600 1015.222400 410.083200 1.000000
1204.147200 1213.862400 1016.374400 382.593600 1.000000
1204.336000 1768.816000 1016.686400 990.449600 1.000000
1204.468800 2042.768000 1017.382400 1263.251200 1.000000
1208.308800 1422.558400 1020.104000 619.419200 1.000000
1209.414400 1199.036800 1022.228800 364.172800 1.000000
1211.075200 1095.259200 1022.694400 236.425600 1.000000
1210.025600 1251.422400 1023.539200 425.636800 1.000000
1211.035200 1475.337600 1023.686400 680.614400 1.000000
1212.694400 2529.904000 1023.720000 1708.624000 1.000000
1212.000000 1498.718400 1024.716800 705.163200 1.000000
1209.608000 1021.459200 1025.294400 145.867360 1.000000
1212.198400 1446.795200 1025.625600 648.035200 1.000000
1212.684800 2216.288000 1025.974400 1427.980800 1.000000
1215.027200 1521.230400 1027.332800 729.678400 1.000000
1214.942400 1352.736000 1028.132800 541.673600 1.000000
1216.364800 2163.488000 1029.555200 1381.574400 1.000000
1218.774400 2082.480000 1030.524800 1305.259200 1.000000
1219.654400 2345.024000 1031.062400 1548.107200 1.000000
1218.729600 1152.603200 1031.080000 309.793600 1.000000
1218.563200 1786.320000 1031.468800 1009.560000 1.000000
1217.726400 1212.968000 1032.710400 385.198400 1.000000
1220.225600 1928.992000 1033.129600 1154.856000 1.000000
1220.120000 1534.790400 1033.614400 745.052800 1.000000
1220.310400 1703.104000 1033.894400 926.628800 1.000000
1219.569600 1420.086400 1033.929600 617.942400 1.000000
1223.086400 1548.571200 1035.985600 760.484800 1.000000
1225.400000 2196.464000 1036.912000 1409.568000 1.000000
1226.960000 1444.963200 1041.121600 648.019200 1.000000
1227.131200 1433.702400 1041.476800 634.195200 1.000000
1230.366400 2228.976000 1043.160000 1440.713600 1.000000
1225.987200 1027.673600 1043.611200 157.162720 1.000000
1228.888000 1468.075200 1044.214400 675.220800 1.000000
1226.916800 943.024000 1046.310400 54.197120 1.000000
1228.988800 1080.456000 1046.401600 222.742400 1.000000
1231.502400 1025.024000 1048.667200 153.603680 1.000000
1227.160000 964.539200 1049.484800 80.266720 1.000000
1234.310400 1203.934400 1050.465600 373.084800 1.000000
1238.857600 2276.656000 1051.008000 1485.081600 1.000000
1237.052800 1557.024000 1051.324800 771.588800 1.000000
1235.972800 1303.465600 1051.595200 486.144000 1.000000
1234.166400 1135.153600 1051.708800 290.172800 1.000000
1237.428800 1452.283200 1051.972800 657.771200 1.000000
1237.166400 1972.128000 1052.297600 1196.883200 1.000000
1239.758400 2084.560000 1052.526400 1310.974400 1.000000
1238.025600 1263.032000 1054.344000 441.872000 1.000000
1243.435200 1839.104000 1055.712000 1070.467200 1.000000
1242.588800 2106.832000 1056.526400 1331.139200 1.000000
1242.937600 1742.912000 1056.600000 965.920000 1.000000
1243.560000 1587.705600 1057.464000 805.635200 1.000000
1239.438400 1089.449600 1057.579200 235.689600 1.000000
1245.040000 2057.408000 1059.236800 1282.091200 1.000000
1244.390400 1285.798400 1059.436800 468.361600 1.000000
1248.097600 1423.496000 1060.179200 628.128000 1.000000
1240.899200 1099.857600 1060.372800 247.868800 1.000000
1249.395200 2213.296000 1061.710400 1426.968000 1.000000
1248.080000 1148.771200 1064.814400 309.284800 1.000000
1253.884800 2548.048000 1065.904000 1729.712000 1.000000
1251.953600 2129.728000 1065.913600 1352.744000 1.000000
1249.816000 1140.734400 1068.696000 299.268800 1.000000
1253.587200 1401.788800 1069.886400 600.195200 1.000000
1257.979200 2100.992000 1070.908800 1326.556800 1.000000
1253.684800 1225.716800 1071.612800 399.568000 1.000000
1251.568000 1091.428800 1071.899200 240.446400 1.000000
1260.793600 2368.192000 1074.830400 1573.680000 1.000000
1252.308800 963.051200 1075.124800 80.700000 1.000000
1256.446400 1267.124800 1075.619200 447.329600 1.000000
1256.612800 1122.689600 1075.779200 279.318400 1.000000
1261.299200 1922.912000 1076.076800 1151.033600 1.000000
1259.044800 1279.747200 1076.704000 463.520000 1.000000
1265.529600 2273.664000 1077.356800 1484.179200 1.000000
1260.248000 1100.569600 1080.238400 253.777600 1.000000
1274.603200 2120.288000 1085.779200 1345.024000 1.000000
1269.252800 1528.193600 1086.203200 745.091200 1.000000
1271.041600 1737.232000 1087.432000 964.404800 1.000000
1273.737600 1556.777600 1087.768000 776.067200 1.000000
1268.713600 1444.708800 1087.774400 650.177600 1.000000
1267.878400 1300.888000 1087.939200 486.644800 1.000000
1271.406400 1470.123200 1088.921600 678.348800 1.000000
1276.321600 2096.096000 1088.964800 1322.944000 1.000000
1276.424000 2105.488000 1090.795200 1332.344000 1.000000
1270.870400 1088.129600 1092.339200 238.768000 1.000000
1270.417600 1025.115200 1094.622400 160.608000 1.000000
1278.736000 1666.720000 1096.028800 891.961600 1.000000
1280.264000 1688.560000 1096.505600 914.283200 1.000000
1273.809600 1154.638400 1097.062400 318.683200 1.000000
1286.396800 2280.352000 1098.724800 1493.080000 1.000000
1283.656000 1938.544000 1099.017600 1168.803200 1.000000
1292.806400 2601.792000 1101.470400 1777.280000 1.000000
1276.726400 950.646400 1103.246400 66.730880 1.000000
1292.297600 2341.104000 1103.529600 1550.598400 1.000000
1279.123200 1083.382400 1103.968000 233.339200 1.000000
1280.491200 1048.174400 1106.488000 190.428800 1.000000
1288.246400 1557.572800 1106.739200 775.860800 1.000000
1297.081600 2359.920000 1108.836800 1567.374400 1.000000
1284.707200 1091.830400 1109.748800 244.216000 1.000000
1302.681600 2489.392000 1111.377600 1682.800000 1.000000
1296.542400 1950.384000 1111.884800 1179.089600 1.000000
1300.665600 2465.056000 1112.419200 1660.016000 1.000000
1298.182400 1985.472000 1112.995200 1216.774400 1.000000
1304.340800 2372.800000 1113.070400 1579.081600 1.000000
1298.040000 1729.104000 1116.892800 955.766400 1.000000
1305.576000 2269.248000 1117.260800 1484.739200 1.000000
1289.316800 996.729600 1118.176000 127.321280 1.000000
1296.526400 1313.046400 1118.614400 503.779200 1.000000
1306.244800 2194.912000 1119.246400 1416.564800 1.000000
1303.083200 1818.864000 1120.281600 1048.564800 1.000000
1309.937600 2258.752000 1120.908800 1475.294400 1.000000
1300.555200 1497.811200 1121.376000 711.740800 1.000000
1292.064000 963.326400 1121.456000 85.641600 1.000000
1307.179200 1970.944000 1122.536000 1202.896000 1.000000
1306.636800 1936.048000 1122.649600 1165.729600 1.000000
1314.577600 2399.744000 1124.062400 1603.184000 1.000000
1312.409600 2105.376000 1125.910400 1332.707200 1.000000
1297.091200 1008.182400 1126.588800 143.309280 1.000000
1315.849600 2297.104000 1126.752000 1511.241600 1.000000
1303.254400 1276.560000 1128.395200 459.905600 1.000000
1300.947200 1034.276800 1130.404800 175.158400 1.000000
1316.571200 1947.760000 1131.707200 1179.321600 1.000000
1306.412800 1314.966400 1131.894400 506.769600 1.000000
1324.328000 2485.760000 1132.627200 1678.144000 1.000000
1312.390400 1329.032000 1135.176000 522.620800 1.000000
1328.235200 2403.472000 1135.881600 1607.648000 1.000000
1307.348800 987.948800 1136.310400 118.227200 1.000000
1327.416000 2534.416000 1136.358400 1721.552000 1.000000
1306.988800 1103.814400 1136.480000 260.086400 1.000000
1319.068800 1798.640000 1136.700800 1030.134400 1.000000
1324.246400 2242.640000 1137.288000 1462.580800 1.000000
1328.931200 2513.904000 1137.414400 1703.872000 1.000000
1322.915200 1996.816000 1138.987200 1227.248000 1.000000
1323.166400 1824.320000 1141.284800 1056.288000 1.000000
1330.899200 2279.232000 1141.680000 1496.681600 1.000000
1321.652800 1762.672000 1142.316800 992.516800 1.000000
1319.156800 1377.908800 1142.776000 582.604800 1.000000
1322.689600 1512.270400 1142.777600 730.428800 1.000000
1322.206400 1468.870400 1145.812800 681.148800 1.000000
1327.688000 1850.096000 1146.030400 1081.387200 1.000000
1316.588800 1180.198400 1146.092800 351.744000 1.000000
1317.611200 1060.980800 1146.756800 208.620800 1.000000
1329.584000 1914.176000 1146.892800 1145.158400 1.000000
1327.225600 1737.456000 1147.267200 968.091200 1.000000
1320.094400 1198.819200 1148.609600 373.729600 1.000000
1321.864000 1239.552000 1148.652800 421.484800 1.000000
1331.428800 1782.496000 1149.742400 1014.008000 1.000000
1325.144000 1223.200000 1152.686400 402.688000 1.000000
1327.601600 1318.793600 1154.003200 511.510400 1.000000
1345.524800 2582.544000 1155.003200 1760.112000 1.000000
1322.913600 1020.584000 1155.296000 159.451360 1.000000
1322.761600 1000.625600 1159.556800 131.627200 1.000000
1339.504000 1759.264000 1160.172800 989.705600 1.000000
1338.454400 1617.104000 1160.636800 843.913600 1.000000
1336.537600 1342.664000 1162.518400 543.833600 1.000000
1334.171200 1206.702400 1164.638400 385.100800 1.000000
1345.582400 1765.696000 1166.086400 998.099200 1.000000
1333.014400 1014.846400 1167.096000 152.294080 1.000000
1338.624000 1165.644800 1169.100800 336.326400 1.000000
1341.211200 1233.796800 1170.006400 416.736000 1.000000
1364.513600 2632.528000 1171.131200 1813.392000 1.000000
1347.331200 2810.064000 1171.288000 1957.984000 1.000000
1380.620800 2598.512000 1174.206400 1778.640000 1.000000
1345.504000 1299.590400 1174.728000 491.640000 1.000000
1351.073600 1472.243200 1177.313600 685.656000 1.000000
1355.507200 1753.072000 1177.539200 981.110400 1.000000
1352.761600 1499.025600 1178.108800 716.344000 1.000000
1345.510400 1113.281600 1179.307200 273.761600 1.000000
1356.579200 1482.260800 1180.500800 698.846400 1.000000
1359.048000 1595.332800 1181.691200 820.612800 1.000000
1361.894400 1839.952000 1183.344000 1070.430400 1.000000
1352.428800 1270.936000 1183.419200 459.275200 1.000000
1353.393600 1280.390400 1184.123200 469.638400 1.000000
1356.036800 1362.513600 1184.809600 563.347200 1.000000
1348.598400 946.497600 1189.262400 67.879520 1.000000
1358.387200 1246.600000 1190.036800 431.264000 1.000000
1366.161600 1450.184000 1194.089600 660.408000 1.000000
1366.404800 1345.360000 1195.553600 544.753600 1.000000
1367.976000 1369.908800 1198.606400 572.441600 1.000000
1369.236800 1396.425600 1198.644800 602.510400 1.000000
1361.947200 1022.187200 1199.060800 163.035200 1.000000
1358.579200 908.731200 1199.726400 23.833120 1.000000
1364.800000 1145.830400 1200.004800 313.793600 1.000000
1365.836800 951.963200 1208.009600 76.903040 1.000000
1373.668800 1138.305600 1209.238400 304.824000 1.000000
1377.140800 1129.788800 1212.323200 295.315200 1.000000
1377.560000 1177.713600 1213.366400 351.086400 1.000000
1379.718400 1208.564800 1214.796800 386.121600 1.000000
1378.300800 1098.649600 1215.726400 254.699200 1.000000
1380.329600 1147.788800 1217.547200 316.886400 1.000000
1400.476800 2804.192000 1225.918400 1953.904000 1.000000
1398.814400 2922.080000 1240.081600 2268.656000 1.000000
1403.873600 1028.360000 1249.670400 163.500800 1.000000
1409.576000 1050.654400 1254.540800 191.598400 1.000000
1410.744000 1068.908800 1255.840000 214.529600 1.000000
1415.755200 1001.185600 1264.438400 129.664800 1.000000
2074.896000 2634.624000 1833.776000 1861.152000 1.000000
2110.864000 2769.776000 1859.072000 1964.896000 1.000000
2112.112000 2638.048000 1868.288000 1867.008000 1.000000
2164.544000 2683.776000 1908.256000 1913.920000 1.000000
2280.080000 2254.592000 2030.528000 2222.464000 1.000000
2414.400000 2252.544000 2153.888000 2285.632000 1.000000
2393.632000 1561.241600 2221.424000 1761.680000 1.000000
2436.496000 1571.531200 2262.976000 1786.336000 1.000000
2563.376000 2325.360000 2277.600000 2375.280000 1.000000
2393.312000 1233.480000 2278.016000 1332.936000 1.000000
2564.656000 2199.984000 2298.832000 2284.144000 1.000000
2597.040000 2351.680000 2306.608000 2406.816000 1.000000
2439.808000 1220.433600 2327.696000 1350.382400 1.000000
2427.584000 1095.744000 2337.296000 1159.044800 1.000000
2638.400000 2345.088000 2341.200000 2416.992000 1.000000
2630.848000 2302.832000 2341.776000 2382.304000 1.000000
2636.944000 2306.768000 2347.120000 2387.904000 1.000000
2595.760000 2033.632000 2348.992000 2171.120000 1.000000
2631.536000 2227.216000 2354.704000 2323.040000 1.000000
2632.720000 2201.840000 2357.936000 2305.808000 1.000000
2649.440000 2302.816000 2358.544000 2389.568000 1.000000
2657.776000 2343.552000 2360.096000 2422.672000 1.000000
2444.848000 1053.476800 2362.464000 1115.344000 1.000000
2547.472000 1624.448000 2363.456000 1862.032000 1.000000
2663.984000 2345.104000 2365.056000 2426.672000 1.000000
2478.352000 1187.505600 2369.840000 1317.849600 1.000000
2670.784000 2345.216000 2370.960000 2429.552000 1.000000
2685.856000 2387.760000 2378.832000 2465.184000 1.000000
2545.408000 1126.201600 2382.272000 1262.403200 1.000000
2470.336000 1061.033600 2385.680000 1147.876800 1.000000
2436.016000 769.171200 2390.576000 733.708800 1.000000
2480.384000 1025.352000 2402.400000 1111.038400 1.000000
2486.144000 1025.864000 2408.304000 1113.544000 1.000000
2499.152000 1082.094400 2411.216000 1179.259200 1.000000
2670.768000 2001.792000 2424.480000 2171.616000 1.000000
2641.760000 1784.848000 2427.088000 2000.208000 1.000000
2527.200000 1093.630400 2438.272000 1202.224000 1.000000
2611.936000 1545.289600 2439.968000 1786.064000 1.000000
2524.496000 1069.804800 2440.064000 1173.166400 1.000000
2629.360000 1587.422400 2444.784000 1847.088000 1.000000
2572.672000 1166.920000 2471.568000 1320.969600 1.000000
2670.256000 1618.032000 2481.280000 1885.968000 1.000000
2616.896000 1252.873600 2497.744000 1443.801600 1.000000
2581.200000 1026.249600 2506.640000 1136.377600 1.000000
2630.880000 1261.836800 2509.696000 1459.211200 1.000000
2616.416000 1171.041600 2512.608000 1345.988800 1.000000
2631.056000 1216.659200 2519.104000 1405.040000 1.000000
2620.704000 1158.827200 2522.304000 1328.078400 1.000000
2650.016000 1205.984000 2539.712000 1397.814400 1.000000
2664.720000 1085.304000 2579.824000 1252.670400 1.000000
2701.456000 1229.611200 2591.360000 1418.760000 1.000000
2665.952000 1012.592000 2595.216000 1163.736000 1.000000
2704.176000 1099.684800 2614.752000 1291.948800 1.000000
2614.608000 554.798400 2615.024000 545.040000 1.000000
2714.608000 1098.272000 2626.272000 1291.475200 1.000000
2698.112000 1015.052800 2627.056000 1184.600000 1.000000
2705.776000 1019.995200 2633.792000 1192.358400 1.000000
2704.304000 999.438400 2636.224000 1169.500800 1.000000
2711.408000 1002.816000 2642.560000 1176.291200 1.000000
2706.512000 978.291200 2642.592000 1143.878400 1.000000
