584.771200 154.426560 503.105600 1435.809600 1.000000
679.604800 2037.280000 626.888000 2988.816000 1.000000
697.624000 1911.472000 647.728000 2842.336000 1.000000
702.139200 1972.896000 650.558400 2909.792000 1.000000
716.000000 1930.992000 670.521600 2857.488000 1.000000
722.873600 1818.176000 678.785600 2727.008000 1.000000
729.014400 2039.904000 681.832000 2979.232000 1.000000
727.401600 1791.440000 684.267200 2705.360000 1.000000
739.361600 2043.456000 691.952000 2980.656000 1.000000
740.532800 1828.560000 695.459200 2738.576000 1.000000
742.494400 1743.312000 699.520000 2644.240000 1.000000
747.982400 1982.640000 702.747200 2909.232000 1.000000
742.006400 1590.550400 704.902400 2472.336000 1.000000
731.299200 1152.888000 709.217600 2042.096000 1.000000
736.464000 1277.801600 709.481600 2160.320000 1.000000
754.521600 1879.760000 710.342400 2791.120000 1.000000
753.881600 1748.752000 713.532800 2646.080000 1.000000
755.369600 1908.208000 714.275200 2819.888000 1.000000
759.897600 1956.624000 716.017600 2875.328000 1.000000
760.518400 1821.712000 717.686400 2726.096000 1.000000
743.572800 1213.787200 720.644800 2089.488000 1.000000
762.363200 1766.752000 723.958400 2660.512000 1.000000
757.214400 1391.305600 728.196800 2263.232000 1.000000
767.358400 1713.312000 729.456000 2602.144000 1.000000
769.219200 1681.872000 732.875200 2565.552000 1.000000
769.465600 1610.192000 735.840000 2487.248000 1.000000
758.542400 1180.777600 736.161600 2055.280000 1.000000
768.302400 1460.102400 739.216000 2329.952000 1.000000
760.670400 1159.286400 741.318400 2034.048000 1.000000
772.976000 1403.609600 745.560000 2271.488000 1.000000
787.721600 1949.200000 745.830400 2860.624000 1.000000
755.816000 792.494400 746.456000 1705.072000 1.000000
784.236800 1716.816000 746.827200 2602.272000 1.000000
776.555200 1473.110400 747.219200 2342.096000 1.000000
763.760000 1069.316800 747.624000 1951.408000 1.000000
785.830400 1705.680000 747.947200 2589.584000 1.000000
775.827200 1383.062400 748.238400 2251.216000 1.000000
776.720000 1393.670400 748.483200 2261.856000 1.000000
791.601600 1875.776000 750.550400 2781.200000 1.000000
776.993600 1332.769600 751.740800 2197.776000 1.000000
781.520000 1410.988800 753.041600 2278.288000 1.000000
796.782400 1895.408000 756.190400 2799.008000 1.000000
773.572800 946.385600 760.963200 1833.216000 1.000000
796.528000 1596.910400 763.680000 2467.792000 1.000000
769.230400 668.347200 763.803200 1592.507200 1.000000
779.427200 1017.656000 764.489600 1897.856000 1.000000
793.460800 1382.873600 766.249600 2248.208000 1.000000
794.609600 1408.545600 768.147200 2273.504000 1.000000
798.715200 1502.972800 768.932800 2368.688000 1.000000
798.948800 1486.409600 769.064000 2350.384000 1.000000
809.305600 1895.264000 769.385600 2797.408000 1.000000
809.816000 1802.880000 771.385600 2692.000000 1.000000
786.089600 989.340800 771.796800 1870.464000 1.000000
778.451200 691.353600 771.918400 1612.176000 1.000000
797.299200 1322.388800 772.547200 2183.280000 1.000000
813.246400 1861.264000 773.256000 2761.296000 1.000000
799.292800 1314.441600 775.428800 2175.024000 1.000000
784.134400 785.545600 776.214400 1687.504000 1.000000
777.408000 547.726400 776.488000 1484.984000 1.000000
805.510400 1428.648000 776.878400 2290.656000 1.000000
797.080000 1094.166400 776.988800 1965.552000 1.000000
816.921600 1919.568000 777.126400 2821.712000 1.000000
798.545600 1219.467200 777.262400 2083.888000 1.000000
790.116800 925.409600 777.369600 1810.880000 1.000000
813.337600 1687.152000 778.689600 2557.216000 1.000000
802.348800 1133.435200 781.713600 2000.848000 1.000000
806.400000 1278.731200 783.348800 2138.640000 1.000000
803.307200 1221.392000 783.412800 2084.864000 1.000000
783.024000 454.577600 783.916800 1410.043200 1.000000
801.324800 1034.676800 784.033600 1910.368000 1.000000
805.756800 1161.966400 785.582400 2028.384000 1.000000
807.612800 1297.067200 785.609600 2156.352000 1.000000
808.251200 1244.692800 786.625600 2104.240000 1.000000
794.393600 780.249600 786.841600 1682.704000 1.000000
814.276800 1390.422400 787.574400 2252.096000 1.000000
823.905600 1708.464000 788.236800 2585.680000 1.000000
827.460800 1874.288000 788.552000 2772.064000 1.000000
807.804800 1169.080000 788.790400 2035.056000 1.000000
828.788800 1852.512000 789.889600 2748.240000 1.000000
816.936000 1379.299200 790.243200 2241.392000 1.000000
828.529600 1885.152000 790.932800 2781.824000 1.000000
830.907200 2027.104000 791.323200 2942.848000 1.000000
828.572800 1835.104000 791.489600 2726.752000 1.000000
796.348800 627.265600 792.803200 1550.260800 1.000000
822.560000 1500.600000 792.936000 2361.248000 1.000000
793.248000 473.228800 793.123200 1423.382400 1.000000
795.281600 563.851200 793.684800 1497.112000 1.000000
820.755200 1438.278400 793.811200 2296.880000 1.000000
825.430400 1574.382400 793.851200 2438.768000 1.000000
809.230400 1003.459200 794.792000 1878.256000 1.000000
824.545600 1509.073600 795.188800 2368.784000 1.000000
817.024000 1152.388800 795.236800 2017.584000 1.000000
813.017600 1137.718400 795.473600 2002.240000 1.000000
809.108800 960.257600 796.182400 1838.496000 1.000000
793.035200 276.110400 796.635200 1268.849600 1.000000
794.848000 428.899200 797.204800 1385.553600 1.000000
835.283200 1933.392000 797.344000 2833.936000 1.000000
818.772800 1149.620800 798.176000 2014.512000 1.000000
814.952000 1034.987200 798.788800 1908.304000 1.000000
832.427200 1727.840000 799.000000 2604.064000 1.000000
834.635200 1698.688000 799.524800 2572.192000 1.000000
821.169600 1220.052800 800.478400 2080.368000 1.000000
839.688000 1947.808000 800.609600 2852.320000 1.000000
800.812800 459.579200 801.836800 1409.827200 1.000000
817.078400 977.011200 802.934400 1853.328000 1.000000
826.192000 1278.648000 803.803200 2134.816000 1.000000
841.104000 1862.784000 804.982400 2754.592000 1.000000
803.099200 280.934400 805.443200 1268.900800 1.000000
804.212800 448.192000 805.508800 1400.024000 1.000000
842.084800 1807.232000 805.804800 2691.712000 1.000000
835.201600 1538.632000 806.452800 2396.800000 1.000000
835.755200 1380.180800 808.278400 2240.384000 1.000000
826.683200 1021.947200 810.752000 1891.088000 1.000000
839.891200 1510.289600 811.347200 2367.104000 1.000000
839.457600 1473.046400 811.404800 2329.472000 1.000000
834.982400 1192.440000 813.113600 2055.792000 1.000000
839.664000 1417.206400 813.580800 2273.328000 1.000000
848.099200 1707.216000 814.139200 2580.048000 1.000000
811.804800 266.764800 814.329600 1255.659200 1.000000
844.867200 1514.363200 815.584000 2371.824000 1.000000
837.225600 1276.406400 815.588800 2130.384000 1.000000
822.145600 627.673600 817.140800 1544.342400 1.000000
855.584000 2029.664000 818.288000 2940.688000 1.000000
846.443200 1452.107200 819.297600 2306.304000 1.000000
849.819200 1545.417600 820.318400 2404.288000 1.000000
842.899200 1245.552000 820.451200 2099.760000 1.000000
840.588800 1171.977600 820.782400 2031.952000 1.000000
839.859200 1064.132800 821.364800 1931.248000 1.000000
831.302400 816.979200 821.560000 1708.144000 1.000000
851.484800 1511.632000 821.678400 2368.544000 1.000000
830.822400 777.251200 821.790400 1670.048000 1.000000
841.592000 1314.936000 822.323200 2168.672000 1.000000
857.964800 1884.256000 822.539200 2775.344000 1.000000
862.112000 1861.504000 824.697600 2748.752000 1.000000
830.577600 605.409600 825.209600 1523.403200 1.000000
862.099200 2028.560000 825.217600 2938.512000 1.000000
853.809600 1486.556800 825.680000 2341.600000 1.000000
853.233600 1415.404800 826.283200 2269.216000 1.000000
863.590400 1762.848000 826.627200 2639.600000 1.000000
830.395200 534.169600 828.329600 1464.252800 1.000000
838.761600 807.856000 828.427200 1697.424000 1.000000
839.168000 886.304000 828.606400 1763.984000 1.000000
864.201600 1903.232000 829.097600 2796.832000 1.000000
864.689600 1834.160000 829.454400 2718.928000 1.000000
830.249600 382.708800 830.164800 1342.153600 1.000000
829.680000 35.500320 832.337600 1076.300800 1.000000
868.128000 2071.904000 834.792000 2989.888000 1.000000
856.451200 1244.331200 834.824000 2098.608000 1.000000
868.243200 1720.000000 835.043200 2589.520000 1.000000
866.016000 1662.400000 835.380800 2526.528000 1.000000
870.883200 1995.504000 835.622400 2898.496000 1.000000
859.350400 1307.988800 836.395200 2158.528000 1.000000
872.123200 1929.568000 836.950400 2824.160000 1.000000
853.707200 1110.795200 837.348800 1970.128000 1.000000
843.315200 663.964800 837.816000 1570.760000 1.000000
860.985600 1278.761600 838.280000 2130.768000 1.000000
863.246400 1359.606400 838.512000 2212.960000 1.000000
869.456000 1593.577600 838.820800 2453.040000 1.000000
875.390400 1968.768000 840.102400 2867.360000 1.000000
854.492800 959.361600 840.345600 1829.472000 1.000000
842.931200 458.062400 840.521600 1402.974400 1.000000
839.489600 356.881600 840.747200 1317.665600 1.000000
844.956800 543.428800 840.859200 1469.547200 1.000000
870.004800 1530.067200 841.003200 2385.328000 1.000000
867.707200 1432.091200 841.145600 2283.792000 1.000000
859.894400 1086.097600 842.435200 1947.248000 1.000000
855.300800 914.080000 843.057600 1788.976000 1.000000
865.196800 1167.750400 843.604800 2024.976000 1.000000
879.158400 2079.984000 843.849600 2996.784000 1.000000
861.520000 997.395200 844.260800 1863.232000 1.000000
851.310400 731.075200 844.686400 1626.352000 1.000000
861.366400 1025.763200 844.724800 1890.800000 1.000000
860.521600 978.590400 844.993600 1847.056000 1.000000
871.902400 1366.424000 845.624000 2220.000000 1.000000
847.393600 502.841600 845.825600 1436.188800 1.000000
875.249600 1546.196800 846.062400 2401.120000 1.000000
857.548800 827.523200 846.064000 1712.272000 1.000000
879.038400 1731.056000 846.694400 2599.280000 1.000000
865.740800 1103.001600 846.732800 1962.112000 1.000000
855.052800 704.129600 847.100800 1602.304000 1.000000
847.558400 178.377600 848.100800 1180.516800 1.000000
848.603200 371.176000 848.694400 1330.043200 1.000000
886.180800 1936.032000 849.654400 2830.816000 1.000000
861.932800 893.969600 849.990400 1768.832000 1.000000
849.444800 55.816000 850.878400 1087.360000 1.000000
886.806400 1801.328000 850.920000 2679.200000 1.000000
868.443200 986.659200 852.366400 1853.536000 1.000000
855.545600 499.640000 852.520000 1431.803200 1.000000
859.648000 645.409600 852.649600 1552.830400 1.000000
874.105600 1256.512000 852.670400 2106.544000 1.000000
877.000000 1282.860800 854.302400 2131.776000 1.000000
888.702400 1916.848000 854.350400 2808.064000 1.000000
861.390400 667.280000 854.521600 1572.123200 1.000000
875.870400 1233.232000 854.990400 2083.936000 1.000000
890.249600 2069.888000 856.331200 2982.768000 1.000000
860.521600 281.083200 858.513600 1259.505600 1.000000
880.896000 1201.824000 859.510400 2053.680000 1.000000
892.987200 1866.176000 860.956800 2749.696000 1.000000
863.513600 240.185600 862.153600 1226.652800 1.000000
865.889600 596.761600 862.156800 1506.939200 1.000000
895.560000 1992.096000 862.278400 2890.576000 1.000000
863.846400 326.716800 863.289600 1292.496000 1.000000
897.625600 1954.464000 863.598400 2848.272000 1.000000
897.651200 1944.576000 865.155200 2836.384000 1.000000
881.988800 994.521600 865.201600 1857.696000 1.000000
897.798400 1666.320000 866.374400 2527.616000 1.000000
900.558400 2016.304000 867.044800 2918.496000 1.000000
884.857600 1086.508800 867.113600 1941.728000 1.000000
875.374400 690.750400 867.174400 1587.121600 1.000000
884.124800 1032.896000 867.630400 1892.912000 1.000000
892.446400 1291.916800 869.409600 2139.584000 1.000000
869.889600 136.782080 870.140800 1144.414400 1.000000
891.689600 1174.257600 870.934400 2027.488000 1.000000
885.276800 836.636800 872.430400 1712.960000 1.000000
892.099200 1101.784000 873.379200 1955.888000 1.000000
877.372800 229.417600 873.841600 1214.217600 1.000000
877.588800 257.601600 873.990400 1238.657600 1.000000
877.787200 384.900800 874.638400 1336.444800 1.000000
874.910400 28.593920 875.068800 1062.270400 1.000000
897.384000 1227.774400 875.403200 2076.288000 1.000000
888.800000 872.745600 875.764800 1744.592000 1.000000
890.502400 923.240000 875.894400 1791.840000 1.000000
904.360000 1505.870400 876.516800 2354.496000 1.000000
893.500800 1027.707200 876.520000 1888.080000 1.000000
882.417600 474.454400 876.888000 1407.764800 1.000000
911.500800 1963.104000 877.204800 2857.088000 1.000000
878.835200 203.577600 877.366400 1194.651200 1.000000
911.574400 2061.200000 878.873600 2969.952000 1.000000
892.190400 888.708800 879.883200 1758.832000 1.000000
883.276800 18.842720 881.753600 1053.625600 1.000000
891.078400 672.576000 881.958400 1569.598400 1.000000
883.132800 71.958880 882.171200 1092.976000 1.000000
908.971200 1349.400000 883.734400 2195.888000 1.000000
894.284800 704.905600 884.052800 1597.812800 1.000000
902.056000 1092.854400 884.068800 1946.672000 1.000000
889.830400 463.753600 884.971200 1396.144000 1.000000
894.422400 636.300800 885.172800 1539.065600 1.000000
892.454400 581.425600 885.662400 1492.232000 1.000000
918.147200 2042.832000 885.667200 2947.216000 1.000000
904.588800 1015.150400 886.790400 1874.928000 1.000000
900.264000 879.156800 886.864000 1750.768000 1.000000
889.846400 185.843200 886.886400 1179.979200 1.000000
914.344000 1576.497600 887.134400 2427.680000 1.000000
920.225600 1778.144000 887.137600 2649.520000 1.000000
895.222400 648.833600 887.446400 1548.624000 1.000000
894.099200 505.950400 887.606400 1428.617600 1.000000
909.011200 1067.654400 888.600000 1921.184000 1.000000
898.958400 689.158400 888.654400 1583.308800 1.000000
891.827200 289.009600 888.859200 1257.492800 1.000000
892.316800 301.665600 890.105600 1267.598400 1.000000
912.742400 1170.358400 891.145600 2020.256000 1.000000
896.617600 331.025600 891.433600 1292.248000 1.000000
893.795200 63.508640 891.729600 1086.126400 1.000000
912.846400 1129.766400 891.884800 1980.480000 1.000000
920.000000 1409.550400 892.176000 2256.080000 1.000000
896.897600 443.929600 892.292800 1379.568000 1.000000
924.403200 2062.368000 892.364800 2969.632000 1.000000
919.620800 1527.993600 892.390400 2375.456000 1.000000
896.344000 19.810560 893.961600 1052.019200 1.000000
927.427200 1936.496000 893.976000 2825.600000 1.000000
919.761600 1359.624000 894.286400 2206.896000 1.000000
898.353600 313.129600 895.280000 1276.380800 1.000000
905.403200 594.547200 896.476800 1503.179200 1.000000
908.257600 779.580800 896.622400 1660.896000 1.000000
930.032000 1990.624000 897.521600 2885.424000 1.000000
905.657600 657.576000 897.534400 1554.060800 1.000000
927.923200 1728.064000 897.628800 2589.584000 1.000000
904.371200 405.417600 898.220800 1349.318400 1.000000
932.510400 1818.384000 900.136000 2691.296000 1.000000
904.328000 190.072000 900.494400 1181.446400 1.000000
927.913600 1543.860800 900.598400 2390.336000 1.000000
905.184000 299.587200 900.905600 1264.534400 1.000000
928.984000 1520.822400 901.504000 2366.352000 1.000000
907.721600 391.321600 902.073600 1337.512000 1.000000
921.734400 1101.422400 902.785600 1951.344000 1.000000
921.548800 1048.403200 903.081600 1902.592000 1.000000
907.556800 187.691200 903.121600 1179.630400 1.000000
930.593600 1515.128000 903.339200 2361.824000 1.000000
912.593600 593.238400 903.502400 1500.544000 1.000000
909.416000 382.416000 904.060800 1330.446400 1.000000
921.827200 1021.387200 904.105600 1877.264000 1.000000
916.156800 721.350400 904.292800 1609.776000 1.000000
909.118400 163.921600 904.441600 1160.435200 1.000000
909.483200 288.992000 904.704000 1255.617600 1.000000
933.721600 1567.068800 905.156800 2414.960000 1.000000
927.678400 1242.467200 905.313600 2085.136000 1.000000
918.496000 709.393600 906.307200 1598.721600 1.000000
911.617600 143.510240 907.105600 1144.320000 1.000000
912.916800 400.513600 907.172800 1343.387200 1.000000
936.990400 2019.856000 907.492800 2915.856000 1.000000
934.096000 1481.112000 907.608000 2324.912000 1.000000
930.174400 1217.643200 908.214400 2061.104000 1.000000
923.769600 901.275200 908.233600 1766.912000 1.000000
917.702400 623.828800 908.377600 1525.342400 1.000000
930.494400 1156.076800 909.102400 2005.536000 1.000000
932.294400 1318.872000 909.521600 2159.504000 1.000000
938.464000 1667.856000 909.651200 2521.888000 1.000000
931.281600 1225.049600 909.800000 2068.672000 1.000000
916.867200 327.158400 910.772800 1285.712000 1.000000
921.456000 223.273600 911.332800 1212.800000 1.000000
918.833600 375.803200 912.985600 1323.932800 1.000000
941.016000 1501.371200 914.291200 2346.080000 1.000000
933.096000 981.504000 914.979200 1839.232000 1.000000
921.339200 174.785600 915.070400 1167.753600 1.000000
946.038400 2069.248000 915.353600 2973.536000 1.000000
920.680000 117.035520 915.676800 1122.843200 1.000000
948.171200 1840.192000 916.032000 2715.664000 1.000000
935.635200 1101.313600 916.184000 1949.008000 1.000000
922.339200 249.472000 916.724800 1222.662400 1.000000
923.334400 143.821920 917.507200 1143.811200 1.000000
931.355200 833.270400 917.904000 1702.608000 1.000000
947.099200 1729.040000 918.483200 2589.440000 1.000000
949.457600 1914.336000 918.787200 2797.104000 1.000000
930.699200 824.086400 918.876800 1693.968000 1.000000
927.014400 469.915200 919.353600 1396.324800 1.000000
935.534400 869.371200 919.390400 1735.920000 1.000000
925.379200 78.049600 919.636800 1092.129600 1.000000
950.558400 1944.704000 919.734400 2831.168000 1.000000
930.249600 660.182400 920.920000 1552.137600 1.000000
950.291200 2036.528000 921.041600 2931.968000 1.000000
932.958400 678.736000 921.995200 1569.441600 1.000000
946.278400 1288.600000 922.739200 2128.368000 1.000000
930.385600 179.377600 923.257600 1171.059200 1.000000
954.155200 1869.904000 923.694400 2745.424000 1.000000
955.297600 1791.712000 923.995200 2658.432000 1.000000
947.939200 1280.929600 924.209600 2121.200000 1.000000
954.651200 2056.208000 924.707200 2957.968000 1.000000
933.929600 488.737600 925.059200 1411.120000 1.000000
932.942400 159.901920 925.601600 1155.884800 1.000000
937.617600 633.209600 926.660800 1529.459200 1.000000
952.684800 1362.785600 926.796800 2205.280000 1.000000
940.932800 706.670400 928.764800 1593.313600 1.000000
937.144000 363.782400 929.019200 1311.756800 1.000000
935.467200 129.788480 929.187200 1130.505600 1.000000
942.052800 694.198400 929.708800 1582.611200 1.000000
962.478400 1386.763200 931.268800 2227.184000 1.000000
963.801600 1894.672000 931.715200 2773.392000 1.000000
956.836800 1414.862400 931.729600 2253.968000 1.000000
949.190400 945.788800 932.296000 1803.472000 1.000000
941.377600 334.110400 932.912000 1288.201600 1.000000
946.681600 730.134400 933.571200 1613.392000 1.000000
942.488000 504.780800 933.668800 1423.228800 1.000000
942.996800 511.744000 934.235200 1429.395200 1.000000
954.190400 1049.630400 934.705600 1897.472000 1.000000
963.355200 1791.088000 934.860800 2657.968000 1.000000
956.697600 1110.968000 935.816000 1956.576000 1.000000
947.244800 634.299200 935.948800 1529.320000 1.000000
945.270400 485.003200 936.721600 1406.107200 1.000000
966.083200 2023.968000 936.924800 2918.224000 1.000000
945.915200 145.472320 937.481600 1143.572800 1.000000
957.268800 1033.761600 937.758400 1884.016000 1.000000
945.801600 424.198400 937.785600 1357.032000 1.000000
947.342400 508.776000 937.806400 1426.300800 1.000000
954.339200 848.038400 938.369600 1714.560000 1.000000
947.987200 170.129600 939.712000 1162.276800 1.000000
952.288000 466.803200 942.889600 1391.675200 1.000000
968.072000 1386.998400 943.200000 2225.664000 1.000000
957.688000 708.528000 943.564800 1593.243200 1.000000
957.257600 715.984000 943.782400 1599.768000 1.000000
953.960000 393.000000 943.915200 1331.691200 1.000000
954.787200 295.652800 943.982400 1257.174400 1.000000
972.913600 2074.192000 944.331200 2975.936000 1.000000
969.835200 1433.000000 945.049600 2270.320000 1.000000
970.734400 1352.587200 946.438400 2192.160000 1.000000
976.195200 1949.168000 946.865600 2832.832000 1.000000
961.963200 786.672000 947.043200 1658.736000 1.000000
976.067200 1746.752000 947.289600 2607.920000 1.000000
971.532800 1313.387200 948.289600 2150.752000 1.000000
974.075200 1366.996800 948.294400 2206.624000 1.000000
969.857600 1017.763200 949.155200 1868.176000 1.000000
969.227200 1001.505600 949.966400 1851.648000 1.000000
974.260800 1209.350400 951.404800 2047.840000 1.000000
980.339200 2030.272000 951.563200 2923.248000 1.000000
973.729600 1127.043200 951.694400 1970.704000 1.000000
979.993600 2010.368000 951.798400 2901.280000 1.000000
964.403200 427.699200 952.580800 1359.326400 1.000000
981.030400 2071.952000 952.880000 2973.424000 1.000000
967.299200 476.144000 953.566400 1397.297600 1.000000
979.732800 1450.115200 953.601600 2287.136000 1.000000
980.904000 1479.320000 953.603200 2319.184000 1.000000
970.529600 713.948800 953.816000 1596.832000 1.000000
983.936000 1801.408000 954.147200 2666.784000 1.000000
975.092800 1083.072000 954.516800 1927.104000 1.000000
980.990400 1497.248000 954.526400 2337.024000 1.000000
963.948800 241.478400 954.531200 1212.096000 1.000000
977.531200 1239.073600 954.700800 2077.040000 1.000000
980.080000 1452.870400 954.795200 2290.960000 1.000000
983.702400 1670.144000 955.756800 2517.536000 1.000000
968.340800 577.211200 956.081600 1482.184000 1.000000
966.924800 408.656000 956.308800 1343.392000 1.000000
967.587200 100.879040 956.745600 1107.430400 1.000000
975.974400 980.588800 956.854400 1831.424000 1.000000
965.328000 131.501280 956.947200 1129.233600 1.000000
982.948800 1553.766400 957.926400 2393.040000 1.000000
973.228800 782.561600 958.025600 1652.624000 1.000000
975.350400 840.609600 958.305600 1705.472000 1.000000
989.403200 1861.264000 959.049600 2731.824000 1.000000
978.899200 944.809600 959.372800 1799.184000 1.000000
966.851200 233.649600 959.470400 1204.460800 1.000000
969.401600 52.381440 959.875200 1068.705600 1.000000
972.539200 178.372800 960.196800 1165.444800 1.000000
978.016000 745.140800 961.457600 1621.808000 1.000000
990.969600 1797.952000 961.878400 2663.760000 1.000000
985.118400 1221.488000 962.668800 2057.952000 1.000000
974.465600 524.092800 963.078400 1436.115200 1.000000
982.878400 1070.934400 963.251200 1915.456000 1.000000
975.400000 411.123200 963.257600 1344.785600 1.000000
990.979200 2059.936000 963.572800 2957.792000 1.000000
991.787200 1688.704000 963.748800 2537.072000 1.000000
991.960000 1737.840000 964.000000 2595.072000 1.000000
978.668800 169.092800 964.009600 1157.060800 1.000000
989.593600 1384.012800 964.204800 2219.680000 1.000000
988.707200 1313.764800 964.363200 2147.360000 1.000000
991.096000 1167.964800 966.544000 2007.632000 1.000000
990.628800 1243.209600 967.200000 2079.072000 1.000000
993.502400 1412.364800 967.718400 2245.856000 1.000000
993.086400 1509.033600 967.771200 2345.504000 1.000000
994.464000 1440.889600 968.099200 2274.208000 1.000000
984.249600 697.393600 968.494400 1581.041600 1.000000
993.387200 1280.454400 968.864000 2115.376000 1.000000
998.956800 1862.080000 969.859200 2729.728000 1.000000
992.832000 1140.249600 970.400000 1980.384000 1.000000
981.707200 334.345600 971.147200 1281.272000 1.000000
983.238400 215.070400 971.496000 1189.216000 1.000000
984.870400 103.737280 971.881600 1109.097600 1.000000
991.761600 996.420800 972.036800 1844.112000 1.000000
994.584000 1179.227200 972.897600 2017.168000 1.000000
997.756800 1217.793600 974.256000 2054.928000 1.000000
995.896000 1022.211200 975.366400 1867.552000 1.000000
990.321600 588.235200 976.265600 1484.475200 1.000000
990.699200 552.369600 977.300800 1456.011200 1.000000
989.724800 407.726400 977.550400 1339.721600 1.000000
995.171200 813.089600 977.608000 1679.040000 1.000000
1003.464000 1526.384000 977.665600 2362.656000 1.000000
998.272000 1002.228800 977.737600 1849.216000 1.000000
990.422400 487.118400 977.872000 1403.249600 1.000000
998.203200 990.380800 978.396800 1839.056000 1.000000
992.875200 386.244800 979.080000 1321.793600 1.000000
992.856000 472.753600 979.161600 1392.297600 1.000000
1002.324800 1188.662400 979.201600 2025.088000 1.000000
1006.243200 1665.392000 979.764800 2510.096000 1.000000
1005.744000 1348.297600 979.990400 2183.136000 1.000000
999.966400 1073.108800 980.156800 1920.048000 1.000000
1004.968000 1252.774400 981.262400 2086.432000 1.000000
1006.059200 1379.899200 981.264000 2212.752000 1.000000
1007.136000 2061.792000 981.516800 2956.656000 1.000000
1007.131200 1363.723200 981.580800 2198.016000 1.000000
1003.977600 1011.672000 982.697600 1858.352000 1.000000
996.688000 609.683200 983.102400 1501.924800 1.000000
997.433600 546.025600 983.572800 1450.536000 1.000000
1006.851200 1226.336000 984.041600 2061.536000 1.000000
1013.105600 1822.896000 985.689600 2683.728000 1.000000
1000.820800 146.128480 986.398400 1137.860800 1.000000
1002.923200 197.308800 987.542400 1173.756800 1.000000
1002.160000 250.385600 988.156800 1216.020800 1.000000
1002.739200 392.953600 989.036800 1326.702400 1.000000
1012.088000 1195.169600 989.075200 2029.600000 1.000000
1016.809600 1831.904000 989.441600 2694.912000 1.000000
1014.513600 1391.652800 989.833600 2223.184000 1.000000
1013.384000 1406.457600 990.076800 2239.072000 1.000000
1006.500800 529.086400 990.225600 1436.616000 1.000000
1005.796800 371.995200 990.243200 1309.184000 1.000000
1016.868800 2026.224000 990.272000 2915.760000 1.000000
1008.419200 701.750400 991.308800 1579.585600 1.000000
1008.497600 600.595200 992.284800 1493.502400 1.000000
1018.184000 1535.371200 992.448000 2368.784000 1.000000
1015.483200 1000.836800 993.822400 1847.168000 1.000000
1019.977600 1186.942400 994.587200 2021.744000 1.000000
1017.945600 1197.824000 995.176000 2031.712000 1.000000
1021.046400 1483.070400 995.369600 2315.120000 1.000000
1012.099200 468.504000 996.123200 1386.616000 1.000000
1011.576000 312.078400 996.809600 1261.598400 1.000000
1019.812800 1156.923200 997.667200 1993.264000 1.000000
1022.036800 1277.214400 998.532800 2108.192000 1.000000
1014.896000 371.275200 998.939200 1307.630400 1.000000
1015.179200 253.961600 999.336000 1216.883200 1.000000
1018.718400 696.145600 1000.673600 1575.048000 1.000000
1020.364800 712.054400 1002.148800 1587.923200 1.000000
1019.313600 462.294400 1002.440000 1379.641600 1.000000
1018.289600 268.540800 1003.459200 1228.172800 1.000000
1031.459200 1876.032000 1004.236800 2741.600000 1.000000
1031.068800 1460.841600 1004.755200 2291.040000 1.000000
1024.340800 687.801600 1005.499200 1567.260800 1.000000
1022.443200 172.398400 1005.995200 1152.553600 1.000000
1029.744000 1116.169600 1006.137600 1953.872000 1.000000
1029.412800 950.070400 1007.192000 1797.920000 1.000000
1024.876800 572.908800 1007.660800 1470.144000 1.000000
1029.499200 1069.321600 1008.448000 1908.368000 1.000000
1027.316800 703.532800 1008.854400 1580.793600 1.000000
1033.568000 1239.731200 1009.616000 2071.008000 1.000000
1027.681600 115.269920 1009.617600 1109.764800 1.000000
1026.612800 239.436800 1009.737600 1204.398400 1.000000
1028.417600 67.056000 1010.422400 1075.110400 1.000000
1028.969600 480.332800 1011.003200 1394.616000 1.000000
1029.020800 369.822400 1011.297600 1305.176000 1.000000
1030.284800 671.475200 1011.387200 1552.401600 1.000000
1028.396800 646.251200 1011.478400 1531.124800 1.000000
1040.505600 1776.016000 1011.576000 2631.936000 1.000000
1030.820800 467.876800 1011.777600 1384.768000 1.000000
1035.883200 1195.412800 1011.961600 2026.608000 1.000000
1033.616000 937.241600 1012.032000 1784.800000 1.000000
1028.816000 161.566400 1012.147200 1143.648000 1.000000
1028.094400 336.660800 1012.289600 1280.078400 1.000000
1036.249600 2068.688000 1012.630400 2962.816000 1.000000
1036.505600 2041.248000 1013.070400 2930.304000 1.000000
1038.428800 1370.355200 1013.081600 2200.256000 1.000000
1038.185600 1488.704000 1013.155200 2318.336000 1.000000
1030.889600 261.963200 1013.526400 1220.705600 1.000000
1030.470400 251.636800 1013.560000 1213.737600 1.000000
1032.182400 535.339200 1013.798400 1437.267200 1.000000
1031.096000 280.404800 1013.838400 1234.388800 1.000000
1032.273600 406.334400 1014.139200 1335.851200 1.000000
1038.392000 1070.313600 1015.614400 1909.040000 1.000000
1040.956800 1965.680000 1015.864000 2841.984000 1.000000
1042.617600 1693.648000 1015.985600 2538.848000 1.000000
1040.214400 1181.121600 1016.148800 2013.872000 1.000000
1040.432000 1249.654400 1016.419200 2079.536000 1.000000
1034.726400 152.931360 1016.531200 1135.800000 1.000000
1034.852800 173.440000 1016.635200 1152.379200 1.000000
1040.425600 1198.913600 1017.012800 2024.112000 1.000000
1044.099200 1520.825600 1019.180800 2351.184000 1.000000
1037.185600 232.033600 1019.289600 1196.590400 1.000000
1045.438400 1944.720000 1020.142400 2818.384000 1.000000
1046.324800 1709.104000 1020.793600 2554.000000 1.000000
1045.096000 1226.865600 1021.081600 2056.096000 1.000000
1047.894400 1518.884800 1021.910400 2348.464000 1.000000
1041.006400 447.001600 1023.057600 1366.884800 1.000000
1043.768000 218.480000 1024.707200 1186.899200 1.000000
1049.491200 1203.782400 1024.920000 2035.680000 1.000000
1052.593600 1458.497600 1025.468800 2286.656000 1.000000
1051.430400 1439.761600 1025.547200 2268.752000 1.000000
1046.638400 896.827200 1025.627200 1747.952000 1.000000
1041.971200 642.886400 1026.118400 1530.585600 1.000000
1047.910400 643.150400 1027.577600 1525.067200 1.000000
1047.444800 456.296000 1027.667200 1373.484800 1.000000
1053.550400 1800.032000 1027.731200 2655.920000 1.000000
1052.187200 910.300800 1029.342400 1758.752000 1.000000
1053.510400 1849.792000 1029.424000 2712.512000 1.000000
1056.622400 1445.158400 1029.704000 2274.192000 1.000000
1049.569600 238.188800 1030.153600 1200.736000 1.000000
1055.070400 1215.972800 1030.536000 2046.064000 1.000000
1050.681600 333.771200 1030.816000 1275.582400 1.000000
1051.777600 682.352000 1030.825600 1559.536000 1.000000
1050.220800 252.857600 1030.931200 1211.857600 1.000000
1053.998400 917.188800 1031.049600 1765.008000 1.000000
1050.395200 675.718400 1031.296000 1553.276800 1.000000
1056.920000 1743.392000 1031.363200 2592.848000 1.000000
1057.108800 1464.352000 1031.449600 2293.120000 1.000000
1056.736000 1570.753600 1032.467200 2401.632000 1.000000
1055.854400 754.049600 1032.916800 1618.448000 1.000000
1056.334400 1254.304000 1033.012800 2081.136000 1.000000
1055.931200 924.545600 1034.384000 1772.736000 1.000000
1056.006400 313.283200 1034.870400 1258.267200 1.000000
1059.945600 1449.529600 1035.160000 2277.424000 1.000000
1057.732800 870.188800 1035.467200 1723.104000 1.000000
1058.094400 883.644800 1036.342400 1735.312000 1.000000
1057.872000 570.136000 1037.076800 1464.078400 1.000000
1058.552000 725.540800 1037.398400 1594.369600 1.000000
1058.342400 663.206400 1037.473600 1540.953600 1.000000
1058.468800 223.760000 1038.024000 1189.556800 1.000000
1058.910400 130.252960 1038.406400 1116.254400 1.000000
1064.116800 1560.750400 1039.000000 2391.872000 1.000000
1058.492800 212.366400 1039.044800 1180.342400 1.000000
1059.179200 160.803200 1039.852800 1139.937600 1.000000
1062.790400 1867.984000 1040.640000 2730.272000 1.000000
1065.324800 1169.067200 1041.515200 1998.976000 1.000000
1068.067200 1427.838400 1041.734400 2254.208000 1.000000
1066.520000 742.718400 1042.184000 1608.448000 1.000000
1065.390400 898.721600 1042.217600 1746.992000 1.000000
1066.051200 623.972800 1042.819200 1510.688000 1.000000
1064.531200 315.011200 1042.939200 1261.299200 1.000000
1064.446400 613.825600 1043.041600 1500.339200 1.000000
1062.955200 481.550400 1043.152000 1390.360000 1.000000
1066.227200 654.587200 1043.257600 1534.670400 1.000000
1068.886400 1525.904000 1043.313600 2354.368000 1.000000
1064.635200 281.598400 1044.136000 1234.484800 1.000000
1066.043200 513.971200 1045.248000 1416.680000 1.000000
1067.192000 544.280000 1046.113600 1441.400000 1.000000
1071.692800 1681.504000 1046.305600 2521.936000 1.000000
1070.806400 1023.956800 1046.507200 1863.520000 1.000000
1068.427200 560.075200 1046.872000 1454.515200 1.000000
1071.632000 1290.441600 1047.496000 2115.216000 1.000000
1072.374400 1374.915200 1047.804800 2200.016000 1.000000
1073.662400 1569.785600 1048.105600 2400.048000 1.000000
1071.793600 275.980800 1049.993600 1228.792000 1.000000
1076.112000 1336.960000 1050.726400 2163.712000 1.000000
1076.590400 1316.393600 1050.750400 2142.320000 1.000000
1074.198400 141.192640 1051.648000 1122.739200 1.000000
1078.227200 52.023840 1052.350400 1059.446400 1.000000
1075.766400 171.080000 1052.478400 1146.363200 1.000000
1074.177600 551.289600 1052.993600 1446.363200 1.000000
1078.288000 1713.328000 1053.011200 2555.456000 1.000000
1076.524800 1945.680000 1053.868800 2815.456000 1.000000
1079.032000 1685.840000 1054.436800 2525.312000 1.000000
1076.302400 510.499200 1054.657600 1412.268800 1.000000
1078.140800 112.837280 1055.092800 1101.820800 1.000000
1079.555200 748.196800 1055.968000 1611.792000 1.000000
1081.916800 1503.452800 1056.206400 2329.312000 1.000000
1080.368000 1862.016000 1056.804800 2720.128000 1.000000
1080.459200 558.646400 1058.102400 1452.128000 1.000000
1084.979200 1342.966400 1058.244800 2167.040000 1.000000
1084.436800 76.472640 1058.457600 1076.603200 1.000000
1082.035200 164.536000 1058.644800 1142.185600 1.000000
1082.049600 629.488000 1058.867200 1511.902400 1.000000
1082.907200 1587.180800 1059.008000 2417.280000 1.000000
1089.302400 1534.384000 1060.270400 2363.984000 1.000000
1086.779200 1282.163200 1061.424000 2105.696000 1.000000
1087.268800 660.296000 1063.531200 1537.089600 1.000000
1088.048000 1467.558400 1063.867200 2290.992000 1.000000
1088.596800 1019.830400 1064.193600 1856.464000 1.000000
1089.244800 220.184000 1064.196800 1183.096000 1.000000
1088.521600 806.798400 1064.227200 1663.824000 1.000000
1089.883200 1142.640000 1064.936000 1970.752000 1.000000
1088.294400 534.492800 1065.208000 1431.876800 1.000000
1089.345600 738.163200 1065.750400 1603.088000 1.000000
1088.840000 610.457600 1066.096000 1493.980800 1.000000
1091.278400 1669.904000 1066.217600 2507.360000 1.000000
1091.561600 1600.352000 1066.641600 2430.384000 1.000000
1091.315200 1099.028800 1066.702400 1930.656000 1.000000
1092.571200 118.044480 1066.916800 1104.475200 1.000000
1092.233600 202.473600 1067.873600 1170.532800 1.000000
1092.057600 708.062400 1068.142400 1575.504000 1.000000
1093.281600 1374.019200 1069.099200 2197.280000 1.000000
1093.198400 1047.574400 1069.433600 1881.984000 1.000000
1095.115200 1435.185600 1069.529600 2259.040000 1.000000
1092.222400 1933.248000 1069.689600 2800.480000 1.000000
1094.060800 480.576000 1070.897600 1386.598400 1.000000
1096.313600 351.692800 1070.904000 1286.126400 1.000000
1096.806400 222.971200 1071.355200 1184.672000 1.000000
1097.046400 642.870400 1072.264000 1521.249600 1.000000
1096.796800 331.144000 1072.451200 1267.355200 1.000000
1099.489600 1341.040000 1072.737600 2164.880000 1.000000
1097.499200 1883.984000 1073.566400 2745.920000 1.000000
1099.761600 232.174400 1074.777600 1191.696000 1.000000
1099.907200 567.184000 1074.976000 1458.424000 1.000000
1101.089600 1486.510400 1075.452800 2307.872000 1.000000
1102.761600 385.860800 1076.625600 1312.468800 1.000000
1102.793600 1226.028800 1076.654400 2049.008000 1.000000
1101.683200 676.078400 1076.681600 1548.528000 1.000000
1102.561600 1774.416000 1076.740800 2625.168000 1.000000
1102.817600 1785.280000 1077.060800 2637.248000 1.000000
1104.174400 354.081600 1077.305600 1287.545600 1.000000
1102.672000 1469.985600 1077.460800 2293.168000 1.000000
1103.064000 1256.830400 1077.920000 2077.344000 1.000000
1104.894400 1097.772800 1079.163200 1925.792000 1.000000
1105.208000 547.270400 1079.483200 1441.424000 1.000000
1105.425600 1069.115200 1079.851200 1900.496000 1.000000
1104.486400 802.505600 1079.881600 1659.040000 1.000000
1107.593600 280.180800 1080.024000 1230.896000 1.000000
1107.756800 140.044160 1080.531200 1120.936000 1.000000
1108.011200 87.171520 1080.569600 1080.611200 1.000000
1108.089600 1316.747200 1080.675200 2141.376000 1.000000
1107.072000 1364.102400 1081.468800 2184.992000 1.000000
1108.321600 1450.793600 1082.017600 2273.632000 1.000000
1111.012800 80.314560 1082.763200 1074.660800 1.000000
1109.579200 425.345600 1083.998400 1341.384000 1.000000
1108.948800 1561.035200 1084.323200 2387.040000 1.000000
1109.523200 680.665600 1084.568000 1550.689600 1.000000
1112.961600 1168.582400 1084.920000 1994.960000 1.000000
1112.254400 762.001600 1086.348800 1622.192000 1.000000
1113.966400 206.321600 1086.496000 1172.260800 1.000000
1112.980800 1227.385600 1087.145600 2049.632000 1.000000
1114.097600 739.142400 1088.352000 1602.080000 1.000000
1113.212800 945.648000 1088.542400 1783.472000 1.000000
1113.452800 1776.608000 1088.819200 2625.760000 1.000000
1116.460800 151.387040 1089.624000 1128.057600 1.000000
1115.209600 629.145600 1089.630400 1508.350400 1.000000
1116.694400 878.011200 1089.817600 1723.632000 1.000000
1119.315200 327.084800 1091.456000 1265.756800 1.000000
1117.676800 1250.508800 1091.667200 2070.384000 1.000000
1117.827200 473.499200 1091.907200 1379.673600 1.000000
1120.582400 115.021920 1091.969600 1100.472000 1.000000
1116.640000 1513.113600 1092.081600 2336.096000 1.000000
1119.881600 1176.816000 1092.806400 2001.712000 1.000000
1114.902400 1916.992000 1093.254400 2778.000000 1.000000
1119.078400 1336.540800 1093.731200 2159.536000 1.000000
1121.398400 317.641600 1093.878400 1257.694400 1.000000
1120.507200 1069.472000 1093.963200 1900.096000 1.000000
1121.307200 402.595200 1094.556800 1323.865600 1.000000
1121.782400 699.174400 1095.112000 1565.483200 1.000000
1121.939200 1261.424000 1096.004800 2079.760000 1.000000
1125.656000 553.385600 1097.857600 1445.072000 1.000000
1124.683200 882.440000 1097.912000 1727.232000 1.000000
1125.532800 1003.977600 1098.614400 1838.496000 1.000000
1125.792000 865.176000 1099.387200 1711.440000 1.000000
1120.124800 2016.560000 1100.166400 2894.144000 1.000000
1131.171200 139.693120 1100.625600 1118.148800 1.000000
1124.150400 1833.616000 1101.102400 2684.672000 1.000000
1122.131200 1998.672000 1101.665600 2872.672000 1.000000
1135.811200 197.102400 1103.948800 1163.353600 1.000000
1130.433600 641.294400 1104.121600 1517.518400 1.000000
1126.563200 1953.424000 1104.496000 2820.592000 1.000000
1133.204800 703.099200 1105.572800 1568.923200 1.000000
1126.060800 2013.584000 1105.950400 2891.952000 1.000000
1126.176000 1986.304000 1106.016000 2857.888000 1.000000
1133.257600 1064.446400 1106.033600 1892.576000 1.000000
1137.347200 299.488000 1106.190400 1241.600000 1.000000
1137.308800 164.680000 1106.929600 1138.091200 1.000000
1136.748800 1016.390400 1109.182400 1848.128000 1.000000
1135.614400 1322.000000 1109.675200 2141.312000 1.000000
1141.748800 185.049600 1109.856000 1153.648000 1.000000
1128.491200 2109.600000 1110.961600 3005.216000 1.000000
1139.497600 402.176000 1111.065600 1319.779200 1.000000
1135.203200 1581.096000 1111.553600 2405.200000 1.000000
1139.012800 422.542400 1111.555200 1335.929600 1.000000
1143.969600 86.591520 1111.974400 1078.782400 1.000000
1144.883200 496.782400 1113.182400 1399.992000 1.000000
1135.320000 1880.016000 1114.382400 2739.824000 1.000000
1144.155200 616.462400 1114.486400 1495.700800 1.000000
1146.776000 937.262400 1114.984000 1773.536000 1.000000
1139.792000 1595.550400 1115.017600 2418.400000 1.000000
1148.428800 212.905600 1115.801600 1175.934400 1.000000
1139.648000 1818.240000 1116.328000 2668.624000 1.000000
1143.198400 1438.331200 1116.785600 2256.320000 1.000000
1143.624000 1364.768000 1117.393600 2181.888000 1.000000
1143.011200 1461.633600 1117.484800 2279.776000 1.000000
1138.033600 2011.552000 1118.462400 2886.624000 1.000000
1152.593600 257.459200 1119.198400 1211.009600 1.000000
1148.953600 1159.220800 1120.880000 1982.368000 1.000000
1150.049600 676.184000 1120.961600 1543.649600 1.000000
1151.059200 972.992000 1122.084800 1805.744000 1.000000
1147.680000 1721.472000 1122.396800 2559.008000 1.000000
1148.534400 1399.211200 1122.435200 2218.192000 1.000000
1149.516800 1419.276800 1122.646400 2238.432000 1.000000
1145.430400 1794.592000 1122.950400 2643.504000 1.000000
1149.976000 1261.560000 1123.633600 2077.472000 1.000000
1151.057600 1226.332800 1124.276800 2043.616000 1.000000
1154.449600 384.291200 1125.216000 1306.064000 1.000000
1152.598400 1094.267200 1125.708800 1919.792000 1.000000
1161.595200 148.985760 1126.531200 1124.806400 1.000000
1153.132800 1453.545600 1127.696000 2270.448000 1.000000
1160.534400 480.366400 1129.472000 1381.251200 1.000000
1154.905600 1558.422400 1130.529600 2378.864000 1.000000
1158.027200 1286.350400 1130.532800 2103.888000 1.000000
1163.908800 534.881600 1131.347200 1427.067200 1.000000
1160.553600 1061.009600 1131.433600 1887.296000 1.000000
1161.814400 686.236800 1132.208000 1551.896000 1.000000
1169.142400 59.683040 1132.388800 1056.251200 1.000000
1165.454400 555.836800 1132.408000 1443.838400 1.000000
1163.003200 563.227200 1132.644800 1450.120000 1.000000
1164.651200 909.273600 1134.848000 1747.504000 1.000000
1162.486400 1321.414400 1135.700800 2137.328000 1.000000
1163.131200 1341.489600 1136.584000 2157.600000 1.000000
1174.460800 77.351040 1136.827200 1069.644800 1.000000
1168.952000 420.152000 1136.899200 1333.553600 1.000000
1157.614400 1884.464000 1137.004800 2738.656000 1.000000
1154.958400 1962.880000 1137.059200 2828.720000 1.000000
1166.747200 1100.027200 1137.075200 1924.960000 1.000000
1174.470400 104.565600 1137.756800 1090.142400 1.000000
1173.904000 279.896000 1138.521600 1225.872000 1.000000
1164.977600 1243.072000 1138.734400 2056.800000 1.000000
1167.611200 1134.619200 1139.358400 1956.288000 1.000000
1175.820800 319.910400 1139.817600 1254.465600 1.000000
1166.185600 1464.324800 1140.628800 2279.984000 1.000000
1164.619200 1693.568000 1141.152000 2525.616000 1.000000
1167.772800 1389.811200 1141.363200 2207.120000 1.000000
1165.798400 1571.056000 1141.368000 2391.744000 1.000000
1176.088000 265.961600 1141.692800 1213.195200 1.000000
1179.004800 182.179200 1141.836800 1149.369600 1.000000
1173.896000 741.171200 1142.235200 1597.614400 1.000000
1175.833600 358.280000 1142.302400 1282.731200 1.000000
1169.048000 1429.785600 1142.788800 2246.656000 1.000000
1179.358400 240.995200 1142.832000 1193.488000 1.000000
1174.124800 703.744000 1143.091200 1565.784000 1.000000
1172.188800 1147.518400 1143.480000 1967.552000 1.000000
1182.673600 59.227520 1143.624000 1055.427200 1.000000
1171.873600 1254.030400 1143.960000 2069.264000 1.000000
1163.182400 1996.608000 1145.224000 2866.208000 1.000000
1173.433600 1271.163200 1146.305600 2085.312000 1.000000
1177.984000 1031.523200 1146.908800 1857.792000 1.000000
1175.849600 936.795200 1147.299200 1770.432000 1.000000
1168.534400 1905.600000 1148.385600 2762.096000 1.000000
1179.836800 1023.915200 1148.700800 1850.480000 1.000000
1176.808000 1180.017600 1148.964800 1996.288000 1.000000
1187.292800 67.830880 1149.070400 1062.552000 1.000000
1188.745600 198.003200 1150.563200 1161.454400 1.000000
1186.208000 840.953600 1152.832000 1685.392000 1.000000
1169.220800 2099.264000 1153.878400 2986.992000 1.000000
1188.032000 854.771200 1153.936000 1696.848000 1.000000
1184.438400 912.395200 1154.569600 1748.336000 1.000000
1193.073600 312.145600 1154.966400 1246.545600 1.000000
1192.990400 238.371200 1155.078400 1191.926400 1.000000
1194.049600 345.902400 1158.326400 1272.788800 1.000000
1184.828800 1497.392000 1158.756800 2312.368000 1.000000
1198.932800 249.657600 1160.147200 1199.560000 1.000000
1197.353600 368.097600 1160.521600 1289.774400 1.000000
1189.790400 1141.256000 1160.571200 1959.648000 1.000000
1180.985600 1919.872000 1160.881600 2777.552000 1.000000
1198.017600 322.539200 1161.721600 1252.990400 1.000000
1189.854400 1333.868800 1161.728000 2147.424000 1.000000
1187.976000 1445.929600 1162.248000 2258.944000 1.000000
1198.366400 752.641600 1165.036800 1607.472000 1.000000
1186.884800 1997.296000 1165.228800 2873.632000 1.000000
1202.729600 350.328000 1165.315200 1275.161600 1.000000
1179.872000 2100.064000 1165.360000 2987.632000 1.000000
1200.804800 655.836800 1165.608000 1523.134400 1.000000
1200.158400 722.427200 1165.768000 1580.673600 1.000000
1193.832000 1274.569600 1165.972800 2085.360000 1.000000
1196.713600 1065.328000 1166.070400 1889.120000 1.000000
1207.644800 191.268800 1166.145600 1154.340800 1.000000
1204.024000 337.382400 1166.646400 1265.064000 1.000000
1194.560000 1414.851200 1167.028800 2231.824000 1.000000
1188.196800 1874.336000 1169.054400 2723.728000 1.000000
1191.816000 1754.224000 1169.099200 2592.928000 1.000000
1205.953600 610.017600 1169.934400 1483.723200 1.000000
1192.072000 1697.792000 1170.217600 2529.888000 1.000000
1197.958400 1199.921600 1170.249600 2012.848000 1.000000
1200.889600 1288.963200 1171.908800 2101.136000 1.000000
1197.156800 1588.368000 1172.556800 2408.080000 1.000000
1196.476800 1597.900800 1173.331200 2419.232000 1.000000
1202.732800 1251.752000 1173.334400 2062.208000 1.000000
1211.848000 306.051200 1173.363200 1239.459200 1.000000
1198.811200 1523.990400 1174.003200 2339.952000 1.000000
1188.769600 2059.264000 1174.208000 2940.592000 1.000000
1205.982400 922.601600 1174.676800 1756.912000 1.000000
1211.164800 599.577600 1174.828800 1475.953600 1.000000
1198.860800 1558.488000 1174.870400 2376.896000 1.000000
1210.705600 762.467200 1175.059200 1615.616000 1.000000
1215.558400 431.182400 1176.696000 1338.723200 1.000000
1218.512000 289.921600 1177.188800 1228.088000 1.000000
1214.875200 524.604800 1177.630400 1415.184000 1.000000
1194.380800 1859.968000 1178.758400 2710.512000 1.000000
1216.161600 722.174400 1180.752000 1579.246400 1.000000
1211.075200 1095.259200 1181.019200 1913.904000 1.000000
1223.302400 239.628800 1181.048000 1193.116800 1.000000
1200.806400 1907.040000 1181.312000 2762.640000 1.000000
1200.036800 1886.048000 1181.782400 2738.224000 1.000000
1223.843200 159.915040 1182.510400 1128.862400 1.000000
1218.499200 640.427200 1183.491200 1508.902400 1.000000
1230.676800 78.934080 1184.308800 1068.465600 1.000000
1207.836800 1685.968000 1184.560000 2513.824000 1.000000
1224.571200 561.000000 1185.136000 1442.892800 1.000000
1202.572800 1961.872000 1185.214400 2825.168000 1.000000
1219.859200 818.328000 1185.920000 1661.456000 1.000000
1230.076800 178.102400 1185.996800 1143.092800 1.000000
1212.198400 1446.795200 1186.190400 2258.128000 1.000000
1224.934400 508.643200 1187.091200 1401.406400 1.000000
1204.468800 2042.768000 1187.099200 2922.176000 1.000000
1218.937600 1143.372800 1187.636800 1956.944000 1.000000
1212.494400 1466.032000 1187.686400 2277.360000 1.000000
1221.734400 812.729600 1187.824000 1656.512000 1.000000
1211.595200 1679.840000 1188.731200 2506.544000 1.000000
1217.726400 1212.968000 1188.868800 2022.960000 1.000000
1233.132800 274.315200 1190.217600 1214.668800 1.000000
1234.374400 209.462400 1190.828800 1164.972800 1.000000
1223.547200 1114.472000 1191.670400 1929.936000 1.000000
1228.092800 717.008000 1191.822400 1574.360000 1.000000
1233.131200 674.696000 1195.971200 1536.854400 1.000000
1220.142400 1534.876800 1196.388800 2350.256000 1.000000
1244.017600 128.763680 1196.780800 1105.779200 1.000000
1242.502400 249.761600 1197.448000 1195.340800 1.000000
1240.164800 427.585600 1197.904000 1335.452800 1.000000
1220.310400 1703.104000 1197.971200 2532.576000 1.000000
1240.865600 293.027200 1198.006400 1228.510400 1.000000
1227.800000 1184.313600 1198.264000 1995.040000 1.000000
1239.192000 583.668800 1199.812800 1460.380800 1.000000
1225.844800 1454.712000 1199.864000 2265.200000 1.000000
1237.587200 731.155200 1199.969600 1586.974400 1.000000
1250.168000 81.366240 1201.084800 1069.065600 1.000000
1220.225600 1928.992000 1201.336000 2786.608000 1.000000
1243.697600 364.401600 1201.672000 1285.728000 1.000000
1247.808000 228.825600 1201.969600 1179.156800 1.000000
1230.828800 1339.422400 1201.969600 2149.328000 1.000000
1228.888000 1468.075200 1202.924800 2277.680000 1.000000
1240.043200 689.843200 1202.937600 1549.075200 1.000000
1237.040000 1058.056000 1203.262400 1876.096000 1.000000
1227.515200 1563.568000 1203.344000 2380.368000 1.000000
1219.956800 1958.080000 1204.025600 2819.168000 1.000000
1234.310400 1203.934400 1205.321600 2012.576000 1.000000
1236.163200 1165.569600 1205.899200 1976.176000 1.000000
1239.438400 1089.449600 1206.980800 1905.936000 1.000000
1235.972800 1303.465600 1207.704000 2113.104000 1.000000
1241.163200 1125.233600 1208.017600 1938.640000 1.000000
1240.899200 1099.857600 1208.184000 1914.800000 1.000000
1245.755200 903.049600 1210.382400 1735.248000 1.000000
1232.240000 1729.888000 1211.308800 2565.040000 1.000000
1254.177600 490.003200 1212.398400 1385.660800 1.000000
1227.953600 1965.344000 1213.088000 2827.312000 1.000000
1258.681600 295.448000 1213.228800 1229.740800 1.000000
1263.824000 115.086240 1213.873600 1094.177600 1.000000
1231.228800 1852.208000 1213.964800 2694.112000 1.000000
1253.529600 662.238400 1213.980800 1524.817600 1.000000
1246.531200 1114.443200 1215.008000 1927.072000 1.000000
1236.905600 1812.176000 1215.518400 2652.768000 1.000000
1259.425600 530.393600 1216.398400 1417.073600 1.000000
1248.366400 1074.176000 1216.430400 1889.968000 1.000000
1252.457600 942.985600 1217.107200 1771.024000 1.000000
1258.536000 583.785600 1217.811200 1458.035200 1.000000
1248.979200 1133.345600 1217.894400 1943.776000 1.000000
1260.009600 606.776000 1218.435200 1478.257600 1.000000
1253.184000 1057.252800 1218.849600 1873.872000 1.000000
1273.508800 136.620000 1220.569600 1106.820800 1.000000
1247.436800 1462.835200 1220.617600 2273.616000 1.000000
1237.166400 1972.128000 1223.192000 2836.624000 1.000000
1257.620800 1109.923200 1224.350400 1921.552000 1.000000
1251.264000 1497.659200 1224.732800 2309.952000 1.000000
1270.820800 376.508800 1225.222400 1292.196800 1.000000
1273.179200 309.115200 1225.748800 1239.212800 1.000000
1243.435200 1839.104000 1227.296000 2677.328000 1.000000
1280.521600 201.396800 1228.100800 1156.038400 1.000000
1280.235200 270.704000 1228.792000 1211.248000 1.000000
1269.094400 704.604800 1229.296000 1560.806400 1.000000
1270.686400 650.177600 1229.614400 1512.926400 1.000000
1261.496000 1141.139200 1230.153600 1950.016000 1.000000
1262.624000 1230.270400 1230.385600 2037.120000 1.000000
1271.356800 742.107200 1230.459200 1592.180800 1.000000
1259.937600 1258.838400 1230.606400 2064.688000 1.000000
1255.891200 1818.448000 1236.425600 2656.896000 1.000000
1278.513600 704.489600 1237.350400 1559.884800 1.000000
1254.112000 1957.040000 1238.318400 2817.520000 1.000000
1276.726400 950.646400 1238.497600 1775.712000 1.000000
1295.404800 48.564640 1238.862400 1042.379200 1.000000
1273.678400 1076.952000 1240.004800 1889.920000 1.000000
1286.220800 495.660800 1240.385600 1386.808000 1.000000
1288.859200 415.556800 1241.011200 1323.408000 1.000000
1291.801600 313.148800 1241.358400 1240.051200 1.000000
1268.713600 1444.708800 1241.492800 2252.896000 1.000000
1282.353600 765.638400 1241.888000 1612.032000 1.000000
1288.739200 539.056000 1242.408000 1422.220800 1.000000
1271.964800 1346.315200 1242.776000 2154.480000 1.000000
1292.416000 388.611200 1243.212800 1302.148800 1.000000
1296.321600 330.932800 1243.729600 1255.926400 1.000000
1269.252800 1528.193600 1244.108800 2341.680000 1.000000
1271.406400 1470.123200 1244.187200 2280.912000 1.000000
1259.272000 1973.056000 1244.937600 2835.952000 1.000000
1301.180800 141.598080 1245.264000 1109.726400 1.000000
1273.675200 1441.452800 1245.500800 2249.840000 1.000000
1288.281600 725.888000 1245.806400 1576.896000 1.000000
1261.299200 1922.912000 1245.899200 2776.432000 1.000000
1302.985600 99.184160 1246.163200 1078.865600 1.000000
1276.993600 1291.921600 1247.016000 2096.512000 1.000000
1279.988800 1142.217600 1247.124800 1951.216000 1.000000
1273.737600 1556.777600 1249.272000 2369.392000 1.000000
1287.728000 937.326400 1249.728000 1762.944000 1.000000
1268.929600 1813.248000 1250.443200 2650.464000 1.000000
1272.420800 1728.960000 1250.497600 2558.688000 1.000000
1269.654400 1797.200000 1250.896000 2634.224000 1.000000
1284.707200 1091.830400 1251.145600 1902.448000 1.000000
1308.611200 123.638240 1252.201600 1095.364800 1.000000
1290.577600 893.932800 1252.308800 1723.824000 1.000000
1296.273600 629.486400 1252.356800 1494.326400 1.000000
1304.059200 359.238400 1253.393600 1276.820800 1.000000
1293.360000 917.979200 1253.724800 1745.760000 1.000000
1280.752000 1466.267200 1254.796800 2273.840000 1.000000
1309.843200 244.776000 1255.291200 1188.283200 1.000000
1306.420800 431.174400 1256.084800 1334.008000 1.000000
1300.380800 690.360000 1256.750400 1546.012800 1.000000
1272.958400 1903.808000 1256.931200 2753.376000 1.000000
1291.246400 1257.844800 1258.614400 2062.624000 1.000000
1318.099200 94.412800 1258.697600 1074.632000 1.000000
1315.171200 178.883200 1259.249600 1138.363200 1.000000
1317.366400 146.474080 1259.400000 1114.670400 1.000000
1291.336000 1306.856000 1260.006400 2112.720000 1.000000
1307.283200 566.584000 1260.283200 1442.521600 1.000000
1301.972800 940.574400 1261.329600 1764.832000 1.000000
1321.251200 74.398400 1262.070400 1058.163200 1.000000
1309.233600 581.222400 1262.200000 1453.760000 1.000000
1297.824000 1142.788800 1262.792000 1949.904000 1.000000
1292.681600 1438.688000 1263.451200 2245.488000 1.000000
1310.348800 599.393600 1263.924800 1468.667200 1.000000
1304.060800 945.892800 1264.337600 1768.624000 1.000000
1312.800000 547.278400 1264.795200 1426.340800 1.000000
1300.947200 1034.276800 1265.896000 1848.032000 1.000000
1296.526400 1313.046400 1266.030400 2119.056000 1.000000
1292.875200 1461.652800 1266.312000 2269.712000 1.000000
1314.635200 589.504000 1267.214400 1459.977600 1.000000
1307.348800 987.948800 1268.832000 1804.464000 1.000000
1316.528000 536.382400 1269.001600 1416.849600 1.000000
1316.152000 599.435200 1269.092800 1468.907200 1.000000
1303.254400 1276.560000 1270.329600 2079.760000 1.000000
1291.606400 1733.968000 1270.441600 2563.392000 1.000000
1306.988800 1103.814400 1272.156800 1912.832000 1.000000
1324.907200 458.904000 1273.473600 1355.323200 1.000000
1301.897600 1441.355200 1273.769600 2250.128000 1.000000
1307.288000 1158.364800 1274.681600 1963.872000 1.000000
1309.880000 1075.097600 1275.536000 1885.456000 1.000000
1317.174400 971.257600 1278.908800 1789.696000 1.000000
1317.611200 1060.980800 1279.265600 1873.776000 1.000000
1310.091200 1407.480000 1280.673600 2214.432000 1.000000
1299.793600 1754.352000 1280.857600 2584.912000 1.000000
1309.678400 1455.160000 1281.646400 2262.160000 1.000000
1301.224000 1847.808000 1283.027200 2689.216000 1.000000
1339.873600 343.425600 1284.128000 1262.803200 1.000000
1317.844800 1230.348800 1284.211200 2034.336000 1.000000
1322.913600 1020.584000 1284.275200 1835.200000 1.000000
1317.108800 1254.982400 1284.288000 2058.352000 1.000000
1316.588800 1180.198400 1284.460800 1984.592000 1.000000
1303.083200 1818.864000 1285.254400 2654.704000 1.000000
1322.761600 1000.625600 1285.342400 1816.896000 1.000000
1334.235200 675.564800 1286.136000 1532.905600 1.000000
1339.368000 552.345600 1288.020800 1429.176000 1.000000
1301.006400 1958.816000 1289.571200 2816.016000 1.000000
1352.387200 122.313920 1289.817600 1093.865600 1.000000
1330.872000 944.075200 1290.768000 1763.664000 1.000000
1355.092800 212.558400 1292.668800 1163.267200 1.000000
1306.636800 1936.048000 1292.843200 2792.816000 1.000000
1345.800000 522.169600 1293.166400 1405.200000 1.000000
1322.689600 1512.270400 1294.590400 2321.808000 1.000000
1335.934400 903.355200 1295.505600 1728.448000 1.000000
1344.204800 662.126400 1295.828800 1521.248000 1.000000
1344.355200 715.030400 1296.432000 1565.225600 1.000000
1348.388800 681.606400 1300.195200 1536.094400 1.000000
1359.044800 371.806400 1301.974400 1285.652800 1.000000
1345.158400 902.891200 1302.480000 1727.392000 1.000000
1338.624000 1165.644800 1302.940800 1970.560000 1.000000
1337.137600 1282.147200 1304.464000 2085.040000 1.000000
1323.166400 1824.320000 1305.166400 2665.152000 1.000000
1340.075200 1259.328000 1305.774400 2063.616000 1.000000
1324.115200 1837.984000 1306.572800 2677.984000 1.000000
1327.225600 1737.456000 1307.404800 2564.016000 1.000000
1345.510400 1113.281600 1308.059200 1920.736000 1.000000
1364.800000 451.350400 1308.318400 1348.033600 1.000000
1366.492800 406.051200 1308.796800 1312.048000 1.000000
1374.905600 223.859200 1310.152000 1169.820800 1.000000
1354.574400 997.984000 1311.942400 1815.168000 1.000000
1327.688000 1850.096000 1312.168000 2690.672000 1.000000
1345.504000 1299.590400 1312.574400 2101.856000 1.000000
1369.324800 521.155200 1312.891200 1402.678400 1.000000
1349.611200 1231.515200 1313.385600 2033.296000 1.000000
1372.980800 386.732800 1313.998400 1296.024000 1.000000
1366.411200 595.628800 1314.358400 1463.025600 1.000000
1338.454400 1617.104000 1315.332800 2431.088000 1.000000
1374.627200 377.249600 1316.163200 1287.851200 1.000000
1350.742400 1261.568000 1316.456000 2064.080000 1.000000
1359.024000 974.120000 1317.019200 1793.360000 1.000000
1338.408000 1720.736000 1317.686400 2546.416000 1.000000
1384.105600 299.694400 1318.192000 1227.259200 1.000000
1354.062400 1188.798400 1318.384000 1991.344000 1.000000
1367.228800 739.032000 1318.630400 1582.889600 1.000000
1346.449600 1519.318400 1319.465600 2327.040000 1.000000
1353.393600 1280.390400 1320.332800 2081.872000 1.000000
1392.080000 111.590400 1320.393600 1086.187200 1.000000
1337.630400 1799.904000 1321.315200 2630.768000 1.000000
1379.028800 498.254400 1321.489600 1384.740800 1.000000
1386.854400 255.718400 1321.694400 1194.499200 1.000000
1375.857600 606.265600 1321.782400 1471.376000 1.000000
1380.659200 471.208000 1321.870400 1361.384000 1.000000
1358.387200 1246.600000 1323.438400 2049.760000 1.000000
1356.036800 1362.513600 1325.192000 2167.760000 1.000000
1375.865600 762.419200 1326.107200 1604.688000 1.000000
1385.891200 449.153600 1326.387200 1345.347200 1.000000
1345.582400 1765.696000 1326.630400 2597.184000 1.000000
1361.670400 1280.636800 1327.121600 2082.672000 1.000000
1364.800000 1145.830400 1327.228800 1950.976000 1.000000
1389.512000 423.768000 1327.979200 1324.147200 1.000000
1364.505600 1240.096000 1328.372800 2043.024000 1.000000
1357.372800 1453.476800 1328.518400 2261.744000 1.000000
1383.811200 617.974400 1329.875200 1482.521600 1.000000
1392.900800 411.147200 1330.227200 1314.400000 1.000000
1384.352000 661.342400 1330.457600 1518.080000 1.000000
1380.073600 738.142400 1330.908800 1583.001600 1.000000
1368.172800 1330.368000 1332.276800 2138.848000 1.000000
1365.027200 1356.928000 1332.768000 2161.488000 1.000000
1407.363200 79.797760 1332.944000 1062.640000 1.000000
1366.681600 1345.310400 1333.534400 2150.256000 1.000000
1359.048000 1595.332800 1334.356800 2411.232000 1.000000
1367.976000 1369.908800 1335.912000 2175.280000 1.000000
1377.140800 1129.788800 1336.057600 1935.888000 1.000000
1404.060800 247.443200 1336.345600 1188.296000 1.000000
1365.572800 1480.756800 1337.142400 2286.704000 1.000000
1369.236800 1396.425600 1337.862400 2202.880000 1.000000
1393.611200 676.228800 1339.224000 1530.025600 1.000000
1407.112000 409.411200 1341.292800 1313.846400 1.000000
1389.454400 875.953600 1341.724800 1704.160000 1.000000
1412.203200 216.718400 1342.486400 1164.555200 1.000000
1400.484800 666.131200 1344.766400 1520.614400 1.000000
1386.377600 1201.451200 1348.211200 2015.632000 1.000000
1433.665600 213.068800 1357.697600 1164.990400 1.000000
1403.873600 1028.360000 1358.480000 1850.672000 1.000000
1442.766400 91.492320 1363.273600 1076.004800 1.000000
1437.979200 394.654400 1366.203200 1309.272000 1.000000
1432.044800 534.176000 1366.230400 1428.297600 1.000000
1443.267200 246.953600 1367.014400 1195.180800 1.000000
1443.412800 338.651200 1368.852800 1265.545600 1.000000
1463.411200 44.882880 1377.288000 1044.260800 1.000000
1462.228800 78.061120 1378.660800 1067.528000 1.000000
1455.120000 316.307200 1381.616000 1252.012800 1.000000
1461.785600 226.608000 1381.976000 1179.337600 1.000000
1472.924800 175.470400 1389.700800 1140.320000 1.000000
1477.732800 221.388800 1397.064000 1177.120000 1.000000
2153.952000 1892.624000 2218.192000 1725.344000 1.000000
2199.344000 2172.592000 2256.320000 1866.128000 1.000000
2346.416000 1541.779200 2336.432000 1288.462400 1.000000
2273.584000 2056.640000 2344.944000 1778.352000 1.000000
2285.872000 2194.288000 2372.368000 1931.152000 1.000000
2311.136000 2153.584000 2389.504000 1866.128000 1.000000
2414.688000 1573.129600 2394.016000 1295.416000 1.000000
2510.768000 1069.844800 2399.376000 1032.387200 1.000000
2525.328000 1006.499200 2404.416000 1005.083200 1.000000
2542.000000 1005.228800 2417.232000 1000.950400 1.000000
2346.128000 2277.792000 2438.592000 1984.992000 1.000000
2434.656000 2243.936000 2507.792000 1897.136000 1.000000
2428.752000 2275.488000 2508.272000 1926.208000 1.000000
2547.472000 1624.448000 2508.400000 1298.603200 1.000000
2460.192000 2135.712000 2512.688000 1785.632000 1.000000
2438.576000 2267.744000 2515.568000 1916.416000 1.000000
2452.656000 2234.080000 2522.192000 1880.816000 1.000000
2453.968000 2289.296000 2531.712000 1933.296000 1.000000
2709.136000 943.617600 2536.080000 912.944000 1.000000
2481.312000 2184.464000 2538.992000 1823.152000 1.000000
2716.368000 955.036800 2545.152000 920.102400 1.000000
2596.224000 1843.088000 2550.704000 1382.697600 1.000000
2499.296000 2266.704000 2567.248000 1896.128000 1.000000
2504.048000 2246.144000 2567.856000 1876.736000 1.000000
2483.072000 2378.992000 2568.160000 2093.808000 1.000000
2696.816000 1325.203200 2574.864000 1066.696000 1.000000
2761.792000 1064.328000 2581.872000 937.630400 1.000000
2585.872000 1957.024000 2589.200000 1589.028800 1.000000
2594.192000 1972.864000 2599.088000 1601.232000 1.000000
2641.760000 1784.848000 2606.784000 1423.766400 1.000000
2551.648000 2258.784000 2609.920000 1871.424000 1.000000
2553.952000 2332.240000 2624.848000 1939.008000 1.000000
2662.704000 1819.680000 2628.832000 1447.080000 1.000000
2626.352000 2075.056000 2642.000000 1681.168000 1.000000
2687.584000 1775.248000 2642.688000 1402.846400 1.000000
2617.728000 1967.360000 2646.688000 1721.696000 1.000000
2598.112000 2303.056000 2656.512000 1893.616000 1.000000
2633.008000 2176.576000 2664.928000 1768.432000 1.000000
2631.536000 2227.216000 2673.088000 1815.008000 1.000000
2644.128000 2280.400000 2690.352000 1849.968000 1.000000
2649.936000 2250.704000 2690.432000 1823.664000 1.000000
2659.696000 2366.432000 2718.688000 1919.024000 1.000000
2718.768000 2214.160000 2738.032000 1733.792000 1.000000
