3.452624 2468.048000 3.563904 242.222400 1.000000
300.302400 2482.608000 84.641760 39.596160 1.000000
313.536000 2498.912000 96.386880 56.221440 1.000000
437.038400 2505.216000 215.035200 108.662400 1.000000
464.864000 2508.224000 254.908800 107.995040 1.000000
467.316800 2472.928000 256.731200 64.545440 1.000000
481.668800 2718.080000 302.328000 374.803200 1.000000
535.644800 2441.568000 324.113600 49.715040 1.000000
745.531200 2099.248000 507.228800 322.788800 1.000000
736.700800 2259.536000 516.153600 480.809600 1.000000
792.835200 1968.816000 548.110400 192.208000 1.000000
813.595200 1952.048000 568.977600 181.268800 1.000000
800.603200 2116.832000 574.265600 361.233600 1.000000
795.046400 2424.912000 593.105600 656.284800 1.000000
823.691200 2229.264000 605.088000 477.484800 1.000000
872.123200 1929.568000 634.198400 174.534400 1.000000
847.425600 2464.336000 650.185600 700.913600 1.000000
867.611200 2218.208000 650.708800 477.180800 1.000000
895.555200 2229.376000 683.385600 491.950400 1.000000
943.771200 1777.440000 706.979200 13.665312 1.000000
924.539200 2173.632000 709.964800 450.825600 1.000000
946.038400 2069.248000 725.464000 349.441600 1.000000
931.472000 2285.472000 725.686400 553.395200 1.000000
917.420800 2547.056000 728.846400 784.793600 1.000000
932.731200 2392.496000 733.412800 655.249600 1.000000
951.091200 2246.112000 743.390400 520.222400 1.000000
976.195200 1949.168000 750.862400 226.654400 1.000000
979.625600 1976.016000 754.835200 257.964800 1.000000
967.406400 2184.480000 758.332800 468.020800 1.000000
963.502400 2293.888000 760.110400 571.846400 1.000000
981.030400 2071.952000 764.548800 361.755200 1.000000
975.699200 2176.576000 766.030400 462.494400 1.000000
995.627200 1834.400000 768.134400 96.603840 1.000000
994.755200 2069.984000 778.758400 363.307200 1.000000
982.270400 2356.720000 781.700800 633.961600 1.000000
1001.390400 2127.664000 790.548800 422.728000 1.000000
993.696000 2223.856000 790.664000 506.480000 1.000000
1007.136000 2061.792000 791.369600 357.441600 1.000000
1004.763200 2138.032000 793.112000 435.068800 1.000000
1008.084800 2359.120000 802.233600 643.369600 1.000000
1025.368000 2096.832000 813.102400 397.772800 1.000000
1044.547200 1854.592000 825.547200 131.678400 1.000000
1037.035200 2083.328000 826.112000 382.806400 1.000000
1062.790400 1867.984000 841.555200 153.954080 1.000000
1052.795200 2086.432000 845.275200 386.718400 1.000000
1049.252800 2219.056000 845.852800 516.067200 1.000000
1049.388800 2393.904000 854.512000 684.158400 1.000000
1061.913600 2155.152000 855.084800 460.680000 1.000000
1073.243200 1776.496000 856.793600 38.102400 1.000000
1064.390400 2219.872000 861.750400 521.281600 1.000000
1062.801600 2292.912000 864.232000 592.948800 1.000000
1079.259200 1979.344000 869.364800 284.481600 1.000000
1076.107200 2196.880000 871.824000 501.753600 1.000000
1089.094400 1809.376000 872.977600 82.500800 1.000000
1089.880000 1784.592000 875.411200 50.743040 1.000000
1074.004800 2276.112000 875.628800 578.342400 1.000000
1084.694400 2126.272000 879.566400 437.734400 1.000000
1088.152000 2077.744000 883.574400 382.753600 1.000000
1101.243200 2069.888000 896.318400 381.609600 1.000000
1102.401600 2134.848000 897.177600 446.051200 1.000000
1111.704000 1775.824000 900.212800 45.774560 1.000000
1102.790400 2216.880000 903.774400 524.884800 1.000000
1107.670400 2275.392000 910.702400 583.152000 1.000000
1122.131200 1998.672000 916.888000 312.531200 1.000000
1126.176000 1986.304000 922.961600 300.252800 1.000000
1126.550400 2109.344000 925.950400 425.464000 1.000000
1127.625600 2074.224000 926.092800 389.246400 1.000000
1120.128000 2445.232000 929.294400 743.961600 1.000000
1133.672000 2064.320000 931.840000 380.270400 1.000000
1135.684800 2043.792000 933.219200 361.457600 1.000000
1138.033600 2011.552000 935.345600 326.462400 1.000000
1136.795200 2097.984000 936.201600 419.206400 1.000000
1138.160000 2437.488000 946.420800 741.508800 1.000000
1152.497600 1744.192000 947.624000 20.334720 1.000000
1154.958400 1962.880000 954.171200 277.345600 1.000000
1141.944000 2283.344000 956.243200 604.027200 1.000000
1161.116800 2262.416000 966.163200 580.472000 1.000000
1168.534400 1905.600000 968.252800 216.454400 1.000000
1162.611200 2245.888000 969.651200 564.558400 1.000000
1166.838400 2175.952000 969.745600 502.404800 1.000000
1176.667200 1957.104000 976.235200 272.353600 1.000000
1180.985600 1919.872000 982.577600 233.003200 1.000000
1167.748800 2473.152000 986.505600 772.800000 1.000000
1189.611200 2161.280000 993.641600 493.528000 1.000000
1194.233600 1880.048000 996.649600 193.414400 1.000000
1190.545600 2525.920000 996.968000 831.040000 1.000000
1204.468800 2042.768000 1009.811200 367.724800 1.000000
1210.601600 2613.344000 1016.752000 909.190400 1.000000
1210.604800 2178.992000 1017.662400 512.436800 1.000000
1214.432000 2323.056000 1021.795200 651.873600 1.000000
1220.606400 2186.800000 1027.331200 517.720000 1.000000
1220.225600 1928.992000 1028.489600 249.825600 1.000000
1230.366400 2228.976000 1039.945600 562.510400 1.000000
1232.969600 2135.728000 1041.894400 477.316800 1.000000
1237.166400 1972.128000 1047.001600 297.329600 1.000000
1239.609600 2302.752000 1049.539200 636.768000 1.000000
1242.035200 2438.672000 1050.014400 763.832000 1.000000
1242.179200 2233.648000 1051.996800 567.716800 1.000000
1243.435200 1839.104000 1053.524800 153.936640 1.000000
1242.588800 2106.832000 1053.990400 450.892800 1.000000
1248.313600 2509.872000 1057.820800 828.230400 1.000000
1250.112000 2144.288000 1060.156800 487.616000 1.000000
1251.953600 2129.728000 1062.576000 473.636800 1.000000
1253.473600 1899.856000 1064.774400 217.593600 1.000000
1253.884800 2548.048000 1065.680000 861.243200 1.000000
1260.118400 2494.688000 1070.910400 817.326400 1.000000
1261.299200 1922.912000 1073.857600 249.382400 1.000000
1260.142400 1743.824000 1074.209600 36.131200 1.000000
1283.043200 2424.176000 1094.320000 759.505600 1.000000
1286.396800 2280.352000 1098.321600 623.593600 1.000000
1286.243200 1762.592000 1104.462400 67.679840 1.000000
1297.081600 2359.920000 1109.353600 703.153600 1.000000
1300.665600 2465.056000 1114.419200 798.115200 1.000000
1304.000000 2385.568000 1115.555200 727.300800 1.000000
1308.516800 2481.904000 1117.902400 814.804800 1.000000
1306.244800 2194.912000 1118.939200 543.996800 1.000000
1309.937600 2258.752000 1123.652800 606.793600 1.000000
1311.507200 2157.888000 1124.467200 509.476800 1.000000
1307.880000 1936.480000 1126.643200 276.792000 1.000000
1324.328000 2485.760000 1133.331200 817.609600 1.000000
1312.964800 1808.640000 1134.020800 123.436320 1.000000
1318.574400 2041.232000 1135.443200 383.336000 1.000000
1325.011200 2356.592000 1135.926400 704.088000 1.000000
1321.398400 2145.312000 1136.444800 497.995200 1.000000
1324.246400 2242.640000 1137.582400 594.089600 1.000000
1327.416000 2534.416000 1138.316800 862.673600 1.000000
1319.068800 1798.640000 1141.297600 112.690560 1.000000
1330.899200 2279.232000 1144.187200 629.265600 1.000000
1333.984000 2452.848000 1145.041600 791.297600 1.000000
1321.652800 1762.672000 1146.788800 70.105760 1.000000
1338.449600 2545.504000 1147.428800 868.627200 1.000000
1323.166400 1824.320000 1147.596800 141.009920 1.000000
1327.225600 1737.456000 1152.902400 41.987200 1.000000
1331.428800 1782.496000 1156.849600 94.923840 1.000000
1337.630400 1799.904000 1164.470400 114.681760 1.000000
1361.894400 1839.952000 1189.870400 160.310400 1.000000
1347.331200 2810.064000 1203.425600 1097.912000 1.000000
1373.395200 2802.656000 1230.886400 1093.472000 1.000000
1400.476800 2804.192000 1261.057600 1096.299200 1.000000
2094.848000 2699.360000 1845.696000 1114.771200 1.000000
2097.040000 2648.176000 1850.320000 1090.801600 1.000000
2119.648000 2782.928000 1855.600000 1175.484800 1.000000
2110.864000 2769.776000 1856.640000 1164.531200 1.000000
2112.112000 2638.048000 1869.296000 1080.222400 1.000000
2172.176000 2634.784000 1923.520000 1084.529600 1.000000
2603.440000 1498.452800 2278.880000 1919.728000 1.000000
2596.224000 1843.088000 2314.320000 1824.128000 1.000000
2611.296000 1917.184000 2329.952000 1972.912000 1.000000
2534.944000 1176.467200 2335.840000 1519.782400 1.000000
2590.224000 1276.784000 2346.736000 1670.592000 1.000000
2581.200000 1026.249600 2446.384000 1332.272000 1.000000
2709.968000 843.425600 2704.144000 1109.104000 1.000000
