1178.612800 2455.760000 955.299200 69.263040 1.000000
1253.884800 2548.048000 1041.984000 176.926400 1.000000
1283.043200 2424.176000 1069.011200 64.939680 1.000000
1300.665600 2465.056000 1091.540800 109.994560 1.000000
1324.203200 2419.744000 1112.347200 67.793280 1.000000
1324.328000 2485.760000 1113.168000 132.456160 1.000000
1333.984000 2452.848000 1125.614400 104.131520 1.000000
1347.331200 2810.064000 1217.372800 448.830400 1.000000
1400.476800 2804.192000 1281.505600 450.926400 1.000000
2278.464000 6.743760 1763.376000 1633.536000 1.000000
2567.936000 2466.896000 2190.560000 2133.888000 1.000000
2660.608000 1712.608000 2246.432000 1988.144000 1.000000
2650.016000 1205.984000 2298.784000 1799.072000 1.000000
3295.936000 1436.091200 3105.616000 1200.449600 1.000000
