937.299200 2601.504000 661.792000 405.916800 1.000000
951.091200 2246.112000 663.547200 74.799520 1.000000
1014.184000 2383.328000 743.737600 233.195200 1.000000
1064.390400 2219.872000 786.300800 79.479680 1.000000
1074.004800 2276.112000 802.928000 138.354080 1.000000
1089.212800 2195.760000 814.422400 55.809120 1.000000
1096.998400 2273.200000 827.862400 142.246400 1.000000
1120.128000 2445.232000 861.742400 319.468800 1.000000
1138.160000 2437.488000 881.171200 316.076800 1.000000
1139.745600 2345.520000 884.200000 229.552000 1.000000
1146.497600 2579.952000 900.004800 446.067200 1.000000
1183.240000 2376.400000 925.014400 269.622400 1.000000
1167.748800 2473.152000 925.430400 353.430400 1.000000
1212.684800 2216.288000 953.833600 108.037120 1.000000
1210.601600 2613.344000 959.222400 496.089600 1.000000
1220.606400 2186.800000 961.664000 75.845760 1.000000
1218.883200 2446.480000 966.817600 345.596800 1.000000
1220.536000 2404.192000 970.681600 306.003200 1.000000
1236.430400 2394.432000 986.760000 299.116800 1.000000
1239.609600 2302.752000 987.619200 206.000000 1.000000
1242.179200 2233.648000 988.953600 129.678720 1.000000
1249.395200 2213.296000 996.275200 111.768160 1.000000
1253.884800 2548.048000 1010.428800 446.953600 1.000000
1260.118400 2494.688000 1013.416000 399.646400 1.000000
1283.043200 2424.176000 1037.043200 339.252800 1.000000
1284.139200 2449.200000 1038.577600 362.217600 1.000000
1286.396800 2280.352000 1039.052800 191.126400 1.000000
1292.297600 2341.104000 1045.204800 260.384000 1.000000
1304.000000 2385.568000 1058.649600 304.728000 1.000000
1300.665600 2465.056000 1060.195200 381.251200 1.000000
1311.995200 2412.912000 1067.244800 333.292800 1.000000
1312.283200 2282.800000 1067.280000 200.473600 1.000000
1315.849600 2297.104000 1072.131200 216.547200 1.000000
1324.246400 2242.640000 1080.542400 157.336960 1.000000
1324.966400 2245.968000 1081.121600 163.763200 1.000000
1333.984000 2452.848000 1091.329600 375.448000 1.000000
1335.436800 2194.176000 1092.732800 109.616320 1.000000
1400.476800 2804.192000 1235.476800 706.073600 1.000000
2110.864000 2769.776000 1840.752000 787.254400 1.000000
2579.152000 1405.230400 2213.600000 1750.880000 1.000000
2608.784000 1744.048000 2253.376000 1783.952000 1.000000
2679.760000 1909.456000 2315.472000 1799.104000 1.000000
2650.016000 1205.984000 2354.512000 1590.348800 1.000000
2620.704000 1158.827200 2354.704000 1513.524800 1.000000
2485.312000 626.360000 2390.144000 625.585600 1.000000
2660.608000 1712.608000 2402.336000 1623.120000 1.000000
2722.000000 1088.561600 2481.872000 1488.892800 1.000000
