208.385600 2640.688000 37.444320 832.308800 1.000000
245.494400 2431.440000 51.341600 600.004800 1.000000
232.118400 2712.336000 69.385440 907.953600 1.000000
255.825600 2632.912000 88.910720 830.979200 1.000000
258.545600 2700.944000 97.788160 897.884800 1.000000
284.128000 2578.000000 108.866080 773.259200 1.000000
322.614400 2563.152000 148.340160 763.836800 1.000000
321.764800 2611.648000 150.582400 813.193600 1.000000
325.923200 2590.624000 153.049120 793.294400 1.000000
340.465600 2600.512000 169.092800 806.891200 1.000000
343.595200 2708.064000 183.204800 922.006400 1.000000
393.745600 2653.936000 228.753600 865.052800 1.000000
414.937600 2636.656000 248.182400 852.595200 1.000000
437.038400 2505.216000 252.928000 716.108800 1.000000
432.561600 2601.296000 262.408000 817.108800 1.000000
442.760000 2515.856000 263.163200 730.633600 1.000000
441.364800 2714.272000 282.740800 939.472000 1.000000
444.441600 2730.768000 283.321600 960.379200 1.000000
443.003200 2701.504000 284.299200 923.601600 1.000000
456.132800 2585.392000 286.712000 803.363200 1.000000
464.864000 2508.224000 288.108800 716.788800 1.000000
467.316800 2472.928000 290.460800 678.916800 1.000000
470.080000 2577.392000 300.068800 798.272000 1.000000
472.588800 2553.728000 302.251200 773.702400 1.000000
480.020800 2570.816000 310.683200 791.718400 1.000000
493.041600 2717.600000 337.424000 951.345600 1.000000
516.593600 2489.872000 339.100800 710.838400 1.000000
533.835200 2430.640000 351.836800 651.633600 1.000000
536.712000 2697.552000 379.096000 937.808000 1.000000
722.526400 1887.376000 511.772800 529.083200 1.000000
703.675200 2162.640000 515.969600 808.891200 1.000000
717.916800 2201.168000 534.433600 850.246400 1.000000
748.710400 1789.360000 536.963200 430.960000 1.000000
750.377600 1784.416000 539.110400 425.780800 1.000000
755.369600 1908.208000 547.204800 559.110400 1.000000
754.521600 1879.760000 550.217600 531.347200 1.000000
745.531200 2099.248000 554.324800 758.096000 1.000000
751.860800 2039.392000 557.654400 701.780800 1.000000
775.539200 1691.408000 559.446400 327.428800 1.000000
758.358400 2081.728000 567.956800 743.601600 1.000000
782.347200 1759.168000 572.907200 406.444800 1.000000
798.715200 1502.972800 576.691200 114.915840 1.000000
768.900800 2184.320000 586.475200 847.342400 1.000000
769.060800 2213.376000 586.652800 875.513600 1.000000
793.236800 1918.384000 590.987200 581.526400 1.000000
791.601600 1875.776000 591.299200 536.073600 1.000000
792.835200 1968.816000 596.812800 634.560000 1.000000
822.560000 1500.600000 604.179200 116.518880 1.000000
820.236800 1692.192000 609.172800 340.115200 1.000000
791.896000 2170.608000 609.182400 839.076800 1.000000
809.768000 1958.320000 612.556800 628.643200 1.000000
836.313600 1439.361600 615.620800 44.554240 1.000000
834.571200 1504.206400 617.564800 124.856800 1.000000
835.201600 1538.632000 619.980800 166.947200 1.000000
806.457600 2140.080000 622.609600 812.537600 1.000000
795.046400 2424.912000 628.324800 1074.913600 1.000000
799.556800 2403.280000 630.937600 1054.344000 1.000000
835.283200 1933.392000 639.667200 610.544000 1.000000
842.084800 1807.232000 640.574400 473.800000 1.000000
851.145600 1720.064000 645.275200 378.510400 1.000000
860.910400 1515.942400 645.707200 144.683520 1.000000
822.296000 2341.920000 649.966400 1002.888000 1.000000
866.265600 1477.491200 651.132800 100.907520 1.000000
853.433600 1948.720000 660.900800 630.624000 1.000000
873.193600 1519.108800 662.817600 151.689280 1.000000
868.243200 1720.000000 664.075200 385.027200 1.000000
857.592000 1938.432000 664.651200 619.848000 1.000000
841.145600 2416.048000 673.536000 1075.012800 1.000000
876.574400 1783.984000 676.249600 455.620800 1.000000
887.942400 1514.280000 677.737600 149.473440 1.000000
891.531200 1461.240000 681.374400 85.456000 1.000000
875.390400 1968.768000 684.718400 657.603200 1.000000
886.806400 1801.328000 686.291200 477.796800 1.000000
889.147200 1706.672000 687.185600 375.304000 1.000000
897.732800 1515.923200 688.163200 154.154720 1.000000
862.916800 2294.240000 689.116800 968.638400 1.000000
867.611200 2218.208000 689.211200 900.201600 1.000000
898.411200 1548.904000 691.088000 194.104000 1.000000
863.995200 2401.424000 694.547200 1064.566400 1.000000
888.702400 1916.848000 697.505600 603.723200 1.000000
910.593600 1464.987200 703.155200 93.704640 1.000000
884.248000 2234.128000 706.966400 916.945600 1.000000
913.168000 1552.235200 708.758400 199.940800 1.000000
914.344000 1576.497600 709.420800 229.116800 1.000000
922.036800 1451.352000 715.888000 79.120640 1.000000
920.211200 1551.185600 716.084800 200.848000 1.000000
885.872000 2397.808000 717.308800 1065.652800 1.000000
920.225600 1778.144000 724.081600 458.681600 1.000000
893.995200 2362.112000 724.769600 1036.321600 1.000000
927.761600 1732.800000 732.628800 409.126400 1.000000
933.721600 1567.068800 732.708800 221.092800 1.000000
918.147200 2042.832000 734.012800 741.808000 1.000000
937.883200 1599.376000 737.084800 260.819200 1.000000
898.854400 2563.760000 737.808000 1206.600000 1.000000
927.427200 1936.496000 741.185600 634.798400 1.000000
932.510400 1818.384000 741.848000 500.713600 1.000000
951.270400 1456.512000 749.289600 90.649440 1.000000
951.321600 1532.304000 750.188800 185.972800 1.000000
943.771200 1777.440000 753.075200 463.148800 1.000000
943.771200 1866.512000 753.641600 563.452800 1.000000
930.334400 2227.872000 755.289600 918.512000 1.000000
953.510400 1724.208000 758.011200 406.070400 1.000000
954.228800 1672.320000 758.811200 348.915200 1.000000
932.731200 2392.496000 763.185600 1067.555200 1.000000
946.038400 2069.248000 764.752000 774.264000 1.000000
948.416000 2040.608000 765.531200 747.820800 1.000000
963.896000 1552.080000 765.939200 210.408000 1.000000
938.928000 2417.312000 771.273600 1092.475200 1.000000
972.476800 1505.356800 775.750400 157.324640 1.000000
951.091200 2246.112000 777.256000 939.054400 1.000000
948.374400 2358.800000 780.352000 1039.451200 1.000000
969.424000 1817.152000 780.657600 512.886400 1.000000
972.803200 1825.632000 783.408000 521.712000 1.000000
982.283200 1434.934400 784.708800 70.727360 1.000000
976.067200 1746.752000 785.716800 432.523200 1.000000
982.262400 1661.488000 789.860800 341.299200 1.000000
983.702400 1670.144000 790.606400 352.574400 1.000000
976.195200 1949.168000 790.937600 658.665600 1.000000
970.590400 2131.552000 791.672000 839.782400 1.000000
986.784000 1559.979200 792.417600 225.748800 1.000000
968.377600 2266.416000 795.825600 961.822400 1.000000
994.464000 1440.889600 797.790400 81.292160 1.000000
993.086400 1509.033600 798.233600 165.142400 1.000000
990.969600 1797.952000 800.454400 493.398400 1.000000
997.665600 1416.275200 802.382400 51.321280 1.000000
1002.590400 1425.892800 807.814400 65.148800 1.000000
1003.430400 1431.395200 809.420800 71.208640 1.000000
1003.464000 1526.384000 810.064000 188.798400 1.000000
982.270400 2356.720000 812.249600 1045.409600 1.000000
1001.750400 1778.864000 815.011200 474.747200 1.000000
1005.961600 1697.136000 819.542400 387.732800 1.000000
1010.841600 1754.528000 823.721600 447.214400 1.000000
993.696000 2223.856000 823.998400 923.547200 1.000000
1005.468800 1965.984000 825.142400 680.430400 1.000000
1001.520000 2188.048000 826.318400 894.184000 1.000000
1007.136000 2061.792000 828.065600 778.840000 1.000000
1011.625600 2044.528000 832.076800 762.849600 1.000000
1008.084800 2359.120000 834.496000 1054.225600 1.000000
1010.481600 2313.632000 840.844800 1013.246400 1.000000
1027.726400 1775.936000 841.380800 475.011200 1.000000
1019.145600 2076.496000 841.987200 795.606400 1.000000
1033.835200 1436.048000 845.353600 81.875040 1.000000
1040.256000 1473.409600 849.848000 128.638880 1.000000
1044.099200 1520.825600 854.868800 189.756800 1.000000
1042.617600 1693.648000 857.584000 389.529600 1.000000
1023.324800 2489.792000 857.702400 1166.596800 1.000000
1041.972800 1862.784000 858.038400 575.307200 1.000000
1046.948800 1412.070400 859.820800 55.723680 1.000000
1037.035200 2083.328000 861.102400 803.467200 1.000000
1038.808000 2278.432000 868.270400 985.576000 1.000000
1055.116800 1397.832000 869.251200 40.583840 1.000000
1056.259200 1482.156800 869.744000 144.354560 1.000000
1053.510400 1849.792000 871.364800 563.921600 1.000000
1054.460800 1700.064000 871.491200 398.724800 1.000000
1056.736000 1570.753600 872.334400 252.326400 1.000000
1045.208000 2138.816000 872.363200 858.966400 1.000000
1056.920000 1743.392000 873.657600 445.728000 1.000000
1062.790400 1867.984000 879.192000 588.163200 1.000000
1065.443200 1722.144000 882.243200 424.920000 1.000000
1068.886400 1525.904000 883.540800 201.161600 1.000000
1068.825600 1713.328000 886.337600 416.411200 1.000000
1061.913600 2155.152000 886.792000 876.176000 1.000000
1064.355200 2041.296000 888.643200 767.412800 1.000000
1064.390400 2219.872000 892.316800 936.067200 1.000000
1064.860800 2240.416000 893.747200 954.019200 1.000000
1078.960000 1718.848000 899.372800 424.785600 1.000000
1076.107200 2196.880000 902.300800 915.528000 1.000000
1079.259200 1979.344000 902.846400 707.761600 1.000000
1074.004800 2276.112000 903.795200 988.563200 1.000000
1079.281600 2114.544000 905.337600 840.702400 1.000000
1089.880000 1784.592000 910.731200 494.614400 1.000000
1094.004800 1559.369600 914.814400 247.544000 1.000000
1102.672000 1469.985600 923.230400 139.225600 1.000000
1102.561600 1774.416000 924.833600 486.534400 1.000000
1102.721600 1821.728000 926.368000 540.304000 1.000000
1104.502400 1752.176000 926.772800 464.748800 1.000000
1102.401600 2134.848000 928.840000 861.110400 1.000000
1103.728000 2009.168000 930.384000 742.315200 1.000000
1102.790400 2216.880000 932.227200 937.073600 1.000000
1109.228800 1797.184000 932.528000 512.352000 1.000000
1112.099200 1602.176000 933.340800 298.531200 1.000000
1100.862400 2466.400000 934.073600 1159.448000 1.000000
1111.704000 1775.824000 934.441600 490.001600 1.000000
1116.640000 1513.113600 939.563200 195.886400 1.000000
1115.755200 2220.848000 945.636800 942.936000 1.000000
1123.387200 1747.952000 947.272000 462.368000 1.000000
1121.414400 1584.897600 947.785600 280.268800 1.000000
1114.548800 2492.192000 947.953600 1183.462400 1.000000
1116.680000 2419.728000 948.185600 1124.513600 1.000000
1126.201600 1762.032000 950.532800 478.475200 1.000000
1126.060800 2013.584000 951.561600 749.056000 1.000000
1120.128000 2445.232000 952.358400 1146.302400 1.000000
1127.819200 1488.086400 953.259200 166.252800 1.000000
1126.176000 1986.304000 953.820800 722.817600 1.000000
1130.715200 1531.051200 954.430400 218.104000 1.000000
1126.550400 2109.344000 956.100800 840.454400 1.000000
1131.188800 1376.336000 956.358400 27.496480 1.000000
1133.012800 1933.968000 960.603200 667.630400 1.000000
1135.320000 1880.016000 961.758400 612.705600 1.000000
1135.006400 1706.368000 963.123200 419.771200 1.000000
1136.795200 2097.984000 964.352000 833.020800 1.000000
1138.033600 2011.552000 965.651200 747.166400 1.000000
1139.745600 2345.520000 968.828800 1062.097600 1.000000
1138.160000 2437.488000 969.870400 1142.854400 1.000000
1141.944000 2283.344000 970.529600 1003.190400 1.000000
1147.393600 1566.968000 974.313600 263.534400 1.000000
1147.675200 1399.832000 976.334400 57.300960 1.000000
1148.534400 1399.211200 977.667200 57.120320 1.000000
1149.516800 1419.276800 978.139200 81.468960 1.000000
1154.905600 1558.422400 981.566400 255.801600 1.000000
1154.958400 1962.880000 984.360000 700.425600 1.000000
1157.976000 1932.304000 986.316800 671.259200 1.000000
1164.545600 1798.800000 992.342400 524.001600 1.000000
1165.798400 1571.056000 992.355200 270.801600 1.000000
1166.035200 1745.168000 995.705600 467.502400 1.000000
1166.838400 2175.952000 996.635200 912.089600 1.000000
1168.534400 1905.600000 998.105600 643.726400 1.000000
1172.102400 1930.688000 1001.540800 670.531200 1.000000
1174.203200 2307.840000 1003.840000 1033.734400 1.000000
1176.667200 1957.104000 1006.166400 697.441600 1.000000
1179.872000 2100.064000 1011.470400 842.616000 1.000000
1180.985600 1919.872000 1011.750400 659.683200 1.000000
1186.884800 1997.296000 1016.422400 737.243200 1.000000
1186.518400 1681.760000 1016.436800 399.763200 1.000000
1190.545600 2525.920000 1016.960000 1227.470400 1.000000
1186.256000 2572.064000 1017.244800 1262.024000 1.000000
1186.539200 1466.729600 1018.710400 150.697440 1.000000
1185.505600 2217.776000 1019.099200 951.924800 1.000000
1186.275200 1768.384000 1019.323200 495.952000 1.000000
1189.755200 2284.000000 1021.732800 1013.315200 1.000000
1191.816000 1754.224000 1023.179200 480.764800 1.000000
1194.734400 1949.616000 1026.321600 693.692800 1.000000
1194.803200 1559.153600 1029.163200 262.934400 1.000000
1196.012800 1569.844800 1029.193600 275.009600 1.000000
1198.811200 1523.990400 1032.889600 220.604800 1.000000
1198.860800 1558.488000 1033.534400 263.155200 1.000000
1200.806400 1907.040000 1033.800000 648.889600 1.000000
1210.601600 2613.344000 1035.606400 1304.680000 1.000000
1204.468800 2042.768000 1035.974400 785.817600 1.000000
1209.857600 1555.227200 1046.020800 260.571200 1.000000
1210.446400 1565.254400 1046.990400 271.456000 1.000000
1212.000000 1498.718400 1047.148800 191.860800 1.000000
1218.883200 2446.480000 1048.913600 1161.977600 1.000000
1220.536000 2404.192000 1049.009600 1124.990400 1.000000
1212.494400 1466.032000 1050.401600 155.278240 1.000000
1220.225600 1928.992000 1053.097600 674.416000 1.000000
1220.310400 1703.104000 1056.134400 430.990400 1.000000
1219.569600 1420.086400 1059.806400 97.152960 1.000000
1227.515200 1563.568000 1065.051200 272.121600 1.000000
1232.969600 2135.728000 1065.582400 885.795200 1.000000
1227.131200 1433.702400 1067.473600 115.728160 1.000000
1239.564800 2483.408000 1069.619200 1196.646400 1.000000
1228.888000 1468.075200 1070.025600 160.003200 1.000000
1242.035200 2438.672000 1070.574400 1160.350400 1.000000
1237.166400 1972.128000 1071.038400 719.633600 1.000000
1242.588800 2106.832000 1076.846400 860.030400 1.000000
1243.435200 1839.104000 1079.148800 582.440000 1.000000
1242.937600 1742.912000 1079.374400 474.225600 1.000000
1237.428800 1452.283200 1079.672000 141.744640 1.000000
1249.395200 2213.296000 1080.008000 955.908800 1.000000
1243.560000 1587.705600 1082.899200 302.385600 1.000000
1253.884800 2548.048000 1084.056000 1255.230400 1.000000
1260.118400 2494.688000 1087.939200 1210.377600 1.000000
1247.436800 1462.835200 1088.667200 153.003360 1.000000
1260.793600 2368.192000 1090.564800 1103.032000 1.000000
1254.347200 1602.064000 1094.712000 320.182400 1.000000
1261.299200 1922.912000 1097.372800 673.668800 1.000000
1253.587200 1401.788800 1100.254400 77.128640 1.000000
1268.027200 1991.920000 1102.859200 743.787200 1.000000
1274.603200 2120.288000 1106.392000 874.516800 1.000000
1275.294400 2139.632000 1107.294400 894.579200 1.000000
1271.041600 1737.232000 1111.358400 473.072000 1.000000
1283.043200 2424.176000 1111.465600 1153.472000 1.000000
1269.252800 1528.193600 1111.612800 236.145600 1.000000
1272.958400 1903.808000 1113.081600 654.747200 1.000000
1268.713600 1444.708800 1115.910400 133.790880 1.000000
1273.737600 1556.777600 1116.539200 270.484800 1.000000
1286.915200 2332.624000 1117.176000 1072.049600 1.000000
1278.876800 1922.160000 1117.203200 674.856000 1.000000
1286.396800 2280.352000 1117.734400 1022.958400 1.000000
1271.406400 1470.123200 1118.060800 164.681600 1.000000
1284.977600 1728.912000 1126.649600 464.838400 1.000000
1297.081600 2359.920000 1127.187200 1098.782400 1.000000
1287.939200 1751.872000 1128.795200 491.731200 1.000000
1302.681600 2489.392000 1129.460800 1213.249600 1.000000
1300.665600 2465.056000 1130.734400 1190.657600 1.000000
1291.606400 1733.968000 1133.180800 472.446400 1.000000
1306.244800 2194.912000 1138.307200 947.187200 1.000000
1293.848000 1511.852800 1141.947200 219.176000 1.000000
1303.083200 1818.864000 1143.747200 564.505600 1.000000
1310.488000 2041.920000 1144.801600 798.747200 1.000000
1315.849600 2297.104000 1146.435200 1043.339200 1.000000
1294.531200 1382.398400 1147.534400 63.662720 1.000000
1301.908800 1585.468800 1148.952000 307.192000 1.000000
1312.361600 1961.968000 1151.422400 718.630400 1.000000
1325.011200 2356.592000 1152.982400 1099.288000 1.000000
1327.416000 2534.416000 1153.952000 1254.056000 1.000000
1312.964800 1808.640000 1153.984000 558.016000 1.000000
1328.235200 2403.472000 1154.500800 1140.793600 1.000000
1324.246400 2242.640000 1156.318400 994.032000 1.000000
1333.984000 2452.848000 1160.336000 1183.084800 1.000000
1322.352000 1976.880000 1161.070400 732.256000 1.000000
1319.068800 1798.640000 1161.075200 546.540800 1.000000
1328.795200 2162.096000 1161.088000 920.142400 1.000000
1330.899200 2279.232000 1161.595200 1030.524800 1.000000
1321.652800 1762.672000 1166.606400 508.035200 1.000000
1324.387200 1723.632000 1169.129600 465.304000 1.000000
1322.630400 1662.496000 1171.211200 399.020800 1.000000
1327.225600 1737.456000 1172.275200 481.588800 1.000000
1322.689600 1512.270400 1172.868800 223.835200 1.000000
1322.206400 1468.870400 1176.486400 168.889600 1.000000
1321.036800 1409.342400 1180.688000 93.585600 1.000000
1338.408000 1720.736000 1182.776000 466.432000 1.000000
1338.454400 1617.104000 1189.091200 348.657600 1.000000
1345.582400 1765.696000 1192.364800 510.504000 1.000000
1340.780800 1598.203200 1193.232000 324.496000 1.000000
1351.073600 1472.243200 1210.100800 173.982400 1.000000
1365.572800 1480.756800 1226.376000 186.369600 1.000000
1366.062400 1470.000000 1227.243200 172.176000 1.000000
1366.161600 1450.184000 1227.979200 147.543200 1.000000
1367.427200 1458.348800 1228.457600 158.137120 1.000000
1369.750400 1421.606400 1234.795200 109.935680 1.000000
1369.236800 1396.425600 1234.872000 81.518240 1.000000
1367.976000 1369.908800 1236.129600 49.234880 1.000000
1400.476800 2804.192000 1249.604800 1481.081600 1.000000
1497.067200 2880.720000 1346.824000 1555.904000 1.000000
2098.160000 2779.984000 1849.488000 1536.220800 1.000000
2097.040000 2648.176000 1851.552000 1450.496000 1.000000
2112.112000 2638.048000 1870.576000 1438.172800 1.000000
2172.176000 2634.784000 1924.672000 1441.027200 1.000000
2367.856000 2683.552000 1999.040000 2275.792000 1.000000
2320.240000 1125.633600 2141.568000 1223.244800 1.000000
2256.336000 1228.856000 2363.776000 859.796800 1.000000
2611.936000 1545.289600 2387.328000 1838.224000 1.000000
2596.880000 1941.712000 2390.208000 1809.200000 1.000000
2573.952000 1185.768000 2455.248000 1403.228800 1.000000
2613.888000 1246.398400 2488.704000 1731.008000 1.000000
2564.720000 1036.433600 2496.608000 1194.459200 1.000000
2620.704000 1158.827200 2510.912000 1392.412800 1.000000
2581.200000 1026.249600 2516.624000 1185.056000 1.000000
2593.472000 1036.009600 2525.136000 1204.400000 1.000000
2707.824000 1120.638400 2599.776000 1396.068800 1.000000
2697.184000 1055.131200 2614.352000 1305.416000 1.000000
2705.776000 1019.995200 2634.288000 1272.108800 1.000000
2708.336000 971.176000 2654.080000 1219.224000 1.000000
2788.288000 1118.259200 2671.728000 1450.958400 1.000000
2407.952000 878.606400 2763.120000 721.140800 1.000000
3201.808000 1480.096000 3320.512000 1067.723200 1.000000
