385.372800 1740.272000 161.729600 2809.568000 1.000000
584.771200 154.426560 460.488000 1204.297600 1.000000
634.824000 1913.680000 528.811200 2726.512000 1.000000
650.988800 2094.096000 546.529600 2916.608000 1.000000
666.313600 2080.064000 563.563200 2897.840000 1.000000
683.316800 1918.144000 583.772800 2715.968000 1.000000
679.966400 1439.310400 594.785600 2213.136000 1.000000
692.428800 1745.632000 596.910400 2530.736000 1.000000
683.012800 1448.764800 597.956800 2221.600000 1.000000
701.001600 2140.064000 600.176000 2957.344000 1.000000
703.675200 2162.640000 601.476800 2982.224000 1.000000
702.704000 2118.816000 601.649600 2933.776000 1.000000
696.984000 1827.696000 602.209600 2612.832000 1.000000
702.139200 1972.896000 602.344000 2772.256000 1.000000
702.646400 2026.160000 604.704000 2828.032000 1.000000
699.411200 1738.656000 605.524800 2520.672000 1.000000
702.840000 1756.032000 608.395200 2540.800000 1.000000
710.198400 2131.424000 609.398400 2946.672000 1.000000
709.384000 2007.312000 610.537600 2808.144000 1.000000
714.528000 2150.448000 614.948800 2966.496000 1.000000
714.643200 2116.368000 615.585600 2928.592000 1.000000
701.120000 1439.761600 616.667200 2210.080000 1.000000
717.284800 1970.896000 621.097600 2765.952000 1.000000
716.000000 1930.992000 621.379200 2722.336000 1.000000
724.675200 2129.104000 626.012800 2940.208000 1.000000
722.873600 1818.176000 630.593600 2596.128000 1.000000
726.790400 1877.792000 632.176000 2663.440000 1.000000
727.401600 1791.440000 635.761600 2568.096000 1.000000
718.793600 1341.899200 639.321600 2107.488000 1.000000
735.643200 1967.936000 640.382400 2759.184000 1.000000
724.030400 1503.384000 640.732800 2266.256000 1.000000
726.590400 1572.145600 641.787200 2335.040000 1.000000
719.164800 1370.915200 641.920000 2130.976000 1.000000
739.361600 2043.456000 643.176000 2843.312000 1.000000
740.532800 1828.560000 647.689600 2607.632000 1.000000
720.326400 1172.171200 648.577600 1938.064000 1.000000
745.531200 2099.248000 650.832000 2898.512000 1.000000
742.494400 1743.312000 651.868800 2515.552000 1.000000
747.982400 1982.640000 653.433600 2773.792000 1.000000
725.955200 1198.579200 653.539200 1961.936000 1.000000
747.004800 1963.312000 653.737600 2752.416000 1.000000
723.864000 1058.596800 656.387200 1831.152000 1.000000
751.860800 2039.392000 657.009600 2831.664000 1.000000
742.006400 1590.550400 657.526400 2350.160000 1.000000
754.521600 1879.760000 661.070400 2660.240000 1.000000
731.299200 1152.888000 661.878400 1919.712000 1.000000
736.464000 1277.801600 662.089600 2039.680000 1.000000
740.777600 1426.729600 663.059200 2183.264000 1.000000
755.369600 1908.208000 664.990400 2689.328000 1.000000
725.121600 782.150400 665.003200 1583.632000 1.000000
742.865600 1328.195200 666.201600 2085.664000 1.000000
759.516800 1804.752000 669.835200 2576.096000 1.000000
762.772800 1860.944000 670.620800 2638.880000 1.000000
745.454400 1286.187200 672.307200 2044.208000 1.000000
743.572800 1213.787200 672.816000 1970.960000 1.000000
751.496000 1397.563200 674.624000 2151.136000 1.000000
744.363200 1136.156800 675.184000 1899.184000 1.000000
762.363200 1766.752000 675.376000 2534.448000 1.000000
773.745600 2115.200000 678.212800 2917.264000 1.000000
749.904000 1142.969600 679.897600 1905.904000 1.000000
774.969600 2158.000000 680.156800 2967.232000 1.000000
767.358400 1713.312000 680.633600 2478.016000 1.000000
762.115200 1526.032000 680.670400 2281.808000 1.000000
757.214400 1391.305600 681.124800 2143.952000 1.000000
775.363200 1968.992000 682.400000 2754.736000 1.000000
744.225600 953.814400 683.076800 1726.704000 1.000000
760.260800 1305.768000 686.182400 2062.944000 1.000000
768.515200 1617.808000 686.312000 2374.000000 1.000000
764.020800 1426.620800 687.083200 2178.336000 1.000000
758.542400 1180.777600 688.691200 1937.488000 1.000000
770.940800 1602.784000 689.388800 2358.096000 1.000000
774.321600 1667.664000 689.603200 2426.592000 1.000000
753.513600 969.083200 692.380800 1739.808000 1.000000
777.259200 1682.672000 692.884800 2441.440000 1.000000
774.091200 1527.744000 693.950400 2280.272000 1.000000
760.670400 1159.286400 694.668800 1916.512000 1.000000
791.896000 2170.608000 695.734400 2981.424000 1.000000
786.552000 1866.640000 695.828800 2642.400000 1.000000
786.464000 2015.200000 696.897600 2805.408000 1.000000
772.976000 1403.609600 697.148800 2153.808000 1.000000
762.059200 1019.040000 698.056000 1786.048000 1.000000
755.816000 792.494400 698.443200 1582.480000 1.000000
759.417600 980.505600 699.129600 1750.608000 1.000000
763.331200 1052.142400 699.156800 1816.080000 1.000000
776.555200 1473.110400 699.448000 2223.936000 1.000000
785.830400 1705.680000 699.483200 2465.952000 1.000000
791.601600 1875.776000 700.192000 2650.928000 1.000000
761.163200 923.569600 701.219200 1695.120000 1.000000
756.748800 679.056000 702.761600 1479.705600 1.000000
771.868800 1239.953600 703.020800 1991.232000 1.000000
784.083200 1532.984000 703.859200 2284.064000 1.000000
776.993600 1332.769600 704.376000 2081.232000 1.000000
781.520000 1410.988800 705.040000 2160.384000 1.000000
773.008000 1117.520000 705.612800 1877.776000 1.000000
768.278400 981.051200 706.844800 1749.152000 1.000000
800.603200 2116.832000 707.489600 2916.336000 1.000000
758.427200 588.916800 707.686400 1402.236800 1.000000
767.849600 891.259200 708.422400 1667.280000 1.000000
765.273600 703.766400 710.793600 1502.187200 1.000000
797.086400 1771.088000 711.747200 2532.080000 1.000000
766.932800 680.284800 712.171200 1478.800000 1.000000
773.572800 946.385600 713.041600 1715.360000 1.000000
805.920000 2080.048000 713.963200 2873.968000 1.000000
804.518400 1911.104000 714.744000 2684.416000 1.000000
796.528000 1596.910400 715.142400 2347.712000 1.000000
769.230400 668.347200 716.396800 1468.036800 1.000000
789.043200 1330.667200 717.222400 2076.992000 1.000000
790.046400 1295.139200 718.108800 2044.400000 1.000000
794.609600 1408.545600 719.012800 2157.024000 1.000000
768.137600 561.976000 719.880000 1376.606400 1.000000
792.443200 1310.464000 720.161600 2057.344000 1.000000
780.987200 965.267200 720.619200 1731.504000 1.000000
798.715200 1502.972800 720.731200 2251.168000 1.000000
797.995200 1456.883200 720.889600 2203.856000 1.000000
788.696000 1108.580800 722.297600 1866.672000 1.000000
793.176000 1224.062400 724.883200 1973.792000 1.000000
797.299200 1322.388800 725.275200 2066.944000 1.000000
800.190400 1366.230400 726.148800 2112.560000 1.000000
772.110400 456.251200 726.323200 1285.377600 1.000000
781.216000 719.931200 726.324800 1510.678400 1.000000
794.889600 1061.121600 727.259200 1820.944000 1.000000
804.580800 1473.694400 727.305600 2219.664000 1.000000
816.921600 1919.568000 727.489600 2692.608000 1.000000
784.134400 785.545600 728.243200 1567.835200 1.000000
814.931200 1800.160000 728.699200 2563.376000 1.000000
803.697600 1387.036800 728.876800 2134.864000 1.000000
784.323200 776.203200 728.934400 1560.195200 1.000000
797.080000 1094.166400 729.576000 1849.168000 1.000000
798.115200 1184.820800 730.262400 1935.648000 1.000000
786.272000 744.020800 730.977600 1534.560000 1.000000
784.153600 652.953600 731.779200 1452.099200 1.000000
794.411200 1002.489600 732.080000 1765.024000 1.000000
812.384000 1555.646400 733.643200 2302.400000 1.000000
793.894400 935.448000 734.028800 1702.048000 1.000000
796.176000 967.593600 734.356800 1731.680000 1.000000
782.083200 486.419200 734.508800 1310.403200 1.000000
825.307200 2033.232000 734.700800 2819.936000 1.000000
806.400000 1278.731200 735.740800 2024.144000 1.000000
802.819200 1122.632000 736.022400 1877.472000 1.000000
798.328000 931.820800 738.048000 1697.184000 1.000000
827.460800 1874.288000 738.123200 2644.672000 1.000000
794.939200 808.262400 738.835200 1587.112000 1.000000
830.907200 2027.104000 739.412800 2811.232000 1.000000
814.276800 1390.422400 739.417600 2135.232000 1.000000
825.617600 1801.360000 740.248000 2563.712000 1.000000
825.352000 1750.048000 740.411200 2506.432000 1.000000
828.788800 1852.512000 740.792000 2621.104000 1.000000
807.804800 1169.080000 740.860800 1919.472000 1.000000
828.572800 1835.104000 741.057600 2600.320000 1.000000
801.396800 897.614400 742.758400 1665.280000 1.000000
815.736000 1311.774400 743.427200 2055.440000 1.000000
822.560000 1500.600000 744.366400 2244.960000 1.000000
793.102400 537.358400 744.808000 1349.222400 1.000000
812.286400 1121.683200 744.830400 1874.304000 1.000000
796.348800 627.265600 745.174400 1427.756800 1.000000
816.425600 1276.262400 745.347200 2020.800000 1.000000
825.430400 1574.382400 745.472000 2320.240000 1.000000
793.248000 473.228800 746.104000 1296.867200 1.000000
834.849600 1862.464000 746.569600 2631.920000 1.000000
824.545600 1509.073600 746.878400 2252.592000 1.000000
804.382400 831.516800 747.158400 1606.832000 1.000000
795.281600 563.851200 747.193600 1373.326400 1.000000
835.283200 1933.392000 747.206400 2705.744000 1.000000
809.230400 1003.459200 747.254400 1762.176000 1.000000
808.891200 1015.240000 747.316800 1773.968000 1.000000
840.308800 2134.720000 747.708800 2932.928000 1.000000
813.017600 1137.718400 748.302400 1887.536000 1.000000
836.795200 1966.944000 748.452800 2742.768000 1.000000
809.108800 960.257600 748.640000 1722.400000 1.000000
814.422400 1158.465600 748.649600 1908.704000 1.000000
832.427200 1727.840000 748.835200 2482.992000 1.000000
794.848000 428.899200 750.091200 1259.040000 1.000000
795.644800 330.572800 750.366400 1180.321600 1.000000
818.772800 1149.620800 750.952000 1899.824000 1.000000
814.952000 1034.987200 751.280000 1792.256000 1.000000
821.169600 1220.052800 751.896000 1966.400000 1.000000
843.654400 2164.896000 751.939200 2966.512000 1.000000
842.793600 2106.208000 752.446400 2896.896000 1.000000
824.060800 1312.790400 752.921600 2055.376000 1.000000
829.625600 1453.854400 753.552000 2195.968000 1.000000
820.216000 1080.545600 753.753600 1834.688000 1.000000
798.568000 339.684800 754.494400 1185.812800 1.000000
817.078400 977.011200 755.216000 1737.888000 1.000000
805.116800 571.172800 755.355200 1377.993600 1.000000
819.875200 1113.161600 755.718400 1863.984000 1.000000
826.192000 1278.648000 755.860800 2020.656000 1.000000
800.134400 270.625600 755.940800 1129.179200 1.000000
842.084800 1807.232000 756.078400 2567.728000 1.000000
803.278400 144.752000 757.777600 1031.988800 1.000000
821.072000 1014.380800 757.796800 1771.392000 1.000000
804.212800 448.192000 758.211200 1274.108800 1.000000
835.201600 1538.632000 758.211200 2280.000000 1.000000
808.945600 588.998400 758.504000 1391.968000 1.000000
847.454400 1995.840000 758.515200 2774.816000 1.000000
804.609600 294.755200 759.436800 1149.414400 1.000000
845.700800 1831.936000 759.456000 2594.608000 1.000000
804.251200 74.158240 759.646400 972.064000 1.000000
835.755200 1380.180800 760.985600 2125.264000 1.000000
828.212800 1128.678400 761.051200 1877.664000 1.000000
829.574400 1187.329600 761.523200 1933.936000 1.000000
807.436800 314.628800 762.265600 1165.512000 1.000000
839.457600 1473.046400 762.412800 2214.752000 1.000000
817.977600 730.374400 763.059200 1513.870400 1.000000
850.075200 1849.936000 763.518400 2614.160000 1.000000
819.832000 774.736000 764.273600 1551.193600 1.000000
848.099200 1707.216000 765.339200 2458.992000 1.000000
829.907200 1040.793600 765.790400 1796.048000 1.000000
852.140800 1871.760000 765.966400 2637.520000 1.000000
811.529600 339.798400 766.051200 1183.737600 1.000000
834.982400 1192.440000 766.166400 1938.704000 1.000000
814.044800 472.734400 766.248000 1293.236800 1.000000
817.102400 618.113600 766.400000 1416.158400 1.000000
810.089600 117.538560 766.601600 1007.316800 1.000000
811.804800 266.764800 767.081600 1123.356800 1.000000
842.542400 1431.283200 767.233600 2173.024000 1.000000
844.867200 1514.363200 767.571200 2255.632000 1.000000
851.145600 1720.064000 768.164800 2471.376000 1.000000
837.225600 1276.406400 768.347200 2016.080000 1.000000
813.630400 242.289600 769.995200 1103.416000 1.000000
843.272000 1337.092800 771.537600 2077.424000 1.000000
846.443200 1452.107200 771.659200 2192.400000 1.000000
840.392000 1181.080000 771.776000 1927.712000 1.000000
841.592000 1314.936000 772.347200 2054.816000 1.000000
842.899200 1245.552000 772.462400 1986.432000 1.000000
838.545600 1078.984000 773.078400 1830.240000 1.000000
857.964800 1884.256000 773.161600 2647.920000 1.000000
840.588800 1171.977600 773.259200 1918.096000 1.000000
851.484800 1511.632000 774.059200 2252.784000 1.000000
818.648000 205.028800 774.065600 1074.452800 1.000000
819.552000 391.344000 774.123200 1222.907200 1.000000
821.112000 281.017600 775.380800 1135.492800 1.000000
824.020800 444.348800 775.633600 1269.491200 1.000000
863.264000 1965.760000 776.195200 2738.112000 1.000000
855.435200 1588.494400 776.507200 2331.824000 1.000000
819.924800 63.425600 776.840000 961.513600 1.000000
863.590400 1762.848000 777.305600 2517.600000 1.000000
841.030400 1023.934400 777.745600 1778.080000 1.000000
830.577600 605.409600 778.001600 1404.284800 1.000000
833.259200 751.358400 778.196800 1530.636800 1.000000
824.091200 369.635200 778.748800 1203.670400 1.000000
824.347200 289.792000 778.939200 1142.400000 1.000000
864.689600 1834.160000 779.825600 2594.688000 1.000000
864.201600 1903.232000 780.254400 2669.088000 1.000000
865.969600 1865.456000 780.483200 2628.848000 1.000000
855.736000 1400.092800 780.923200 2141.552000 1.000000
838.761600 807.856000 781.452800 1581.096000 1.000000
869.492800 2005.600000 781.473600 2780.080000 1.000000
856.900800 1386.937600 781.521600 2127.792000 1.000000
832.728000 593.385600 781.942400 1393.404800 1.000000
854.046400 1328.371200 782.179200 2066.384000 1.000000
830.424000 447.958400 782.976000 1271.115200 1.000000
828.307200 272.499200 783.145600 1126.833600 1.000000
868.208000 1694.272000 783.163200 2442.816000 1.000000
830.249600 382.708800 783.428800 1215.936000 1.000000
838.996800 785.828800 784.008000 1560.574400 1.000000
831.569600 409.907200 784.086400 1239.472000 1.000000
865.878400 1732.800000 784.292800 2481.936000 1.000000
870.883200 1995.504000 784.332800 2769.040000 1.000000
828.761600 104.351840 784.505600 993.646400 1.000000
872.568000 2125.216000 784.900800 2916.944000 1.000000
861.136000 1491.960000 785.056000 2231.584000 1.000000
868.243200 1720.000000 785.740800 2469.584000 1.000000
866.016000 1662.400000 786.318400 2408.000000 1.000000
856.451200 1244.331200 786.356800 1985.616000 1.000000
857.608000 1344.939200 786.534400 2084.384000 1.000000
855.121600 1198.950400 786.611200 1941.664000 1.000000
872.123200 1929.568000 786.620800 2697.120000 1.000000
839.627200 679.227200 786.836800 1466.251200 1.000000
832.139200 242.692800 786.843200 1102.076800 1.000000
833.046400 126.294720 787.571200 1011.654400 1.000000
875.390400 1968.768000 789.035200 2739.136000 1.000000
853.707200 1110.795200 789.694400 1856.784000 1.000000
843.315200 663.964800 790.729600 1452.737600 1.000000
860.985600 1278.761600 790.832000 2016.960000 1.000000
876.630400 1814.528000 791.201600 2572.288000 1.000000
854.492800 959.361600 792.068800 1715.600000 1.000000
867.707200 1432.091200 792.467200 2169.936000 1.000000
876.574400 1783.984000 792.486400 2539.328000 1.000000
846.192000 715.411200 792.552000 1496.040000 1.000000
870.004800 1530.067200 793.307200 2268.944000 1.000000
842.931200 458.062400 794.083200 1278.913600 1.000000
882.747200 2165.456000 794.092800 2961.968000 1.000000
848.731200 702.734400 794.326400 1484.315200 1.000000
868.348800 1396.241600 794.344000 2134.976000 1.000000
865.196800 1167.750400 795.763200 1914.192000 1.000000
840.996800 348.446400 795.803200 1186.462400 1.000000
866.646400 1271.891200 796.192000 2010.048000 1.000000
851.310400 731.075200 797.304000 1510.278400 1.000000
861.366400 1025.763200 797.433600 1777.552000 1.000000
861.520000 997.395200 797.992000 1750.592000 1.000000
847.393600 502.841600 798.785600 1313.398400 1.000000
886.180800 1936.032000 799.110400 2703.168000 1.000000
857.548800 827.523200 799.374400 1595.750400 1.000000
874.643200 1406.974400 799.537600 2144.944000 1.000000
865.740800 1103.001600 800.027200 1848.592000 1.000000
867.283200 1131.412800 800.448000 1874.960000 1.000000
855.052800 704.129600 800.548800 1485.454400 1.000000
864.208000 1014.515200 800.670400 1765.360000 1.000000
848.603200 371.176000 802.305600 1204.315200 1.000000
886.017600 1840.576000 802.572800 2598.656000 1.000000
888.702400 1916.848000 803.955200 2682.384000 1.000000
874.105600 1256.512000 804.425600 1994.464000 1.000000
890.249600 2069.888000 804.520000 2850.112000 1.000000
861.451200 711.747200 804.744000 1492.700800 1.000000
859.648000 645.409600 805.702400 1434.779200 1.000000
886.806400 1801.328000 805.988800 2554.432000 1.000000
857.992000 630.504000 806.025600 1421.283200 1.000000
875.870400 1233.232000 806.955200 1972.176000 1.000000
887.980800 1729.392000 807.041600 2476.496000 1.000000
861.390400 667.280000 807.497600 1453.184000 1.000000
865.732800 775.124800 808.500800 1548.537600 1.000000
854.307200 155.715840 808.694400 1028.934400 1.000000
854.379200 185.332800 809.603200 1052.691200 1.000000
855.766400 177.806400 809.980800 1046.440000 1.000000
892.987200 1866.176000 810.174400 2625.616000 1.000000
896.694400 2086.400000 810.257600 2869.952000 1.000000
895.560000 1992.096000 810.785600 2762.512000 1.000000
861.241600 522.558400 811.059200 1330.238400 1.000000
877.238400 1079.393600 811.251200 1827.344000 1.000000
887.006400 1433.192000 811.384000 2170.112000 1.000000
857.174400 161.953600 811.926400 1033.692800 1.000000
880.896000 1201.824000 811.972800 1942.048000 1.000000
897.422400 2003.408000 812.636800 2773.184000 1.000000
889.222400 1528.900800 812.788800 2265.536000 1.000000
860.521600 281.083200 813.180800 1130.672000 1.000000
897.651200 1944.576000 813.520000 2709.872000 1.000000
863.179200 491.000000 813.544000 1302.022400 1.000000
869.315200 721.073600 813.881600 1499.078400 1.000000
870.606400 739.128000 814.291200 1514.785600 1.000000
861.604800 372.204800 814.696000 1205.380800 1.000000
900.964800 1971.072000 814.894400 2741.248000 1.000000
865.889600 596.761600 815.041600 1387.220800 1.000000
867.456000 564.931200 815.776000 1363.753600 1.000000
874.683200 848.532800 817.236800 1611.216000 1.000000
881.988800 994.521600 818.238400 1746.000000 1.000000
899.945600 1738.064000 818.790400 2484.736000 1.000000
884.857600 1086.508800 819.620800 1829.936000 1.000000
884.124800 1032.896000 819.987200 1780.992000 1.000000
881.334400 959.340800 820.174400 1712.496000 1.000000
867.792000 346.633600 820.289600 1182.331200 1.000000
881.470400 800.435200 822.398400 1568.993600 1.000000
885.825600 977.158400 823.131200 1729.008000 1.000000
889.625600 1115.788800 823.196800 1858.176000 1.000000
891.689600 1174.257600 823.350400 1915.200000 1.000000
872.660800 451.027200 823.734400 1267.644800 1.000000
869.790400 288.828800 823.748800 1136.174400 1.000000
869.889600 136.782080 824.865600 1011.438400 1.000000
894.281600 1211.492800 825.300800 1949.968000 1.000000
874.025600 443.934400 825.630400 1260.924800 1.000000
885.276800 836.636800 826.188800 1599.643200 1.000000
875.648000 265.716800 827.334400 1116.828800 1.000000
897.384000 1227.774400 827.812800 1964.752000 1.000000
877.372800 229.417600 829.368000 1085.504000 1.000000
877.588800 257.601600 829.611200 1110.473600 1.000000
874.910400 28.593920 830.350400 925.740800 1.000000
880.942400 424.368000 830.880000 1244.918400 1.000000
882.417600 474.454400 831.268800 1286.881600 1.000000
878.835200 203.577600 831.795200 1064.803200 1.000000
889.995200 786.251200 831.808000 1555.572800 1.000000
914.222400 1758.320000 832.188800 2507.408000 1.000000
877.651200 48.599360 832.230400 940.856000 1.000000
880.172800 177.595200 832.774400 1043.620800 1.000000
894.536000 954.905600 833.089600 1708.176000 1.000000
911.305600 1608.672000 833.172800 2347.408000 1.000000
918.716800 1975.872000 833.419200 2744.224000 1.000000
906.926400 1360.256000 833.937600 2091.936000 1.000000
918.147200 2042.832000 834.372800 2816.608000 1.000000
882.204800 310.310400 834.696000 1149.788800 1.000000
892.448000 792.305600 834.852800 1561.225600 1.000000
896.636800 924.755200 835.388800 1679.120000 1.000000
891.078400 672.576000 835.896000 1453.312000 1.000000
893.932800 819.908800 836.001600 1583.854400 1.000000
910.593600 1464.987200 836.404800 2197.840000 1.000000
902.056000 1092.854400 836.641600 1835.472000 1.000000
910.908800 1388.260800 836.763200 2123.424000 1.000000
886.137600 450.763200 837.152000 1265.643200 1.000000
922.249600 2132.416000 837.380800 2917.536000 1.000000
883.276800 18.842720 837.385600 916.864000 1.000000
920.225600 1778.144000 837.630400 2529.008000 1.000000
886.164800 340.060800 837.851200 1175.288000 1.000000
889.406400 386.752000 838.452800 1212.566400 1.000000
892.454400 581.425600 839.076800 1375.360000 1.000000
894.422400 636.300800 839.107200 1424.078400 1.000000
924.403200 2062.368000 839.576000 2838.240000 1.000000
890.960000 533.736000 839.699200 1335.324800 1.000000
904.588800 1015.150400 839.801600 1762.592000 1.000000
914.344000 1576.497600 839.817600 2313.328000 1.000000
890.889600 433.979200 840.068800 1251.692800 1.000000
895.222400 648.833600 840.574400 1433.416000 1.000000
889.830400 335.806400 841.403200 1171.272000 1.000000
894.099200 505.950400 841.616000 1310.622400 1.000000
909.011200 1067.654400 841.876800 1810.240000 1.000000
926.428800 1901.968000 841.905600 2661.536000 1.000000
927.427200 1936.496000 842.366400 2700.240000 1.000000
898.958400 689.158400 842.593600 1467.808000 1.000000
910.259200 1066.241600 843.841600 1808.064000 1.000000
912.846400 1129.766400 843.843200 1869.616000 1.000000
905.739200 901.144000 844.019200 1658.000000 1.000000
892.848000 221.665600 844.499200 1079.675200 1.000000
904.384000 847.387200 845.004800 1607.120000 1.000000
928.929600 1922.800000 845.393600 2684.320000 1.000000
914.822400 1152.192000 846.030400 1890.352000 1.000000
912.632000 1097.529600 846.142400 1837.456000 1.000000
896.822400 369.099200 846.232000 1197.043200 1.000000
903.220800 720.528000 846.488000 1494.518400 1.000000
896.617600 331.025600 846.822400 1166.145600 1.000000
905.072000 758.900800 846.822400 1530.374400 1.000000
896.897600 443.929600 846.921600 1258.235200 1.000000
893.795200 63.508640 847.710400 951.606400 1.000000
933.566400 2187.568000 847.876800 2983.696000 1.000000
932.096000 2091.312000 848.299200 2870.352000 1.000000
906.696000 746.404800 848.776000 1518.510400 1.000000
923.616000 1442.203200 848.828800 2174.768000 1.000000
896.395200 152.803520 848.936000 1022.097600 1.000000
933.142400 1998.144000 849.564800 2766.096000 1.000000
896.732800 33.462240 850.419200 927.276800 1.000000
913.636800 1000.265600 850.446400 1747.552000 1.000000
925.078400 1459.374400 850.625600 2190.576000 1.000000
905.403200 594.547200 850.740800 1385.396800 1.000000
905.657600 657.576000 850.750400 1439.620800 1.000000
927.913600 1543.860800 851.137600 2276.944000 1.000000
932.510400 1818.384000 851.222400 2568.304000 1.000000
929.723200 1616.272000 851.305600 2352.416000 1.000000
928.497600 1556.320000 851.804800 2289.728000 1.000000
902.294400 429.761600 852.267200 1246.385600 1.000000
907.483200 619.758400 852.299200 1407.478400 1.000000
904.371200 405.417600 852.574400 1227.529600 1.000000
901.635200 252.580800 852.593600 1102.044800 1.000000
919.849600 1030.395200 853.683200 1775.920000 1.000000
906.304000 536.537600 854.113600 1337.171200 1.000000
905.054400 369.436800 854.308800 1197.102400 1.000000
904.851200 421.920000 854.673600 1240.123200 1.000000
933.721600 1567.068800 855.713600 2300.896000 1.000000
905.184000 299.587200 856.256000 1139.404800 1.000000
905.886400 311.116800 857.256000 1149.443200 1.000000
914.244800 696.288000 857.297600 1473.304000 1.000000
912.593600 593.238400 858.268800 1383.563200 1.000000
933.796800 1506.020800 858.496000 2237.600000 1.000000
916.156800 721.350400 858.779200 1495.484800 1.000000
907.556800 187.691200 859.064000 1050.348800 1.000000
921.809600 994.147200 859.185600 1739.808000 1.000000
921.169600 916.651200 859.289600 1669.552000 1.000000
910.675200 433.088000 859.468800 1248.328000 1.000000
941.577600 1876.496000 859.545600 2631.648000 1.000000
909.483200 288.992000 859.816000 1130.110400 1.000000
937.883200 1599.376000 860.033600 2335.024000 1.000000
943.577600 1988.704000 860.177600 2754.000000 1.000000
909.118400 163.921600 860.275200 1030.262400 1.000000
940.617600 1736.768000 860.744000 2480.688000 1.000000
931.281600 1225.049600 861.720000 1958.608000 1.000000
923.769600 901.275200 861.792000 1655.248000 1.000000
916.032000 565.673600 861.934400 1359.918400 1.000000
932.294400 1318.872000 862.201600 2049.168000 1.000000
930.494400 1156.076800 862.425600 1893.936000 1.000000
912.920000 268.760000 862.579200 1113.382400 1.000000
917.702400 623.828800 862.928000 1409.452800 1.000000
943.771200 1777.440000 863.336000 2524.464000 1.000000
923.865600 694.860800 865.584000 1470.811200 1.000000
914.977600 262.136000 865.822400 1107.401600 1.000000
916.867200 327.158400 866.102400 1161.894400 1.000000
950.393600 2147.424000 866.340800 2933.856000 1.000000
921.456000 223.273600 866.569600 1086.516800 1.000000
922.068800 590.297600 867.344000 1379.430400 1.000000
918.833600 375.803200 867.507200 1201.720000 1.000000
947.099200 1729.040000 868.164800 2471.184000 1.000000
950.558400 1944.704000 868.200000 2705.552000 1.000000
932.297600 974.532800 868.854400 1721.616000 1.000000
917.950400 106.040480 868.880000 982.699200 1.000000
933.096000 981.504000 868.926400 1728.192000 1.000000
919.460800 202.620800 869.187200 1061.435200 1.000000
935.635200 1101.313600 869.387200 1839.632000 1.000000
939.576000 1263.884800 869.428800 1995.200000 1.000000
918.888000 49.358560 870.324800 937.041600 1.000000
921.353600 354.739200 870.387200 1183.844800 1.000000
939.214400 1132.328000 870.587200 1870.624000 1.000000
954.651200 2056.208000 870.734400 2828.224000 1.000000
931.355200 833.270400 870.772800 1591.881600 1.000000
948.888000 1678.608000 871.251200 2415.856000 1.000000
934.216000 949.017600 871.252800 1696.784000 1.000000
920.680000 117.035520 871.438400 991.721600 1.000000
926.992000 572.504000 872.248000 1364.692800 1.000000
954.155200 1869.904000 872.563200 2623.072000 1.000000
922.339200 249.472000 872.676800 1096.993600 1.000000
938.248000 1014.755200 872.699200 1759.232000 1.000000
945.579200 1389.171200 873.067200 2118.752000 1.000000
925.414400 491.120000 873.286400 1295.241600 1.000000
949.555200 1469.273600 874.568000 2200.480000 1.000000
925.476800 186.899200 874.715200 1048.001600 1.000000
930.249600 660.182400 875.025600 1438.398400 1.000000
925.379200 78.049600 875.488000 959.632000 1.000000
946.278400 1288.600000 875.592000 2017.952000 1.000000
932.958400 678.736000 875.606400 1455.812800 1.000000
927.336000 293.587200 875.764800 1132.078400 1.000000
957.848000 1960.240000 875.808000 2721.904000 1.000000
930.881600 651.889600 876.248000 1431.961600 1.000000
947.939200 1280.929600 876.918400 2011.168000 1.000000
960.776000 2004.528000 878.164800 2770.848000 1.000000
927.875200 65.371200 878.619200 949.331200 1.000000
952.684800 1362.785600 878.625600 2093.808000 1.000000
953.281600 1352.486400 878.916800 2083.520000 1.000000
930.385600 179.377600 879.766400 1042.038400 1.000000
929.744000 135.784800 879.769600 1006.788800 1.000000
933.929600 488.737600 880.108800 1293.224000 1.000000
937.617600 633.209600 880.772800 1415.324800 1.000000
963.801600 1894.672000 881.230400 2649.760000 1.000000
932.942400 159.901920 881.926400 1026.160000 1.000000
965.572800 2194.624000 882.360000 2988.832000 1.000000
938.526400 643.620800 882.467200 1423.800000 1.000000
965.014400 1869.456000 882.569600 2619.472000 1.000000
963.355200 1791.088000 882.652800 2537.792000 1.000000
965.862400 1911.152000 883.518400 2666.608000 1.000000
935.467200 129.788480 884.611200 1000.428800 1.000000
940.840000 587.438400 885.038400 1375.897600 1.000000
943.785600 636.371200 886.681600 1417.089600 1.000000
962.787200 1504.931200 887.403200 2233.456000 1.000000
946.681600 730.134400 887.662400 1500.084800 1.000000
938.542400 115.425280 887.736000 988.836800 1.000000
971.766400 2202.576000 888.132800 2998.048000 1.000000
941.059200 383.406400 888.504000 1206.036800 1.000000
942.996800 511.744000 888.708800 1311.752000 1.000000
957.390400 1142.875200 889.092800 1877.152000 1.000000
942.081600 258.622400 889.742400 1102.360000 1.000000
948.604800 789.006400 889.876800 1550.704000 1.000000
949.128000 754.004800 889.995200 1520.718400 1.000000
947.244800 634.299200 890.048000 1416.025600 1.000000
967.945600 1525.697600 890.422400 2255.440000 1.000000
973.867200 2088.752000 890.947200 2864.032000 1.000000
944.025600 464.502400 891.120000 1272.108800 1.000000
957.268800 1033.761600 891.716800 1773.568000 1.000000
973.390400 1878.016000 892.577600 2628.704000 1.000000
971.820800 1651.216000 893.214400 2384.784000 1.000000
945.937600 90.798080 893.248000 969.030400 1.000000
945.801600 424.198400 893.315200 1235.444800 1.000000
968.072000 1386.998400 895.091200 2115.184000 1.000000
971.384000 1513.432000 895.897600 2241.536000 1.000000
947.987200 170.129600 896.280000 1033.201600 1.000000
972.476800 1505.356800 896.736000 2233.440000 1.000000
977.763200 1924.544000 897.646400 2680.992000 1.000000
957.257600 715.984000 898.228800 1486.515200 1.000000
958.328000 732.649600 898.552000 1501.278400 1.000000
980.339200 2030.272000 898.825600 2796.464000 1.000000
952.288000 466.803200 898.912000 1274.088000 1.000000
953.960000 393.000000 899.099200 1212.584000 1.000000
979.993600 2010.368000 899.110400 2774.624000 1.000000
969.729600 1145.264000 899.881600 1880.944000 1.000000
952.060800 233.440000 900.008000 1081.092800 1.000000
954.787200 295.652800 900.115200 1133.809600 1.000000
974.075200 1366.996800 900.569600 2095.680000 1.000000
956.886400 565.955200 901.156800 1356.380800 1.000000
985.371200 2111.632000 902.116800 2890.192000 1.000000
968.360000 1068.756800 902.553600 1805.664000 1.000000
957.256000 460.808000 903.137600 1267.793600 1.000000
969.227200 1001.505600 903.808000 1742.496000 1.000000
955.190400 329.524800 903.936000 1158.948800 1.000000
956.609600 122.902400 904.510400 994.216000 1.000000
974.260800 1209.350400 904.688000 1938.544000 1.000000
961.648000 617.161600 904.921600 1398.512000 1.000000
985.060800 2188.736000 904.961600 2981.856000 1.000000
979.732800 1450.115200 904.982400 2176.320000 1.000000
974.350400 1065.281600 906.820800 1801.888000 1.000000
989.403200 1861.264000 907.398400 2609.472000 1.000000
975.092800 1083.072000 907.608000 1818.528000 1.000000
977.531200 1239.073600 907.704000 1967.216000 1.000000
962.632000 452.782400 908.120000 1259.985600 1.000000
980.193600 1158.571200 910.166400 1890.688000 1.000000
975.974400 980.588800 910.297600 1723.376000 1.000000
986.784000 1559.979200 910.707200 2287.968000 1.000000
964.896000 194.328000 910.737600 1050.737600 1.000000
968.340800 577.211200 911.108800 1368.123200 1.000000
968.606400 494.192000 911.449600 1296.028800 1.000000
965.211200 284.902400 911.800000 1122.640000 1.000000
990.969600 1797.952000 911.993600 2543.872000 1.000000
978.974400 1025.187200 912.859200 1764.384000 1.000000
967.587200 100.879040 913.088000 977.494400 1.000000
988.267200 1536.248000 913.113600 2262.480000 1.000000
992.451200 1889.536000 913.801600 2637.616000 1.000000
965.328000 131.501280 914.043200 999.686400 1.000000
971.163200 600.267200 914.105600 1384.942400 1.000000
978.899200 944.809600 914.430400 1689.664000 1.000000
988.238400 1354.427200 914.723200 2081.792000 1.000000
985.636800 1333.856000 915.185600 2059.728000 1.000000
983.950400 1100.390400 915.734400 1835.424000 1.000000
995.627200 1834.400000 915.886400 2577.632000 1.000000
991.702400 1492.270400 916.150400 2217.712000 1.000000
989.593600 1384.012800 916.160000 2109.296000 1.000000
991.644800 1573.342400 916.188800 2301.376000 1.000000
982.878400 1070.934400 916.452800 1806.496000 1.000000
969.401600 52.381440 916.481600 935.732800 1.000000
977.387200 769.520000 916.697600 1529.724800 1.000000
995.244800 1722.304000 916.790400 2458.448000 1.000000
972.539200 178.372800 917.216000 1037.947200 1.000000
974.465600 524.092800 917.710400 1319.550400 1.000000
996.545600 1709.760000 918.601600 2444.080000 1.000000
998.956800 1862.080000 919.390400 2608.960000 1.000000
975.400000 411.123200 919.470400 1225.640000 1.000000
994.464000 1440.889600 919.956800 2165.504000 1.000000
974.308800 37.732160 920.083200 924.464000 1.000000
1001.995200 2069.232000 920.164800 2839.088000 1.000000
976.278400 151.790720 920.683200 1017.259200 1.000000
993.387200 1280.454400 921.035200 2006.608000 1.000000
978.668800 169.092800 921.657600 1029.520000 1.000000
1001.390400 2127.664000 921.692800 2905.456000 1.000000
983.649600 754.006400 921.713600 1517.027200 1.000000
1000.648000 1692.064000 922.222400 2426.288000 1.000000
992.832000 1140.249600 923.217600 1872.176000 1.000000
980.726400 522.379200 923.372800 1318.259200 1.000000
997.665600 1416.275200 924.368000 2139.616000 1.000000
1002.518400 1715.216000 924.766400 2449.184000 1.000000
978.361600 233.616000 925.294400 1079.763200 1.000000
991.761600 996.420800 925.968000 1734.720000 1.000000
979.574400 206.475200 926.324800 1058.193600 1.000000
984.369600 575.232000 926.859200 1361.678400 1.000000
1003.464000 1526.384000 928.232000 2251.792000 1.000000
1002.590400 1425.892800 928.404800 2149.808000 1.000000
1011.262400 1797.664000 928.953600 2539.104000 1.000000
985.745600 278.761600 929.948800 1116.107200 1.000000
984.254400 238.134400 930.235200 1083.179200 1.000000
1010.841600 1754.528000 930.689600 2494.272000 1.000000
997.619200 973.115200 931.204800 1714.272000 1.000000
998.272000 1002.228800 931.326400 1740.896000 1.000000
990.321600 588.235200 931.876800 1370.824000 1.000000
1006.112000 1389.088000 932.552000 2113.088000 1.000000
1012.043200 1968.736000 932.886400 2725.408000 1.000000
1004.968000 1252.774400 933.028800 1978.016000 1.000000
1006.059200 1379.899200 933.088000 2103.792000 1.000000
999.966400 1073.108800 933.153600 1811.392000 1.000000
1008.035200 1474.444800 933.496000 2199.136000 1.000000
1013.105600 1822.896000 933.843200 2567.024000 1.000000
997.713600 807.059200 934.584000 1561.636800 1.000000
992.856000 472.753600 935.225600 1274.870400 1.000000
1003.532800 1041.708800 935.736000 1777.568000 1.000000
1006.395200 1261.947200 935.838400 1986.368000 1.000000
1012.724800 1579.784000 936.531200 2306.272000 1.000000
1003.977600 1011.672000 936.574400 1749.328000 1.000000
1012.400000 1554.184000 936.819200 2279.168000 1.000000
1016.868800 2026.224000 936.961600 2789.536000 1.000000
993.784000 149.803520 937.376000 1013.347200 1.000000
996.688000 609.683200 937.526400 1388.820800 1.000000
1016.809600 1831.904000 938.273600 2575.296000 1.000000
994.977600 230.920000 938.321600 1076.376000 1.000000
995.139200 48.623200 939.012800 932.684800 1.000000
997.433600 546.025600 939.289600 1335.934400 1.000000
1011.216000 1296.777600 939.299200 2019.456000 1.000000
995.524800 263.094400 939.787200 1103.164800 1.000000
1019.540800 1864.848000 940.313600 2610.144000 1.000000
1002.193600 749.988800 940.486400 1511.430400 1.000000
1012.051200 1097.748800 941.971200 1828.624000 1.000000
1000.307200 365.878400 942.038400 1185.611200 1.000000
997.171200 209.974400 942.358400 1058.585600 1.000000
1003.499200 642.620800 942.476800 1417.993600 1.000000
1009.691200 1025.406400 942.536000 1761.808000 1.000000
998.534400 176.668800 943.040000 1032.576000 1.000000
1013.384000 1406.457600 943.822400 2130.016000 1.000000
1004.532800 481.540800 945.232000 1281.566400 1.000000
1005.083200 567.427200 945.782400 1353.814400 1.000000
1002.160000 250.385600 946.009600 1093.488000 1.000000
1004.624000 461.707200 946.110400 1265.572800 1.000000
1021.046400 1483.070400 946.161600 2206.032000 1.000000
1021.849600 1515.121600 946.387200 2238.608000 1.000000
1008.419200 701.750400 946.654400 1468.628800 1.000000
1002.446400 188.769600 946.912000 1041.299200 1.000000
1019.084800 1296.953600 947.491200 2019.632000 1.000000
1008.497600 600.595200 947.640000 1380.937600 1.000000
1019.977600 1186.942400 948.449600 1913.344000 1.000000
1017.822400 1097.859200 948.769600 1829.168000 1.000000
1005.838400 174.094400 948.856000 1029.896000 1.000000
1022.049600 1364.382400 949.145600 2087.728000 1.000000
1011.628800 736.750400 950.875200 1497.512000 1.000000
1022.036800 1277.214400 951.190400 2001.280000 1.000000
1030.812800 1883.968000 951.404800 2630.192000 1.000000
1015.776000 804.428800 951.860800 1559.481600 1.000000
1017.206400 786.966400 952.564800 1543.112000 1.000000
1027.046400 1336.931200 953.508800 2059.568000 1.000000
1012.435200 272.601600 953.651200 1108.398400 1.000000
1018.718400 696.145600 955.993600 1463.899200 1.000000
1031.068800 1460.841600 956.249600 2179.888000 1.000000
1037.035200 2083.328000 956.265600 2854.720000 1.000000
1017.214400 593.841600 956.352000 1374.192000 1.000000
1036.998400 1952.528000 957.558400 2705.088000 1.000000
1020.364800 712.054400 957.643200 1476.859200 1.000000
1019.313600 462.294400 959.227200 1263.985600 1.000000
1017.995200 258.472000 959.235200 1097.225600 1.000000
1033.835200 1436.048000 960.105600 2157.264000 1.000000
1018.289600 268.540800 960.153600 1105.545600 1.000000
1029.499200 1069.321600 960.905600 1800.848000 1.000000
1024.340800 687.801600 961.048000 1456.051200 1.000000
1024.873600 795.800000 961.681600 1551.832000 1.000000
1040.366400 1885.264000 961.758400 2631.280000 1.000000
1029.412800 950.070400 961.792000 1689.824000 1.000000
1035.971200 1343.985600 961.838400 2063.904000 1.000000
1040.544000 1767.840000 961.915200 2505.520000 1.000000
1033.568000 1239.731200 962.201600 1963.504000 1.000000
1040.505600 1776.016000 962.227200 2514.496000 1.000000
1040.956800 1965.680000 962.513600 2718.144000 1.000000
1024.876800 572.908800 963.128000 1356.078400 1.000000
1032.584000 1167.707200 963.313600 1895.456000 1.000000
1038.348800 1419.217600 964.118400 2140.288000 1.000000
1022.443200 172.398400 964.145600 1027.350400 1.000000
1038.185600 1488.704000 964.595200 2208.192000 1.000000
1025.766400 383.526400 966.056000 1198.827200 1.000000
1033.616000 937.241600 966.436800 1677.280000 1.000000
1040.054400 1450.150400 966.672000 2171.776000 1.000000
1025.337600 186.086400 966.934400 1038.360000 1.000000
1044.342400 2006.624000 966.977600 2763.552000 1.000000
1027.681600 115.269920 967.124800 982.963200 1.000000
1042.070400 1584.531200 967.176000 2307.952000 1.000000
1028.969600 480.332800 968.124800 1278.804800 1.000000
1040.432000 1249.654400 968.563200 1972.160000 1.000000
1030.820800 467.876800 968.724800 1268.040000 1.000000
1038.220800 1096.288000 968.785600 1826.288000 1.000000
1044.099200 1520.825600 969.411200 2241.312000 1.000000
1041.428800 1163.033600 970.056000 1888.640000 1.000000
1032.182400 535.339200 972.196800 1323.011200 1.000000
1032.892800 381.891200 972.280000 1197.137600 1.000000
1036.558400 775.659200 972.377600 1532.088000 1.000000
1031.096000 280.404800 972.465600 1113.160000 1.000000
1032.862400 542.003200 972.489600 1328.731200 1.000000
1042.123200 976.236800 973.574400 1713.104000 1.000000
1045.096000 1226.865600 974.174400 1949.072000 1.000000
1053.550400 1800.032000 975.347200 2534.912000 1.000000
1035.755200 239.998400 976.465600 1081.225600 1.000000
1051.430400 1439.761600 976.496000 2160.064000 1.000000
1052.593600 1458.497600 977.256000 2177.792000 1.000000
1051.294400 1405.593600 977.347200 2125.152000 1.000000
1053.196800 1429.478400 977.652800 2149.392000 1.000000
1037.185600 232.033600 977.859200 1073.924800 1.000000
1050.771200 1237.704000 978.876800 1959.696000 1.000000
1055.563200 1729.040000 978.977600 2461.200000 1.000000
1057.760000 2134.560000 979.209600 2908.224000 1.000000
1041.971200 642.886400 980.547200 1418.083200 1.000000
1052.472000 1375.371200 980.700800 2091.488000 1.000000
1043.724800 499.352000 981.740800 1292.779200 1.000000
1042.435200 294.686400 981.964800 1124.633600 1.000000
1041.755200 64.591680 982.139200 942.678400 1.000000
1056.259200 1482.156800 982.564800 2200.224000 1.000000
1047.910400 643.150400 983.854400 1414.286400 1.000000
1048.120000 660.094400 983.966400 1429.401600 1.000000
1050.798400 795.060800 984.049600 1547.908800 1.000000
1044.897600 228.305600 984.051200 1070.622400 1.000000
1043.768000 218.480000 984.100800 1063.158400 1.000000
1063.091200 1848.528000 985.048000 2589.072000 1.000000
1062.680000 1860.320000 986.190400 2601.072000 1.000000
1062.790400 1867.984000 986.225600 2611.232000 1.000000
1047.827200 60.798720 986.440000 938.961600 1.000000
1049.200000 502.761600 987.534400 1295.046400 1.000000
1056.056000 950.878400 987.596800 1689.248000 1.000000
1051.950400 714.008000 987.700800 1475.452800 1.000000
1061.196800 1318.704000 987.944000 2038.416000 1.000000
1064.052800 1582.240000 988.340800 2304.832000 1.000000
1050.220800 252.857600 988.980800 1089.844800 1.000000
1066.907200 1954.912000 989.147200 2703.504000 1.000000
1064.116800 1560.750400 989.192000 2281.280000 1.000000
1060.280000 1078.161600 989.649600 1807.408000 1.000000
1067.964800 1824.304000 989.796800 2562.256000 1.000000
1055.854400 754.049600 990.056000 1510.656000 1.000000
1060.780800 1092.988800 990.347200 1820.416000 1.000000
1067.726400 2068.592000 990.764800 2831.440000 1.000000
1068.825600 1713.328000 991.294400 2442.064000 1.000000
1051.224000 245.619200 991.398400 1084.006400 1.000000
1058.552000 725.540800 991.481600 1486.347200 1.000000
1055.323200 383.603200 991.939200 1197.129600 1.000000
1069.252800 1462.332800 992.824000 2181.184000 1.000000
1068.886400 1525.904000 993.368000 2244.912000 1.000000
1058.342400 663.206400 993.542400 1430.289600 1.000000
1057.872000 570.136000 993.691200 1352.281600 1.000000
1068.067200 1427.838400 993.793600 2146.000000 1.000000
1056.889600 185.403200 995.268800 1036.408000 1.000000
1059.550400 496.980800 996.275200 1290.686400 1.000000
1058.468800 223.760000 996.990400 1067.019200 1.000000
1059.179200 160.803200 997.220800 1015.996800 1.000000
1074.016000 2126.896000 997.920000 2898.464000 1.000000
1075.824000 1839.520000 998.504000 2578.992000 1.000000
1071.632000 1290.441600 998.536000 2009.088000 1.000000
1073.662400 1569.785600 998.644800 2289.680000 1.000000
1070.161600 1187.481600 999.364800 1909.504000 1.000000
1074.288000 1351.982400 999.779200 2070.144000 1.000000
1063.449600 71.981600 1000.699200 948.257600 1.000000
1075.321600 1577.267200 1001.059200 2297.040000 1.000000
1064.531200 315.011200 1001.657600 1141.179200 1.000000
1066.043200 513.971200 1001.984000 1303.980800 1.000000
1064.635200 281.598400 1002.305600 1112.526400 1.000000
1067.192000 544.280000 1002.731200 1328.521600 1.000000
1066.144000 361.860800 1003.244800 1178.462400 1.000000
1078.288000 1713.328000 1003.430400 2440.864000 1.000000
1068.968000 667.073600 1003.464000 1433.824000 1.000000
1066.001600 134.239840 1004.012800 993.129600 1.000000
1078.060800 1460.563200 1004.212800 2177.520000 1.000000
1079.032000 1584.555200 1004.310400 2303.952000 1.000000
1069.078400 499.974400 1004.654400 1292.548800 1.000000
1067.259200 238.633600 1005.598400 1078.276800 1.000000
1069.723200 432.081600 1005.980800 1236.108800 1.000000
1073.875200 690.443200 1006.824000 1454.265600 1.000000
1082.075200 1505.209600 1007.129600 2222.224000 1.000000
1076.761600 945.380800 1008.321600 1681.248000 1.000000
1082.465600 1356.849600 1008.555200 2074.064000 1.000000
1082.907200 1587.180800 1009.168000 2306.560000 1.000000
1080.310400 1216.619200 1009.777600 1936.704000 1.000000
1073.694400 179.982400 1010.393600 1030.022400 1.000000
1074.198400 141.192640 1011.001600 998.336000 1.000000
1084.979200 1342.966400 1011.118400 2059.968000 1.000000
1076.598400 671.670400 1012.011200 1437.126400 1.000000
1089.302400 1534.384000 1012.371200 2253.936000 1.000000
1076.451200 134.410720 1012.904000 992.217600 1.000000
1077.801600 517.886400 1013.192000 1305.497600 1.000000
1079.555200 748.196800 1013.563200 1503.376000 1.000000
1090.395200 2187.408000 1013.771200 2972.368000 1.000000
1088.152000 2077.744000 1014.046400 2843.408000 1.000000
1088.048000 1467.558400 1014.358400 2182.944000 1.000000
1080.400000 501.715200 1014.545600 1291.089600 1.000000
1086.779200 1282.163200 1014.550400 1999.408000 1.000000
1078.140800 112.837280 1014.617600 976.563200 1.000000
1080.459200 558.646400 1014.940800 1340.302400 1.000000
1090.888000 2124.464000 1015.427200 2894.384000 1.000000
1082.049600 629.488000 1015.486400 1401.024000 1.000000
1092.222400 1933.248000 1015.643200 2679.456000 1.000000
1087.790400 1134.129600 1016.483200 1856.320000 1.000000
1092.150400 2120.512000 1016.548800 2889.168000 1.000000
1091.561600 1600.352000 1016.728000 2319.600000 1.000000
1082.572800 494.006400 1017.174400 1284.856000 1.000000
1083.564800 394.795200 1017.291200 1204.374400 1.000000
1082.569600 526.267200 1017.448000 1312.326400 1.000000
1082.035200 164.536000 1018.078400 1018.116800 1.000000
1089.883200 1142.640000 1018.187200 1864.640000 1.000000
1088.596800 1019.830400 1018.612800 1750.064000 1.000000
1084.436800 76.472640 1018.793600 949.321600 1.000000
1084.356800 43.537440 1018.817600 923.316800 1.000000
1097.499200 1883.984000 1020.030400 2626.176000 1.000000
1087.268800 660.296000 1020.236800 1427.126400 1.000000
1091.315200 1099.028800 1020.252800 1824.000000 1.000000
1087.280000 714.041600 1020.523200 1472.979200 1.000000
1096.262400 2148.240000 1020.604800 2921.952000 1.000000
1092.112000 923.950400 1021.110400 1660.432000 1.000000
1089.371200 263.083200 1022.979200 1096.364800 1.000000
1088.140800 235.267200 1023.387200 1073.756800 1.000000
1090.321600 48.901920 1023.956800 928.180800 1.000000
1092.057600 708.062400 1024.524800 1467.569600 1.000000
1093.198400 1047.574400 1025.177600 1777.392000 1.000000
1094.155200 798.795200 1025.608000 1548.726400 1.000000
1091.788800 664.227200 1025.793600 1429.601600 1.000000
1102.721600 1821.728000 1025.985600 2557.200000 1.000000
1092.233600 202.473600 1026.278400 1047.937600 1.000000
1093.104000 409.414400 1026.844800 1215.476800 1.000000
1096.737600 770.771200 1028.358400 1522.219200 1.000000
1094.060800 480.576000 1028.440000 1271.963200 1.000000
1096.313600 351.692800 1029.326400 1168.812800 1.000000
1096.113600 425.974400 1029.449600 1228.412800 1.000000
1097.046400 642.870400 1029.780800 1411.257600 1.000000
1102.793600 1226.028800 1029.816000 1943.344000 1.000000
1102.401600 2134.848000 1030.065600 2904.848000 1.000000
1096.796800 331.144000 1030.272000 1150.368000 1.000000
1102.316800 1235.873600 1030.491200 1952.496000 1.000000
1096.737600 78.394560 1030.763200 947.945600 1.000000
1107.246400 2198.576000 1031.033600 2982.688000 1.000000
1099.968000 652.088000 1032.443200 1418.913600 1.000000
1099.804800 434.051200 1033.192000 1235.590400 1.000000
1101.582400 701.350400 1033.312000 1460.780800 1.000000
1106.044800 1204.790400 1033.483200 1922.432000 1.000000
1108.321600 1450.793600 1033.518400 2165.680000 1.000000
1101.689600 613.899200 1033.545600 1385.337600 1.000000
1108.089600 1316.747200 1033.561600 2034.160000 1.000000
1101.683200 676.078400 1033.992000 1439.435200 1.000000
1101.401600 361.484800 1034.507200 1176.020800 1.000000
1112.886400 1883.232000 1035.092800 2622.592000 1.000000
1101.011200 167.419200 1035.107200 1018.598400 1.000000
1111.704000 1775.824000 1035.686400 2510.288000 1.000000
1109.635200 1141.444800 1036.371200 1863.712000 1.000000
1105.539200 791.056000 1036.481600 1540.745600 1.000000
1108.243200 921.534400 1036.564800 1657.632000 1.000000
1109.435200 1255.233600 1036.588800 1969.536000 1.000000
1107.404800 856.299200 1037.400000 1598.673600 1.000000
1113.566400 1593.448000 1038.940800 2310.560000 1.000000
1105.849600 647.737600 1038.984000 1414.836800 1.000000
1113.630400 1559.528000 1039.265600 2275.792000 1.000000
1112.961600 1168.582400 1039.272000 1888.800000 1.000000
1109.808000 1390.718400 1039.811200 2102.624000 1.000000
1113.260800 1122.320000 1039.824000 1846.224000 1.000000
1112.980800 1227.385600 1040.177600 1944.848000 1.000000
1115.212800 1373.553600 1041.612800 2087.824000 1.000000
1110.360000 126.780800 1041.648000 985.784000 1.000000
1114.051200 1045.585600 1041.916800 1772.416000 1.000000
1109.523200 680.665600 1042.408000 1441.470400 1.000000
1113.212800 945.648000 1042.563200 1678.000000 1.000000
1116.542400 1171.681600 1044.137600 1890.608000 1.000000
1114.259200 403.544000 1044.529600 1209.619200 1.000000
1117.436800 1527.806400 1044.739200 2242.352000 1.000000
1117.676800 1250.508800 1045.011200 1964.896000 1.000000
1112.316800 433.252800 1045.078400 1232.676800 1.000000
1121.345600 2138.720000 1045.860800 2909.456000 1.000000
1115.209600 629.145600 1046.401600 1398.083200 1.000000
1123.387200 1747.952000 1046.952000 2475.232000 1.000000
1120.507200 1069.472000 1047.844800 1794.624000 1.000000
1116.772800 56.197440 1048.470400 930.422400 1.000000
1124.116800 1464.353600 1049.041600 2177.952000 1.000000
1126.563200 1953.424000 1050.257600 2698.896000 1.000000
1126.176000 1986.304000 1051.073600 2733.520000 1.000000
1127.625600 2074.224000 1051.884800 2836.624000 1.000000
1121.307200 402.595200 1052.750400 1208.587200 1.000000
1121.398400 317.641600 1053.251200 1139.158400 1.000000
1128.491200 2109.600000 1053.998400 2874.128000 1.000000
1121.760000 435.358400 1054.329600 1232.977600 1.000000
1126.086400 711.715200 1054.961600 1467.972800 1.000000
1128.203200 525.024000 1058.252800 1309.156800 1.000000
1127.180800 477.774400 1058.275200 1268.803200 1.000000
1135.019200 1036.747200 1058.340800 1767.008000 1.000000
1131.188800 1376.336000 1059.112000 2088.080000 1.000000
1132.636800 960.152000 1060.561600 1691.280000 1.000000
1135.203200 1581.096000 1060.747200 2296.624000 1.000000
1135.320000 1880.016000 1060.958400 2619.456000 1.000000
1130.657600 60.526400 1061.366400 931.377600 1.000000
1131.747200 859.910400 1061.622400 1600.560000 1.000000
1135.614400 1322.000000 1061.881600 2035.520000 1.000000
1130.433600 641.294400 1062.142400 1408.081600 1.000000
1134.456000 974.827200 1062.145600 1704.272000 1.000000
1136.289600 1052.236800 1062.212800 1773.968000 1.000000
1136.795200 2097.984000 1062.216000 2861.312000 1.000000
1135.883200 1231.491200 1062.310400 1943.840000 1.000000
1133.204800 703.099200 1062.675200 1459.875200 1.000000
1138.033600 2011.552000 1063.177600 2762.800000 1.000000
1139.648000 1818.240000 1063.873600 2550.624000 1.000000
1135.432000 982.208000 1063.916800 1712.064000 1.000000
1136.748800 1016.390400 1064.438400 1743.744000 1.000000
1138.646400 2118.224000 1064.739200 2883.664000 1.000000
1137.433600 924.934400 1065.704000 1658.400000 1.000000
1140.707200 1169.102400 1065.734400 1886.880000 1.000000
1140.316800 1101.040000 1065.996800 1822.720000 1.000000
1142.545600 1145.643200 1067.940800 1865.184000 1.000000
1139.526400 212.232000 1069.011200 1053.132800 1.000000
1139.012800 422.542400 1069.016000 1221.960000 1.000000
1139.497600 402.176000 1069.500800 1204.980800 1.000000
1141.748800 185.049600 1070.635200 1031.324800 1.000000
1142.291200 728.545600 1070.668800 1482.920000 1.000000
1139.556800 596.929600 1070.731200 1365.924800 1.000000
1147.680000 1721.472000 1071.622400 2444.848000 1.000000
1144.883200 496.782400 1071.892800 1287.244800 1.000000
1142.494400 531.160000 1072.171200 1314.243200 1.000000
1143.611200 386.073600 1072.512000 1191.860800 1.000000
1143.641600 554.830400 1072.646400 1333.980800 1.000000
1143.969600 86.591520 1072.931200 954.080000 1.000000
1146.467200 863.441600 1073.520000 1602.208000 1.000000
1147.675200 1399.832000 1073.643200 2112.080000 1.000000
1149.516800 1419.276800 1074.534400 2131.280000 1.000000
1148.953600 1159.220800 1074.860800 1876.800000 1.000000
1149.467200 2065.872000 1075.160000 2826.960000 1.000000
1148.136000 990.283200 1075.273600 1718.272000 1.000000
1150.352000 1283.273600 1076.387200 1995.344000 1.000000
1148.097600 695.825600 1076.611200 1453.480000 1.000000
1149.976000 1261.560000 1076.848000 1972.320000 1.000000
1152.752000 1759.248000 1077.284800 2484.592000 1.000000
1151.057600 1226.332800 1077.561600 1939.520000 1.000000
1151.643200 1295.995200 1077.763200 2008.336000 1.000000
1152.593600 257.459200 1077.905600 1091.371200 1.000000
1154.555200 1717.920000 1079.139200 2439.728000 1.000000
1152.598400 1094.267200 1079.803200 1815.344000 1.000000
1153.377600 987.088000 1079.872000 1712.848000 1.000000
1152.008000 2104.112000 1079.971200 2865.296000 1.000000
1153.296000 365.809600 1081.289600 1175.729600 1.000000
1154.958400 1962.880000 1081.321600 2707.808000 1.000000
1154.905600 1558.422400 1081.798400 2269.904000 1.000000
1155.804800 2033.664000 1082.280000 2786.976000 1.000000
1155.497600 653.321600 1082.648000 1415.299200 1.000000
1157.976000 1932.304000 1083.270400 2673.632000 1.000000
1154.358400 410.859200 1083.603200 1212.660800 1.000000
1157.672000 1308.432000 1083.713600 2020.016000 1.000000
1158.606400 973.553600 1083.897600 1701.600000 1.000000
1157.016000 1249.456000 1084.270400 1960.656000 1.000000
1156.627200 516.846400 1084.630400 1300.884800 1.000000
1158.027200 1286.350400 1084.660800 1997.408000 1.000000
1157.054400 793.764800 1084.787200 1539.369600 1.000000
1158.180800 504.371200 1085.136000 1290.206400 1.000000
1159.830400 855.297600 1085.361600 1594.852800 1.000000
1160.553600 1061.009600 1086.112000 1782.992000 1.000000
1162.486400 1321.414400 1088.129600 2032.048000 1.000000
1162.740800 1848.112000 1088.211200 2580.048000 1.000000
1160.534400 480.366400 1088.609600 1269.358400 1.000000
1162.606400 1034.588800 1089.121600 1757.968000 1.000000
1161.416000 752.140800 1089.166400 1500.060800 1.000000
1161.980800 432.174400 1089.572800 1229.400000 1.000000
1164.619200 1693.568000 1089.828800 2412.992000 1.000000
1162.406400 629.537600 1090.555200 1395.281600 1.000000
1166.035200 1745.168000 1090.563200 2469.184000 1.000000
1163.003200 563.227200 1090.667200 1339.723200 1.000000
1164.857600 961.969600 1090.787200 1690.688000 1.000000
1164.328000 729.524800 1091.008000 1481.619200 1.000000
1165.724800 783.825600 1091.508800 1528.977600 1.000000
1167.772800 1389.811200 1092.596800 2101.280000 1.000000
1166.328000 567.865600 1093.452800 1342.982400 1.000000
1166.496000 763.641600 1093.460800 1511.352000 1.000000
1166.584000 316.899200 1093.464000 1135.763200 1.000000
1169.048000 1429.785600 1093.716800 2140.640000 1.000000
1168.534400 1905.600000 1093.734400 2643.136000 1.000000
1168.148800 375.195200 1093.812800 1182.152000 1.000000
1169.142400 59.683040 1095.041600 930.353600 1.000000
1169.356800 1276.857600 1095.060800 1986.608000 1.000000
1171.873600 1254.030400 1095.852800 1966.144000 1.000000
1169.220800 2099.264000 1096.873600 2859.232000 1.000000
1171.500800 161.536000 1097.217600 1012.041600 1.000000
1171.452800 526.827200 1097.548800 1308.828800 1.000000
1173.747200 1077.425600 1098.529600 1798.752000 1.000000
1174.460800 77.351040 1099.056000 944.931200 1.000000
1172.982400 1941.536000 1099.096000 2681.888000 1.000000
1173.896000 741.171200 1100.204800 1491.233600 1.000000
1175.820800 319.910400 1100.251200 1137.899200 1.000000
1176.547200 364.177600 1100.729600 1172.796800 1.000000
1175.992000 1089.547200 1100.865600 1808.512000 1.000000
1174.931200 1919.760000 1101.700800 2658.016000 1.000000
1176.808000 1180.017600 1102.675200 1892.528000 1.000000
1177.984000 1031.523200 1103.384000 1753.888000 1.000000
1180.326400 90.434560 1103.820800 954.840000 1.000000
1179.358400 240.995200 1104.228800 1073.779200 1.000000
1179.963200 1060.731200 1104.296000 1781.520000 1.000000
1179.836800 1023.915200 1104.390400 1746.336000 1.000000
1179.187200 372.931200 1104.566400 1179.462400 1.000000
1180.985600 1919.872000 1105.272000 2658.000000 1.000000
1180.960000 220.817600 1106.080000 1057.958400 1.000000
1184.828800 1497.392000 1109.307200 2203.936000 1.000000
1180.411200 2067.824000 1109.894400 2823.360000 1.000000
1184.848000 1017.873600 1110.409600 1740.864000 1.000000
1185.305600 768.334400 1110.758400 1515.952000 1.000000
1186.518400 1681.760000 1110.852800 2400.000000 1.000000
1186.539200 1466.729600 1111.227200 2174.944000 1.000000
1188.745600 198.003200 1111.899200 1039.630400 1.000000
1186.440000 1463.107200 1112.302400 2170.256000 1.000000
1186.884800 1997.296000 1112.571200 2746.000000 1.000000
1188.422400 714.804800 1113.041600 1467.132800 1.000000
1188.420800 783.024000 1114.172800 1527.310400 1.000000
1189.854400 1333.868800 1114.267200 2043.008000 1.000000
1189.790400 1141.256000 1114.353600 1855.920000 1.000000
1191.049600 699.340800 1115.566400 1452.841600 1.000000
1191.217600 331.547200 1116.136000 1145.272000 1.000000
1191.816000 1754.224000 1116.297600 2478.096000 1.000000
1192.252800 1661.216000 1117.816000 2377.584000 1.000000
1194.955200 50.417600 1117.995200 921.969600 1.000000
1194.560000 1414.851200 1118.899200 2123.984000 1.000000
1196.406400 231.827200 1119.217600 1066.968000 1.000000
1194.147200 1925.408000 1120.032000 2663.072000 1.000000
1196.713600 1065.328000 1120.080000 1784.848000 1.000000
1194.049600 345.902400 1120.116800 1157.025600 1.000000
1196.628800 732.694400 1120.604800 1484.494400 1.000000
1197.353600 368.097600 1121.385600 1174.803200 1.000000
1197.958400 1199.921600 1122.768000 1909.552000 1.000000
1198.707200 396.200000 1122.996800 1198.808000 1.000000
1199.035200 1440.563200 1122.998400 2147.376000 1.000000
1198.811200 1523.990400 1123.676800 2232.336000 1.000000
1198.017600 322.539200 1123.750400 1136.382400 1.000000
1200.804800 655.836800 1123.768000 1414.601600 1.000000
1203.649600 152.473440 1124.222400 1002.372800 1.000000
1200.036800 1886.048000 1125.953600 2619.920000 1.000000
1201.505600 1666.800000 1126.030400 2382.240000 1.000000
1200.806400 1907.040000 1126.422400 2643.360000 1.000000
1207.644800 191.268800 1128.164800 1034.060800 1.000000
1205.953600 610.017600 1128.889600 1375.121600 1.000000
1204.334400 1323.564800 1129.174400 2031.584000 1.000000
1206.158400 494.484800 1129.528000 1280.220800 1.000000
1204.147200 1213.862400 1129.592000 1922.832000 1.000000
1204.336000 1768.816000 1129.667200 2493.408000 1.000000
1202.572800 1961.872000 1129.718400 2703.664000 1.000000
1206.427200 1388.230400 1130.056000 2095.504000 1.000000
1209.608000 1021.459200 1133.268800 1742.400000 1.000000
1209.414400 1199.036800 1133.353600 1907.344000 1.000000
1209.678400 789.640000 1133.731200 1531.174400 1.000000
1211.848000 306.051200 1134.033600 1123.520000 1.000000
1211.164800 599.577600 1134.142400 1367.416000 1.000000
1192.996800 843.313600 1134.484800 685.739200 1.000000
1194.195200 815.203200 1134.788800 661.814400 1.000000
1210.025600 1251.422400 1134.854400 1959.424000 1.000000
1204.468800 2042.768000 1134.960000 2792.704000 1.000000
1204.024000 2157.616000 1135.196800 2924.736000 1.000000
1211.075200 1095.259200 1135.256000 1810.304000 1.000000
1211.035200 1475.337600 1136.016000 2181.616000 1.000000
1210.446400 1565.254400 1136.163200 2274.560000 1.000000
1212.198400 1446.795200 1136.915200 2153.072000 1.000000
1214.875200 524.604800 1137.523200 1304.099200 1.000000
1210.025600 2018.240000 1138.212800 2768.416000 1.000000
1218.512000 289.921600 1139.131200 1111.323200 1.000000
1209.683200 2147.072000 1139.424000 2913.008000 1.000000
1213.070400 1190.808000 1139.550400 1900.896000 1.000000
1215.027200 1521.230400 1140.144000 2229.728000 1.000000
1214.942400 1352.736000 1140.248000 2059.424000 1.000000
1198.891200 851.529600 1140.553600 692.902400 1.000000
1221.438400 234.974400 1140.776000 1066.614400 1.000000
1218.729600 1152.603200 1141.496000 1864.464000 1.000000
1217.726400 1212.968000 1142.129600 1920.880000 1.000000
1217.033600 1579.848000 1142.552000 2289.616000 1.000000
1223.843200 159.915040 1142.654400 1007.860800 1.000000
1215.804800 1858.704000 1143.796800 2586.384000 1.000000
1221.953600 755.348800 1144.292800 1503.086400 1.000000
1223.056000 729.156800 1145.756800 1478.640000 1.000000
1224.195200 306.758400 1146.000000 1123.158400 1.000000
1224.571200 561.000000 1147.001600 1332.190400 1.000000
1220.225600 1928.992000 1147.115200 2666.176000 1.000000
1217.601600 2200.832000 1148.428800 2976.256000 1.000000
1223.891200 1246.145600 1148.689600 1951.808000 1.000000
1229.913600 257.310400 1150.238400 1083.883200 1.000000
1233.132800 274.315200 1151.510400 1097.024000 1.000000
1231.187200 540.955200 1151.532800 1315.169600 1.000000
1227.800000 1184.313600 1151.624000 1892.576000 1.000000
1227.515200 1563.568000 1152.016000 2273.040000 1.000000
1234.374400 209.462400 1153.532800 1045.822400 1.000000
1228.888000 1468.075200 1153.673600 2172.336000 1.000000
1232.051200 641.457600 1153.870400 1401.254400 1.000000
1230.828800 1339.422400 1154.366400 2044.944000 1.000000
1233.566400 808.940800 1155.163200 1547.500800 1.000000
1227.953600 1965.344000 1156.940800 2705.600000 1.000000
1237.587200 731.155200 1157.867200 1480.209600 1.000000
1240.164800 427.585600 1158.188800 1222.107200 1.000000
1235.891200 1003.360000 1158.772800 1723.936000 1.000000
1231.228800 1852.208000 1158.804800 2578.672000 1.000000
1232.240000 1729.888000 1159.113600 2451.952000 1.000000
1234.502400 1203.944000 1159.624000 1911.776000 1.000000
1244.238400 93.572480 1159.808000 955.092800 1.000000
1240.865600 293.027200 1159.942400 1111.851200 1.000000
1236.699200 1110.249600 1159.996800 1821.808000 1.000000
1235.972800 1303.465600 1160.352000 2009.728000 1.000000
1243.697600 364.401600 1161.915200 1167.172800 1.000000
1240.043200 689.843200 1161.936000 1442.785600 1.000000
1241.163200 1125.233600 1162.337600 1836.656000 1.000000
1245.009600 325.558400 1163.233600 1138.112000 1.000000
1230.560000 2170.752000 1163.724800 2937.552000 1.000000
1250.168000 81.366240 1164.915200 944.348800 1.000000
1232.969600 2135.728000 1165.190400 2897.248000 1.000000
1249.512000 315.230400 1167.243200 1129.129600 1.000000
1237.166400 1972.128000 1167.267200 2712.624000 1.000000
1252.444800 165.307200 1167.448000 1010.332800 1.000000
1248.171200 561.336000 1167.712000 1332.884800 1.000000
1244.390400 1285.798400 1167.947200 1989.424000 1.000000
1236.683200 2041.632000 1168.105600 2791.472000 1.000000
1250.880000 262.284800 1168.699200 1087.700800 1.000000
1246.531200 1114.443200 1169.587200 1825.248000 1.000000
1254.209600 144.466880 1169.806400 994.491200 1.000000
1247.376000 1371.107200 1170.443200 2076.336000 1.000000
1244.392000 1789.728000 1170.635200 2511.728000 1.000000
1247.436800 1462.835200 1171.214400 2168.448000 1.000000
1253.388800 304.057600 1171.385600 1120.840000 1.000000
1243.435200 1839.104000 1171.828800 2562.864000 1.000000
1250.228800 1013.998400 1172.067200 1732.256000 1.000000
1248.688000 1502.454400 1172.278400 2207.840000 1.000000
1253.529600 662.238400 1172.601600 1417.342400 1.000000
1254.177600 490.003200 1172.984000 1273.587200 1.000000
1242.588800 2106.832000 1174.003200 2864.096000 1.000000
1251.264000 1497.659200 1174.400000 2203.616000 1.000000
1246.600000 1819.280000 1175.094400 2542.992000 1.000000
1245.040000 2057.408000 1175.244800 2805.856000 1.000000
1258.681600 295.448000 1175.502400 1113.648000 1.000000
1258.180800 560.528000 1176.784000 1331.803200 1.000000
1252.928000 1617.520000 1177.937600 2327.248000 1.000000
1258.536000 583.785600 1178.328000 1349.284800 1.000000
1253.587200 1401.788800 1178.660800 2104.304000 1.000000
1260.009600 606.776000 1178.956800 1369.936000 1.000000
1259.552000 947.918400 1178.969600 1671.072000 1.000000
1263.824000 115.086240 1179.056000 971.587200 1.000000
1258.918400 680.793600 1179.532800 1435.243200 1.000000
1254.347200 1602.064000 1179.731200 2310.384000 1.000000
1260.556800 600.080000 1180.764800 1363.337600 1.000000
1268.680000 106.234080 1181.971200 962.900800 1.000000
1265.888000 406.691200 1182.553600 1204.288000 1.000000
1254.112000 1957.040000 1182.737600 2695.984000 1.000000
1260.248000 1100.569600 1183.089600 1810.256000 1.000000
1261.496000 1141.139200 1185.352000 1849.200000 1.000000
1254.612800 2039.008000 1186.712000 2785.824000 1.000000
1270.820800 376.508800 1186.776000 1178.662400 1.000000
1262.624000 1230.270400 1188.004800 1938.112000 1.000000
1270.235200 728.232000 1188.425600 1474.710400 1.000000
1273.099200 565.414400 1188.740800 1334.660800 1.000000
1261.102400 1882.896000 1189.353600 2611.984000 1.000000
1259.272000 1973.056000 1189.491200 2714.480000 1.000000
1261.299200 1922.912000 1190.145600 2656.672000 1.000000
1267.952000 1261.804800 1190.560000 1966.320000 1.000000
1270.988800 888.259200 1190.964800 1616.208000 1.000000
1268.713600 1444.708800 1192.025600 2148.064000 1.000000
1261.708800 2046.272000 1192.705600 2792.608000 1.000000
1280.521600 201.396800 1192.996800 1037.392000 1.000000
1268.048000 1573.142400 1193.032000 2278.704000 1.000000
1267.601600 1701.344000 1193.057600 2414.192000 1.000000
1270.270400 1460.961600 1193.345600 2166.032000 1.000000
1261.051200 2141.072000 1193.955200 2900.928000 1.000000
1271.406400 1470.123200 1194.392000 2174.704000 1.000000
1269.252800 1528.193600 1194.675200 2232.960000 1.000000
1266.552000 1893.712000 1194.907200 2623.632000 1.000000
1274.320000 1033.732800 1194.950400 1748.336000 1.000000
1268.929600 1813.248000 1195.432000 2534.816000 1.000000
1269.654400 1797.200000 1195.561600 2519.472000 1.000000
1266.091200 2024.576000 1196.508800 2767.712000 1.000000
1279.436800 663.236800 1196.536000 1417.171200 1.000000
1270.600000 1760.400000 1196.756800 2480.976000 1.000000
1277.835200 998.713600 1197.684800 1716.544000 1.000000
1275.089600 1580.196800 1199.409600 2286.224000 1.000000
1273.737600 1556.777600 1200.932800 2261.136000 1.000000
1272.958400 1903.808000 1201.398400 2634.080000 1.000000
1286.428800 515.177600 1201.768000 1292.625600 1.000000
1284.849600 597.164800 1201.860800 1360.798400 1.000000
1278.966400 1166.520000 1202.792000 1871.760000 1.000000
1288.739200 539.056000 1203.502400 1313.161600 1.000000
1288.859200 415.556800 1203.972800 1210.812800 1.000000
1280.752000 1466.267200 1204.478400 2169.136000 1.000000
1292.416000 388.611200 1206.012800 1188.089600 1.000000
1296.321600 330.932800 1206.268800 1140.584000 1.000000
1274.603200 2120.288000 1206.475200 2875.280000 1.000000
1287.728000 937.326400 1207.022400 1659.920000 1.000000
1276.113600 2024.976000 1207.041600 2767.456000 1.000000
1284.707200 1091.830400 1207.388800 1800.480000 1.000000
1282.408000 1703.568000 1208.084800 2415.984000 1.000000
1276.321600 2096.096000 1209.030400 2847.984000 1.000000
1297.897600 289.588800 1210.451200 1106.272000 1.000000
1294.492800 735.344000 1211.912000 1478.953600 1.000000
1277.252800 2185.728000 1212.001600 2951.584000 1.000000
1291.336000 1306.856000 1212.851200 2009.744000 1.000000
1296.273600 629.486400 1213.054400 1386.795200 1.000000
1290.371200 1390.262400 1213.233600 2092.096000 1.000000
1292.681600 1438.688000 1214.595200 2140.480000 1.000000
1292.648000 1336.726400 1214.891200 2039.632000 1.000000
1304.059200 359.238400 1215.798400 1163.820800 1.000000
1295.811200 1122.068800 1216.969600 1829.952000 1.000000
1297.824000 1142.788800 1217.368000 1848.720000 1.000000
1291.606400 1733.968000 1217.416000 2449.184000 1.000000
1294.531200 1382.398400 1217.465600 2083.040000 1.000000
1306.420800 431.174400 1218.619200 1222.368000 1.000000
1294.448000 1574.198400 1218.632000 2278.176000 1.000000
1288.340800 2059.888000 1219.380800 2805.024000 1.000000
1309.409600 412.870400 1219.625600 1207.147200 1.000000
1296.732800 1554.662400 1220.651200 2258.624000 1.000000
1307.283200 566.584000 1220.657600 1334.934400 1.000000
1294.088000 1743.136000 1220.817600 2459.232000 1.000000
1303.913600 928.056000 1221.065600 1651.360000 1.000000
1287.806400 2179.696000 1222.036800 2943.936000 1.000000
1300.947200 1034.276800 1222.499200 1745.872000 1.000000
1311.065600 359.779200 1222.520000 1163.286400 1.000000
1303.254400 1276.560000 1223.083200 1977.520000 1.000000
1315.171200 178.883200 1223.220800 1021.188800 1.000000
1298.040000 1729.104000 1224.323200 2443.696000 1.000000
1317.366400 146.474080 1224.632000 993.824000 1.000000
1301.897600 1441.355200 1224.907200 2144.496000 1.000000
1307.348800 987.948800 1225.185600 1703.856000 1.000000
1310.348800 599.393600 1225.424000 1360.777600 1.000000
1316.268800 272.068800 1225.654400 1092.745600 1.000000
1315.288000 479.819200 1226.776000 1261.364800 1.000000
1306.988800 1103.814400 1227.083200 1812.432000 1.000000
1299.793600 1754.352000 1227.361600 2470.976000 1.000000
1300.171200 2030.928000 1229.198400 2779.280000 1.000000
1309.880000 1075.097600 1229.800000 1784.528000 1.000000
1307.288000 1158.364800 1230.451200 1859.616000 1.000000
1303.083200 1818.864000 1230.553600 2540.112000 1.000000
1301.006400 1958.816000 1231.067200 2696.064000 1.000000
1315.502400 858.518400 1231.371200 1588.092800 1.000000
1309.678400 1455.160000 1232.388800 2156.832000 1.000000
1305.910400 1743.968000 1233.206400 2458.368000 1.000000
1320.084800 553.817600 1233.240000 1322.076800 1.000000
1312.390400 1329.032000 1233.987200 2030.000000 1.000000
1317.611200 1060.980800 1234.636800 1772.896000 1.000000
1306.636800 1936.048000 1235.553600 2670.256000 1.000000
1315.379200 1426.011200 1237.481600 2129.152000 1.000000
1307.179200 1970.944000 1237.616000 2708.112000 1.000000
1317.844800 1230.348800 1237.630400 1933.040000 1.000000
1311.240000 1843.280000 1240.523200 2567.504000 1.000000
1322.913600 1020.584000 1241.172800 1733.360000 1.000000
1317.905600 1493.416000 1242.262400 2194.992000 1.000000
1322.761600 1000.625600 1242.712000 1714.064000 1.000000
1328.142400 802.696000 1243.608000 1535.796800 1.000000
1326.259200 1098.204800 1243.888000 1805.744000 1.000000
1323.332800 1433.971200 1244.302400 2136.032000 1.000000
1329.262400 861.622400 1244.932800 1589.462400 1.000000
1324.494400 1203.790400 1245.131200 1905.728000 1.000000
1322.689600 1512.270400 1245.577600 2215.056000 1.000000
1311.507200 2157.888000 1246.337600 2917.088000 1.000000
1314.129600 2028.688000 1246.595200 2772.160000 1.000000
1327.097600 1241.467200 1247.252800 1941.904000 1.000000
1327.601600 1318.793600 1248.033600 2017.248000 1.000000
1313.396800 2137.472000 1248.758400 2893.984000 1.000000
1319.259200 1920.096000 1248.920000 2651.456000 1.000000
1333.014400 1014.846400 1249.681600 1727.776000 1.000000
1324.387200 1723.632000 1249.912000 2436.320000 1.000000
1339.368000 552.345600 1250.696000 1320.680000 1.000000
1343.057600 289.289600 1250.996800 1105.817600 1.000000
1323.166400 1824.320000 1251.696000 2547.904000 1.000000
1331.550400 1326.705600 1252.112000 2025.888000 1.000000
1331.516800 1304.676800 1252.344000 2003.840000 1.000000
1336.140800 767.062400 1252.787200 1503.636800 1.000000
1322.352000 1976.880000 1253.129600 2714.256000 1.000000
1328.438400 1537.016000 1253.332800 2240.080000 1.000000
1352.387200 122.313920 1255.160000 973.152000 1.000000
1344.896000 576.729600 1255.515200 1341.363200 1.000000
1327.688000 1850.096000 1256.043200 2575.376000 1.000000
1344.355200 715.030400 1256.920000 1460.206400 1.000000
1338.624000 1165.644800 1257.228800 1868.656000 1.000000
1355.092800 212.558400 1257.374400 1044.507200 1.000000
1327.465600 1941.536000 1257.892800 2675.296000 1.000000
1323.702400 2097.088000 1258.278400 2848.368000 1.000000
1348.620800 625.049600 1259.774400 1383.457600 1.000000
1348.388800 681.606400 1259.801600 1430.417600 1.000000
1357.944000 203.958400 1260.556800 1036.969600 1.000000
1338.454400 1617.104000 1262.990400 2323.360000 1.000000
1345.510400 1113.281600 1263.433600 1819.568000 1.000000
1328.795200 2162.096000 1263.563200 2921.024000 1.000000
1359.044800 371.806400 1265.113600 1172.595200 1.000000
1337.630400 1799.904000 1265.764800 2518.224000 1.000000
1347.900800 1272.856000 1266.624000 1973.856000 1.000000
1353.803200 806.785600 1266.678400 1538.803200 1.000000
1339.504000 1759.264000 1266.921600 2474.832000 1.000000
1339.358400 1817.488000 1267.657600 2538.800000 1.000000
1360.766400 649.356800 1270.734400 1403.038400 1.000000
1352.428800 1270.936000 1271.116800 1972.032000 1.000000
1366.492800 406.051200 1272.049600 1199.081600 1.000000
1372.494400 107.033280 1272.068800 962.640000 1.000000
1335.436800 2194.176000 1273.659200 2960.768000 1.000000
1374.905600 223.859200 1275.364800 1051.758400 1.000000
1356.036800 1362.513600 1277.043200 2063.328000 1.000000
1356.579200 1482.260800 1277.318400 2183.440000 1.000000
1361.947200 1022.187200 1277.676800 1732.928000 1.000000
1370.102400 538.502400 1277.739200 1309.752000 1.000000
1367.228800 739.032000 1278.304000 1479.350400 1.000000
1357.075200 1444.256000 1278.622400 2145.408000 1.000000
1363.299200 1174.859200 1279.788800 1876.368000 1.000000
1369.329600 829.643200 1282.457600 1560.878400 1.000000
1359.048000 1595.332800 1283.104000 2302.048000 1.000000
1381.630400 286.412800 1283.616000 1102.420800 1.000000
1379.028800 498.254400 1283.736000 1275.233600 1.000000
1361.784000 1493.456000 1284.027200 2194.256000 1.000000
1383.625600 299.081600 1284.673600 1113.393600 1.000000
1366.681600 1345.310400 1285.833600 2046.032000 1.000000
1375.865600 762.419200 1286.545600 1500.454400 1.000000
1388.702400 230.273600 1287.233600 1058.062400 1.000000
1371.046400 1163.931200 1287.400000 1865.728000 1.000000
1366.161600 1450.184000 1287.545600 2150.992000 1.000000
1367.976000 1369.908800 1287.809600 2070.608000 1.000000
1385.891200 449.153600 1290.019200 1234.328000 1.000000
1380.073600 738.142400 1290.636800 1479.118400 1.000000
1377.140800 1129.788800 1292.316800 1834.208000 1.000000
1378.300800 1098.649600 1292.886400 1801.712000 1.000000
1397.832000 254.659200 1295.931200 1076.526400 1.000000
1380.329600 1147.788800 1296.088000 1852.336000 1.000000
1385.156800 952.064000 1297.966400 1668.944000 1.000000
1387.660800 930.380800 1298.350400 1650.560000 1.000000
1403.712000 139.842400 1299.268800 987.705600 1.000000
1389.454400 875.953600 1299.964800 1600.832000 1.000000
1393.611200 676.228800 1300.385600 1425.260800 1.000000
1394.356800 648.862400 1300.686400 1401.254400 1.000000
1407.363200 79.797760 1300.942400 939.662400 1.000000
1386.377600 1201.451200 1302.468800 1910.640000 1.000000
1404.060800 247.443200 1303.076800 1070.414400 1.000000
1405.707200 343.000000 1303.732800 1147.166400 1.000000
1399.988800 616.944000 1304.081600 1374.665600 1.000000
1400.484800 666.131200 1306.328000 1415.611200 1.000000
1412.203200 216.718400 1307.158400 1046.465600 1.000000
1408.534400 326.374400 1307.225600 1134.918400 1.000000
1409.529600 347.977600 1308.305600 1151.403200 1.000000
1423.702400 139.916640 1315.342400 986.963200 1.000000
1416.382400 600.006400 1318.489600 1360.675200 1.000000
1424.646400 384.811200 1320.857600 1185.585600 1.000000
1409.576000 1050.654400 1321.672000 1766.256000 1.000000
1433.699200 140.457920 1323.897600 991.091200 1.000000
1420.878400 754.136000 1325.227200 1497.260800 1.000000
1432.044800 534.176000 1329.254400 1317.764800 1.000000
1426.315200 777.628800 1329.612800 1520.812800 1.000000
1425.774400 875.449600 1333.440000 1606.032000 1.000000
1438.051200 531.116800 1334.555200 1306.048000 1.000000
1442.736000 404.470400 1336.686400 1202.416000 1.000000
1443.094400 360.569600 1338.100800 1165.958400 1.000000
1432.718400 791.244800 1338.203200 1532.016000 1.000000
1433.923200 768.652800 1338.252800 1509.284800 1.000000
1451.852800 129.205760 1339.323200 982.835200 1.000000
1446.715200 421.182400 1341.974400 1215.708800 1.000000
1458.617600 131.000800 1344.657600 984.464000 1.000000
1446.944000 572.310400 1346.321600 1343.867200 1.000000
1463.411200 44.882880 1346.944000 918.188800 1.000000
1462.228800 78.061120 1346.961600 941.867200 1.000000
1460.251200 186.152000 1347.206400 1027.542400 1.000000
1455.120000 316.307200 1347.211200 1133.299200 1.000000
1463.478400 162.980800 1348.388800 1008.268800 1.000000
1463.280000 178.169600 1349.896000 1020.816000 1.000000
1472.924800 175.470400 1358.334400 1017.441600 1.000000
1477.732800 221.388800 1364.504000 1055.366400 1.000000
1493.203200 52.284160 1372.508800 922.595200 1.000000
2153.952000 1892.624000 2161.952000 1904.896000 1.000000
2166.464000 1907.264000 2174.384000 1915.200000 1.000000
2167.456000 1943.392000 2178.944000 1945.712000 1.000000
2214.096000 1826.048000 2212.608000 1787.200000 1.000000
2320.240000 1125.633600 2216.096000 1309.428800 1.000000
2217.184000 1842.288000 2216.752000 1799.696000 1.000000
2095.264000 2719.696000 2275.744000 2895.520000 1.000000
2393.808000 1096.187200 2279.168000 1262.595200 1.000000
2371.312000 1495.920000 2310.992000 1463.747200 1.000000
2313.008000 2222.048000 2335.120000 2155.280000 1.000000
2372.736000 1835.840000 2348.800000 1740.624000 1.000000
2414.688000 1573.129600 2354.512000 1508.748800 1.000000
2377.792000 1957.296000 2365.024000 1851.552000 1.000000
2556.480000 568.000000 2365.120000 870.944000 1.000000
2374.016000 1983.744000 2365.120000 1879.152000 1.000000
2505.264000 1046.713600 2368.944000 1186.742400 1.000000
2503.296000 1070.417600 2369.984000 1203.203200 1.000000
2517.152000 1057.561600 2379.120000 1192.678400 1.000000
2525.888000 950.700800 2380.192000 1097.633600 1.000000
2478.064000 1339.555200 2387.664000 1378.880000 1.000000
2394.496000 2038.352000 2388.544000 1927.808000 1.000000
2376.320000 2213.840000 2390.112000 2116.784000 1.000000
2542.000000 1005.228800 2393.456000 1152.243200 1.000000
2547.040000 1070.004800 2404.704000 1195.374400 1.000000
2527.424000 1209.620800 2405.136000 1279.310400 1.000000
2614.608000 554.798400 2413.648000 842.204800 1.000000
2413.120000 2235.088000 2425.328000 2118.224000 1.000000
2422.944000 2265.680000 2437.504000 2143.424000 1.000000
2596.192000 1025.708800 2439.072000 1158.955200 1.000000
2433.712000 2265.296000 2446.528000 2142.560000 1.000000
2434.864000 2285.056000 2449.920000 2159.888000 1.000000
2412.896000 2459.584000 2450.144000 2430.752000 1.000000
2581.712000 1253.619200 2456.992000 1298.123200 1.000000
2452.656000 2234.080000 2458.896000 2108.736000 1.000000
2451.376000 2267.168000 2461.776000 2139.376000 1.000000
2641.776000 987.123200 2471.888000 1120.648000 1.000000
2620.704000 1158.827200 2473.456000 1229.467200 1.000000
2476.672000 2225.600000 2478.832000 2095.152000 1.000000
2481.312000 2184.464000 2478.960000 2047.104000 1.000000
2654.752000 983.916800 2480.752000 1116.161600 1.000000
2622.528000 1207.416000 2481.232000 1257.009600 1.000000
2630.416000 1158.248000 2481.472000 1265.398400 1.000000
2629.136000 1166.691200 2482.368000 1231.192000 1.000000
2487.744000 2177.520000 2483.216000 2044.992000 1.000000
2657.536000 991.632000 2483.856000 1119.838400 1.000000
2659.392000 1021.507200 2488.752000 1139.312000 1.000000
2503.840000 2129.984000 2490.944000 1990.896000 1.000000
2666.816000 1002.396800 2492.272000 1124.014400 1.000000
2665.952000 1012.592000 2493.520000 1130.689600 1.000000
2659.520000 1124.643200 2500.352000 1200.547200 1.000000
2510.320000 2166.400000 2501.024000 2032.144000 1.000000
2504.048000 2246.144000 2504.480000 2107.440000 1.000000
2687.152000 1021.467200 2509.984000 1130.406400 1.000000
2689.952000 1044.651200 2515.504000 1144.480000 1.000000
2521.232000 2277.552000 2523.872000 2134.640000 1.000000
2629.360000 1587.422400 2531.856000 1483.544000 1.000000
2606.944000 1779.984000 2535.520000 1660.272000 1.000000
2540.320000 2249.600000 2536.064000 2101.584000 1.000000
2565.040000 2066.896000 2536.160000 1923.792000 1.000000
2584.720000 1938.016000 2536.592000 1804.288000 1.000000
2563.808000 2096.800000 2537.488000 1951.376000 1.000000
2543.840000 2302.992000 2545.600000 2150.448000 1.000000
2673.232000 1426.800000 2547.248000 1385.003200 1.000000
2721.184000 1132.929600 2551.424000 1191.787200 1.000000
2579.072000 2291.264000 2574.480000 2129.232000 1.000000
2583.152000 2281.312000 2576.784000 2119.024000 1.000000
2627.088000 2047.120000 2585.808000 1894.976000 1.000000
2600.800000 2272.992000 2591.248000 2105.344000 1.000000
2611.712000 2210.400000 2591.792000 2045.600000 1.000000
2601.104000 2310.992000 2595.744000 2142.112000 1.000000
2610.432000 2242.304000 2595.904000 2074.640000 1.000000
2601.040000 2337.200000 2599.312000 2165.104000 1.000000
2606.848000 2311.872000 2600.464000 2140.032000 1.000000
2633.008000 2176.576000 2606.080000 2008.448000 1.000000
2613.424000 2337.392000 2609.536000 2161.296000 1.000000
2631.536000 2227.216000 2612.224000 2057.248000 1.000000
2648.544000 2137.232000 2612.896000 1967.568000 1.000000
2625.024000 2318.416000 2617.536000 2138.864000 1.000000
2621.888000 2344.000000 2618.176000 2164.480000 1.000000
2646.448000 2220.480000 2623.168000 2040.096000 1.000000
2636.944000 2306.768000 2625.984000 2124.080000 1.000000
2631.936000 2349.616000 2627.056000 2164.624000 1.000000
2649.936000 2250.704000 2629.488000 2068.992000 1.000000
2638.400000 2345.088000 2632.064000 2157.568000 1.000000
2649.792000 2276.864000 2632.784000 2092.672000 1.000000
2674.512000 2127.344000 2634.592000 1951.200000 1.000000
2650.560000 2310.080000 2637.616000 2121.984000 1.000000
2657.328000 2303.728000 2643.072000 2114.784000 1.000000
2656.128000 2328.032000 2644.544000 2135.264000 1.000000
2657.536000 2357.968000 2649.712000 2162.560000 1.000000
2663.568000 2328.992000 2650.784000 2134.720000 1.000000
2663.984000 2345.104000 2653.152000 2148.784000 1.000000
2669.984000 2306.016000 2653.296000 2111.472000 1.000000
2673.744000 2288.896000 2654.720000 2093.552000 1.000000
2694.944000 2193.280000 2660.000000 2005.184000 1.000000
2663.968000 2389.744000 2661.168000 2189.056000 1.000000
2688.480000 2326.704000 2672.416000 2125.936000 1.000000
2685.616000 2355.584000 2672.880000 2150.480000 1.000000
