14.698304 92.533120 17.965600 1438.513600 1.000000
324.774400 966.705600 289.238400 2040.576000 1.000000
784.236800 1716.816000 754.985600 2919.056000 1.000000
776.555200 1473.110400 757.313600 2639.216000 1.000000
749.494400 771.792000 764.968000 1966.272000 1.000000
781.520000 1410.988800 765.438400 2572.560000 1.000000
773.008000 1117.520000 770.657600 2278.176000 1.000000
765.296000 939.145600 774.792000 2104.432000 1.000000
797.995200 1456.883200 779.438400 2614.416000 1.000000
793.460800 1382.873600 780.374400 2539.408000 1.000000
773.572800 946.385600 782.404800 2110.032000 1.000000
797.299200 1322.388800 787.208000 2470.624000 1.000000
800.190400 1366.230400 788.489600 2519.200000 1.000000
805.510400 1428.648000 794.971200 2580.720000 1.000000
810.529600 1456.729600 796.268800 2610.032000 1.000000
816.102400 1565.232000 797.366400 2730.448000 1.000000
825.352000 1750.048000 798.352000 2945.952000 1.000000
790.116800 925.409600 799.587200 2085.696000 1.000000
814.276800 1390.422400 801.558400 2542.368000 1.000000
822.560000 1500.600000 804.888000 2657.712000 1.000000
825.430400 1574.382400 804.891200 2740.736000 1.000000
807.804800 1169.080000 806.699200 2315.328000 1.000000
815.736000 1311.774400 808.753600 2453.760000 1.000000
818.772800 1149.620800 815.444800 2293.328000 1.000000
843.256000 1787.840000 816.536000 2991.936000 1.000000
826.192000 1278.648000 819.683200 2417.120000 1.000000
835.755200 1380.180800 822.638400 2529.440000 1.000000
817.078400 977.011200 824.846400 2126.128000 1.000000
813.222400 899.745600 827.160000 2052.944000 1.000000
794.848000 428.899200 828.254400 1661.200000 1.000000
851.145600 1720.064000 828.904000 2904.704000 1.000000
846.443200 1452.107200 834.475200 2599.232000 1.000000
851.484800 1511.632000 835.628800 2662.768000 1.000000
842.899200 1245.552000 837.886400 2379.856000 1.000000
849.579200 1402.304000 838.089600 2548.880000 1.000000
845.134400 1281.974400 842.177600 2416.352000 1.000000
853.873600 1374.539200 842.705600 2519.184000 1.000000
848.886400 1311.664000 842.811200 2446.912000 1.000000
852.024000 1222.190400 846.649600 2357.104000 1.000000
868.243200 1720.000000 846.936000 2901.184000 1.000000
844.462400 1034.808000 849.457600 2175.584000 1.000000
868.208000 1694.272000 849.636800 2869.888000 1.000000
864.851200 1460.025600 853.691200 2602.480000 1.000000
876.572800 1792.080000 854.932800 2989.312000 1.000000
867.707200 1432.091200 855.982400 2573.216000 1.000000
860.985600 1278.761600 856.382400 2411.184000 1.000000
842.568000 778.603200 857.457600 1938.704000 1.000000
852.820800 1058.324800 857.601600 2192.816000 1.000000
853.707200 1110.795200 858.532800 2244.384000 1.000000
865.196800 1167.750400 862.257600 2301.120000 1.000000
854.492800 959.361600 862.662400 2100.496000 1.000000
874.464000 1436.049600 862.860800 2577.392000 1.000000
861.366400 1025.763200 866.443200 2162.176000 1.000000
867.283200 1131.412800 868.176000 2261.968000 1.000000
874.105600 1256.512000 870.624000 2386.560000 1.000000
892.449600 1699.824000 875.494400 2872.768000 1.000000
856.012800 721.888000 875.601600 1884.880000 1.000000
859.648000 645.409600 880.840000 1820.896000 1.000000
865.732800 775.124800 881.376000 1930.480000 1.000000
861.390400 667.280000 882.660800 1839.600000 1.000000
887.062400 1262.744000 883.184000 2390.704000 1.000000
870.606400 739.128000 887.240000 1896.960000 1.000000
884.857600 1086.508800 888.132800 2214.576000 1.000000
893.177600 1145.076800 891.171200 2273.504000 1.000000
891.689600 1174.257600 891.422400 2302.736000 1.000000
894.281600 1211.492800 892.256000 2338.896000 1.000000
881.470400 800.435200 895.252800 1950.112000 1.000000
897.384000 1227.774400 895.281600 2353.504000 1.000000
880.091200 761.155200 896.846400 1913.920000 1.000000
877.585600 648.411200 897.169600 1815.296000 1.000000
879.273600 713.164800 899.652800 1871.904000 1.000000
883.916800 777.080000 899.700800 1930.160000 1.000000
908.971200 1349.400000 901.732800 2478.048000 1.000000
892.190400 888.708800 903.070400 2026.752000 1.000000
869.889600 136.782080 905.902400 1423.625600 1.000000
902.056000 1092.854400 906.040000 2217.056000 1.000000
920.211200 1551.185600 908.620800 2695.184000 1.000000
920.000000 1409.550400 910.020800 2542.384000 1.000000
909.011200 1067.654400 910.264000 2192.816000 1.000000
912.846400 1129.766400 911.835200 2254.192000 1.000000
895.222400 648.833600 914.680000 1815.536000 1.000000
929.723200 1616.272000 915.190400 2769.424000 1.000000
889.830400 463.753600 916.262400 1664.384000 1.000000
898.958400 689.158400 916.441600 1848.912000 1.000000
894.099200 505.950400 917.256000 1695.600000 1.000000
933.721600 1567.068800 920.115200 2712.736000 1.000000
906.696000 746.404800 922.584000 1899.264000 1.000000
895.075200 201.385600 924.675200 1467.355200 1.000000
905.657600 657.576000 925.121600 1819.664000 1.000000
905.403200 594.547200 926.048000 1768.896000 1.000000
938.800000 1565.921600 926.403200 2708.576000 1.000000
916.027200 803.616000 927.843200 1945.536000 1.000000
893.795200 63.508640 928.358400 1366.984000 1.000000
918.473600 820.492800 929.617600 1960.560000 1.000000
932.294400 1318.872000 929.676800 2439.408000 1.000000
931.281600 1225.049600 930.920000 2344.752000 1.000000
924.107200 934.860800 932.913600 2062.880000 1.000000
937.862400 1285.737600 933.316800 2405.584000 1.000000
922.284800 772.744000 934.944000 1919.136000 1.000000
936.225600 1188.204800 935.376000 2308.736000 1.000000
905.886400 311.116800 935.379200 1546.067200 1.000000
909.118400 163.921600 939.476800 1437.326400 1.000000
911.617600 143.510240 941.924800 1419.120000 1.000000
923.865600 694.860800 942.340800 1850.384000 1.000000
916.867200 327.158400 943.368000 1556.480000 1.000000
931.355200 833.270400 943.529600 1967.840000 1.000000
936.292800 958.448000 944.155200 2083.552000 1.000000
935.534400 869.371200 944.494400 2000.816000 1.000000
947.931200 1229.824000 947.609600 2346.128000 1.000000
930.249600 660.182400 949.084800 1817.072000 1.000000
956.836800 1414.862400 950.817600 2538.832000 1.000000
925.379200 78.049600 955.417600 1370.440000 1.000000
968.267200 1610.752000 958.476800 2755.120000 1.000000
973.872000 1772.992000 959.902400 2951.680000 1.000000
954.644800 963.203200 959.937600 2085.888000 1.000000
971.384000 1513.432000 962.388800 2644.080000 1.000000
935.467200 129.788480 963.360000 1407.832000 1.000000
954.339200 848.038400 964.270400 1979.120000 1.000000
972.476800 1505.356800 964.499200 2633.760000 1.000000
974.075200 1366.996800 967.398400 2488.624000 1.000000
972.225600 1324.811200 968.806400 2440.352000 1.000000
957.257600 715.984000 970.776000 1863.168000 1.000000
968.360000 1068.756800 971.152000 2181.808000 1.000000
979.732800 1450.115200 972.054400 2573.904000 1.000000
945.915200 145.472320 972.228800 1418.865600 1.000000
947.987200 170.129600 973.694400 1437.308800 1.000000
969.227200 1001.505600 974.283200 2119.856000 1.000000
954.787200 295.652800 976.139200 1527.931200 1.000000
977.531200 1239.073600 977.348800 2349.568000 1.000000
991.960000 1737.840000 980.008000 2906.240000 1.000000
964.779200 655.025600 980.608000 1807.312000 1.000000
985.636800 1333.856000 981.308800 2449.552000 1.000000
975.974400 980.588800 981.323200 2097.248000 1.000000
991.644800 1573.342400 982.868800 2708.352000 1.000000
989.593600 1384.012800 983.921600 2501.344000 1.000000
985.118400 1221.488000 983.936000 2332.240000 1.000000
991.702400 1492.270400 984.129600 2617.456000 1.000000
989.158400 1306.780800 986.001600 2418.496000 1.000000
964.403200 396.078400 986.444800 1598.841600 1.000000
982.878400 1070.934400 986.548800 2183.264000 1.000000
968.340800 577.211200 986.787200 1745.600000 1.000000
994.464000 1440.889600 988.024000 2559.680000 1.000000
994.416000 1405.958400 989.139200 2522.384000 1.000000
990.628800 1243.209600 989.228800 2353.696000 1.000000
965.328000 131.501280 989.934400 1405.508800 1.000000
967.355200 233.054400 990.662400 1475.851200 1.000000
1000.648000 1692.064000 991.035200 2844.288000 1.000000
991.096000 1167.964800 991.100800 2279.584000 1.000000
999.678400 1546.769600 991.140800 2676.816000 1.000000
993.387200 1280.454400 991.414400 2389.936000 1.000000
976.214400 511.556800 993.824000 1689.920000 1.000000
977.790400 549.384000 993.915200 1718.368000 1.000000
992.832000 1140.249600 994.225600 2250.496000 1.000000
994.584000 1179.227200 994.651200 2288.992000 1.000000
969.401600 52.381440 994.675200 1349.249600 1.000000
997.756800 1217.793600 996.110400 2326.704000 1.000000
1003.464000 1526.384000 997.790400 2652.288000 1.000000
1002.324800 1188.662400 1000.516800 2297.136000 1.000000
1004.968000 1252.774400 1000.566400 2360.256000 1.000000
997.619200 973.115200 1000.689600 2087.568000 1.000000
1006.395200 1261.947200 1003.147200 2369.648000 1.000000
1012.803200 1780.096000 1003.232000 2954.080000 1.000000
1012.400000 1554.184000 1005.129600 2683.376000 1.000000
990.699200 552.369600 1007.800000 1718.912000 1.000000
1011.216000 1296.777600 1008.972800 2403.488000 1.000000
1010.088000 1135.716800 1009.449600 2242.832000 1.000000
996.688000 609.683200 1012.435200 1763.376000 1.000000
1009.691200 1025.406400 1012.491200 2136.448000 1.000000
1018.184000 1535.371200 1013.080000 2658.368000 1.000000
997.433600 546.025600 1013.099200 1712.064000 1.000000
1021.982400 1685.312000 1013.716800 2835.488000 1.000000
995.524800 263.094400 1014.508800 1495.524800 1.000000
1000.268800 558.920000 1015.179200 1723.280000 1.000000
1006.025600 671.928000 1016.918400 1818.416000 1.000000
997.171200 209.974400 1017.451200 1454.435200 1.000000
1008.419200 701.750400 1018.300800 1843.120000 1.000000
1015.483200 1000.836800 1018.436800 2109.744000 1.000000
1022.944000 1313.040000 1019.676800 2419.904000 1.000000
1011.628800 736.750400 1021.049600 1870.912000 1.000000
1031.068800 1460.841600 1025.385600 2575.168000 1.000000
1033.088000 1702.096000 1026.052800 2851.952000 1.000000
1016.259200 665.243200 1027.400000 1809.952000 1.000000
1033.568000 1239.731200 1031.993600 2343.872000 1.000000
1015.179200 253.961600 1032.328000 1486.289600 1.000000
1038.185600 1488.704000 1034.036800 2604.832000 1.000000
1038.428800 1370.355200 1034.521600 2480.608000 1.000000
1042.070400 1584.531200 1035.136000 2712.416000 1.000000
1023.771200 494.121600 1035.254400 1670.128000 1.000000
1042.617600 1693.648000 1035.288000 2842.896000 1.000000
1024.876800 572.908800 1037.584000 1730.928000 1.000000
1040.425600 1198.913600 1039.268800 2296.064000 1.000000
1044.099200 1520.825600 1039.867200 2639.792000 1.000000
1025.337600 186.086400 1042.156800 1435.065600 1.000000
1028.816000 161.566400 1045.358400 1414.875200 1.000000
1048.276800 1299.072000 1046.360000 2398.656000 1.000000
1052.593600 1458.497600 1046.582400 2570.176000 1.000000
1041.057600 738.436800 1046.814400 1868.576000 1.000000
1039.582400 602.241600 1049.484800 1754.560000 1.000000
1052.472000 1375.371200 1050.408000 2479.520000 1.000000
1034.726400 152.931360 1050.630400 1408.008000 1.000000
1046.638400 896.827200 1051.577600 2010.112000 1.000000
1053.392000 1268.992000 1052.068800 2368.624000 1.000000
1041.971200 642.886400 1055.488000 1791.136000 1.000000
1060.760000 1393.329600 1056.868800 2499.536000 1.000000
1043.768000 218.480000 1058.078400 1455.294400 1.000000
1059.657600 1297.750400 1060.708800 2395.312000 1.000000
1065.083200 1403.992000 1062.004800 2510.240000 1.000000
1057.732800 870.188800 1062.516800 1983.504000 1.000000
1058.552000 725.540800 1064.664000 1854.416000 1.000000
1058.342400 663.206400 1065.755200 1799.872000 1.000000
1057.872000 570.136000 1066.630400 1724.688000 1.000000
1073.662400 1569.785600 1069.544000 2691.376000 1.000000
1071.632000 1290.441600 1070.201600 2388.432000 1.000000
1075.321600 1577.267200 1072.244800 2699.088000 1.000000
1065.611200 586.016000 1073.379200 1737.600000 1.000000
1079.032000 1685.840000 1074.668800 2827.504000 1.000000
1067.192000 544.280000 1075.371200 1702.080000 1.000000
1059.179200 160.803200 1077.574400 1408.598400 1.000000
1081.916800 1503.452800 1077.867200 2617.056000 1.000000
1075.388800 763.072000 1078.604800 1885.312000 1.000000
1069.507200 483.204800 1079.051200 1652.224000 1.000000
1082.907200 1587.180800 1080.228800 2710.256000 1.000000
1089.302400 1534.384000 1081.779200 2652.544000 1.000000
1076.598400 671.670400 1082.819200 1807.184000 1.000000
1073.694400 179.982400 1083.936000 1423.248000 1.000000
1077.801600 517.886400 1084.278400 1679.952000 1.000000
1079.555200 748.196800 1084.758400 1871.696000 1.000000
1076.300800 153.551360 1085.750400 1402.720000 1.000000
1080.400000 501.715200 1088.160000 1666.112000 1.000000
1082.049600 629.488000 1088.312000 1771.280000 1.000000
1089.883200 1142.640000 1089.088000 2237.488000 1.000000
1088.596800 1019.830400 1089.539200 2119.792000 1.000000
1094.004800 1559.369600 1089.774400 2676.144000 1.000000
1083.564800 394.795200 1089.888000 1585.217600 1.000000
1091.315200 1099.028800 1091.120000 2195.648000 1.000000
1087.268800 660.296000 1092.283200 1796.560000 1.000000
1093.580800 1195.638400 1092.392000 2292.096000 1.000000
1091.358400 783.238400 1095.777600 1902.944000 1.000000
1093.104000 409.414400 1098.888000 1594.368000 1.000000
1102.561600 1774.416000 1099.161600 2937.872000 1.000000
1101.483200 1550.480000 1099.259200 2666.000000 1.000000
1094.096000 300.568000 1099.353600 1512.651200 1.000000
1092.233600 202.473600 1099.452800 1439.153600 1.000000
1096.737600 770.771200 1100.240000 1890.816000 1.000000
1102.721600 1821.728000 1100.312000 2992.000000 1.000000
1106.507200 1722.128000 1103.832000 2869.536000 1.000000
1100.934400 523.507200 1104.318400 1682.960000 1.000000
1108.089600 1316.747200 1104.472000 2416.560000 1.000000
1099.907200 567.184000 1104.955200 1718.240000 1.000000
1104.486400 802.505600 1105.508800 1918.256000 1.000000
1102.761600 385.860800 1106.592000 1576.264000 1.000000
1103.636800 274.955200 1107.638400 1491.886400 1.000000
1108.243200 921.534400 1108.392000 2024.224000 1.000000
1112.961600 1168.582400 1110.094400 2262.208000 1.000000
1111.235200 1237.668800 1110.108800 2328.000000 1.000000
1112.980800 1227.385600 1112.144000 2318.432000 1.000000
1114.051200 1045.585600 1112.235200 2142.192000 1.000000
1107.756800 140.044160 1112.259200 1391.116800 1.000000
1112.254400 762.001600 1114.003200 1879.872000 1.000000
1113.212800 945.648000 1114.163200 2045.664000 1.000000
1109.523200 680.665600 1114.353600 1808.320000 1.000000
1115.859200 1215.510400 1114.798400 2306.864000 1.000000
1116.694400 878.011200 1116.915200 1983.216000 1.000000
1117.436800 1527.806400 1118.086400 2636.560000 1.000000
1119.078400 1336.540800 1118.377600 2435.168000 1.000000
1115.136000 353.464000 1118.539200 1551.393600 1.000000
1113.966400 206.321600 1118.540800 1439.398400 1.000000
1120.507200 1069.472000 1118.948800 2164.480000 1.000000
1118.104000 655.491200 1120.326400 1789.248000 1.000000
1121.470400 1280.270400 1120.414400 2371.488000 1.000000
1116.460800 151.387040 1120.896000 1397.643200 1.000000
1121.939200 1261.424000 1121.339200 2349.040000 1.000000
1121.368000 509.713600 1123.587200 1669.440000 1.000000
1125.532800 1003.977600 1124.438400 2099.328000 1.000000
1121.307200 402.595200 1124.729600 1586.174400 1.000000
1124.057600 726.756800 1124.929600 1848.592000 1.000000
1125.656000 553.385600 1126.476800 1704.208000 1.000000
1126.040000 307.099200 1127.260800 1514.571200 1.000000
1129.361600 590.414400 1127.620800 1737.840000 1.000000
1132.420800 794.945600 1130.588800 1907.952000 1.000000
1135.019200 1036.747200 1131.483200 2134.176000 1.000000
1130.433600 641.294400 1132.262400 1775.792000 1.000000
1135.614400 1322.000000 1134.881600 2415.408000 1.000000
1133.204800 703.099200 1134.896000 1825.680000 1.000000
1135.006400 1706.368000 1135.070400 2844.400000 1.000000
1137.838400 868.220800 1137.640000 1971.760000 1.000000
1139.556800 596.929600 1139.496000 1738.752000 1.000000
1143.563200 1394.652800 1141.027200 2492.304000 1.000000
1141.748800 185.049600 1141.304000 1421.910400 1.000000
1142.140800 667.537600 1141.705600 1793.376000 1.000000
1143.641600 554.830400 1143.144000 1704.304000 1.000000
1146.776000 937.262400 1144.966400 2033.648000 1.000000
1147.244800 141.114720 1145.819200 1388.417600 1.000000
1148.534400 1399.211200 1146.379200 2497.376000 1.000000
1147.393600 1566.968000 1146.548800 2680.816000 1.000000
1148.953600 1159.220800 1146.656000 2248.880000 1.000000
1149.516800 1419.276800 1147.094400 2519.328000 1.000000
1152.593600 257.459200 1148.755200 1477.526400 1.000000
1149.976000 1261.560000 1148.987200 2346.224000 1.000000
1150.096000 1593.184000 1149.681600 2711.328000 1.000000
1151.057600 1226.332800 1149.806400 2311.632000 1.000000
1153.004800 1335.569600 1151.427200 2427.024000 1.000000
1154.760000 425.817600 1153.880000 1599.060800 1.000000
1154.449600 384.291200 1154.238400 1566.705600 1.000000
1156.627200 516.846400 1154.894400 1672.416000 1.000000
1158.027200 1286.350400 1157.004800 2373.696000 1.000000
1160.553600 1061.009600 1158.171200 2151.424000 1.000000
1161.488000 283.972800 1158.444800 1493.545600 1.000000
1162.406400 629.537600 1160.990400 1761.760000 1.000000
1162.486400 1321.414400 1161.022400 2410.496000 1.000000
1163.003200 563.227200 1161.113600 1709.472000 1.000000
1163.131200 1341.489600 1162.108800 2431.424000 1.000000
1165.724800 783.825600 1162.753600 1894.224000 1.000000
1166.747200 1100.027200 1163.582400 2189.760000 1.000000
1169.142400 59.683040 1163.812800 1327.916800 1.000000
1166.496000 763.641600 1164.059200 1876.576000 1.000000
1167.611200 1134.619200 1164.809600 2221.568000 1.000000
1168.952000 420.152000 1166.265600 1593.545600 1.000000
1166.932800 1405.115200 1166.792000 2501.216000 1.000000
1169.385600 1363.950400 1167.798400 2454.448000 1.000000
1169.048000 1429.785600 1168.252800 2525.920000 1.000000
1173.896000 741.171200 1170.844800 1856.160000 1.000000
1171.873600 1254.030400 1171.049600 2336.400000 1.000000
1174.124800 703.744000 1171.889600 1822.544000 1.000000
1173.433600 1271.163200 1172.227200 2355.056000 1.000000
1171.411200 1653.232000 1172.672000 2779.328000 1.000000
1180.731200 545.540800 1175.156800 1693.936000 1.000000
1176.808000 1180.017600 1175.758400 2262.080000 1.000000
1179.963200 1060.731200 1177.420800 2147.776000 1.000000
1182.049600 622.180800 1177.592000 1754.256000 1.000000
1184.438400 912.395200 1181.556800 2006.336000 1.000000
1184.828800 1497.392000 1184.540800 2592.304000 1.000000
1189.462400 720.619200 1185.484800 1836.608000 1.000000
1189.854400 1333.868800 1187.198400 2420.864000 1.000000
1189.790400 1141.256000 1187.868800 2224.704000 1.000000
1187.976000 1445.929600 1188.188800 2539.680000 1.000000
1194.049600 345.902400 1189.032000 1533.953600 1.000000
1197.353600 368.097600 1190.518400 1550.627200 1.000000
1196.628800 732.694400 1191.185600 1848.464000 1.000000
1194.560000 1414.851200 1192.208000 2507.056000 1.000000
1197.340800 1049.537600 1192.412800 2135.104000 1.000000
1194.790400 1208.859200 1195.395200 2286.752000 1.000000
1204.808000 299.033600 1196.307200 1498.283200 1.000000
1207.644800 191.268800 1196.339200 1421.990400 1.000000
1197.376000 1230.337600 1196.483200 2307.600000 1.000000
1197.153600 1306.920000 1196.862400 2389.632000 1.000000
1197.958400 1199.921600 1196.947200 2277.680000 1.000000
1197.156800 1588.368000 1198.798400 2699.136000 1.000000
1198.811200 1523.990400 1200.616000 2624.800000 1.000000
1211.848000 306.051200 1201.480000 1503.510400 1.000000
1204.147200 1213.862400 1203.315200 2290.000000 1.000000
1209.678400 789.640000 1204.523200 1895.120000 1.000000
1214.560000 592.700800 1204.772800 1728.496000 1.000000
1209.608000 1021.459200 1205.102400 2106.768000 1.000000
1204.876800 1432.032000 1205.102400 2522.528000 1.000000
1210.025600 1251.422400 1208.096000 2329.728000 1.000000
1206.123200 1612.640000 1208.217600 2726.928000 1.000000
1209.764800 1324.868800 1208.382400 2409.056000 1.000000
1211.075200 1095.259200 1209.248000 2177.104000 1.000000
1223.302400 239.628800 1211.707200 1456.598400 1.000000
1211.035200 1475.337600 1212.212800 2569.344000 1.000000
1212.198400 1446.795200 1212.652800 2537.360000 1.000000
1212.494400 1466.032000 1214.260800 2557.696000 1.000000
1214.942400 1352.736000 1214.694400 2438.224000 1.000000
1221.953600 755.348800 1215.246400 1865.168000 1.000000
1217.726400 1212.968000 1216.140800 2287.424000 1.000000
1224.449600 744.960000 1217.558400 1856.496000 1.000000
1218.729600 1152.603200 1217.873600 2228.720000 1.000000
1217.828800 1430.523200 1219.145600 2519.792000 1.000000
1219.339200 1332.361600 1219.219200 2415.232000 1.000000
1233.132800 274.315200 1220.312000 1477.958400 1.000000
1234.374400 209.462400 1221.078400 1432.155200 1.000000
1217.033600 1579.848000 1221.268800 2686.784000 1.000000
1227.800000 1184.313600 1225.177600 2257.936000 1.000000
1220.310400 1703.104000 1225.758400 2834.384000 1.000000
1244.238400 93.572480 1225.859200 1348.744000 1.000000
1240.865600 293.027200 1225.905600 1491.718400 1.000000
1231.502400 1025.024000 1226.264000 2108.496000 1.000000
1219.198400 1823.632000 1226.745600 2981.680000 1.000000
1240.164800 427.585600 1227.371200 1595.276800 1.000000
1227.131200 1433.702400 1228.313600 2520.288000 1.000000
1239.192000 583.668800 1229.043200 1717.904000 1.000000
1243.697600 364.401600 1229.913600 1543.297600 1.000000
1227.515200 1563.568000 1230.180800 2669.760000 1.000000
1245.707200 242.499200 1231.228800 1454.465600 1.000000
1250.168000 81.366240 1231.390400 1338.470400 1.000000
1240.043200 689.843200 1231.572800 1805.376000 1.000000
1235.972800 1303.465600 1234.689600 2384.128000 1.000000
1241.163200 1125.233600 1235.102400 2201.264000 1.000000
1245.729600 606.846400 1235.132800 1736.112000 1.000000
1239.438400 1089.449600 1235.235200 2166.512000 1.000000
1232.240000 1729.888000 1237.977600 2869.456000 1.000000
1237.428800 1452.283200 1238.748800 2542.080000 1.000000
1246.448000 889.134400 1239.128000 1977.904000 1.000000
1253.529600 662.238400 1241.876800 1780.256000 1.000000
1258.928000 349.398400 1242.150400 1532.168000 1.000000
1258.681600 295.448000 1242.865600 1492.380800 1.000000
1244.390400 1285.798400 1242.964800 2362.896000 1.000000
1246.531200 1114.443200 1243.113600 2188.304000 1.000000
1263.824000 115.086240 1244.081600 1363.363200 1.000000
1250.228800 1013.998400 1244.244800 2097.920000 1.000000
1236.892800 1693.168000 1244.451200 2818.864000 1.000000
1252.457600 942.985600 1244.988800 2028.416000 1.000000
1259.425600 530.393600 1246.248000 1674.512000 1.000000
1258.536000 583.785600 1246.323200 1713.888000 1.000000
1248.979200 1133.345600 1246.393600 2208.576000 1.000000
1260.009600 606.776000 1246.827200 1734.784000 1.000000
1251.635200 1065.676800 1246.860800 2142.896000 1.000000
1243.560000 1587.705600 1248.460800 2694.240000 1.000000
1272.329600 67.334560 1248.470400 1327.475200 1.000000
1260.556800 600.080000 1248.628800 1727.984000 1.000000
1248.097600 1423.496000 1248.657600 2509.600000 1.000000
1264.307200 440.576000 1249.582400 1602.832000 1.000000
1251.264000 1497.659200 1251.988800 2594.832000 1.000000
1255.128000 1185.702400 1252.939200 2257.520000 1.000000
1270.820800 376.508800 1254.462400 1552.347200 1.000000
1280.521600 201.396800 1257.846400 1421.060800 1.000000
1271.137600 623.716800 1258.355200 1745.456000 1.000000
1278.952000 503.747200 1262.201600 1650.608000 1.000000
1284.084800 181.496000 1262.688000 1406.380800 1.000000
1273.689600 793.710400 1262.891200 1891.968000 1.000000
1271.025600 967.249600 1264.689600 2051.328000 1.000000
1295.404800 48.564640 1267.372800 1314.524800 1.000000
1288.859200 415.556800 1269.379200 1582.891200 1.000000
1284.849600 597.164800 1269.883200 1724.528000 1.000000
1288.739200 539.056000 1270.080000 1678.816000 1.000000
1291.801600 313.148800 1270.292800 1502.742400 1.000000
1282.353600 765.638400 1270.310400 1866.960000 1.000000
1271.406400 1470.123200 1272.502400 2561.904000 1.000000
1269.252800 1528.193600 1273.041600 2624.928000 1.000000
1276.228800 1204.929600 1273.310400 2277.424000 1.000000
1296.321600 330.932800 1273.369600 1517.003200 1.000000
1273.737600 1556.777600 1275.800000 2658.720000 1.000000
1291.105600 648.992000 1276.427200 1766.496000 1.000000
1301.961600 240.745600 1277.424000 1449.176000 1.000000
1287.728000 937.326400 1278.500800 2021.120000 1.000000
1296.273600 629.486400 1279.656000 1749.408000 1.000000
1284.707200 1091.830400 1279.737600 2162.144000 1.000000
1290.577600 893.932800 1279.740800 1980.560000 1.000000
1293.360000 917.979200 1280.902400 2003.072000 1.000000
1268.929600 1813.248000 1281.150400 2963.344000 1.000000
1275.713600 1544.755200 1281.452800 2641.872000 1.000000
1304.059200 359.238400 1282.337600 1536.572800 1.000000
1306.420800 431.174400 1285.236800 1593.142400 1.000000
1315.171200 178.883200 1287.214400 1406.649600 1.000000
1317.366400 146.474080 1287.958400 1381.912000 1.000000
1302.704000 738.387200 1288.358400 1841.536000 1.000000
1291.246400 1257.844800 1288.908800 2329.584000 1.000000
1307.283200 566.584000 1289.166400 1698.224000 1.000000
1297.091200 1008.182400 1289.340800 2082.032000 1.000000
1285.171200 1559.876800 1289.672000 2659.600000 1.000000
1310.348800 599.393600 1292.360000 1724.160000 1.000000
1297.824000 1142.788800 1292.681600 2211.312000 1.000000
1307.438400 836.936000 1295.209600 1926.496000 1.000000
1315.844800 662.326400 1296.824000 1778.032000 1.000000
1316.528000 536.382400 1297.219200 1672.928000 1.000000
1294.448000 1574.198400 1298.579200 2674.864000 1.000000
1303.254400 1276.560000 1299.844800 2348.560000 1.000000
1314.075200 786.406400 1299.995200 1881.936000 1.000000
1306.988800 1103.814400 1300.945600 2173.632000 1.000000
1315.502400 858.518400 1302.273600 1946.592000 1.000000
1291.606400 1733.968000 1302.504000 2868.816000 1.000000
1309.880000 1075.097600 1302.820800 2144.928000 1.000000
1301.897600 1441.355200 1303.544000 2529.632000 1.000000
1317.611200 1060.980800 1307.340800 2132.128000 1.000000
1309.678400 1455.160000 1311.251200 2542.496000 1.000000
1316.588800 1180.198400 1312.750400 2247.936000 1.000000
1334.814400 582.307200 1312.752000 1709.152000 1.000000
1299.793600 1754.352000 1312.892800 2891.360000 1.000000
1326.702400 877.491200 1313.241600 1961.136000 1.000000
1320.094400 1198.819200 1316.560000 2266.416000 1.000000
1352.387200 122.313920 1316.753600 1363.356800 1.000000
1343.081600 451.028800 1317.172800 1605.888000 1.000000
1326.259200 1098.204800 1317.454400 2166.688000 1.000000
1355.092800 212.558400 1320.280000 1427.204800 1.000000
1335.934400 903.355200 1323.982400 1984.528000 1.000000
1331.336000 1077.824000 1324.284800 2147.952000 1.000000
1322.206400 1468.870400 1325.003200 2557.056000 1.000000
1322.689600 1512.270400 1325.792000 2605.664000 1.000000
1330.827200 1282.206400 1326.705600 2355.232000 1.000000
1350.683200 588.174400 1328.152000 1713.728000 1.000000
1332.960000 1268.518400 1330.251200 2339.056000 1.000000
1338.624000 1165.644800 1332.776000 2232.368000 1.000000
1322.630400 1662.496000 1333.774400 2778.272000 1.000000
1319.068800 1798.640000 1334.472000 2944.368000 1.000000
1336.537600 1342.664000 1335.686400 2417.360000 1.000000
1366.492800 406.051200 1336.313600 1570.224000 1.000000
1375.406400 203.598400 1337.899200 1419.865600 1.000000
1345.510400 1113.281600 1337.900800 2181.248000 1.000000
1327.225600 1737.456000 1339.483200 2869.536000 1.000000
1347.800000 1079.424000 1339.652800 2146.032000 1.000000
1368.849600 439.577600 1339.888000 1595.608000 1.000000
1354.574400 997.984000 1341.728000 2070.928000 1.000000
1347.900800 1272.856000 1344.054400 2344.352000 1.000000
1374.627200 377.249600 1344.491200 1547.512000 1.000000
1383.625600 299.081600 1346.723200 1490.396800 1.000000
1352.428800 1270.936000 1347.584000 2342.560000 1.000000
1382.144000 390.651200 1347.838400 1557.721600 1.000000
1354.062400 1188.798400 1348.686400 2254.864000 1.000000
1367.771200 891.139200 1350.366400 1972.896000 1.000000
1388.408000 280.136000 1350.593600 1475.273600 1.000000
1369.329600 829.643200 1351.937600 1917.824000 1.000000
1385.891200 449.153600 1354.163200 1602.032000 1.000000
1366.296000 995.283200 1354.553600 2069.936000 1.000000
1351.073600 1472.243200 1354.900800 2560.512000 1.000000
1337.630400 1799.904000 1355.097600 2944.528000 1.000000
1375.865600 762.419200 1355.198400 1858.816000 1.000000
1380.939200 648.014400 1355.916800 1762.560000 1.000000
1400.377600 129.497920 1356.033600 1367.708800 1.000000
1356.036800 1362.513600 1356.638400 2441.072000 1.000000
1389.512000 423.768000 1356.961600 1582.451200 1.000000
1363.299200 1174.859200 1356.995200 2239.216000 1.000000
1352.761600 1499.025600 1357.204800 2589.936000 1.000000
1383.811200 617.974400 1357.603200 1738.304000 1.000000
1356.579200 1482.260800 1358.492800 2572.448000 1.000000
1391.728000 441.059200 1359.209600 1596.441600 1.000000
1364.505600 1240.096000 1359.307200 2309.552000 1.000000
1357.372800 1453.476800 1359.985600 2540.656000 1.000000
1407.363200 79.797760 1360.014400 1331.824000 1.000000
1380.073600 738.142400 1360.192000 1838.176000 1.000000
1358.465600 1462.499200 1360.774400 2550.112000 1.000000
1362.356800 1418.393600 1362.510400 2504.480000 1.000000
1409.550400 129.100640 1363.009600 1366.011200 1.000000
1378.300800 1098.649600 1365.974400 2169.936000 1.000000
1367.976000 1369.908800 1367.356800 2449.328000 1.000000
1377.140800 1129.788800 1367.518400 2197.280000 1.000000
1359.048000 1595.332800 1367.611200 2702.272000 1.000000
1412.203200 216.718400 1368.257600 1429.579200 1.000000
1366.161600 1450.184000 1368.795200 2537.072000 1.000000
1369.236800 1396.425600 1369.160000 2480.848000 1.000000
1393.006400 746.020800 1369.329600 1846.736000 1.000000
1389.454400 875.953600 1370.987200 1960.128000 1.000000
1400.484800 666.131200 1373.192000 1776.528000 1.000000
1424.646400 384.811200 1383.617600 1566.851200 1.000000
1426.315200 777.628800 1397.305600 1888.032000 1.000000
1433.923200 768.652800 1405.910400 1876.560000 1.000000
1432.718400 791.244800 1406.140800 1898.544000 1.000000
1463.280000 178.169600 1406.878400 1412.891200 1.000000
1455.120000 316.307200 1407.705600 1517.672000 1.000000
1461.785600 226.608000 1408.326400 1447.275200 1.000000
1468.105600 140.828640 1411.129600 1385.356800 1.000000
2675.232000 2224.208000 2527.968000 1805.520000 1.000000
2434.656000 2243.936000 2603.888000 1749.392000 1.000000
2492.336000 2255.600000 2656.864000 1738.496000 1.000000
2584.720000 1938.016000 2662.992000 1418.972800 1.000000
2499.296000 2266.704000 2664.992000 1743.808000 1.000000
2565.040000 2066.896000 2675.152000 1539.412800 1.000000
2641.760000 1784.848000 2675.584000 1264.952000 1.000000
2657.968000 1797.888000 2692.272000 1272.262400 1.000000
2563.120000 2283.728000 2723.360000 1731.232000 1.000000
2671.408000 1858.528000 2733.648000 1379.604800 1.000000
2598.112000 2303.056000 2756.608000 1728.640000 1.000000
2688.736000 2121.312000 2783.136000 1506.208000 1.000000
2718.960000 2280.256000 2840.096000 1524.780800 1.000000
