917.950400 106.040480 970.380800 2775.328000 1.000000
925.379200 78.049600 977.942400 2751.376000 1.000000
992.875200 386.244800 1039.886400 2979.072000 1.000000
1039.993600 329.804800 1086.980800 2915.360000 1.000000
1066.001600 134.239840 1112.553600 2739.200000 1.000000
1088.140800 235.267200 1132.664000 2817.968000 1.000000
1092.233600 202.473600 1136.665600 2790.752000 1.000000
1107.593600 280.180800 1150.339200 2856.272000 1.000000
1120.582400 115.021920 1163.035200 2709.872000 1.000000
1127.387200 73.441280 1167.699200 2674.688000 1.000000
1127.051200 218.032000 1168.998400 2795.408000 1.000000
1132.494400 121.217600 1172.771200 2712.064000 1.000000
1137.308800 164.680000 1179.137600 2747.264000 1.000000
1174.460800 77.351040 1210.542400 2669.392000 1.000000
1167.177600 418.584000 1214.044800 2952.704000 1.000000
1194.049600 345.902400 1239.224000 2881.856000 1.000000
1197.353600 368.097600 1241.454400 2900.640000 1.000000
1207.644800 191.268800 1241.699200 2757.328000 1.000000
1198.707200 396.200000 1243.544000 2925.312000 1.000000
1223.302400 239.628800 1261.003200 2793.104000 1.000000
1234.374400 209.462400 1270.019200 2762.432000 1.000000
1240.164800 427.585600 1284.649600 2947.584000 1.000000
1243.697600 364.401600 1284.716800 2886.992000 1.000000
1264.307200 440.576000 1310.569600 2955.600000 1.000000
1270.820800 376.508800 1312.752000 2893.776000 1.000000
1285.888000 157.702720 1314.400000 2707.744000 1.000000
1291.801600 313.148800 1328.568000 2833.936000 1.000000
1314.200000 198.288000 1341.216000 2736.704000 1.000000
1317.366400 146.474080 1342.236800 2694.576000 1.000000
1311.065600 359.779200 1349.904000 2871.424000 1.000000
1306.420800 431.174400 1350.345600 2937.296000 1.000000
1316.268800 272.068800 1350.564800 2795.136000 1.000000
1307.681600 444.052800 1352.545600 2948.224000 1.000000
1334.758400 125.658400 1357.040000 2675.680000 1.000000
1324.907200 458.904000 1371.465600 2958.848000 1.000000
1339.873600 343.425600 1376.864000 2852.592000 1.000000
1355.092800 212.558400 1380.115200 2743.024000 1.000000
1357.944000 203.958400 1382.464000 2736.160000 1.000000
1366.843200 182.278400 1389.024000 2718.336000 1.000000
1387.265600 60.716480 1398.648000 2622.448000 1.000000
1355.156800 488.672000 1403.001600 2979.664000 1.000000
1366.492800 406.051200 1406.684800 2903.664000 1.000000
1388.702400 230.273600 1412.724800 2753.264000 1.000000
1368.849600 439.577600 1413.612800 2930.736000 1.000000
1407.363200 79.797760 1417.129600 2637.600000 1.000000
1385.891200 449.153600 1429.684800 2939.344000 1.000000
1389.512000 423.768000 1430.203200 2915.968000 1.000000
1405.707200 343.000000 1437.542400 2845.008000 1.000000
1463.280000 178.169600 1474.340800 2731.712000 1.000000
1455.120000 316.307200 1483.121600 2849.904000 1.000000
1477.732800 221.388800 1494.467200 2766.288000 1.000000
1465.324800 414.987200 1503.720000 2932.800000 1.000000
1462.225600 458.121600 1504.624000 2968.832000 1.000000
2580.000000 1605.440000 2662.016000 1389.536000 1.000000
2434.656000 2243.936000 2711.088000 1731.280000 1.000000
