129.036640 2464.608000 41.259360 2789.248000 1.000000
145.752160 2481.584000 58.036960 2805.584000 1.000000
146.569280 2457.136000 59.128000 2781.760000 1.000000
153.277600 1451.772800 96.599840 1739.968000 1.000000
184.089600 2460.752000 99.020000 2784.016000 1.000000
188.793600 2507.456000 102.731680 2837.184000 1.000000
199.360000 2531.760000 115.285920 2859.648000 1.000000
205.785600 2420.704000 122.579360 2742.192000 1.000000
193.896000 1807.776000 128.567360 2116.752000 1.000000
212.086400 1927.184000 143.577600 2238.560000 1.000000
226.328000 1764.848000 162.436800 2064.576000 1.000000
231.049600 1667.568000 164.918400 1970.224000 1.000000
232.056000 1699.008000 169.568000 1997.952000 1.000000
242.123200 1855.904000 174.011200 2165.072000 1.000000
259.414400 2460.416000 180.081600 2781.472000 1.000000
263.652800 2405.024000 186.136000 2720.672000 1.000000
278.176000 2591.664000 196.726400 2920.976000 1.000000
280.403200 2589.760000 198.724800 2919.408000 1.000000
262.689600 1401.299200 207.806400 1690.848000 1.000000
310.331200 2495.376000 228.048000 2829.760000 1.000000
278.902400 1282.508800 230.254400 1574.737600 1.000000
322.670400 2364.448000 250.054400 2678.192000 1.000000
324.718400 1846.416000 252.457600 2153.344000 1.000000
323.192000 1403.537600 271.918400 1695.232000 1.000000
344.443200 1916.192000 275.131200 2226.784000 1.000000
344.064000 1676.608000 283.129600 1977.296000 1.000000
346.667200 1784.112000 284.910400 2092.160000 1.000000
351.880000 1813.024000 288.844800 2118.080000 1.000000
363.241600 1884.688000 295.496000 2191.872000 1.000000
352.804800 1581.201600 298.049600 1872.896000 1.000000
365.012800 1748.128000 306.104000 2056.160000 1.000000
378.006400 1968.368000 310.273600 2282.800000 1.000000
371.267200 1445.048000 318.713600 1728.480000 1.000000
389.489600 1988.592000 322.030400 2305.664000 1.000000
399.614400 2378.528000 325.080000 2692.272000 1.000000
389.366400 1781.120000 332.017600 2086.128000 1.000000
404.552000 1958.720000 339.971200 2272.640000 1.000000
409.492800 2013.936000 341.310400 2329.920000 1.000000
416.331200 2131.248000 347.120000 2445.296000 1.000000
415.947200 1984.720000 351.979200 2303.136000 1.000000
418.604800 1743.648000 359.572800 2035.856000 1.000000
434.411200 1997.248000 369.625600 2310.608000 1.000000
443.075200 2136.160000 377.392000 2453.696000 1.000000
440.270400 1938.688000 377.950400 2250.400000 1.000000
440.192000 2044.064000 380.196800 2338.640000 1.000000
454.108800 2059.920000 388.644800 2377.888000 1.000000
457.196800 2126.864000 391.656000 2446.000000 1.000000
450.248000 1509.419200 398.494400 1782.016000 1.000000
463.920000 2010.416000 402.528000 2321.040000 1.000000
463.344000 1837.200000 402.996800 2119.696000 1.000000
461.486400 1828.592000 403.704000 2111.376000 1.000000
457.321600 1127.920000 415.470400 1402.606400 1.000000
503.680000 2167.808000 434.584000 2489.600000 1.000000
507.512000 1791.744000 449.331200 2072.544000 1.000000
545.488000 2386.160000 480.576000 2699.888000 1.000000
548.542400 2535.744000 484.164800 2853.824000 1.000000
528.873600 1136.310400 488.691200 1411.574400 1.000000
559.249600 2493.520000 493.529600 2812.176000 1.000000
535.760000 1086.347200 495.534400 1366.600000 1.000000
554.681600 1839.408000 497.907200 2119.328000 1.000000
586.052800 2404.672000 522.395200 2714.384000 1.000000
591.049600 2467.424000 530.520000 2776.160000 1.000000
573.697600 1089.696000 531.459200 1369.688000 1.000000
601.329600 2391.680000 538.344000 2699.648000 1.000000
600.334400 2483.360000 540.030400 2795.920000 1.000000
604.344000 2417.968000 542.571200 2729.968000 1.000000
609.880000 2490.528000 547.396800 2805.056000 1.000000
575.384000 36.501280 552.283200 322.656000 1.000000
595.020800 2087.696000 561.003200 2401.712000 1.000000
659.089600 2454.672000 598.412800 2765.696000 1.000000
639.513600 35.332000 618.105600 317.452800 1.000000
679.939200 2475.840000 619.212800 2791.632000 1.000000
673.273600 1839.616000 619.382400 2116.544000 1.000000
657.608000 82.245760 635.718400 365.728000 1.000000
694.784000 2402.752000 636.403200 2709.712000 1.000000
698.076800 2445.024000 639.289600 2754.752000 1.000000
699.560000 1820.208000 643.131200 2095.280000 1.000000
704.592000 2388.448000 646.692800 2693.808000 1.000000
679.257600 51.847840 655.648000 333.694400 1.000000
722.545600 2310.032000 657.972800 2615.952000 1.000000
704.531200 95.694720 676.254400 372.854400 1.000000
731.796800 1820.848000 680.084800 2094.992000 1.000000
737.836800 2366.816000 681.283200 2672.432000 1.000000
780.745600 2299.776000 694.825600 2606.496000 1.000000
753.684800 2537.088000 696.118400 2852.736000 1.000000
747.288000 1830.256000 697.387200 2103.536000 1.000000
731.985600 77.992320 708.768000 357.699200 1.000000
743.356800 49.158560 719.104000 327.238400 1.000000
745.689600 57.368640 722.632000 338.329600 1.000000
774.753600 70.804000 749.376000 349.105600 1.000000
784.004800 99.776480 759.214400 378.446400 1.000000
843.086400 2585.552000 790.380800 2902.816000 1.000000
848.428800 2613.296000 795.696000 2930.192000 1.000000
848.347200 2649.792000 795.966400 2971.104000 1.000000
834.096000 61.056480 808.225600 337.969600 1.000000
852.654400 128.881120 825.068800 405.510400 1.000000
851.089600 72.910880 825.620800 348.134400 1.000000
856.276800 49.862880 828.792000 324.936000 1.000000
865.321600 67.966240 839.115200 344.454400 1.000000
871.907200 84.300000 845.968000 358.868800 1.000000
905.409600 2641.232000 857.385600 2961.200000 1.000000
885.500800 82.037120 858.216000 357.550400 1.000000
900.926400 1862.816000 858.990400 2134.528000 1.000000
888.777600 42.129600 861.742400 319.468800 1.000000
890.558400 123.815680 863.985600 398.542400 1.000000
898.094400 101.072000 872.206400 377.630400 1.000000
908.185600 58.548000 880.760000 335.972800 1.000000
909.068800 40.209120 881.171200 316.076800 1.000000
917.553600 139.309760 890.598400 413.153600 1.000000
940.545600 2334.032000 891.864000 2633.664000 1.000000
930.257600 173.057600 900.004800 446.067200 1.000000
927.256000 100.902080 903.158400 377.987200 1.000000
930.094400 158.685120 903.523200 431.673600 1.000000
954.606400 2449.824000 908.262400 2751.968000 1.000000
942.153600 33.650080 916.312000 310.305600 1.000000
968.454400 2504.512000 922.670400 2811.888000 1.000000
968.534400 2431.104000 923.168000 2738.384000 1.000000
952.766400 78.085120 925.430400 353.430400 1.000000
977.752000 2436.080000 932.212800 2741.520000 1.000000
962.995200 174.771200 934.473600 449.131200 1.000000
983.512000 2472.080000 937.531200 2777.792000 1.000000
970.153600 141.764480 939.651200 414.046400 1.000000
977.542400 118.189920 947.785600 393.161600 1.000000
979.721600 45.680000 951.913600 322.059200 1.000000
982.987200 29.398560 954.196800 306.707200 1.000000
987.755200 226.864000 959.222400 496.089600 1.000000
989.651200 114.692960 960.075200 387.008000 1.000000
993.144000 180.830400 960.750400 452.140800 1.000000
996.894400 69.749120 966.817600 345.596800 1.000000
1001.321600 85.477280 971.094400 359.977600 1.000000
1001.851200 59.218400 974.025600 332.411200 1.000000
1022.406400 2553.504000 979.112000 2860.816000 1.000000
1022.790400 2599.744000 980.347200 2915.312000 1.000000
1013.542400 77.924480 984.555200 351.278400 1.000000
1031.760000 1719.536000 990.790400 1987.440000 1.000000
1022.328000 110.391840 992.204800 383.636800 1.000000
1023.580800 203.782400 992.468800 475.004800 1.000000
1037.195200 1829.552000 997.260800 2096.096000 1.000000
1029.896000 212.124800 998.363200 484.414400 1.000000
1041.984000 176.926400 1010.428800 446.953600 1.000000
1043.339200 67.460000 1011.742400 341.222400 1.000000
1066.256000 2324.080000 1023.700800 2616.480000 1.000000
1069.011200 64.939680 1037.043200 339.252800 1.000000
1074.488000 200.952000 1044.267200 469.880000 1.000000
1077.942400 56.197600 1048.401600 332.156800 1.000000
1080.054400 238.260800 1049.289600 505.851200 1.000000
1093.236800 2354.704000 1052.864000 2651.424000 1.000000
1093.051200 190.900800 1060.180800 461.590400 1.000000
1091.540800 109.994560 1060.195200 381.251200 1.000000
1097.451200 48.148800 1064.793600 321.131200 1.000000
1098.963200 234.512000 1066.105600 503.505600 1.000000
1101.113600 207.803200 1068.556800 477.574400 1.000000
1104.230400 177.168000 1072.529600 448.510400 1.000000
1113.168000 132.456160 1081.036800 403.724800 1.000000
1125.614400 104.131520 1091.329600 375.448000 1.000000
1150.048000 216.124800 1113.572800 486.569600 1.000000
1163.488000 393.744000 1119.315200 654.131200 1.000000
1167.633600 244.699200 1136.292800 514.993600 1.000000
1176.598400 1151.867200 1140.281600 1416.926400 1.000000
1177.883200 2191.024000 1141.286400 2496.208000 1.000000
1189.432000 1137.088000 1152.652800 1402.750400 1.000000
1217.372800 448.830400 1173.452800 701.569600 1.000000
1225.259200 516.654400 1180.732800 773.785600 1.000000
1228.936000 2238.592000 1197.305600 2525.184000 1.000000
1239.870400 333.955200 1202.350400 591.809600 1.000000
1257.156800 1121.772800 1219.652800 1388.417600 1.000000
1281.505600 450.926400 1235.476800 706.073600 1.000000
1293.904000 1128.894400 1254.740800 1392.283200 1.000000
1307.875200 1161.177600 1273.227200 1423.174400 1.000000
1302.758400 2154.720000 1275.932800 2451.840000 1.000000
1310.096000 2464.400000 1280.777600 2760.464000 1.000000
1333.014400 2394.656000 1306.198400 2682.688000 1.000000
1347.027200 2328.512000 1318.840000 2613.072000 1.000000
1348.582400 2443.632000 1321.057600 2739.040000 1.000000
1357.779200 2407.680000 1333.126400 2695.376000 1.000000
1356.126400 2295.872000 1333.179200 2577.232000 1.000000
1364.692800 2354.784000 1338.944000 2640.400000 1.000000
1388.707200 2143.952000 1361.075200 2436.560000 1.000000
1391.300800 2343.616000 1366.172800 2629.504000 1.000000
1395.116800 2381.888000 1371.633600 2665.424000 1.000000
1401.364800 1758.400000 1371.852800 2017.600000 1.000000
1404.516800 1788.080000 1374.945600 2046.592000 1.000000
1418.158400 1152.408000 1383.305600 1414.640000 1.000000
1406.755200 2339.552000 1383.587200 2624.000000 1.000000
1408.675200 2358.288000 1384.968000 2643.280000 1.000000
1431.534400 1784.656000 1398.307200 2040.752000 1.000000
1443.217600 1164.220800 1407.995200 1423.776000 1.000000
1440.616000 1753.696000 1410.505600 2011.872000 1.000000
1431.547200 2280.848000 1410.921600 2560.224000 1.000000
1436.683200 2322.752000 1414.008000 2604.800000 1.000000
1457.201600 1141.784000 1418.155200 1401.763200 1.000000
1456.011200 2311.792000 1433.292800 2592.928000 1.000000
1468.832000 1781.504000 1439.619200 2035.120000 1.000000
1479.105600 1004.889600 1442.356800 1282.139200 1.000000
1494.736000 1148.084800 1455.249600 1406.312000 1.000000
1478.019200 2418.704000 1458.080000 2705.568000 1.000000
1515.350400 820.020800 1476.412800 1108.270400 1.000000
1515.227200 1321.212800 1483.260800 1581.984000 1.000000
1515.270400 1837.904000 1491.825600 2091.952000 1.000000
1546.995200 1293.089600 1515.145600 1554.531200 1.000000
1545.588800 1322.942400 1516.851200 1581.755200 1.000000
1534.568000 2532.848000 1521.555200 2813.024000 1.000000
1559.488000 1533.902400 1529.536000 1790.496000 1.000000
1560.635200 2592.512000 1548.393600 2889.568000 1.000000
1572.084800 2533.616000 1559.321600 2822.176000 1.000000
1585.822400 2543.984000 1571.324800 2837.344000 1.000000
1604.112000 2555.312000 1592.532800 2845.632000 1.000000
1614.224000 1795.520000 1593.150400 2047.808000 1.000000
1612.448000 2530.576000 1599.961600 2821.920000 1.000000
1619.616000 2492.800000 1610.960000 2774.880000 1.000000
1662.240000 1824.864000 1638.848000 2073.200000 1.000000
1659.632000 2487.472000 1651.184000 2772.752000 1.000000
1676.576000 1798.112000 1653.696000 2047.200000 1.000000
1676.592000 2472.800000 1667.840000 2757.936000 1.000000
1677.504000 2453.088000 1668.944000 2733.520000 1.000000
1674.288000 2568.672000 1670.144000 2862.144000 1.000000
1680.256000 2422.192000 1671.264000 2702.864000 1.000000
1699.008000 1796.992000 1676.288000 2044.528000 1.000000
1709.200000 1745.312000 1677.312000 1943.968000 1.000000
1727.984000 2582.096000 1725.376000 2876.624000 1.000000
1734.800000 2617.424000 1731.856000 2912.832000 1.000000
1821.248000 818.598400 1778.480000 1057.574400 1.000000
1828.096000 543.614400 1778.784000 791.062400 1.000000
1862.624000 549.892800 1809.104000 799.688000 1.000000
1866.352000 527.020800 1815.344000 772.843200 1.000000
1870.128000 342.947200 1817.488000 601.707200 1.000000
1873.200000 501.670400 1820.784000 752.052800 1.000000
1873.664000 722.248000 1828.416000 967.388800 1.000000
1881.744000 480.969600 1831.872000 725.227200 1.000000
1886.240000 505.216000 1835.392000 749.206400 1.000000
1894.144000 366.036800 1835.552000 622.566400 1.000000
1888.368000 462.377600 1836.496000 704.436800 1.000000
1904.672000 457.974400 1852.288000 702.419200 1.000000
1906.672000 486.643200 1854.864000 732.092800 1.000000
1926.256000 448.776000 1873.872000 694.297600 1.000000
1874.624000 1801.264000 1880.320000 1718.048000 1.000000
1945.232000 404.526400 1888.432000 654.136000 1.000000
1886.448000 1836.944000 1892.480000 1747.232000 1.000000
1946.640000 371.659200 1892.688000 625.363200 1.000000
1946.176000 501.696000 1894.208000 744.635200 1.000000
1947.584000 431.003200 1895.856000 681.321600 1.000000
1910.528000 1598.396800 1909.264000 1503.436800 1.000000
1913.840000 1860.576000 1920.768000 1773.680000 1.000000
1938.784000 1890.256000 1947.872000 1794.544000 1.000000
1941.744000 1919.984000 1952.608000 1826.592000 1.000000
1959.312000 1390.739200 1953.024000 1304.651200 1.000000
1947.456000 1888.272000 1955.456000 1791.632000 1.000000
1976.720000 2136.512000 1974.816000 2120.512000 1.000000
1964.752000 1927.680000 1974.848000 1832.848000 1.000000
2039.120000 335.617600 1978.928000 586.078400 1.000000
2057.312000 463.897600 2001.536000 711.140800 1.000000
1991.776000 1886.448000 2002.896000 1784.208000 1.000000
2004.928000 2124.224000 2015.216000 2105.648000 1.000000
2044.656000 1393.958400 2037.072000 1298.424000 1.000000
2107.872000 236.078400 2037.776000 489.830400 1.000000
2048.688000 1226.428800 2040.784000 1125.900800 1.000000
2029.088000 2229.712000 2047.088000 2225.232000 1.000000
2042.928000 2213.184000 2059.312000 2206.000000 1.000000
2061.952000 1480.976000 2059.456000 1361.700800 1.000000
2113.360000 1438.726400 2111.184000 1322.915200 1.000000
2094.352000 2232.192000 2116.416000 2211.984000 1.000000
2133.312000 1273.953600 2122.272000 1172.940800 1.000000
2109.360000 2043.824000 2126.736000 1950.208000 1.000000
2121.488000 2023.648000 2138.048000 1929.088000 1.000000
2126.560000 2055.312000 2144.304000 1962.064000 1.000000
2158.512000 1248.670400 2146.368000 1138.766400 1.000000
2130.928000 2030.432000 2147.904000 1935.312000 1.000000
2163.984000 1249.889600 2151.808000 1140.336000 1.000000
2165.984000 1236.108800 2153.040000 1125.964800 1.000000
2164.272000 1321.355200 2155.216000 1205.816000 1.000000
2166.560000 1273.273600 2155.696000 1159.913600 1.000000
2166.736000 1281.668800 2156.144000 1168.691200 1.000000
2138.944000 2036.224000 2156.672000 1940.848000 1.000000
2140.944000 2012.208000 2157.504000 1916.528000 1.000000
2146.144000 1984.384000 2162.112000 1885.488000 1.000000
2149.712000 1998.880000 2164.960000 1901.696000 1.000000
2174.288000 1328.188800 2165.184000 1210.625600 1.000000
2177.280000 1268.243200 2166.112000 1154.212800 1.000000
2172.448000 1387.992000 2166.720000 1269.825600 1.000000
2151.600000 2006.032000 2167.312000 1908.768000 1.000000
2168.944000 1565.409600 2168.896000 1443.697600 1.000000
2179.536000 1339.889600 2172.096000 1221.364800 1.000000
2155.360000 2075.936000 2175.200000 1979.872000 1.000000
2186.256000 1283.956800 2176.992000 1168.051200 1.000000
2164.336000 1967.984000 2180.160000 1866.960000 1.000000
2171.920000 1945.104000 2186.336000 1843.200000 1.000000
2203.712000 1242.092800 2190.464000 1125.075200 1.000000
2173.168000 2084.496000 2191.968000 1989.376000 1.000000
2179.856000 1936.272000 2195.424000 1833.888000 1.000000
2184.080000 1920.672000 2195.840000 1819.360000 1.000000
2182.672000 1994.928000 2198.864000 1894.272000 1.000000
2208.576000 1346.091200 2201.312000 1224.732800 1.000000
2193.328000 1916.832000 2206.320000 1811.152000 1.000000
2211.440000 1525.489600 2211.872000 1398.072000 1.000000
2211.600000 1522.497600 2211.888000 1393.312000 1.000000
2200.672000 1862.352000 2213.600000 1750.880000 1.000000
2221.840000 1367.142400 2215.120000 1245.945600 1.000000
2224.176000 1309.675200 2215.968000 1184.696000 1.000000
2205.488000 1926.208000 2220.064000 1820.672000 1.000000
2194.240000 1941.696000 2221.136000 1815.984000 1.000000
2201.056000 2072.752000 2221.152000 1974.176000 1.000000
2233.296000 1224.476800 2221.456000 1100.729600 1.000000
2208.128000 1957.520000 2223.792000 1853.296000 1.000000
2211.376000 1901.728000 2224.704000 1792.976000 1.000000
2233.424000 1299.048000 2224.960000 1174.224000 1.000000
2297.824000 47.420000 2226.400000 291.328000 1.000000
2234.144000 1446.377600 2231.392000 1317.657600 1.000000
2220.656000 1934.208000 2234.320000 1827.504000 1.000000
2240.800000 1411.124800 2236.096000 1284.889600 1.000000
2218.688000 2035.872000 2238.272000 1933.552000 1.000000
2235.968000 1600.352000 2238.560000 1475.337600 1.000000
2248.656000 1288.676800 2238.736000 1162.248000 1.000000
2227.376000 1886.224000 2239.984000 1776.384000 1.000000
2242.048000 1547.787200 2242.448000 1419.030400 1.000000
2247.360000 1524.200000 2247.664000 1394.940800 1.000000
2238.560000 1881.200000 2252.144000 1769.264000 1.000000
2262.384000 1299.168000 2253.024000 1170.489600 1.000000
2240.368000 1894.704000 2253.376000 1783.952000 1.000000
2239.920000 1868.336000 2253.392000 1756.384000 1.000000
2243.600000 1817.424000 2255.088000 1700.800000 1.000000
2268.544000 1272.124800 2258.368000 1142.660800 1.000000
2263.968000 1418.833600 2259.712000 1287.624000 1.000000
2246.432000 1988.144000 2263.360000 1881.856000 1.000000
2236.848000 2190.016000 2263.792000 2134.400000 1.000000
2272.736000 1385.672000 2267.504000 1252.249600 1.000000
2274.800000 1398.651200 2269.936000 1265.720000 1.000000
2255.184000 1939.712000 2271.312000 1828.096000 1.000000
2269.504000 1773.856000 2278.976000 1652.608000 1.000000
2272.880000 1697.840000 2279.280000 1572.408000 1.000000
2266.416000 1860.432000 2279.632000 1745.040000 1.000000
2267.872000 1821.632000 2279.952000 1702.688000 1.000000
2264.272000 1943.296000 2280.768000 1833.008000 1.000000
2275.632000 1800.640000 2286.240000 1680.368000 1.000000
2286.352000 2084.688000 2289.168000 2019.520000 1.000000
2279.056000 1827.648000 2292.048000 1707.600000 1.000000
2316.560000 1055.764800 2295.744000 953.395200 1.000000
2298.432000 1515.020800 2296.848000 1384.441600 1.000000
2327.088000 1030.779200 2302.576000 932.833600 1.000000
2332.192000 936.840000 2305.264000 835.366400 1.000000
2303.472000 1579.710400 2306.432000 1446.478400 1.000000
2298.672000 1751.568000 2307.328000 1624.800000 1.000000
2298.784000 1799.072000 2310.384000 1675.952000 1.000000
2343.184000 911.980800 2316.128000 807.353600 1.000000
2315.632000 1603.072000 2318.720000 1469.035200 1.000000
2322.368000 1448.582400 2320.096000 1312.870400 1.000000
2321.248000 1526.260800 2321.136000 1391.553600 1.000000
2318.992000 1592.620800 2321.744000 1457.836800 1.000000
2321.920000 1680.096000 2328.336000 1548.260800 1.000000
2330.080000 1481.430400 2328.800000 1347.273600 1.000000
2322.256000 1703.568000 2329.488000 1573.016000 1.000000
2336.112000 1387.174400 2329.552000 1245.142400 1.000000
2328.352000 1550.876800 2329.680000 1416.025600 1.000000
2334.464000 1415.142400 2330.240000 1275.216000 1.000000
2328.352000 1695.504000 2335.296000 1563.763200 1.000000
2356.784000 1064.307200 2336.736000 967.424000 1.000000
2341.664000 1417.284800 2337.376000 1278.168000 1.000000
2334.224000 1664.128000 2340.400000 1529.750400 1.000000
2344.000000 1431.508800 2340.624000 1292.355200 1.000000
2334.304000 1727.680000 2342.976000 1597.278400 1.000000
2335.968000 1703.664000 2343.616000 1570.944000 1.000000
2346.656000 1489.068800 2345.232000 1353.681600 1.000000
2342.912000 1602.512000 2346.976000 1465.798400 1.000000
2341.040000 1674.096000 2347.568000 1539.998400 1.000000
2354.528000 1400.150400 2349.200000 1257.246400 1.000000
2346.800000 1664.768000 2353.408000 1529.950400 1.000000
2345.808000 1708.896000 2354.064000 1575.662400 1.000000
2390.352000 812.224000 2359.168000 695.667200 1.000000
2352.256000 1685.200000 2359.872000 1550.156800 1.000000
2358.464000 1565.761600 2360.096000 1426.236800 1.000000
2359.376000 1656.736000 2365.632000 1520.315200 1.000000
2367.680000 1472.992000 2365.744000 1334.856000 1.000000
2365.392000 1665.280000 2372.064000 1528.404800 1.000000
2367.296000 1652.192000 2373.184000 1514.500800 1.000000
2361.696000 1802.992000 2373.600000 1673.984000 1.000000
2371.120000 1590.771200 2374.176000 1451.396800 1.000000
2365.744000 1806.656000 2377.968000 1677.168000 1.000000
2372.528000 1667.968000 2379.152000 1530.940800 1.000000
2371.312000 813.371200 2381.088000 642.985600 1.000000
2382.944000 1516.697600 2382.928000 1377.396800 1.000000
2362.672000 2165.392000 2384.208000 2088.432000 1.000000
2381.200000 1611.680000 2385.472000 1472.328000 1.000000
2382.112000 1577.662400 2385.696000 1436.795200 1.000000
2482.912000 2712.672000 2386.144000 2704.736000 1.000000
2390.224000 1460.009600 2387.776000 1318.750400 1.000000
2387.344000 1521.356800 2387.776000 1381.321600 1.000000
2390.960000 1435.465600 2387.856000 1292.153600 1.000000
2407.408000 1097.043200 2387.936000 999.118400 1.000000
2415.024000 1030.024000 2391.632000 929.812800 1.000000
2396.832000 1421.203200 2394.784000 1276.492800 1.000000
2395.888000 1495.737600 2395.200000 1355.164800 1.000000
2394.736000 1590.804800 2398.432000 1449.259200 1.000000
2401.216000 1520.451200 2401.648000 1378.451200 1.000000
2408.208000 1473.792000 2406.560000 1330.792000 1.000000
2404.208000 1595.225600 2408.064000 1452.880000 1.000000
2412.416000 1427.433600 2408.624000 1282.654400 1.000000
2408.528000 1569.292800 2411.200000 1426.438400 1.000000
2409.824000 1537.564800 2411.600000 1395.088000 1.000000
2421.648000 1425.273600 2417.904000 1278.979200 1.000000
2416.544000 1575.516800 2419.936000 1431.251200 1.000000
2423.616000 1436.192000 2420.448000 1289.411200 1.000000
2425.120000 1468.032000 2422.048000 1324.488000 1.000000
2423.696000 1597.040000 2427.712000 1453.132800 1.000000
2429.808000 1553.596800 2431.264000 1408.632000 1.000000
2433.648000 1497.892800 2431.616000 1354.379200 1.000000
2433.968000 1475.764800 2432.480000 1329.756800 1.000000
2434.672000 1547.921600 2436.144000 1401.780800 1.000000
2439.488000 1448.036800 2437.680000 1300.950400 1.000000
2438.240000 1561.612800 2440.480000 1415.296000 1.000000
2441.488000 1501.723200 2440.928000 1354.692800 1.000000
2439.776000 1589.612800 2443.920000 1442.256000 1.000000
2447.376000 1446.096000 2444.368000 1295.809600 1.000000
2443.296000 1538.028800 2444.528000 1389.993600 1.000000
2447.408000 1492.600000 2445.776000 1343.641600 1.000000
2439.248000 1662.512000 2445.808000 1518.636800 1.000000
2443.216000 1564.331200 2445.920000 1416.801600 1.000000
2450.288000 1453.872000 2448.816000 1302.840000 1.000000
2443.968000 1610.128000 2449.200000 1463.348800 1.000000
2441.808000 1702.608000 2449.776000 1558.963200 1.000000
2450.512000 1604.080000 2455.248000 1456.177600 1.000000
2451.344000 1617.456000 2456.080000 1470.358400 1.000000
2459.440000 1455.449600 2457.360000 1303.636800 1.000000
2450.816000 1667.296000 2458.208000 1521.265600 1.000000
2453.424000 1681.488000 2460.112000 1536.628800 1.000000
2458.816000 1553.364800 2461.008000 1403.788800 1.000000
2462.416000 1520.056000 2462.544000 1370.225600 1.000000
2461.776000 1583.363200 2465.552000 1433.404800 1.000000
2471.376000 1495.840000 2471.328000 1341.510400 1.000000
2471.040000 1522.830400 2471.712000 1369.304000 1.000000
2468.832000 1574.769600 2471.888000 1423.379200 1.000000
2477.424000 1509.302400 2478.368000 1354.441600 1.000000
2473.248000 1610.384000 2478.592000 1457.838400 1.000000
2475.616000 1582.452800 2479.920000 1430.131200 1.000000
2470.384000 1747.552000 2483.728000 1601.184000 1.000000
2483.280000 1566.625600 2485.408000 1412.579200 1.000000
2491.056000 1553.742400 2492.432000 1398.632000 1.000000
2497.808000 1540.436800 2499.232000 1383.564800 1.000000
2502.400000 1516.936000 2502.512000 1359.409600 1.000000
2501.664000 1528.744000 2503.312000 1370.748800 1.000000
2501.152000 1562.752000 2503.760000 1405.440000 1.000000
2506.480000 1542.257600 2509.312000 1382.552000 1.000000
2507.984000 1575.454400 2510.960000 1417.662400 1.000000
2514.224000 1537.353600 2515.904000 1376.609600 1.000000
2519.760000 1553.276800 2521.712000 1392.366400 1.000000
2527.584000 1530.128000 2528.832000 1364.326400 1.000000
2532.512000 1506.913600 2534.128000 1345.908800 1.000000
2528.672000 1611.792000 2534.768000 1450.724800 1.000000
2539.600000 1505.494400 2540.304000 1344.198400 1.000000
2538.576000 1595.806400 2544.448000 1429.132800 1.000000
2554.672000 1516.993600 2556.144000 1351.664000 1.000000
2555.584000 1547.254400 2558.416000 1378.150400 1.000000
2660.704000 248.985600 2561.584000 171.142400 1.000000
2716.176000 1155.088000 2700.304000 938.945600 1.000000
2722.736000 1129.078400 2710.224000 895.684800 1.000000
2762.320000 1007.315200 2737.088000 793.308800 1.000000
3198.160000 232.112000 3119.040000 100.467680 1.000000
3349.824000 1899.552000 3390.992000 1494.049600 1.000000
3537.024000 448.833600 3589.008000 392.276800 1.000000
3557.600000 455.192000 3616.896000 409.920000 1.000000
3556.256000 437.278400 3624.672000 398.331200 1.000000
3874.704000 1592.739200 3882.192000 1197.507200 1.000000
3878.176000 1569.976000 3882.352000 1171.806400 1.000000
