218.841600 1373.352000 150.964160 2580.720000 1.000000
271.457600 1325.900800 205.526400 2541.472000 1.000000
374.478400 1388.723200 310.385600 2585.808000 1.000000
457.321600 1127.920000 432.580800 2265.904000 1.000000
528.873600 1136.310400 502.193600 2284.304000 1.000000
546.264000 1101.001600 525.816000 2255.552000 1.000000
713.044800 69.491200 788.745600 1186.104000 1.000000
720.875200 87.460000 795.942400 1202.785600 1.000000
745.689600 57.368640 820.512000 1171.843200 1.000000
759.187200 98.484160 830.972800 1207.004800 1.000000
762.488000 40.210560 834.414400 1153.952000 1.000000
834.096000 61.056480 899.065600 1167.592000 1.000000
852.654400 128.881120 914.414400 1229.878400 1.000000
851.089600 72.910880 914.753600 1177.561600 1.000000
856.276800 49.862880 921.214400 1154.054400 1.000000
865.321600 67.966240 928.662400 1171.537600 1.000000
885.500800 82.037120 947.953600 1183.462400 1.000000
908.185600 58.548000 969.790400 1161.184000 1.000000
909.068800 40.209120 969.870400 1142.854400 1.000000
917.553600 139.309760 973.385600 1228.385600 1.000000
930.257600 173.057600 984.080000 1262.305600 1.000000
950.120000 162.387200 999.862400 1247.857600 1.000000
955.299200 69.263040 1007.964800 1163.128000 1.000000
970.153600 141.764480 1016.960000 1227.470400 1.000000
964.227200 55.466400 1017.496000 1151.944000 1.000000
987.755200 226.864000 1035.606400 1304.680000 1.000000
996.894400 69.749120 1048.913600 1161.977600 1.000000
1001.321600 85.477280 1050.208000 1176.840000 1.000000
1001.851200 59.218400 1052.892800 1153.144000 1.000000
1022.328000 110.391840 1069.619200 1196.646400 1.000000
1025.908800 33.583360 1072.553600 1129.934400 1.000000
1041.984000 176.926400 1084.056000 1255.230400 1.000000
1057.732800 124.821280 1100.140800 1207.828800 1.000000
1074.488000 200.952000 1114.206400 1272.217600 1.000000
1080.054400 238.260800 1115.161600 1303.564800 1.000000
1091.540800 109.994560 1130.734400 1190.657600 1.000000
1101.113600 207.803200 1137.518400 1276.411200 1.000000
1097.451200 48.148800 1138.862400 1135.520000 1.000000
1104.230400 177.168000 1139.868800 1251.248000 1.000000
1113.168000 132.456160 1150.248000 1209.603200 1.000000
1115.416000 50.478080 1154.500800 1140.793600 1.000000
1125.614400 104.131520 1160.336000 1183.084800 1.000000
1150.048000 216.124800 1175.857600 1286.990400 1.000000
1167.633600 244.699200 1199.724800 1309.110400 1.000000
1246.769600 442.614400 1219.996800 1478.444800 1.000000
1281.505600 450.926400 1249.604800 1481.081600 1.000000
1319.520000 1147.105600 1312.192000 2234.976000 1.000000
1389.155200 451.995200 1379.612800 1476.993600 1.000000
1418.158400 1152.408000 1408.552000 2234.656000 1.000000
1457.201600 1141.784000 1441.457600 2215.680000 1.000000
1425.512000 1828.048000 1446.972800 2961.440000 1.000000
1479.107200 1318.652800 1485.787200 2417.792000 1.000000
1213.262400 1780.880000 1501.496000 2915.984000 1.000000
1504.505600 1555.496000 1523.174400 2670.880000 1.000000
1546.995200 1293.089600 1558.686400 2382.304000 1.000000
1554.713600 1174.163200 1563.377600 2243.360000 1.000000
1559.488000 1533.902400 1583.659200 2640.576000 1.000000
1821.248000 818.598400 1815.472000 1806.032000 1.000000
1866.352000 527.020800 1834.992000 1514.547200 1.000000
1873.200000 501.670400 1843.488000 1487.313600 1.000000
1904.672000 457.974400 1870.576000 1438.172800 1.000000
1925.584000 541.094400 1892.160000 1522.740800 1.000000
1945.232000 404.526400 1904.672000 1398.265600 1.000000
1962.816000 467.136000 1924.672000 1441.027200 1.000000
2122.304000 1431.873600 2255.536000 1263.529600 1.000000
2168.080000 1299.729600 2281.152000 1151.131200 1.000000
2172.448000 1387.992000 2299.056000 1214.417600 1.000000
2214.896000 1423.752000 2339.216000 1230.692800 1.000000
2221.840000 1367.142400 2343.104000 1187.392000 1.000000
2130.928000 2030.432000 2349.216000 1862.704000 1.000000
2184.080000 1920.672000 2387.216000 1732.832000 1.000000
2136.016000 2048.496000 2390.208000 1809.200000 1.000000
2254.176000 1529.160000 2397.136000 1301.707200 1.000000
2211.376000 1901.728000 2412.496000 1705.216000 1.000000
2295.696000 1367.100800 2416.672000 1137.241600 1.000000
2267.120000 1581.502400 2419.904000 1349.534400 1.000000
2220.192000 1897.456000 2421.376000 1697.232000 1.000000
2220.656000 1934.208000 2424.144000 1739.600000 1.000000
2370.016000 844.528000 2428.304000 709.483200 1.000000
2298.432000 1515.020800 2439.440000 1284.718400 1.000000
2264.800000 1747.024000 2442.416000 1517.512000 1.000000
2266.416000 1860.432000 2442.416000 1689.056000 1.000000
2271.632000 1713.856000 2443.200000 1487.187200 1.000000
2249.200000 1924.992000 2457.984000 1717.536000 1.000000
2255.184000 1939.712000 2464.928000 1725.936000 1.000000
2341.664000 1417.284800 2467.264000 1176.664000 1.000000
2315.632000 1603.072000 2469.952000 1359.028800 1.000000
2322.512000 1886.976000 2479.312000 1774.336000 1.000000
2336.400000 1535.144000 2480.048000 1294.625600 1.000000
2302.928000 1754.912000 2482.864000 1514.809600 1.000000
2342.912000 1602.512000 2498.800000 1349.504000 1.000000
2334.224000 1664.128000 2500.912000 1409.939200 1.000000
2341.136000 1656.448000 2504.400000 1402.220800 1.000000
2358.464000 1565.761600 2505.760000 1316.561600 1.000000
2335.968000 1703.664000 2507.344000 1448.540800 1.000000
2390.960000 1435.465600 2516.624000 1185.056000 1.000000
2396.832000 1421.203200 2520.640000 1168.470400 1.000000
2371.120000 1590.771200 2523.440000 1331.139200 1.000000
2373.584000 1605.904000 2528.240000 1346.275200 1.000000
2401.216000 1520.451200 2540.928000 1260.742400 1.000000
2393.936000 1576.414400 2544.976000 1309.937600 1.000000
2404.512000 1619.392000 2551.600000 1371.643200 1.000000
2409.824000 1537.564800 2553.264000 1274.336000 1.000000
2424.352000 1457.536000 2554.016000 1193.368000 1.000000
2428.688000 1462.323200 2558.320000 1197.142400 1.000000
2411.760000 1555.446400 2558.336000 1287.254400 1.000000
2423.696000 1597.040000 2576.480000 1320.380800 1.000000
2477.648000 1466.100800 2600.096000 1169.462400 1.000000
2441.808000 1702.608000 2610.960000 1415.558400 1.000000
2482.448000 1477.529600 2612.688000 1181.960000 1.000000
2528.000000 1491.468800 2658.336000 1174.864000 1.000000
2682.320000 1205.555200 2763.120000 721.140800 1.000000
2727.952000 1028.553600 2766.320000 639.648000 1.000000
