457.321600 1127.920000 383.177600 2878.224000 1.000000
664.865600 104.552640 719.139200 1721.152000 1.000000
713.044800 69.491200 768.560000 1679.280000 1.000000
720.875200 87.460000 776.516800 1697.312000 1.000000
745.689600 57.368640 801.513600 1663.232000 1.000000
784.004800 99.776480 832.988800 1697.600000 1.000000
851.089600 72.910880 896.192000 1662.032000 1.000000
917.553600 139.309760 955.624000 1710.288000 1.000000
930.257600 173.057600 962.459200 1743.104000 1.000000
954.811200 117.989120 990.705600 1686.160000 1.000000
1057.732800 124.821280 1083.702400 1679.408000 1.000000
1080.054400 238.260800 1101.470400 1777.280000 1.000000
1091.540800 109.994560 1112.419200 1660.016000 1.000000
1113.168000 132.456160 1132.627200 1678.144000 1.000000
1115.416000 50.478080 1135.881600 1607.648000 1.000000
1119.553600 180.852800 1136.358400 1721.552000 1.000000
1217.372800 448.830400 1171.288000 1957.984000 1.000000
1167.633600 244.699200 1174.206400 1778.640000 1.000000
1225.259200 516.654400 1181.027200 2005.728000 1.000000
1281.505600 450.926400 1225.918400 1953.904000 1.000000
1257.156800 1121.772800 1238.113600 2793.472000 1.000000
1383.840000 573.340800 1330.468800 2049.344000 1.000000
1448.222400 861.649600 1441.532800 2582.608000 1.000000
1866.352000 527.020800 1835.200000 1953.120000 1.000000
1888.368000 462.377600 1850.912000 1881.936000 1.000000
1904.672000 457.974400 1868.288000 1867.008000 1.000000
1925.584000 541.094400 1894.384000 1954.224000 1.000000
1883.264000 1380.603200 2118.080000 1262.748800 1.000000
2319.264000 987.841600 2340.432000 936.576000 1.000000
2343.184000 911.980800 2345.904000 883.849600 1.000000
2239.920000 1868.336000 2385.200000 2030.336000 1.000000
2220.128000 1799.296000 2434.592000 1541.147200 1.000000
2169.888000 1968.320000 2436.672000 1710.464000 1.000000
2167.760000 1984.800000 2438.960000 1727.536000 1.000000
2205.488000 1926.208000 2447.792000 1703.536000 1.000000
2334.464000 1415.142400 2448.688000 1134.756800 1.000000
2197.744000 1934.240000 2448.832000 1690.272000 1.000000
2271.632000 1713.856000 2462.848000 1428.795200 1.000000
2210.864000 1944.528000 2465.136000 1695.552000 1.000000
2358.064000 1426.281600 2474.224000 1136.992000 1.000000
2328.352000 1550.876800 2476.784000 1257.473600 1.000000
2315.632000 1603.072000 2478.000000 1300.377600 1.000000
2266.416000 1860.432000 2496.352000 1580.222400 1.000000
2390.960000 1435.465600 2506.640000 1136.377600 1.000000
2358.464000 1565.761600 2508.304000 1258.939200 1.000000
2255.184000 1939.712000 2509.296000 1664.720000 1.000000
2334.224000 1664.128000 2512.608000 1345.988800 1.000000
2264.272000 1943.296000 2519.424000 1666.656000 1.000000
2371.120000 1590.771200 2528.128000 1269.630400 1.000000
2350.704000 1678.288000 2533.536000 1349.376000 1.000000
2476.800000 1472.921600 2594.272000 1110.248000 1.000000
2482.448000 1477.529600 2602.384000 1112.809600 1.000000
2538.576000 1595.806400 2686.880000 1173.289600 1.000000
2489.200000 1745.808000 2691.568000 1371.214400 1.000000
2631.088000 1355.905600 2707.120000 772.486400 1.000000
