13.917216 2389.440000 12.421632 1100.766400 1.000000
80.883200 2525.792000 360.800000 1251.230400 1.000000
111.391840 2418.784000 379.152000 1152.144000 1.000000
113.564160 2691.024000 400.096000 1403.064000 1.000000
106.015520 2808.288000 400.273600 1500.134400 1.000000
134.016960 2532.144000 408.107200 1263.177600 1.000000
199.376000 1865.408000 413.313600 576.464000 1.000000
212.086400 1927.184000 427.339200 621.249600 1.000000
141.080320 2878.464000 436.878400 1564.180800 1.000000
175.262400 2660.064000 453.504000 1381.811200 1.000000
174.772800 2698.288000 455.752000 1410.176000 1.000000
222.238400 2460.144000 485.537600 1206.921600 1.000000
226.046400 2703.760000 501.836800 1422.502400 1.000000
280.403200 2589.760000 544.228800 1332.507200 1.000000
344.064000 1676.608000 545.534400 397.430400 1.000000
389.489600 1988.592000 598.627200 715.712000 1.000000
388.691200 1975.248000 599.046400 704.168000 1.000000
362.790400 2478.688000 613.588800 1243.089600 1.000000
397.169600 2132.528000 615.025600 867.340800 1.000000
411.238400 1534.198400 619.953600 247.790400 1.000000
415.745600 2055.840000 630.505600 798.286400 1.000000
398.875200 2397.296000 643.457600 1169.713600 1.000000
432.867200 2082.336000 656.188800 836.086400 1.000000
424.027200 2648.208000 677.470400 1398.024000 1.000000
468.323200 2140.832000 685.206400 885.457600 1.000000
441.680000 2533.488000 688.334400 1299.721600 1.000000
484.302400 1823.104000 698.680000 632.161600 1.000000
507.512000 1791.744000 716.252800 606.656000 1.000000
530.496000 2480.240000 766.985600 1266.100800 1.000000
531.776000 2665.760000 774.249600 1410.768000 1.000000
540.865600 2719.824000 784.864000 1479.753600 1.000000
559.249600 2493.520000 792.636800 1280.681600 1.000000
566.518400 2406.768000 796.771200 1203.472000 1.000000
562.832000 2535.008000 797.852800 1316.444800 1.000000
574.209600 2555.840000 807.000000 1336.408000 1.000000
576.696000 2533.600000 809.307200 1317.553600 1.000000
584.216000 2679.344000 819.720000 1446.552000 1.000000
591.049600 2467.424000 821.027200 1258.049600 1.000000
604.344000 2417.968000 832.560000 1218.580800 1.000000
609.880000 2490.528000 838.491200 1284.779200 1.000000
604.888000 2873.504000 839.051200 1612.192000 1.000000
615.014400 2467.840000 841.811200 1265.486400 1.000000
629.035200 2492.752000 854.051200 1288.512000 1.000000
666.643200 2370.096000 883.862400 1181.702400 1.000000
663.993600 2726.624000 890.641600 1500.081600 1.000000
679.939200 2475.840000 900.808000 1283.364800 1.000000
699.560000 1820.208000 907.582400 658.462400 1.000000
694.784000 2402.752000 911.243200 1218.070400 1.000000
698.076800 2445.024000 916.531200 1254.612800 1.000000
723.841600 2955.856000 942.428800 1691.856000 1.000000
744.808000 1844.816000 949.112000 691.144000 1.000000
732.276800 2819.120000 950.537600 1584.038400 1.000000
737.836800 2366.816000 953.833600 1186.504000 1.000000
735.974400 2841.488000 954.297600 1602.928000 1.000000
743.908800 2734.880000 958.284800 1514.412800 1.000000
753.684800 2537.088000 966.452800 1344.768000 1.000000
752.459200 2843.648000 967.171200 1605.792000 1.000000
771.057600 2569.136000 982.712000 1374.905600 1.000000
777.689600 2664.016000 989.316800 1457.968000 1.000000
788.507200 2969.104000 997.515200 1711.136000 1.000000
790.232000 2607.472000 998.756800 1413.414400 1.000000
888.625600 2327.280000 1072.969600 1173.556800 1.000000
911.414400 2558.592000 1106.099200 1386.057600 1.000000
918.502400 2533.088000 1113.340800 1364.440000 1.000000
968.454400 2504.512000 1157.139200 1345.059200 1.000000
986.214400 2596.752000 1171.430400 1431.134400 1.000000
989.027200 2700.912000 1172.129600 1516.769600 1.000000
999.881600 2729.616000 1183.374400 1545.372800 1.000000
1022.790400 2599.744000 1203.827200 1438.764800 1.000000
1022.406400 2553.504000 1204.014400 1393.374400 1.000000
1020.571200 2424.208000 1205.281600 1282.254400 1.000000
1036.254400 2404.144000 1218.430400 1264.374400 1.000000
1057.153600 2313.216000 1239.192000 1183.316800 1.000000
1072.536000 2363.712000 1253.630400 1231.918400 1.000000
1048.600000 1785.616000 1254.585600 663.088000 1.000000
1139.188800 2148.304000 1310.945600 978.728000 1.000000
1177.883200 2191.024000 1346.648000 1029.819200 1.000000
1199.515200 2628.624000 1356.537600 1483.284800 1.000000
1238.164800 2387.824000 1400.800000 1280.788800 1.000000
1301.593600 2241.280000 1408.601600 1146.913600 1.000000
1279.995200 2932.112000 1413.435200 1743.120000 1.000000
1279.024000 2967.792000 1420.336000 2108.016000 1.000000
1295.724800 2916.592000 1426.844800 1731.072000 1.000000
1304.321600 2930.880000 1433.116800 1742.912000 1.000000
1298.612800 2952.048000 1436.734400 2094.272000 1.000000
1350.078400 2907.040000 1473.544000 1730.768000 1.000000
1366.011200 2863.696000 1488.585600 1699.552000 1.000000
1333.014400 2394.656000 1488.852800 1297.902400 1.000000
1357.779200 2407.680000 1508.822400 1310.467200 1.000000
1364.228800 2301.200000 1520.611200 1214.248000 1.000000
1391.300800 2343.616000 1542.124800 1262.056000 1.000000
1406.755200 2339.552000 1554.936000 1259.168000 1.000000
1408.675200 2358.288000 1556.044800 1274.972800 1.000000
1566.198400 2556.816000 1684.096000 1471.016000 1.000000
1595.374400 2824.704000 1687.328000 1694.144000 1.000000
1546.564800 2281.808000 1687.712000 1222.241600 1.000000
1574.188800 2499.008000 1693.488000 1423.104000 1.000000
1585.822400 2543.984000 1702.032000 1462.454400 1.000000
1559.488000 1533.902400 1775.728000 433.020800 1.000000
1713.728000 2901.472000 1781.520000 1769.152000 1.000000
1546.995200 1293.089600 1788.128000 140.530400 1.000000
1686.912000 2554.624000 1789.840000 1484.320000 1.000000
1710.848000 2764.704000 1790.336000 1664.016000 1.000000
1677.504000 2453.088000 1791.104000 1395.030400 1.000000
1734.672000 2925.072000 1796.560000 1790.576000 1.000000
1739.904000 2944.224000 1800.400000 1808.032000 1.000000
1742.512000 2839.776000 1810.736000 1725.424000 1.000000
1745.056000 2804.752000 1816.944000 1697.600000 1.000000
1770.112000 2897.376000 1829.088000 1775.072000 1.000000
1696.816000 1853.504000 1869.840000 828.649600 1.000000
1848.528000 3013.184000 1882.640000 1622.144000 1.000000
1782.560000 2358.336000 1897.664000 1338.801600 1.000000
1717.184000 1814.848000 1900.256000 788.612800 1.000000
1779.840000 2130.448000 1921.264000 1127.984000 1.000000
2151.600000 2006.032000 2268.768000 1817.040000 1.000000
2180.416000 2093.424000 2292.464000 1874.000000 1.000000
2167.760000 1984.800000 2299.024000 1795.840000 1.000000
2113.360000 1438.726400 2344.816000 1374.668800 1.000000
2220.656000 1934.208000 2350.336000 1772.704000 1.000000
2197.168000 1510.336000 2403.296000 1466.427200 1.000000
2172.448000 1387.992000 2405.504000 1350.478400 1.000000
2219.456000 1584.660800 2409.104000 1529.288000 1.000000
2156.720000 1276.091200 2411.424000 1237.152000 1.000000
2179.536000 1339.889600 2421.408000 1306.172800 1.000000
2214.896000 1423.752000 2438.128000 1392.689600 1.000000
2247.360000 1524.200000 2447.888000 1489.068800 1.000000
2636.432000 718.422400 2459.152000 1063.862400 1.000000
2215.520000 1306.179200 2460.208000 1288.892800 1.000000
2240.800000 1411.124800 2462.512000 1389.084800 1.000000
2283.296000 1370.390400 2481.312000 1398.313600 1.000000
2298.432000 1515.020800 2494.672000 1493.963200 1.000000
2092.752000 1259.036800 2505.520000 1148.408000 1.000000
2266.656000 1277.776000 2511.584000 1287.366400 1.000000
2316.528000 1514.864000 2511.872000 1495.150400 1.000000
2328.352000 1550.876800 2514.912000 1530.355200 1.000000
2314.784000 1484.497600 2517.520000 1468.027200 1.000000
2358.464000 1565.761600 2539.232000 1550.190400 1.000000
2371.120000 1590.771200 2545.472000 1570.833600 1.000000
2388.720000 1583.132800 2562.864000 1571.148800 1.000000
2423.696000 1597.040000 2591.280000 1595.355200 1.000000
2434.672000 1547.921600 2612.736000 1559.339200 1.000000
2459.440000 1455.449600 2651.008000 1500.952000 1.000000
2343.184000 911.980800 2668.816000 917.176000 1.000000
2501.664000 1528.744000 2673.456000 1576.710400 1.000000
2555.584000 1547.254400 2714.560000 1618.848000 1.000000
2690.544000 1187.550400 2925.632000 1430.995200 1.000000
2746.368000 985.504000 2993.200000 1342.702400 1.000000
3878.176000 1569.976000 3786.912000 2200.160000 1.000000
