13.917216 2389.440000 13.795200 1827.856000 1.000000
57.876800 1592.518400 170.721600 1052.995200 1.000000
67.930720 1501.168000 175.808000 963.577600 1.000000
81.263520 1607.456000 191.259200 1063.747200 1.000000
146.008480 1527.985600 255.976000 989.534400 1.000000
114.453440 2530.624000 278.156800 1955.504000 1.000000
118.337760 2467.776000 279.684800 1901.088000 1.000000
126.671840 2403.056000 280.524800 1839.136000 1.000000
106.015520 2808.288000 282.339200 2208.784000 1.000000
129.036640 2464.608000 289.534400 1897.600000 1.000000
113.868640 2852.016000 292.644800 2246.704000 1.000000
134.016960 2532.144000 296.352000 1959.616000 1.000000
141.580160 2424.944000 299.716800 1861.136000 1.000000
145.752160 2481.584000 306.059200 1913.904000 1.000000
131.407200 2875.072000 310.414400 2268.816000 1.000000
218.841600 1373.352000 319.217600 842.488000 1.000000
161.067200 2644.208000 327.329600 2064.736000 1.000000
226.846400 1568.484800 333.224000 1034.729600 1.000000
177.092800 2458.496000 334.422400 1893.424000 1.000000
175.262400 2660.064000 339.907200 2077.152000 1.000000
174.772800 2698.288000 342.056000 2108.320000 1.000000
232.056000 1699.008000 342.524800 1163.548800 1.000000
250.832000 1309.411200 345.382400 768.484800 1.000000
233.099200 1879.952000 345.950400 1330.438400 1.000000
242.123200 1855.904000 354.726400 1311.276800 1.000000
187.035200 2862.976000 360.830400 2259.072000 1.000000
205.785600 2420.704000 361.363200 1860.272000 1.000000
267.353600 1365.718400 364.416000 827.700800 1.000000
271.457600 1325.900800 366.657600 787.124800 1.000000
225.851200 2516.592000 382.900800 1947.472000 1.000000
261.729600 2010.848000 384.044800 1465.577600 1.000000
226.046400 2703.760000 390.726400 2113.952000 1.000000
305.387200 1309.033600 398.849600 770.675200 1.000000
291.192000 1915.408000 402.899200 1370.564800 1.000000
280.403200 2589.760000 437.208000 2019.424000 1.000000
324.718400 1846.416000 440.147200 1306.926400 1.000000
344.443200 1916.192000 455.724800 1373.816000 1.000000
351.880000 1813.024000 460.219200 1275.897600 1.000000
347.643200 2094.032000 467.830400 1544.076800 1.000000
363.241600 1884.688000 473.129600 1344.129600 1.000000
320.593600 2578.080000 476.185600 2010.048000 1.000000
374.478400 1388.723200 477.961600 854.400000 1.000000
368.454400 1842.560000 480.828800 1305.838400 1.000000
373.259200 1864.848000 484.560000 1324.486400 1.000000
378.006400 1968.368000 488.625600 1421.816000 1.000000
383.865600 1804.592000 495.504000 1268.753600 1.000000
389.489600 1988.592000 499.566400 1442.606400 1.000000
388.691200 1975.248000 499.859200 1431.913600 1.000000
361.092800 2420.176000 505.979200 1864.288000 1.000000
362.790400 2478.688000 510.915200 1918.048000 1.000000
397.169600 2132.528000 518.339200 1583.427200 1.000000
399.155200 2098.288000 521.184000 1557.201600 1.000000
416.092800 2151.104000 534.516800 1600.496000 1.000000
416.331200 2131.248000 536.260800 1584.964800 1.000000
419.956800 2061.904000 540.344000 1523.795200 1.000000
398.875200 2397.296000 542.764800 1844.288000 1.000000
399.614400 2378.528000 543.748800 1827.216000 1.000000
425.264000 2006.048000 546.169600 1469.016000 1.000000
431.944000 2063.104000 551.619200 1527.360000 1.000000
399.648000 2681.152000 552.803200 2105.824000 1.000000
457.321600 1127.920000 553.120000 599.982400 1.000000
433.643200 2032.288000 555.368000 1493.404800 1.000000
440.192000 2044.064000 559.224000 1507.297600 1.000000
454.108800 2059.920000 571.046400 1522.761600 1.000000
460.060800 2163.616000 573.294400 1612.032000 1.000000
424.027200 2648.208000 574.534400 2073.840000 1.000000
457.196800 2126.864000 575.313600 1582.827200 1.000000
461.486400 1828.592000 581.665600 1314.894400 1.000000
468.323200 2140.832000 584.321600 1594.592000 1.000000
463.344000 1837.200000 586.358400 1324.163200 1.000000
484.302400 1823.104000 601.841600 1310.987200 1.000000
480.872000 1838.544000 603.939200 1328.320000 1.000000
528.873600 1136.310400 620.569600 602.796800 1.000000
507.512000 1791.744000 620.691200 1285.857600 1.000000
486.048000 2348.928000 623.640000 1805.216000 1.000000
535.760000 1086.347200 628.214400 554.184000 1.000000
546.264000 1101.001600 635.921600 572.260800 1.000000
490.353600 2726.560000 637.800000 2146.800000 1.000000
492.656000 2853.248000 643.334400 2260.112000 1.000000
573.697600 1089.696000 663.030400 560.912000 1.000000
530.496000 2480.240000 668.372800 1930.096000 1.000000
534.113600 2953.296000 681.836800 2351.616000 1.000000
540.865600 2719.824000 684.196800 2142.160000 1.000000
548.542400 2535.744000 688.593600 1976.608000 1.000000
558.836800 2428.256000 694.489600 1880.944000 1.000000
559.249600 2493.520000 696.113600 1941.888000 1.000000
559.033600 2737.760000 700.841600 2157.168000 1.000000
562.832000 2535.008000 701.299200 1976.864000 1.000000
586.052800 2404.672000 718.187200 1863.840000 1.000000
579.006400 2834.480000 721.832000 2247.568000 1.000000
609.313600 1868.368000 722.462400 1364.113600 1.000000
584.216000 2679.344000 724.472000 2109.728000 1.000000
591.049600 2467.424000 726.296000 1914.832000 1.000000
604.344000 2417.968000 736.449600 1872.032000 1.000000
599.356800 2600.992000 736.878400 2041.824000 1.000000
615.014400 2467.840000 747.782400 1921.792000 1.000000
629.035200 2492.752000 761.036800 1943.104000 1.000000
626.403200 2806.400000 765.104000 2224.528000 1.000000
644.808000 2808.880000 782.313600 2226.880000 1.000000
673.273600 1839.616000 786.491200 1338.457600 1.000000
659.089600 2454.672000 788.803200 1910.736000 1.000000
663.993600 2726.624000 796.808000 2165.040000 1.000000
676.688000 2406.064000 803.443200 1865.296000 1.000000
694.784000 2402.752000 819.249600 1865.856000 1.000000
698.291200 2802.864000 831.017600 2224.000000 1.000000
700.238400 2933.568000 834.864000 2339.312000 1.000000
731.796800 1820.848000 841.716800 1321.188800 1.000000
709.796800 2911.792000 843.510400 2321.040000 1.000000
714.996800 2809.120000 847.385600 2231.936000 1.000000
716.934400 2837.488000 849.886400 2254.640000 1.000000
744.808000 1844.816000 852.737600 1345.860800 1.000000
723.841600 2955.856000 857.958400 2359.472000 1.000000
737.836800 2366.816000 859.011200 1830.784000 1.000000
732.276800 2819.120000 863.964800 2238.864000 1.000000
735.974400 2841.488000 867.254400 2259.824000 1.000000
751.521600 2564.240000 876.284800 2017.728000 1.000000
753.684800 2537.088000 876.523200 1986.928000 1.000000
752.459200 2843.648000 881.603200 2261.792000 1.000000
771.057600 2569.136000 895.003200 2018.432000 1.000000
773.283200 2721.040000 899.091200 2155.568000 1.000000
786.744000 2690.528000 911.713600 2128.352000 1.000000
780.745600 2299.776000 913.598400 1774.320000 1.000000
826.280000 2589.744000 946.982400 2043.808000 1.000000
829.974400 2628.944000 949.761600 2075.664000 1.000000
848.428800 2613.296000 966.190400 2062.352000 1.000000
905.409600 2641.232000 1018.289600 2090.576000 1.000000
859.302400 2296.960000 1020.952000 1776.336000 1.000000
946.790400 2356.784000 1052.371200 1835.792000 1.000000
953.390400 2332.752000 1059.672000 1814.912000 1.000000
968.454400 2504.512000 1075.209600 1970.192000 1.000000
986.214400 2596.752000 1092.758400 2057.584000 1.000000
989.027200 2700.912000 1096.896000 2148.592000 1.000000
1022.406400 2553.504000 1125.747200 2016.048000 1.000000
1022.790400 2599.744000 1126.968000 2060.736000 1.000000
1038.468800 1739.392000 1132.449600 1252.936000 1.000000
1032.881600 2382.544000 1132.774400 1863.328000 1.000000
1039.529600 1817.200000 1133.806400 1332.481600 1.000000
1048.600000 1785.616000 1144.587200 1300.337600 1.000000
1056.057600 2794.000000 1157.436800 2233.040000 1.000000
1081.992000 2378.080000 1177.404800 1862.016000 1.000000
1087.995200 2804.448000 1187.307200 2241.664000 1.000000
1125.865600 2269.264000 1205.305600 1759.952000 1.000000
1156.896000 2520.096000 1249.545600 1995.184000 1.000000
1166.444800 2859.392000 1256.771200 2294.544000 1.000000
1189.491200 2608.528000 1277.856000 2075.088000 1.000000
1199.515200 2628.624000 1287.265600 2093.584000 1.000000
1217.468800 2899.584000 1305.179200 2332.064000 1.000000
1259.889600 2199.168000 1330.585600 1687.328000 1.000000
1257.156800 1121.772800 1333.083200 626.211200 1.000000
1257.257600 2757.728000 1342.536000 2211.376000 1.000000
1427.060800 824.526400 1368.772800 314.089600 1.000000
1293.904000 1128.894400 1372.038400 636.684800 1.000000
1299.099200 2986.512000 1376.987200 2408.048000 1.000000
1304.321600 2930.880000 1381.675200 2362.832000 1.000000
1306.057600 2517.984000 1385.153600 2002.624000 1.000000
1310.096000 2464.400000 1388.544000 1952.784000 1.000000
1322.008000 2968.208000 1399.550400 2393.616000 1.000000
1319.520000 1147.105600 1403.683200 654.609600 1.000000
1298.612800 2952.048000 1407.313600 2756.800000 1.000000
1333.014400 2394.656000 1410.865600 1887.920000 1.000000
1350.078400 2907.040000 1423.993600 2343.488000 1.000000
1348.582400 2443.632000 1427.264000 1932.288000 1.000000
1357.779200 2407.680000 1435.022400 1901.424000 1.000000
1366.011200 2863.696000 1437.929600 2308.576000 1.000000
1364.228800 2301.200000 1440.892800 1804.272000 1.000000
1391.300800 2343.616000 1467.094400 1849.776000 1.000000
1395.116800 2381.888000 1469.940800 1879.312000 1.000000
1401.364800 1758.400000 1480.288000 1288.502400 1.000000
1415.257600 2761.328000 1484.718400 2220.000000 1.000000
1420.921600 2808.448000 1491.006400 2259.552000 1.000000
1426.086400 2775.968000 1495.604800 2234.064000 1.000000
1418.158400 1152.408000 1496.366400 666.324800 1.000000
1436.683200 2322.752000 1509.310400 1830.944000 1.000000
1440.616000 1753.696000 1516.947200 1286.084800 1.000000
1452.622400 2729.232000 1519.990400 2194.960000 1.000000
1460.736000 2756.624000 1526.012800 2216.928000 1.000000
1456.011200 2311.792000 1526.332800 1818.864000 1.000000
1443.217600 1164.220800 1529.822400 681.108800 1.000000
1455.532800 1366.089600 1537.208000 888.044800 1.000000
1476.011200 2709.552000 1540.328000 2177.056000 1.000000
1471.305600 1582.547200 1544.208000 1109.086400 1.000000
1479.107200 1318.652800 1561.675200 839.275200 1.000000
1517.809600 2278.240000 1587.254400 1793.360000 1.000000
1515.227200 1321.212800 1595.089600 842.395200 1.000000
1538.176000 2773.264000 1596.104000 2236.304000 1.000000
1515.780800 910.326400 1603.936000 391.496000 1.000000
1546.564800 2281.808000 1610.336000 1796.208000 1.000000
1602.240000 1773.040000 1610.736000 1315.841600 1.000000
1618.208000 1748.240000 1688.688000 1289.376000 1.000000
1609.040000 1167.256000 1699.504000 689.156800 1.000000
1680.256000 2422.192000 1731.776000 1930.864000 1.000000
1690.656000 2877.216000 1732.336000 2332.240000 1.000000
1686.912000 2554.624000 1737.312000 2052.832000 1.000000
1658.864000 1144.107200 1750.864000 666.636800 1.000000
1713.728000 2901.472000 1750.960000 2357.264000 1.000000
1710.848000 2764.704000 1753.008000 2234.800000 1.000000
1734.672000 2925.072000 1770.992000 2380.480000 1.000000
1727.984000 2582.096000 1774.384000 2079.840000 1.000000
1739.904000 2944.224000 1775.984000 2395.760000 1.000000
1742.512000 2839.776000 1777.872000 2306.304000 1.000000
1734.800000 2617.424000 1779.168000 2109.632000 1.000000
1744.016000 2769.360000 1781.920000 2244.080000 1.000000
1745.056000 2804.752000 1782.320000 2274.400000 1.000000
1754.048000 2930.048000 1787.776000 2382.832000 1.000000
1770.112000 2897.376000 1804.000000 2356.544000 1.000000
1777.136000 2994.752000 1809.744000 2436.448000 1.000000
1735.616000 1210.918400 1829.504000 741.489600 1.000000
1834.928000 2449.552000 1879.488000 1973.840000 1.000000
1837.328000 2411.120000 1882.576000 1931.920000 1.000000
1815.712000 875.126400 1931.504000 413.308800 1.000000
1821.248000 818.598400 1941.696000 345.024000 1.000000
1919.632000 2802.592000 1947.920000 2270.544000 1.000000
1873.664000 722.248000 2005.024000 236.628800 1.000000
1866.352000 527.020800 2010.208000 39.761280 1.000000
1811.280000 1729.888000 2015.248000 1556.790400 1.000000
1886.240000 505.216000 2033.408000 20.887840 1.000000
1925.584000 541.094400 2073.120000 63.242880 1.000000
1946.176000 501.696000 2097.296000 24.835360 1.000000
1907.952000 1683.984000 2114.576000 1533.230400 1.000000
1903.296000 1599.171200 2114.704000 1456.212800 1.000000
2006.384000 2207.552000 2145.456000 1942.272000 1.000000
1964.752000 1927.680000 2151.248000 1756.272000 1.000000
2030.128000 2213.872000 2165.680000 1950.000000 1.000000
2049.248000 2244.736000 2182.736000 1978.256000 1.000000
2054.896000 2254.848000 2188.016000 1988.336000 1.000000
2054.784000 2197.504000 2190.832000 1942.352000 1.000000
2048.768000 2136.576000 2193.040000 1897.232000 1.000000
2001.808000 1454.137600 2214.816000 1323.467200 1.000000
2021.136000 1605.200000 2225.760000 1472.267200 1.000000
2109.360000 2043.824000 2275.552000 1863.216000 1.000000
2126.560000 2055.312000 2290.624000 1873.952000 1.000000
2142.960000 2052.832000 2305.344000 1874.480000 1.000000
2140.944000 2012.208000 2307.120000 1838.880000 1.000000
2146.144000 1984.384000 2313.760000 1814.752000 1.000000
2151.696000 2016.400000 2316.048000 1843.280000 1.000000
2113.360000 1438.726400 2326.320000 1331.547200 1.000000
2173.168000 2084.496000 2331.504000 1903.952000 1.000000
2180.416000 2093.424000 2337.200000 1910.480000 1.000000
2193.328000 1916.832000 2348.448000 1776.576000 1.000000
2131.248000 1378.910400 2349.072000 1274.336000 1.000000
2184.080000 1920.672000 2353.104000 1764.672000 1.000000
2200.768000 1920.432000 2369.216000 1764.784000 1.000000
2168.944000 1565.409600 2370.480000 1455.710400 1.000000
2205.488000 1926.208000 2372.384000 1770.720000 1.000000
2200.672000 1862.352000 2373.152000 1715.712000 1.000000
2156.720000 1276.091200 2376.544000 1181.257600 1.000000
2211.376000 1901.728000 2379.824000 1749.648000 1.000000
2158.512000 1248.670400 2379.920000 1153.873600 1.000000
2166.736000 1281.668800 2384.208000 1189.382400 1.000000
2164.128000 1257.502400 2385.280000 1163.601600 1.000000
2166.560000 1273.273600 2385.760000 1179.116800 1.000000
2172.448000 1387.992000 2385.824000 1291.753600 1.000000
2168.080000 1299.729600 2386.640000 1205.628800 1.000000
2195.248000 1264.097600 2389.680000 1179.665600 1.000000
2174.400000 1308.460800 2391.040000 1214.760000 1.000000
2179.536000 1339.889600 2393.840000 1247.472000 1.000000
2227.376000 1886.224000 2396.352000 1738.992000 1.000000
2181.200000 1304.320000 2397.536000 1210.737600 1.000000
2233.136000 1849.296000 2405.136000 1707.072000 1.000000
2190.080000 1311.264000 2405.344000 1219.603200 1.000000
2241.504000 1905.072000 2407.760000 1757.344000 1.000000
2239.920000 1868.336000 2409.792000 1725.136000 1.000000
2211.440000 1525.489600 2412.400000 1426.657600 1.000000
2248.496000 1922.448000 2412.960000 1771.232000 1.000000
2196.928000 1319.772800 2413.184000 1229.016000 1.000000
2219.456000 1584.660800 2414.256000 1478.784000 1.000000
2255.184000 1939.712000 2418.944000 1785.648000 1.000000
2206.736000 1366.542400 2419.376000 1272.512000 1.000000
2205.216000 1297.315200 2422.992000 1208.859200 1.000000
2214.896000 1423.752000 2423.072000 1329.716800 1.000000
2203.712000 1242.092800 2424.352000 1158.785600 1.000000
2235.968000 1600.352000 2428.272000 1494.644800 1.000000
2262.000000 1856.544000 2430.384000 1716.544000 1.000000
2211.312000 1263.056000 2430.656000 1177.876800 1.000000
2215.520000 1306.179200 2432.096000 1219.152000 1.000000
2268.320000 1937.360000 2432.432000 1785.568000 1.000000
2211.296000 1210.508800 2434.736000 1128.028800 1.000000
2226.288000 1398.792000 2435.888000 1305.720000 1.000000
2234.144000 1446.377600 2438.464000 1356.076800 1.000000
2224.176000 1309.675200 2439.328000 1224.798400 1.000000
2230.352000 1379.627200 2440.672000 1288.324800 1.000000
2233.296000 1224.476800 2445.056000 1105.676800 1.000000
2247.360000 1524.200000 2445.808000 1428.944000 1.000000
2237.472000 1401.785600 2446.288000 1311.036800 1.000000
2240.800000 1411.124800 2448.192000 1320.758400 1.000000
2231.120000 1238.574400 2452.992000 1159.353600 1.000000
2235.600000 1270.355200 2454.272000 1190.001600 1.000000
2234.240000 1244.814400 2454.736000 1166.054400 1.000000
2247.808000 1419.446400 2455.312000 1329.510400 1.000000
2250.256000 1395.972800 2459.008000 1309.836800 1.000000
2281.840000 1736.576000 2461.232000 1615.520000 1.000000
2248.080000 1316.025600 2462.544000 1234.070400 1.000000
2253.744000 1400.579200 2462.928000 1314.526400 1.000000
2260.160000 1318.384000 2472.032000 1241.025600 1.000000
2269.216000 1391.556800 2477.856000 1310.048000 1.000000
2266.656000 1277.776000 2483.792000 1202.532800 1.000000
2268.544000 1272.124800 2486.896000 1195.401600 1.000000
2272.208000 1306.137600 2487.952000 1227.609600 1.000000
2286.672000 1447.588800 2489.520000 1358.603200 1.000000
2291.936000 1453.057600 2493.408000 1364.376000 1.000000
2298.432000 1515.020800 2494.544000 1423.748800 1.000000
2322.256000 1703.568000 2501.696000 1592.766400 1.000000
2315.632000 1603.072000 2504.560000 1504.308800 1.000000
2302.336000 1434.691200 2505.472000 1351.076800 1.000000
2328.352000 1695.504000 2508.112000 1586.224000 1.000000
2300.736000 1378.539200 2510.544000 1301.864000 1.000000
2298.560000 1334.193600 2510.640000 1259.980800 1.000000
2316.528000 1514.864000 2512.752000 1422.915200 1.000000
2335.968000 1703.664000 2515.008000 1593.974400 1.000000
2308.800000 1364.864000 2516.960000 1289.193600 1.000000
2328.352000 1550.876800 2520.752000 1457.536000 1.000000
2345.648000 1721.248000 2521.888000 1611.136000 1.000000
2341.040000 1674.096000 2522.432000 1568.406400 1.000000
2334.432000 1589.483200 2524.032000 1491.737600 1.000000
2344.784000 1678.816000 2525.232000 1573.756800 1.000000
2330.080000 1481.430400 2528.640000 1392.764800 1.000000
2350.704000 1678.288000 2531.936000 1574.571200 1.000000
2344.000000 1431.508800 2534.928000 1365.905600 1.000000
2359.536000 1701.776000 2536.592000 1595.880000 1.000000
2364.128000 1707.728000 2541.120000 1602.160000 1.000000
2346.656000 1489.068800 2542.912000 1401.238400 1.000000
2341.664000 1417.284800 2544.928000 1341.420800 1.000000
2358.464000 1565.761600 2547.840000 1475.521600 1.000000
2317.856000 1034.281600 2550.512000 943.427200 1.000000
2358.688000 1468.228800 2556.096000 1384.688000 1.000000
2354.528000 1400.150400 2558.096000 1326.520000 1.000000
2371.120000 1590.771200 2558.160000 1497.368000 1.000000
2373.584000 1605.904000 2558.768000 1511.153600 1.000000
2327.088000 1030.779200 2561.984000 934.476800 1.000000
2360.960000 1418.342400 2563.312000 1343.065600 1.000000
2367.680000 1472.992000 2564.928000 1390.243200 1.000000
2370.672000 1447.140800 2569.584000 1367.729600 1.000000
2375.152000 1452.158400 2572.912000 1372.616000 1.000000
2382.944000 1516.697600 2574.768000 1431.427200 1.000000
2388.720000 1583.132800 2575.776000 1492.009600 1.000000
2356.784000 1064.307200 2576.192000 970.448000 1.000000
2391.008000 1587.585600 2576.976000 1496.931200 1.000000
2394.736000 1590.804800 2580.208000 1500.329600 1.000000
2396.272000 1610.832000 2580.256000 1519.033600 1.000000
2393.936000 1576.414400 2580.912000 1487.524800 1.000000
2393.360000 1551.963200 2582.192000 1465.232000 1.000000
2343.184000 911.980800 2583.776000 836.491200 1.000000
2404.512000 1619.392000 2586.816000 1527.854400 1.000000
2404.208000 1595.225600 2589.504000 1505.176000 1.000000
2403.776000 1565.587200 2590.144000 1478.128000 1.000000
2390.960000 1435.465600 2590.784000 1359.056000 1.000000
2409.824000 1537.564800 2599.248000 1455.206400 1.000000
2411.760000 1555.446400 2600.096000 1471.452800 1.000000
2416.544000 1575.516800 2602.832000 1488.929600 1.000000
2423.696000 1597.040000 2607.152000 1510.185600 1.000000
2419.184000 1524.505600 2609.024000 1443.540800 1.000000
2425.152000 1583.248000 2610.176000 1496.822400 1.000000
2384.048000 1018.852800 2611.504000 932.587200 1.000000
2439.136000 1688.128000 2613.856000 1591.788800 1.000000
2389.488000 1037.003200 2615.904000 950.270400 1.000000
2439.248000 1662.512000 2615.952000 1571.302400 1.000000
2425.120000 1468.032000 2618.800000 1394.147200 1.000000
2424.352000 1457.536000 2619.872000 1383.792000 1.000000
2439.776000 1589.612800 2623.632000 1505.268800 1.000000
2435.680000 1526.115200 2624.416000 1447.118400 1.000000
2434.672000 1547.921600 2624.432000 1464.995200 1.000000
2443.216000 1564.331200 2628.816000 1482.793600 1.000000
2443.296000 1538.028800 2631.040000 1459.180800 1.000000
2451.344000 1617.456000 2632.480000 1531.689600 1.000000
2442.160000 1475.875200 2636.048000 1402.908800 1.000000
2449.296000 1538.680000 2637.248000 1472.062400 1.000000
2450.896000 1540.812800 2638.016000 1462.593600 1.000000
2454.112000 1548.032000 2640.032000 1469.851200 1.000000
2456.544000 1535.419200 2643.776000 1460.185600 1.000000
2459.280000 1563.723200 2644.432000 1484.548800 1.000000
2468.704000 1562.369600 2653.248000 1485.998400 1.000000
2459.440000 1455.449600 2654.800000 1388.777600 1.000000
2465.664000 1489.004800 2658.272000 1419.931200 1.000000
2471.040000 1522.830400 2659.184000 1451.273600 1.000000
2477.424000 1509.302400 2666.768000 1440.204800 1.000000
2480.384000 1537.899200 2666.896000 1466.105600 1.000000
2483.280000 1566.625600 2667.600000 1492.084800 1.000000
2481.696000 1531.603200 2669.200000 1460.665600 1.000000
2485.216000 1559.212800 2669.840000 1485.884800 1.000000
2482.656000 1503.835200 2671.952000 1436.288000 1.000000
2484.032000 1513.984000 2672.784000 1445.563200 1.000000
2484.080000 1508.691200 2674.160000 1440.809600 1.000000
2486.688000 1525.460800 2674.304000 1456.110400 1.000000
2491.056000 1553.742400 2675.520000 1482.155200 1.000000
2497.968000 1597.184000 2679.392000 1522.928000 1.000000
2498.272000 1569.340800 2681.264000 1496.769600 1.000000
2493.840000 1512.568000 2682.816000 1445.532800 1.000000
2496.336000 1523.449600 2684.256000 1455.550400 1.000000
2501.152000 1562.752000 2684.768000 1491.564800 1.000000
2501.664000 1528.744000 2688.912000 1460.940800 1.000000
2507.984000 1575.454400 2690.912000 1505.900800 1.000000
2507.600000 1532.681600 2694.640000 1464.315200 1.000000
2513.344000 1528.038400 2700.112000 1461.801600 1.000000
2514.224000 1537.353600 2700.384000 1471.048000 1.000000
2519.760000 1553.276800 2704.560000 1487.800000 1.000000
2527.584000 1530.128000 2714.336000 1469.552000 1.000000
2532.512000 1506.913600 2719.824000 1445.732800 1.000000
2540.528000 1542.769600 2722.960000 1486.600000 1.000000
2554.672000 1516.993600 2742.352000 1459.771200 1.000000
2510.976000 169.291200 2805.808000 82.283840 1.000000
2636.432000 718.422400 2851.408000 701.030400 1.000000
2651.152000 1377.540800 2852.352000 1360.619200 1.000000
2670.912000 1273.942400 2883.584000 1280.652800 1.000000
2725.712000 776.160000 2984.864000 804.008000 1.000000
2747.856000 1022.569600 2985.648000 1056.531200 1.000000
2757.104000 846.284800 3010.048000 885.856000 1.000000
3062.400000 2119.632000 3172.352000 2120.400000 1.000000
3061.248000 2079.136000 3177.648000 2084.944000 1.000000
3969.200000 155.584640 3505.168000 79.459520 1.000000
2546.560000 195.251200 3690.320000 269.467200 1.000000
4006.704000 460.251200 4015.024000 388.331200 1.000000
