218.841600 1373.352000 181.121600 2085.952000 1.000000
250.832000 1309.411200 216.432000 2028.560000 1.000000
267.353600 1365.718400 228.452800 2086.608000 1.000000
324.718400 1846.416000 233.227200 2606.048000 1.000000
332.460800 1933.984000 235.811200 2694.672000 1.000000
271.457600 1325.900800 235.833600 2046.096000 1.000000
278.902400 1282.508800 248.904000 2001.360000 1.000000
344.443200 1916.192000 261.417600 2687.904000 1.000000
305.387200 1309.033600 274.489600 2025.952000 1.000000
346.667200 1784.112000 275.884800 2540.816000 1.000000
344.064000 1676.608000 278.577600 2419.712000 1.000000
363.241600 1884.688000 281.963200 2646.848000 1.000000
378.006400 1968.368000 292.075200 2748.832000 1.000000
364.305600 1709.440000 302.862400 2447.504000 1.000000
405.872000 1996.992000 321.616000 2780.816000 1.000000
374.478400 1388.723200 337.777600 2096.208000 1.000000
402.766400 1459.456000 364.592000 2152.192000 1.000000
457.321600 1127.920000 445.344000 1812.128000 1.000000
531.820800 1519.630400 485.798400 2262.704000 1.000000
528.873600 1136.310400 515.668800 1827.344000 1.000000
573.697600 1089.696000 563.425600 1782.288000 1.000000
554.920000 31.267680 614.035200 749.363200 1.000000
699.560000 1820.208000 647.307200 2518.048000 1.000000
731.796800 1820.848000 683.126400 2517.312000 1.000000
677.332800 46.760160 728.704000 756.043200 1.000000
713.044800 69.491200 762.150400 776.355200 1.000000
720.875200 87.460000 770.446400 794.027200 1.000000
731.985600 77.992320 778.428800 783.049600 1.000000
745.689600 57.368640 793.569600 764.408000 1.000000
762.488000 40.210560 808.131200 748.473600 1.000000
774.753600 70.804000 818.574400 775.686400 1.000000
803.710400 34.261440 847.729600 741.283200 1.000000
815.022400 117.968800 854.956800 818.675200 1.000000
834.096000 61.056480 875.993600 765.748800 1.000000
835.916800 100.872960 876.419200 799.043200 1.000000
841.606400 113.155040 880.289600 811.539200 1.000000
852.654400 128.881120 889.987200 826.622400 1.000000
851.089600 72.910880 890.803200 774.899200 1.000000
855.665600 94.414560 894.516800 794.657600 1.000000
856.276800 49.862880 896.678400 751.492800 1.000000
885.500800 82.037120 924.198400 781.718400 1.000000
890.558400 123.815680 927.598400 817.753600 1.000000
965.536000 1789.648000 937.993600 2474.528000 1.000000
908.185600 58.548000 946.617600 759.297600 1.000000
917.553600 139.309760 952.430400 830.542400 1.000000
923.524800 103.406400 958.019200 799.372800 1.000000
942.153600 33.650080 979.270400 735.542400 1.000000
950.120000 162.387200 980.867200 850.372800 1.000000
954.811200 117.989120 987.102400 811.281600 1.000000
1038.468800 1739.392000 1010.305600 2422.736000 1.000000
979.721600 45.680000 1011.964800 745.169600 1.000000
987.052800 164.552000 1015.345600 850.836800 1.000000
987.755200 226.864000 1016.752000 909.190400 1.000000
1048.600000 1785.616000 1018.243200 2469.344000 1.000000
1001.321600 85.477280 1032.689600 779.961600 1.000000
1001.851200 59.218400 1033.600000 754.888000 1.000000
1025.908800 33.583360 1053.654400 733.372800 1.000000
1041.984000 176.926400 1065.680000 861.243200 1.000000
1043.339200 67.460000 1070.574400 760.790400 1.000000
1069.011200 64.939680 1094.320000 759.505600 1.000000
1077.118400 443.659200 1094.977600 1095.636800 1.000000
1074.488000 200.952000 1098.320000 881.712000 1.000000
1080.054400 238.260800 1101.870400 914.329600 1.000000
1077.942400 56.197600 1102.640000 751.755200 1.000000
1139.188800 2148.304000 1106.204800 2925.008000 1.000000
1091.540800 109.994560 1114.419200 798.115200 1.000000
1098.963200 234.512000 1116.369600 911.486400 1.000000
1101.113600 207.803200 1120.992000 886.460800 1.000000
1104.230400 177.168000 1124.680000 860.812800 1.000000
1113.168000 132.456160 1133.331200 817.609600 1.000000
1119.553600 180.852800 1138.316800 862.673600 1.000000
1125.614400 104.131520 1145.041600 791.297600 1.000000
1150.048000 216.124800 1161.691200 896.142400 1.000000
1163.488000 393.744000 1163.998400 1050.798400 1.000000
1189.432000 1137.088000 1179.204800 1799.648000 1.000000
1167.633600 244.699200 1191.476800 921.131200 1.000000
1217.372800 448.830400 1203.425600 1097.912000 1.000000
1037.195200 1829.552000 1238.622400 2496.320000 1.000000
1257.156800 1121.772800 1242.091200 1784.912000 1.000000
1239.870400 333.955200 1252.592000 988.116800 1.000000
1281.505600 450.926400 1261.057600 1096.299200 1.000000
1311.720000 2239.776000 1294.707200 2973.936000 1.000000
1383.840000 573.340800 1356.801600 1182.923200 1.000000
1418.158400 1152.408000 1405.364800 1804.336000 1.000000
1425.512000 1828.048000 1419.708800 2489.536000 1.000000
1431.534400 1784.656000 1424.366400 2451.296000 1.000000
1448.222400 861.649600 1432.819200 1565.193600 1.000000
1443.217600 1164.220800 1434.555200 1815.360000 1.000000
1468.832000 1781.504000 1469.068800 2442.848000 1.000000
1479.107200 1318.652800 1471.179200 1976.352000 1.000000
1479.470400 1372.945600 1472.760000 2030.016000 1.000000
1494.736000 1148.084800 1474.505600 1798.768000 1.000000
1515.227200 1321.212800 1508.787200 1977.232000 1.000000
1515.270400 1837.904000 1522.028800 2497.184000 1.000000
1546.995200 1293.089600 1540.249600 1946.240000 1.000000
1559.488000 1533.902400 1557.491200 2187.120000 1.000000
1609.040000 1167.256000 1595.206400 1810.688000 1.000000
1602.240000 1773.040000 1615.200000 2427.856000 1.000000
1660.464000 1782.976000 1670.080000 2435.376000 1.000000
1683.648000 1152.806400 1678.240000 1792.384000 1.000000
1676.576000 1798.112000 1687.056000 2448.592000 1.000000
1828.096000 543.614400 1794.560000 1169.696000 1.000000
1821.248000 818.598400 1801.968000 1431.008000 1.000000
1862.624000 549.892800 1828.976000 1172.800000 1.000000
1866.352000 527.020800 1833.072000 1150.934400 1.000000
1873.200000 501.670400 1840.000000 1130.275200 1.000000
1873.664000 722.248000 1849.104000 1334.780800 1.000000
1886.240000 505.216000 1853.136000 1126.579200 1.000000
1904.672000 457.974400 1869.296000 1080.222400 1.000000
1906.672000 486.643200 1875.664000 1105.116800 1.000000
1945.232000 404.526400 1905.184000 1036.396800 1.000000
1946.640000 371.659200 1907.952000 1011.467200 1.000000
1947.584000 431.003200 1908.640000 1061.200000 1.000000
1946.176000 501.696000 1916.272000 1109.427200 1.000000
1962.816000 467.136000 1923.520000 1084.529600 1.000000
1938.064000 1663.152000 1979.632000 1665.472000 1.000000
2039.120000 335.617600 1989.712000 975.376000 1.000000
1991.776000 1886.448000 2084.464000 1841.888000 1.000000
2043.632000 1331.611200 2095.264000 1314.052800 1.000000
2006.384000 2207.552000 2100.560000 2358.336000 1.000000
2028.080000 2216.704000 2127.792000 2364.096000 1.000000
2030.128000 2213.872000 2130.480000 2359.600000 1.000000
2041.712000 2224.448000 2142.720000 2368.960000 1.000000
2254.000000 68.554880 2169.408000 694.515200 1.000000
2113.360000 1438.726400 2174.112000 1383.841600 1.000000
2161.008000 1294.720000 2208.128000 1249.406400 1.000000
2109.360000 2043.824000 2212.784000 2012.336000 1.000000
2121.488000 2023.648000 2222.752000 1990.544000 1.000000
2172.448000 1387.992000 2226.960000 1328.222400 1.000000
2179.536000 1339.889600 2229.488000 1283.436800 1.000000
2130.928000 2030.432000 2233.104000 1996.880000 1.000000
2168.944000 1565.409600 2237.184000 1486.889600 1.000000
2141.136000 1977.856000 2238.832000 1937.824000 1.000000
2134.496000 2062.464000 2239.616000 2027.968000 1.000000
2138.944000 2036.224000 2242.272000 2001.408000 1.000000
2147.360000 2208.672000 2245.440000 2305.648000 1.000000
2151.600000 2006.032000 2251.296000 1968.080000 1.000000
2206.736000 1366.542400 2259.488000 1303.808000 1.000000
2155.360000 2075.936000 2261.696000 2041.632000 1.000000
2214.896000 1423.752000 2268.560000 1353.481600 1.000000
2171.920000 1945.104000 2268.688000 1899.200000 1.000000
2224.176000 1309.675200 2271.760000 1245.624000 1.000000
2221.840000 1367.142400 2273.728000 1303.848000 1.000000
2211.360000 1511.574400 2274.560000 1432.203200 1.000000
2184.080000 1920.672000 2276.384000 1871.488000 1.000000
2193.248000 1946.128000 2278.880000 1919.728000 1.000000
2173.168000 2084.496000 2280.240000 2047.760000 1.000000
2182.672000 1994.928000 2283.424000 1949.792000 1.000000
2200.768000 1920.432000 2285.520000 1891.168000 1.000000
2219.456000 1584.660800 2287.488000 1507.406400 1.000000
2205.488000 1926.208000 2291.008000 1897.744000 1.000000
2200.672000 1862.352000 2291.600000 1806.496000 1.000000
2234.144000 1446.377600 2291.792000 1370.308800 1.000000
2248.656000 1288.676800 2293.376000 1221.292800 1.000000
2197.744000 1934.240000 2293.936000 1884.784000 1.000000
2210.864000 1944.528000 2296.608000 1916.848000 1.000000
2210.544000 1893.856000 2304.688000 1838.112000 1.000000
2211.376000 1901.728000 2305.072000 1846.992000 1.000000
2220.128000 1799.296000 2305.344000 1733.968000 1.000000
2247.360000 1524.200000 2311.904000 1442.684800 1.000000
2253.840000 1526.868800 2317.904000 1441.944000 1.000000
2270.640000 1441.368000 2328.480000 1359.888000 1.000000
2239.920000 1868.336000 2332.544000 1804.672000 1.000000
2286.672000 1447.588800 2344.576000 1363.433600 1.000000
2343.184000 911.980800 2352.368000 903.099200 1.000000
2255.184000 1939.712000 2353.760000 1877.504000 1.000000
2266.416000 1860.432000 2358.464000 1790.672000 1.000000
2298.432000 1515.020800 2361.936000 1424.744000 1.000000
2236.848000 2190.016000 2369.456000 2225.968000 1.000000
2303.472000 1579.710400 2372.288000 1485.948800 1.000000
2293.104000 1710.736000 2372.432000 1621.776000 1.000000
2320.384000 1475.987200 2380.128000 1387.627200 1.000000
2315.632000 1603.072000 2385.776000 1508.545600 1.000000
2298.784000 1799.072000 2387.280000 1718.112000 1.000000
2336.112000 1387.174400 2387.424000 1286.958400 1.000000
2318.992000 1592.620800 2388.592000 1496.374400 1.000000
2328.352000 1550.876800 2394.864000 1457.428800 1.000000
2338.400000 1455.798400 2396.160000 1363.694400 1.000000
2338.784000 1469.179200 2397.264000 1377.305600 1.000000
2321.920000 1680.096000 2399.632000 1584.441600 1.000000
2346.656000 1489.068800 2406.976000 1395.968000 1.000000
2354.528000 1400.150400 2407.248000 1297.696000 1.000000
2334.224000 1664.128000 2410.320000 1567.190400 1.000000
2342.912000 1602.512000 2414.112000 1502.716800 1.000000
2341.040000 1674.096000 2418.000000 1576.740800 1.000000
2358.464000 1565.761600 2424.816000 1465.688000 1.000000
2347.456000 1682.912000 2425.376000 1584.566400 1.000000
2415.024000 1030.024000 2428.336000 1023.310400 1.000000
2371.120000 1590.771200 2440.064000 1486.974400 1.000000
2390.960000 1435.465600 2446.384000 1332.272000 1.000000
2372.528000 1667.968000 2449.248000 1564.547200 1.000000
2387.344000 1521.356800 2450.784000 1418.489600 1.000000
2393.936000 1576.414400 2463.136000 1467.046400 1.000000
2401.216000 1520.451200 2464.544000 1413.808000 1.000000
2412.416000 1427.433600 2466.384000 1318.912000 1.000000
2408.208000 1473.792000 2467.008000 1367.262400 1.000000
2404.208000 1595.225600 2474.096000 1485.828800 1.000000
2409.824000 1537.564800 2474.736000 1430.356800 1.000000
2408.528000 1569.292800 2476.368000 1459.620800 1.000000
2424.352000 1457.536000 2481.200000 1346.761600 1.000000
2411.200000 1605.072000 2482.384000 1492.828800 1.000000
2419.184000 1524.505600 2483.008000 1413.545600 1.000000
2416.544000 1575.516800 2485.008000 1463.550400 1.000000
2428.688000 1462.323200 2486.160000 1350.816000 1.000000
2424.704000 1533.544000 2488.896000 1422.033600 1.000000
2423.696000 1597.040000 2493.696000 1483.422400 1.000000
2439.776000 1589.612800 2509.776000 1470.444800 1.000000
2449.296000 1538.680000 2509.792000 1425.142400 1.000000
2439.248000 1662.512000 2515.536000 1544.982400 1.000000
2451.344000 1617.456000 2523.008000 1497.011200 1.000000
2462.416000 1520.056000 2524.624000 1397.953600 1.000000
2465.664000 1489.004800 2524.992000 1364.595200 1.000000
2477.424000 1509.302400 2539.984000 1379.220800 1.000000
2483.280000 1566.625600 2549.840000 1436.392000 1.000000
2491.056000 1553.742400 2555.776000 1421.369600 1.000000
2489.456000 1561.014400 2555.856000 1427.323200 1.000000
2488.752000 1571.254400 2556.448000 1439.206400 1.000000
2501.664000 1528.744000 2565.600000 1391.484800 1.000000
2498.272000 1569.340800 2565.696000 1434.481600 1.000000
2514.224000 1537.353600 2578.096000 1396.734400 1.000000
2500.768000 1701.968000 2582.048000 1566.705600 1.000000
2528.000000 1491.468800 2587.408000 1350.628800 1.000000
2499.360000 1442.457600 2611.920000 1215.011200 1.000000
2555.584000 1547.254400 2621.696000 1392.955200 1.000000
2568.976000 1497.097600 2639.072000 1337.976000 1.000000
2669.072000 1307.929600 2694.656000 1133.822400 1.000000
2716.176000 1155.088000 2716.880000 1021.528000 1.000000
2735.344000 1722.800000 2982.560000 1781.600000 1.000000
2951.104000 1075.608000 3129.456000 1065.094400 1.000000
