997.596800 49.721760 872.564800 1050.766400 1.000000
885.500800 82.037120 1114.548800 2492.192000 1.000000
955.299200 69.263040 1178.612800 2455.760000 1.000000
987.755200 226.864000 1210.601600 2613.344000 1.000000
1022.328000 110.391840 1239.564800 2483.408000 1.000000
1069.011200 64.939680 1283.043200 2424.176000 1.000000
1080.054400 238.260800 1292.806400 2601.792000 1.000000
1091.540800 109.994560 1300.665600 2465.056000 1.000000
1090.812800 19.100640 1304.340800 2372.800000 1.000000
1112.347200 67.793280 1324.203200 2419.744000 1.000000
1113.168000 132.456160 1324.328000 2485.760000 1.000000
1125.614400 104.131520 1333.984000 2452.848000 1.000000
1217.372800 448.830400 1347.331200 2810.064000 1.000000
1167.633600 244.699200 1380.620800 2598.512000 1.000000
1281.505600 450.926400 1400.476800 2804.192000 1.000000
1904.672000 457.974400 2112.112000 2638.048000 1.000000
1962.816000 467.136000 2172.176000 2634.784000 1.000000
2219.456000 1584.660800 2486.224000 1195.483200 1.000000
2122.464000 2039.392000 2576.224000 1586.056000 1.000000
2200.672000 1862.352000 2579.152000 1405.230400 1.000000
2179.856000 1936.272000 2592.416000 1994.000000 1.000000
2181.616000 1950.464000 2598.672000 1487.774400 1.000000
2220.656000 1934.208000 2622.160000 1895.152000 1.000000
2266.416000 1860.432000 2636.880000 1365.948800 1.000000
2298.784000 1799.072000 2638.608000 1319.433600 1.000000
2173.168000 2084.496000 2648.960000 1592.041600 1.000000
2249.200000 1924.992000 2649.952000 2185.664000 1.000000
2346.624000 1717.296000 2651.280000 1179.526400 1.000000
