75.432960 2596.064000 362.636800 1042.177600 1.000000
80.883200 2525.792000 435.107200 924.764800 1.000000
69.322240 2807.344000 446.001600 1180.129600 1.000000
114.453440 2530.624000 464.041600 934.670400 1.000000
106.015520 2808.288000 476.097600 1182.336000 1.000000
134.016960 2532.144000 481.923200 941.323200 1.000000
175.262400 2660.064000 527.161600 1065.017600 1.000000
188.844800 2463.408000 529.320000 887.995200 1.000000
174.772800 2698.288000 529.841600 1100.873600 1.000000
226.046400 2703.760000 575.376000 1115.169600 1.000000
280.403200 2589.760000 617.145600 1020.128000 1.000000
332.460800 1933.984000 618.718400 291.416000 1.000000
344.064000 1676.608000 624.676800 24.695360 1.000000
286.788800 2713.280000 629.180800 1130.982400 1.000000
310.331200 2495.376000 637.792000 939.139200 1.000000
389.489600 1988.592000 674.648000 357.456000 1.000000
362.790400 2478.688000 685.430400 932.705600 1.000000
460.060800 2163.616000 753.398400 555.614400 1.000000
463.344000 1837.200000 756.088000 317.564800 1.000000
480.872000 1838.544000 772.323200 322.395200 1.000000
484.302400 1823.104000 772.851200 303.468800 1.000000
492.656000 2853.248000 812.736000 1281.408000 1.000000
504.795200 2980.880000 824.622400 1386.145600 1.000000
530.496000 2480.240000 836.787200 962.452800 1.000000
531.776000 2665.760000 843.123200 1114.854400 1.000000
699.560000 1820.208000 847.393600 315.536000 1.000000
559.249600 2493.520000 862.390400 978.825600 1.000000
557.956800 2764.880000 865.400000 1215.875200 1.000000
574.209600 2555.840000 876.304000 1031.648000 1.000000
579.006400 2834.480000 884.596800 1279.656000 1.000000
584.216000 2679.344000 888.100800 1147.755200 1.000000
615.014400 2467.840000 911.990400 966.691200 1.000000
629.035200 2492.752000 922.624000 987.545600 1.000000
663.993600 2726.624000 956.771200 1209.796800 1.000000
694.016000 2874.976000 982.425600 1328.656000 1.000000
709.796800 2911.792000 995.464000 1363.339200 1.000000
723.841600 2955.856000 1006.057600 1400.316800 1.000000
732.276800 2819.120000 1014.784000 1292.713600 1.000000
735.974400 2841.488000 1017.926400 1310.502400 1.000000
744.808000 1844.816000 1024.924800 374.747200 1.000000
748.488000 2929.120000 1026.990400 1382.931200 1.000000
753.684800 2537.088000 1034.388800 1053.376000 1.000000
905.409600 2641.232000 1165.121600 1171.766400 1.000000
911.414400 2558.592000 1172.592000 1100.275200 1.000000
918.502400 2533.088000 1178.201600 1081.036800 1.000000
954.606400 2449.824000 1211.892800 1010.507200 1.000000
953.390400 2332.752000 1215.937600 896.673600 1.000000
968.454400 2504.512000 1223.472000 1061.585600 1.000000
989.027200 2700.912000 1235.440000 1238.060800 1.000000
983.512000 2472.080000 1238.280000 1034.646400 1.000000
999.881600 2729.616000 1244.268800 1263.545600 1.000000
1022.790400 2599.744000 1268.073600 1159.145600 1.000000
1022.406400 2553.504000 1269.262400 1113.964800 1.000000
1036.254400 2404.144000 1286.593600 980.145600 1.000000
1056.057600 2794.000000 1288.611200 1324.950400 1.000000
1057.153600 2313.216000 1310.616000 898.270400 1.000000
1087.995200 2804.448000 1314.521600 1337.884800 1.000000
1093.236800 2354.704000 1341.137600 947.305600 1.000000
1139.188800 2148.304000 1391.923200 667.206400 1.000000
1175.521600 2516.624000 1404.436800 1109.446400 1.000000
1177.883200 2191.024000 1424.176000 715.940800 1.000000
1257.257600 2757.728000 1460.441600 1331.366400 1.000000
1279.024000 2967.792000 1461.456000 1826.352000 1.000000
1238.164800 2387.824000 1468.550400 1007.806400 1.000000
1298.612800 2952.048000 1478.360000 1813.760000 1.000000
1350.078400 2907.040000 1526.422400 1462.916800 1.000000
1366.011200 2863.696000 1543.078400 1432.888000 1.000000
1332.646400 2314.288000 1557.508800 946.084800 1.000000
1357.779200 2407.680000 1575.192000 1043.643200 1.000000
1420.921600 2808.448000 1593.841600 1397.828800 1.000000
1415.257600 2761.328000 1594.945600 1356.540800 1.000000
1426.086400 2775.968000 1601.456000 1372.379200 1.000000
1391.300800 2343.616000 1611.584000 993.756800 1.000000
1400.860800 2400.064000 1612.208000 1044.939200 1.000000
1456.011200 2311.792000 1673.248000 968.156800 1.000000
1538.176000 2773.264000 1694.976000 1390.374400 1.000000
1527.132800 2642.896000 1699.584000 1280.668800 1.000000
1420.070400 1757.056000 1705.696000 374.020800 1.000000
1541.440000 2581.440000 1722.752000 1231.128000 1.000000
1539.516800 2453.344000 1731.856000 1117.894400 1.000000
1560.635200 2592.512000 1733.696000 1245.636800 1.000000
1595.374400 2824.704000 1737.440000 1440.569600 1.000000
1585.822400 2543.984000 1763.296000 1205.316800 1.000000
1604.112000 2555.312000 1775.712000 1219.180800 1.000000
1670.976000 2896.608000 1792.288000 1505.504000 1.000000
1713.728000 2901.472000 1827.920000 1514.566400 1.000000
1734.672000 2925.072000 1840.432000 1538.720000 1.000000
1710.848000 2764.704000 1840.736000 1406.996800 1.000000
1739.904000 2944.224000 1844.000000 1553.102400 1.000000
1686.912000 2554.624000 1850.208000 1231.488000 1.000000
1677.504000 2453.088000 1855.136000 1141.392000 1.000000
1754.048000 2930.048000 1856.736000 1544.483200 1.000000
1742.512000 2839.776000 1858.864000 1473.102400 1.000000
1745.056000 2804.752000 1865.392000 1445.340800 1.000000
1770.112000 2897.376000 1875.248000 1524.104000 1.000000
1757.456000 2769.568000 1882.240000 1420.176000 1.000000
1618.208000 1748.240000 1909.984000 400.766400 1.000000
1782.560000 2358.336000 1962.976000 1098.510400 1.000000
1779.840000 2130.448000 1998.944000 877.107200 1.000000
2172.448000 1387.992000 2386.576000 1468.724800 1.000000
2179.536000 1339.889600 2402.720000 1430.144000 1.000000
2234.144000 1446.377600 2427.568000 1536.208000 1.000000
2315.632000 1603.072000 2457.200000 1680.992000 1.000000
2359.536000 1701.776000 2474.688000 1758.224000 1.000000
2371.120000 1590.771200 2507.696000 1688.688000 1.000000
3650.944000 448.332800 2546.336000 1217.006400 1.000000
2423.696000 1597.040000 2550.144000 1716.528000 1.000000
2215.024000 765.676800 2621.952000 698.662400 1.000000
2703.040000 888.710400 2952.336000 1437.062400 1.000000
