134.016960 2532.144000 878.324800 58.932800 1.000000
174.772800 2698.288000 930.380800 236.392000 1.000000
226.046400 2703.760000 977.931200 260.851200 1.000000
362.790400 2478.688000 1081.470400 57.746560 1.000000
367.225600 2705.328000 1098.772800 289.408000 1.000000
416.665600 2673.376000 1137.835200 268.028800 1.000000
504.795200 2980.880000 1222.036800 574.192000 1.000000
531.776000 2665.760000 1241.846400 264.334400 1.000000
559.033600 2737.760000 1263.456000 366.084800 1.000000
574.209600 2555.840000 1274.310400 182.740800 1.000000
571.768000 2768.368000 1278.097600 400.000000 1.000000
579.006400 2834.480000 1282.006400 464.705600 1.000000
582.212800 2591.648000 1282.793600 232.979200 1.000000
589.032000 2874.976000 1291.299200 503.900800 1.000000
723.841600 2955.856000 1399.270400 603.512000 1.000000
1189.491200 2608.528000 1814.192000 403.198400 1.000000
1279.024000 2967.792000 1846.576000 741.713600 1.000000
1279.995200 2932.112000 1850.176000 716.904000 1.000000
1257.257600 2757.728000 1853.600000 564.305600 1.000000
1304.321600 2930.880000 1869.216000 717.748800 1.000000
1415.257600 2761.328000 1986.288000 604.539200 1.000000
1426.086400 2775.968000 1992.320000 619.696000 1.000000
1357.779200 2407.680000 1997.376000 241.020800 1.000000
1518.744000 2743.296000 2077.344000 615.788800 1.000000
1670.976000 2896.608000 2175.328000 776.236800 1.000000
1301.593600 2241.280000 2187.696000 92.953120 1.000000
1713.728000 2901.472000 2208.816000 788.294400 1.000000
1777.136000 2994.752000 2242.704000 876.028800 1.000000
1756.656000 2909.760000 2242.832000 804.174400 1.000000
1745.056000 2804.752000 2256.208000 715.699200 1.000000
1744.016000 2769.360000 2262.272000 687.841600 1.000000
1782.560000 2358.336000 2407.248000 332.654400 1.000000
1779.840000 2130.448000 2481.056000 87.780000 1.000000
