127.830560 1856.096000 17.593280 2664.464000 1.000000
152.151360 2050.704000 22.419040 2890.688000 1.000000
151.575040 2016.816000 24.283520 2846.128000 1.000000
146.011360 1886.608000 32.529440 2694.160000 1.000000
165.427200 2057.872000 37.234560 2897.152000 1.000000
36.312640 534.174400 48.410560 1371.515200 1.000000
18.180640 344.846400 49.697760 1209.020800 1.000000
51.967840 582.652800 59.910400 1426.721600 1.000000
39.939520 429.673600 63.629440 1263.472000 1.000000
178.166400 1887.616000 67.241120 2697.104000 1.000000
47.032640 469.187200 67.294720 1299.174400 1.000000
111.946880 1109.942400 73.960800 1870.000000 1.000000
215.232000 2114.576000 82.339200 2970.160000 1.000000
181.144000 1750.432000 84.102240 2543.440000 1.000000
203.572800 1890.608000 94.858240 2700.816000 1.000000
227.291200 2123.424000 97.368960 2978.928000 1.000000
225.499200 2119.472000 97.658080 2972.816000 1.000000
227.657600 2104.864000 99.691360 2956.240000 1.000000
212.040000 1913.824000 101.596960 2726.000000 1.000000
229.576000 2092.608000 102.785280 2939.680000 1.000000
201.212800 1740.000000 103.693280 2539.552000 1.000000
182.603200 1533.153600 107.863040 2287.744000 1.000000
117.688640 758.046400 109.184800 1594.556800 1.000000
237.288000 2110.832000 109.310080 2962.944000 1.000000
221.427200 1934.416000 109.630720 2749.904000 1.000000
211.556800 1792.288000 112.568320 2588.768000 1.000000
240.465600 2124.912000 113.947040 2977.056000 1.000000
240.636800 2077.744000 116.951200 2921.024000 1.000000
217.875200 1811.616000 116.965120 2609.856000 1.000000
242.772800 2102.944000 117.457440 2951.936000 1.000000
178.420800 1359.891200 119.449280 2095.760000 1.000000
243.849600 2062.960000 122.084480 2901.296000 1.000000
163.491200 1137.688000 122.414560 1891.440000 1.000000
250.577600 2095.472000 125.511840 2943.200000 1.000000
247.670400 2056.240000 125.992640 2893.168000 1.000000
204.611200 1574.129600 126.741280 2331.472000 1.000000
80.683680 123.038720 128.825280 973.536000 1.000000
240.124800 1941.040000 129.774240 2756.400000 1.000000
253.088000 2071.888000 130.455840 2912.464000 1.000000
133.754560 644.734400 134.053440 1485.579200 1.000000
257.163200 2079.328000 134.560640 2922.560000 1.000000
88.854720 106.782880 138.362560 959.163200 1.000000
257.249600 2049.568000 138.369120 2886.448000 1.000000
90.832160 124.377120 138.406720 973.756800 1.000000
243.761600 1860.224000 141.502880 2665.904000 1.000000
251.228800 1904.704000 143.664960 2711.328000 1.000000
261.120000 2026.384000 145.033440 2856.944000 1.000000
249.520000 1868.208000 146.167360 2675.840000 1.000000
99.078240 120.559680 146.331840 971.617600 1.000000
222.433600 1572.478400 146.386720 2329.056000 1.000000
268.683200 2081.232000 147.144160 2924.112000 1.000000
251.936000 1879.280000 147.825920 2687.232000 1.000000
221.304000 1526.180800 147.954400 2276.848000 1.000000
198.782400 1250.334400 149.850080 1986.608000 1.000000
180.536000 1073.849600 152.134080 1829.792000 1.000000
251.019200 1786.160000 154.699360 2578.016000 1.000000
243.222400 1692.416000 155.217920 2482.048000 1.000000
198.584000 1154.091200 158.155840 1900.640000 1.000000
236.417600 1579.382400 158.400640 2331.488000 1.000000
243.065600 1600.160000 163.036800 2355.520000 1.000000
218.414400 1312.828800 164.249600 2048.096000 1.000000
223.977600 1379.176000 164.393600 2114.736000 1.000000
235.104000 1504.212800 165.449600 2249.968000 1.000000
244.262400 1576.694400 166.617600 2328.176000 1.000000
244.768000 1560.478400 167.966400 2310.256000 1.000000
245.963200 1592.963200 168.340800 2347.472000 1.000000
236.478400 1455.475200 170.856000 2197.856000 1.000000
171.918400 623.862400 171.910400 1459.428800 1.000000
217.518400 1209.931200 172.513600 1945.472000 1.000000
289.928000 2019.936000 172.964800 2841.968000 1.000000
183.344000 604.044800 176.944000 1437.432000 1.000000
249.811200 1512.798400 178.641600 2259.888000 1.000000
227.204800 1242.449600 180.179200 1976.960000 1.000000
261.299200 1424.660800 197.516800 2158.928000 1.000000
248.054400 1247.494400 202.267200 1984.496000 1.000000
262.579200 1385.937600 202.516800 2129.744000 1.000000
282.228800 1590.204800 205.011200 2341.760000 1.000000
291.177600 1664.272000 205.937600 2447.600000 1.000000
258.894400 1272.532800 209.179200 2003.760000 1.000000
239.152000 985.614400 219.193600 1739.584000 1.000000
274.350400 1217.166400 229.137600 1948.880000 1.000000
303.827200 1559.235200 230.553600 2305.360000 1.000000
191.574400 117.510080 232.425600 962.772800 1.000000
284.710400 1230.152000 239.622400 1959.328000 1.000000
317.150400 1528.089600 243.595200 2271.232000 1.000000
316.620800 1490.035200 247.588800 2233.552000 1.000000
322.992000 1560.259200 248.988800 2305.440000 1.000000
295.196800 1257.051200 249.118400 1988.880000 1.000000
330.364800 1609.680000 250.686400 2375.680000 1.000000
330.963200 1575.859200 254.782400 2327.504000 1.000000
293.987200 1167.588800 259.251200 1915.072000 1.000000
275.011200 774.089600 267.305600 1566.030400 1.000000
320.310400 1184.486400 279.088000 1915.024000 1.000000
320.412800 1198.910400 279.961600 1926.144000 1.000000
296.657600 693.766400 292.264000 1469.174400 1.000000
308.891200 806.276800 293.025600 1585.380800 1.000000
343.420800 1265.539200 295.166400 2000.112000 1.000000
305.444800 720.524800 296.716800 1494.836800 1.000000
306.939200 536.585600 308.200000 1332.257600 1.000000
295.553600 401.025600 311.614400 1196.689600 1.000000
297.022400 370.587200 314.776000 1170.044800 1.000000
297.668800 329.828800 318.092800 1135.024000 1.000000
332.393600 785.968000 319.504000 1564.753600 1.000000
290.800000 177.331200 320.712000 1005.964800 1.000000
298.640000 337.112000 320.774400 1141.886400 1.000000
306.910400 380.534400 324.235200 1177.260800 1.000000
308.971200 389.334400 325.091200 1186.113600 1.000000
357.790400 1042.974400 326.372800 1784.960000 1.000000
301.609600 221.262400 327.532800 1042.289600 1.000000
315.939200 398.907200 331.179200 1194.312000 1.000000
309.844800 295.352000 331.542400 1104.915200 1.000000
368.758400 1085.150400 333.265600 1825.328000 1.000000
311.899200 277.448000 334.792000 1089.233600 1.000000
313.668800 246.638400 338.265600 1062.392000 1.000000
350.697600 738.640000 340.908800 1508.686400 1.000000
325.350400 373.472000 341.070400 1171.075200 1.000000
315.256000 218.240000 341.304000 1039.230400 1.000000
320.168000 295.934400 341.582400 1104.790400 1.000000
314.040000 188.347200 341.809600 1014.910400 1.000000
336.000000 512.982400 341.988800 1305.824000 1.000000
324.892800 348.244800 342.876800 1149.819200 1.000000
325.313600 306.697600 346.004800 1115.248000 1.000000
321.472000 234.649600 346.163200 1052.400000 1.000000
327.481600 287.766400 346.230400 1097.617600 1.000000
332.996800 401.881600 347.209600 1196.164800 1.000000
325.452800 262.860800 348.536000 1076.564800 1.000000
333.572800 360.198400 350.144000 1159.972800 1.000000
352.835200 639.454400 350.619200 1416.750400 1.000000
328.102400 246.444800 352.091200 1062.425600 1.000000
323.403200 166.977600 352.929600 996.931200 1.000000
333.868800 297.862400 354.203200 1106.340800 1.000000
329.835200 224.195200 354.499200 1043.598400 1.000000
330.315200 201.387200 356.497600 1024.678400 1.000000
338.168000 213.430400 363.142400 1034.896000 1.000000
353.344000 224.052800 377.235200 1043.568000 1.000000
481.830400 2154.720000 379.220800 2948.624000 1.000000
385.414400 662.448000 379.955200 1438.096000 1.000000
394.065600 573.963200 391.481600 1363.484800 1.000000
493.961600 2145.488000 393.819200 2938.320000 1.000000
394.726400 556.644800 394.561600 1345.313600 1.000000
394.368000 503.849600 396.449600 1286.755200 1.000000
506.776000 2040.816000 414.136000 2806.416000 1.000000
514.368000 2156.032000 415.838400 2945.632000 1.000000
405.484800 241.196800 423.425600 1053.627200 1.000000
414.393600 230.284800 431.752000 1043.548800 1.000000
410.241600 150.498080 436.081600 991.121600 1.000000
531.670400 2004.080000 437.731200 2770.992000 1.000000
532.374400 1995.680000 437.750400 2764.896000 1.000000
500.945600 383.406400 509.852800 1160.166400 1.000000
566.232000 1211.780800 527.286400 1909.856000 1.000000
514.787200 94.656320 534.841600 923.640000 1.000000
626.052800 1988.048000 538.155200 2747.792000 1.000000
580.614400 1219.500800 541.056000 1917.344000 1.000000
527.966400 86.807360 546.078400 915.027200 1.000000
588.048000 1205.761600 549.185600 1902.832000 1.000000
594.219200 1223.510400 552.929600 1920.240000 1.000000
615.905600 1138.379200 575.854400 1834.592000 1.000000
619.852800 1138.216000 585.260800 1833.264000 1.000000
672.798400 2115.968000 589.224000 2891.744000 1.000000
679.964800 2094.688000 598.208000 2873.024000 1.000000
682.723200 2150.480000 599.308800 2931.152000 1.000000
676.198400 1926.208000 599.795200 2669.536000 1.000000
638.720000 1203.184000 600.022400 1898.880000 1.000000
682.755200 1952.464000 606.347200 2698.784000 1.000000
644.806400 1176.702400 609.715200 1870.960000 1.000000
690.432000 1963.472000 612.676800 2716.160000 1.000000
644.537600 1081.668800 613.409600 1777.280000 1.000000
658.715200 1176.028800 624.867200 1866.544000 1.000000
666.184000 1253.064000 625.936000 1945.104000 1.000000
659.529600 1073.265600 629.766400 1769.328000 1.000000
630.481600 168.051200 640.374400 977.281600 1.000000
646.868800 302.806400 652.545600 1089.953600 1.000000
732.166400 2197.824000 652.614400 2984.800000 1.000000
652.580800 281.910400 659.056000 1070.966400 1.000000
649.742400 180.027200 659.196800 989.672000 1.000000
712.036800 1154.918400 677.584000 1839.760000 1.000000
686.678400 518.411200 679.696000 1330.336000 1.000000
673.321600 168.424000 680.606400 976.988800 1.000000
719.051200 1175.083200 684.297600 1861.264000 1.000000
736.883200 1422.627200 690.288000 2110.144000 1.000000
696.908800 432.857600 695.755200 1199.582400 1.000000
738.240000 1135.425600 705.641600 1823.088000 1.000000
737.267200 1097.212800 706.694400 1785.200000 1.000000
745.307200 334.353600 722.833600 1091.128000 1.000000
804.281600 1766.960000 744.345600 2476.544000 1.000000
760.833600 176.846400 760.763200 979.835200 1.000000
772.491200 395.123200 766.804800 1160.577600 1.000000
828.782400 1552.134400 781.355200 2239.424000 1.000000
789.593600 399.939200 784.481600 1164.819200 1.000000
790.507200 150.006560 793.384000 954.688000 1.000000
827.948800 993.670400 802.150400 1673.488000 1.000000
836.497600 1077.608000 806.929600 1757.152000 1.000000
837.918400 1031.268800 812.814400 1708.112000 1.000000
866.105600 1483.883200 823.900800 2151.264000 1.000000
888.840000 2087.296000 827.443200 2841.472000 1.000000
893.168000 1707.248000 842.364800 2401.632000 1.000000
903.393600 1772.192000 851.448000 2472.000000 1.000000
911.323200 2070.352000 851.520000 2819.488000 1.000000
928.753600 2054.256000 872.481600 2800.544000 1.000000
957.012800 2122.256000 901.788800 2880.832000 1.000000
962.536000 2111.312000 907.291200 2864.864000 1.000000
1021.078400 2118.352000 967.923200 2868.688000 1.000000
983.332800 23.488640 971.662400 763.320000 1.000000
1045.958400 2118.544000 999.056000 2869.216000 1.000000
1111.052800 1861.696000 1072.966400 2562.384000 1.000000
1119.315200 1851.456000 1084.740800 2546.480000 1.000000
1135.084800 1714.736000 1102.769600 2392.624000 1.000000
1151.083200 1899.504000 1117.963200 2598.416000 1.000000
1166.214400 1650.672000 1133.492800 2319.936000 1.000000
1193.542400 682.041600 1164.392000 1370.291200 1.000000
1204.328000 509.156800 1174.836800 1218.870400 1.000000
1215.736000 1815.376000 1187.057600 2500.208000 1.000000
1221.227200 689.470400 1190.107200 1373.244800 1.000000
1230.409600 494.313600 1196.067200 1204.545600 1.000000
1228.804800 504.480000 1196.856000 1214.510400 1.000000
1252.075200 2103.056000 1227.915200 2833.904000 1.000000
1327.891200 2094.016000 1305.937600 2817.728000 1.000000
1340.275200 2156.656000 1330.030400 2891.200000 1.000000
1352.915200 2051.088000 1340.411200 2765.120000 1.000000
1365.592000 2067.424000 1355.737600 2783.312000 1.000000
1376.035200 2047.392000 1368.404800 2755.664000 1.000000
1390.017600 2056.416000 1381.025600 2765.040000 1.000000
1398.283200 2066.000000 1392.708800 2775.824000 1.000000
1437.268800 778.476800 1399.177600 1439.760000 1.000000
1443.382400 795.854400 1404.662400 1455.299200 1.000000
1450.604800 770.568000 1410.691200 1433.889600 1.000000
1448.272000 967.308800 1414.377600 1611.728000 1.000000
1455.004800 729.361600 1415.043200 1397.905600 1.000000
1458.432000 703.544000 1416.840000 1373.246400 1.000000
1458.609600 940.364800 1423.361600 1584.593600 1.000000
1460.140800 917.427200 1426.489600 1566.099200 1.000000
1463.785600 821.574400 1427.374400 1477.372800 1.000000
1466.308800 789.648000 1427.598400 1448.331200 1.000000
1461.868800 974.072000 1427.652800 1615.536000 1.000000
1467.760000 731.964800 1427.721600 1397.561600 1.000000
1473.304000 799.950400 1435.758400 1457.102400 1.000000
1476.060800 783.387200 1437.164800 1441.187200 1.000000
1492.713600 753.795200 1452.502400 1414.348800 1.000000
1464.284800 2097.168000 1466.196800 2807.440000 1.000000
1544.046400 48.390880 1476.028800 752.593600 1.000000
1575.187200 81.660800 1504.963200 777.324800 1.000000
1601.072000 91.561280 1529.065600 785.419200 1.000000
1579.048000 747.680000 1533.180800 1408.169600 1.000000
1578.515200 872.864000 1537.596800 1506.284800 1.000000
1550.462400 1892.432000 1553.188800 2559.280000 1.000000
1551.897600 2105.344000 1561.993600 2812.032000 1.000000
1623.904000 572.854400 1568.905600 1256.008000 1.000000
1614.960000 926.113600 1575.724800 1552.859200 1.000000
1584.553600 1673.808000 1576.212800 2312.208000 1.000000
1674.256000 82.636320 1593.425600 776.430400 1.000000
1766.000000 155.264160 1678.864000 833.088000 1.000000
1788.208000 144.987520 1698.576000 822.132800 1.000000
1825.792000 156.088800 1731.808000 830.900800 1.000000
1829.472000 106.108480 1733.344000 785.660800 1.000000
1862.624000 93.092800 1762.976000 774.809600 1.000000
1893.856000 113.269280 1791.808000 787.003200 1.000000
1769.440000 2047.392000 1799.728000 2726.400000 1.000000
1904.288000 119.663360 1800.688000 791.590400 1.000000
1932.192000 86.421760 1825.072000 762.777600 1.000000
1928.976000 172.916800 1826.160000 837.451200 1.000000
1938.032000 166.041600 1834.144000 829.412800 1.000000
1958.032000 53.665760 1842.976000 736.416000 1.000000
1950.784000 170.593600 1845.504000 831.652800 1.000000
1957.360000 158.204320 1852.672000 819.584000 1.000000
1967.408000 137.473440 1858.736000 805.456000 1.000000
1976.912000 67.818080 1860.608000 745.883200 1.000000
1982.656000 54.357280 1865.936000 734.984000 1.000000
1972.800000 340.643200 1878.976000 1053.016000 1.000000
1941.040000 814.075200 1884.032000 1447.494400 1.000000
1979.456000 367.398400 1887.200000 1076.100800 1.000000
1949.056000 773.536000 1888.080000 1407.966400 1.000000
1972.416000 597.744000 1898.656000 1264.329600 1.000000
1993.424000 377.435200 1900.320000 1084.201600 1.000000
2024.960000 187.204800 1913.664000 842.244800 1.000000
2007.872000 381.561600 1913.680000 1087.844800 1.000000
2017.120000 362.161600 1921.872000 1068.184000 1.000000
2026.176000 382.363200 1930.080000 1085.977600 1.000000
2053.648000 193.144000 1943.808000 843.830400 1.000000
2072.944000 41.024960 1945.216000 719.268800 1.000000
2063.040000 206.084800 1950.592000 855.276800 1.000000
2071.840000 135.053920 1950.800000 794.416000 1.000000
2051.808000 422.907200 1958.048000 1121.993600 1.000000
2080.128000 159.295360 1961.408000 814.734400 1.000000
2084.560000 144.698080 1963.360000 801.665600 1.000000
2094.208000 55.307040 1966.048000 728.987200 1.000000
1921.408000 2186.048000 1985.056000 2901.888000 1.000000
2090.704000 385.912000 1992.144000 1084.716800 1.000000
2103.632000 287.689600 1992.768000 1002.465600 1.000000
1937.648000 2194.528000 2003.376000 2911.024000 1.000000
2098.400000 450.736000 2005.008000 1138.048000 1.000000
1952.000000 2141.616000 2014.112000 2844.256000 1.000000
1951.840000 2182.032000 2019.264000 2895.344000 1.000000
1962.960000 2166.096000 2028.208000 2881.232000 1.000000
2171.552000 39.802720 2032.512000 710.230400 1.000000
2134.816000 420.412800 2037.344000 1116.028800 1.000000
2140.784000 339.912000 2039.056000 1055.316800 1.000000
1999.456000 2216.000000 2075.328000 2931.088000 1.000000
2216.688000 106.379200 2079.504000 812.169600 1.000000
2006.416000 2205.216000 2082.224000 2916.480000 1.000000
2017.200000 2228.368000 2098.016000 2944.192000 1.000000
2016.016000 2268.800000 2098.736000 2998.352000 1.000000
2021.360000 2203.360000 2099.232000 2913.264000 1.000000
2017.920000 2253.184000 2101.168000 2976.384000 1.000000
2029.376000 2230.416000 2111.952000 2945.616000 1.000000
2040.656000 2138.176000 2112.784000 2820.928000 1.000000
2029.632000 2242.288000 2114.176000 2958.976000 1.000000
3461.264000 1649.408000 3263.520000 2365.424000 1.000000
