256.033600 2127.008000 375.619200 61.959840 1.000000
337.246400 1513.729600 420.420800 219.782400 1.000000
271.128000 2335.952000 449.944000 358.144000 1.000000
299.420800 2359.168000 484.531200 388.209600 1.000000
449.497600 2301.248000 621.817600 338.102400 1.000000
457.571200 2277.712000 626.166400 315.811200 1.000000
517.864000 2029.184000 645.248000 65.067520 1.000000
639.406400 2135.840000 790.257600 207.766400 1.000000
682.723200 2150.480000 837.523200 225.606400 1.000000
1021.078400 2118.352000 1194.715200 241.617600 1.000000
978.339200 2759.424000 1196.001600 820.225600 1.000000
1252.075200 2103.056000 1435.804800 258.752000 1.000000
1337.550400 2169.520000 1526.828800 341.873600 1.000000
1240.105600 3016.560000 1633.456000 1183.972800 1.000000
1513.486400 2100.096000 1716.608000 296.291200 1.000000
1551.897600 2105.344000 1758.848000 305.328000 1.000000
1893.376000 2331.888000 2079.056000 563.542400 1.000000
1949.328000 2642.544000 2108.640000 782.846400 1.000000
1937.648000 2194.528000 2159.216000 421.777600 1.000000
1951.840000 2182.032000 2175.856000 412.297600 1.000000
1961.328000 2179.392000 2183.952000 413.518400 1.000000
1973.904000 2243.968000 2194.480000 478.886400 1.000000
1999.456000 2216.000000 2221.264000 453.353600 1.000000
2006.416000 2205.216000 2229.712000 442.998400 1.000000
2017.200000 2228.368000 2238.288000 467.588800 1.000000
2017.712000 2182.848000 2246.304000 420.608000 1.000000
2037.104000 2291.344000 2247.104000 537.147200 1.000000
2029.632000 2242.288000 2247.568000 482.337600 1.000000
2029.376000 2230.416000 2248.032000 473.326400 1.000000
2029.856000 2215.808000 2252.064000 456.526400 1.000000
2039.072000 2184.048000 2268.560000 425.196800 1.000000
