252.900800 113.719360 365.048000 2616.352000 1.000000
315.939200 398.907200 367.456000 2865.200000 1.000000
325.350400 373.472000 381.448000 2839.664000 1.000000
324.892800 348.244800 389.120000 2818.064000 1.000000
321.848000 312.771200 393.865600 2786.480000 1.000000
313.843200 268.513600 396.500800 2747.072000 1.000000
301.540800 214.590400 397.939200 2701.936000 1.000000
332.161600 337.937600 398.124800 2807.952000 1.000000
313.668800 246.638400 402.649600 2726.656000 1.000000
320.206400 255.470400 405.588800 2735.792000 1.000000
322.489600 245.032000 409.576000 2727.360000 1.000000
340.310400 171.051200 444.076800 2663.568000 1.000000
410.913600 209.702400 501.401600 2688.432000 1.000000
477.985600 643.372800 501.963200 2988.848000 1.000000
419.864000 231.161600 504.971200 2701.520000 1.000000
451.593600 538.824000 515.931200 2837.264000 1.000000
485.385600 550.192000 520.472000 2928.272000 1.000000
502.467200 707.145600 533.414400 2984.832000 1.000000
652.580800 281.910400 731.904000 2698.464000 1.000000
797.032000 352.676800 860.272000 2738.736000 1.000000
807.553600 332.588800 872.396800 2718.752000 1.000000
1220.102400 730.996800 1271.368000 2997.584000 1.000000
1327.926400 552.611200 1373.552000 2805.872000 1.000000
1455.004800 729.361600 1512.224000 2960.448000 1.000000
1829.472000 106.108480 1829.792000 2198.224000 1.000000
1828.704000 133.793440 1832.176000 2220.256000 1.000000
1862.624000 93.092800 1856.224000 2183.712000 1.000000
1928.976000 172.916800 1921.104000 2237.872000 1.000000
1938.032000 166.041600 1928.544000 2229.856000 1.000000
1947.232000 153.477120 1933.920000 2218.128000 1.000000
2009.584000 19.535200 1968.320000 2115.312000 1.000000
1979.456000 367.398400 2001.968000 2607.856000 1.000000
1983.152000 354.372800 2004.544000 2595.712000 1.000000
2007.872000 381.561600 2028.720000 2616.208000 1.000000
1972.416000 597.744000 2034.816000 2804.640000 1.000000
2071.840000 135.053920 2037.312000 2185.888000 1.000000
2094.208000 55.307040 2044.368000 2127.408000 1.000000
2026.176000 382.363200 2046.512000 2610.848000 1.000000
2039.888000 364.716800 2058.576000 2595.040000 1.000000
2024.960000 187.204800 2113.504000 1737.680000 1.000000
2096.160000 521.388800 2146.272000 2726.864000 1.000000
2140.784000 339.912000 2158.912000 2573.168000 1.000000
2106.864000 73.520480 2279.584000 1119.971200 1.000000
