25.765440 1997.312000 234.648000 485.273600 1.000000
34.662720 2092.560000 260.105600 585.972800 1.000000
116.284160 1853.072000 299.385600 366.740800 1.000000
119.419200 1845.296000 301.545600 358.524800 1.000000
127.674720 1848.192000 309.944000 361.451200 1.000000
132.294720 1838.112000 311.667200 351.344000 1.000000
86.520480 2179.424000 330.710400 683.779200 1.000000
148.028960 1854.576000 332.340800 370.582400 1.000000
135.403520 1928.128000 333.985600 450.115200 1.000000
221.939200 1541.969600 348.526400 34.492160 1.000000
228.692800 1536.500800 352.544000 27.247360 1.000000
222.433600 1572.478400 355.489600 70.452480 1.000000
228.313600 1579.876800 363.115200 80.019680 1.000000
227.656000 1585.204800 364.044800 85.950080 1.000000
172.556800 1894.464000 364.046400 414.780800 1.000000
201.212800 1740.000000 365.001600 234.678400 1.000000
200.987200 1794.256000 374.036800 303.043200 1.000000
174.820800 1948.816000 374.740800 471.864000 1.000000
160.217600 2017.440000 375.052800 544.539200 1.000000
245.963200 1592.963200 384.769600 95.416160 1.000000
211.556800 1792.288000 386.056000 300.784000 1.000000
173.612800 2017.104000 388.228800 543.329600 1.000000
205.673600 1859.776000 389.179200 374.428800 1.000000
253.212800 1591.132800 390.508800 93.787840 1.000000
204.684800 1859.232000 390.523200 377.672000 1.000000
203.572800 1890.608000 394.300800 409.619200 1.000000
140.078560 2274.400000 396.382400 775.040000 1.000000
243.761600 1860.224000 428.340800 377.908800 1.000000
182.633600 2252.208000 435.894400 765.408000 1.000000
251.936000 1879.280000 440.310400 397.542400 1.000000
251.228800 1904.704000 444.942400 427.531200 1.000000
260.144000 1893.776000 451.076800 413.713600 1.000000
177.182400 2355.904000 452.758400 874.161600 1.000000
227.393600 2163.808000 464.916800 687.601600 1.000000
213.289600 2258.848000 465.950400 775.376000 1.000000
273.732800 1894.448000 467.008000 417.249600 1.000000
258.540800 2001.776000 467.905600 528.400000 1.000000
332.134400 1552.496000 468.305600 56.751200 1.000000
318.448000 1659.616000 470.220800 155.961440 1.000000
242.772800 2102.944000 470.958400 628.699200 1.000000
321.515200 1667.456000 475.166400 162.104000 1.000000
273.680000 1969.792000 478.923200 496.964800 1.000000
256.771200 2087.584000 482.585600 614.156800 1.000000
308.528000 1797.920000 483.884800 314.424000 1.000000
287.112000 1944.000000 486.336000 465.526400 1.000000
256.033600 2127.008000 487.112000 651.764800 1.000000
270.248000 2073.104000 492.326400 601.232000 1.000000
257.976000 2151.312000 493.259200 673.923200 1.000000
294.763200 1971.072000 498.841600 498.321600 1.000000
269.222400 2129.040000 499.900800 652.196800 1.000000
289.928000 2019.936000 502.435200 547.353600 1.000000
257.872000 2214.288000 502.662400 739.443200 1.000000
269.780800 2147.296000 504.137600 674.534400 1.000000
278.937600 2097.680000 505.491200 625.246400 1.000000
262.507200 2205.040000 506.678400 730.704000 1.000000
283.192000 2089.168000 507.636800 616.478400 1.000000
449.497600 2301.248000 706.185600 873.555200 1.000000
493.961600 2145.488000 726.262400 738.457600 1.000000
545.873600 2131.744000 774.696000 729.985600 1.000000
553.316800 2141.040000 785.009600 741.867200 1.000000
580.504000 2160.832000 811.230400 762.811200 1.000000
618.364800 1974.768000 815.041600 581.593600 1.000000
626.052800 1988.048000 835.617600 590.131200 1.000000
635.513600 2151.184000 865.851200 758.006400 1.000000
639.406400 2135.840000 867.945600 744.195200 1.000000
690.432000 1963.472000 895.841600 568.691200 1.000000
672.798400 2115.968000 898.857600 727.017600 1.000000
677.428800 2137.792000 904.060800 750.619200 1.000000
738.916800 2191.488000 971.555200 808.833600 1.000000
804.281600 1766.960000 988.508800 369.348800 1.000000
888.840000 2087.296000 1105.286400 717.504000 1.000000
921.996800 2062.896000 1136.902400 697.350400 1.000000
957.012800 2122.256000 1177.228800 762.561600 1.000000
962.536000 2111.312000 1182.032000 751.382400 1.000000
1021.078400 2118.352000 1243.264000 763.027200 1.000000
1143.467200 1693.792000 1341.249600 317.452800 1.000000
1013.356800 2055.504000 1370.838400 713.425600 1.000000
1269.995200 2345.664000 1490.212800 963.897600 1.000000
1327.891200 2094.016000 1539.876800 768.160000 1.000000
1340.425600 2350.304000 1556.664000 972.336000 1.000000
1360.544000 2062.688000 1574.948800 741.424000 1.000000
1398.283200 2066.000000 1613.392000 748.468800 1.000000
1403.273600 1596.481600 1617.968000 230.332800 1.000000
1513.486400 2100.096000 1727.040000 792.144000 1.000000
1523.147200 2093.856000 1739.184000 788.606400 1.000000
1552.385600 2143.248000 1765.168000 840.648000 1.000000
1547.304000 1705.024000 1776.304000 364.283200 1.000000
1589.836800 2730.896000 1778.512000 1365.932800 1.000000
1558.121600 1894.384000 1778.608000 581.678400 1.000000
1159.155200 1664.064000 1801.904000 322.152000 1.000000
1777.008000 2055.824000 1996.896000 770.256000 1.000000
1791.488000 2073.440000 2008.448000 791.756800 1.000000
1847.296000 2338.544000 2044.592000 1006.808000 1.000000
1904.352000 2177.696000 2116.304000 892.104000 1.000000
1912.688000 2197.056000 2124.208000 907.070400 1.000000
1921.408000 2186.048000 2131.008000 896.814400 1.000000
1937.648000 2194.528000 2146.464000 905.844800 1.000000
1935.408000 2100.560000 2154.912000 813.555200 1.000000
1951.840000 2182.032000 2161.504000 895.249600 1.000000
1961.328000 2179.392000 2170.864000 890.952000 1.000000
1954.496000 2115.712000 2172.304000 830.505600 1.000000
1999.456000 2216.000000 2206.848000 932.083200 1.000000
2006.416000 2205.216000 2213.648000 922.995200 1.000000
2010.944000 2243.024000 2214.992000 958.233600 1.000000
2013.840000 2215.424000 2220.336000 932.198400 1.000000
2017.200000 2228.368000 2223.040000 944.998400 1.000000
2026.112000 2262.592000 2227.536000 977.131200 1.000000
2017.712000 2182.848000 2228.288000 902.776000 1.000000
2029.632000 2242.288000 2232.688000 958.340800 1.000000
2029.376000 2230.416000 2233.632000 948.993600 1.000000
2029.856000 2215.808000 2235.344000 934.491200 1.000000
2027.664000 2192.256000 2237.104000 911.350400 1.000000
2037.104000 2291.344000 2237.136000 1006.756800 1.000000
2299.072000 1481.505600 2606.448000 1196.108800 1.000000
2337.808000 1472.628800 2649.696000 1200.662400 1.000000
2472.880000 1713.472000 2709.856000 1738.912000 1.000000
2604.048000 1496.814400 2925.792000 1475.984000 1.000000
2632.592000 1462.822400 2968.480000 1441.782400 1.000000
