47.032640 469.187200 96.374720 2174.000000 1.000000
117.688640 758.046400 97.771520 2490.144000 1.000000
258.894400 1272.532800 167.057600 2898.720000 1.000000
215.504000 796.696000 194.092800 2502.176000 1.000000
139.509600 400.641600 208.136000 2055.504000 1.000000
90.832160 124.377120 212.460800 1832.816000 1.000000
99.078240 120.559680 219.596800 1830.544000 1.000000
332.475200 1093.664000 268.200000 2725.104000 1.000000
368.758400 1085.150400 319.803200 2691.536000 1.000000
295.553600 401.025600 360.601600 2040.816000 1.000000
365.868800 753.561600 369.827200 2381.120000 1.000000
298.640000 337.112000 375.161600 1985.856000 1.000000
308.971200 389.334400 375.996800 2028.032000 1.000000
307.536000 349.212800 379.588800 1994.448000 1.000000
315.939200 398.907200 380.232000 2037.024000 1.000000
311.641600 328.368000 386.500800 1975.408000 1.000000
325.350400 373.472000 391.988800 2013.552000 1.000000
301.540800 214.590400 393.764800 1883.392000 1.000000
324.892800 348.244800 396.790400 1993.488000 1.000000
313.843200 268.513600 398.705600 1925.472000 1.000000
332.387200 384.292800 398.782400 2023.216000 1.000000
320.168000 295.934400 400.435200 1949.136000 1.000000
311.556800 235.272000 400.700800 1899.904000 1.000000
313.668800 246.638400 401.380800 1907.040000 1.000000
333.572800 360.198400 402.548800 2003.264000 1.000000
325.313600 306.697600 403.297600 1958.832000 1.000000
332.161600 337.937600 404.896000 1984.176000 1.000000
320.206400 255.470400 406.174400 1915.744000 1.000000
324.020800 275.203200 406.803200 1931.648000 1.000000
314.040000 188.347200 409.580800 1861.392000 1.000000
322.489600 245.032000 409.665600 1907.360000 1.000000
325.452800 262.860800 410.648000 1922.160000 1.000000
333.868800 297.862400 412.187200 1950.608000 1.000000
329.835200 224.195200 419.660800 1889.312000 1.000000
323.403200 166.977600 422.232000 1845.184000 1.000000
445.102400 1072.132800 422.433600 2679.024000 1.000000
336.385600 236.582400 423.472000 1899.840000 1.000000
338.168000 213.430400 428.704000 1881.056000 1.000000
405.484800 241.196800 481.540800 1888.592000 1.000000
398.385600 220.784000 484.473600 1881.600000 1.000000
419.864000 231.161600 500.592000 1881.008000 1.000000
543.736000 1037.518400 518.086400 2589.824000 1.000000
580.614400 1219.500800 531.870400 2780.208000 1.000000
615.905600 1138.379200 581.198400 2682.336000 1.000000
619.852800 1138.216000 584.896000 2684.048000 1.000000
626.948800 1187.536000 586.256000 2736.272000 1.000000
638.720000 1203.184000 596.449600 2756.528000 1.000000
658.715200 1176.028800 620.243200 2720.768000 1.000000
668.672000 1092.784000 646.336000 2630.896000 1.000000
577.774400 360.777600 661.104000 1876.240000 1.000000
701.744000 1179.619200 669.224000 2719.648000 1.000000
719.051200 1175.083200 685.228800 2712.048000 1.000000
601.056000 132.412800 687.702400 1783.440000 1.000000
731.979200 1159.078400 699.286400 2694.656000 1.000000
649.742400 180.027200 727.947200 1818.272000 1.000000
787.619200 1631.264000 738.571200 3021.120000 1.000000
719.441600 520.960000 742.921600 2189.424000 1.000000
798.238400 1501.184000 765.512000 2891.984000 1.000000
810.427200 1282.385600 773.180800 2818.000000 1.000000
753.491200 324.521600 801.601600 1903.984000 1.000000
838.712000 1115.100800 821.644800 2627.136000 1.000000
836.497600 1077.608000 823.745600 2586.944000 1.000000
827.948800 993.670400 824.588800 2498.448000 1.000000
1023.502400 1355.289600 1004.265600 2876.032000 1.000000
1021.280000 1183.523200 1076.945600 2569.664000 1.000000
1193.542400 682.041600 1214.884800 2156.272000 1.000000
1204.328000 509.156800 1230.438400 2004.592000 1.000000
1220.102400 730.996800 1243.859200 2197.872000 1.000000
1281.043200 586.641600 1300.478400 2072.176000 1.000000
1375.156800 46.968800 1395.180800 1522.915200 1.000000
1379.720000 50.730240 1398.902400 1525.830400 1.000000
1443.382400 795.854400 1458.968000 2230.192000 1.000000
1453.048000 758.046400 1469.000000 2197.008000 1.000000
1466.558400 765.630400 1482.707200 2199.600000 1.000000
1467.760000 731.964800 1483.220800 2171.152000 1.000000
1476.060800 783.387200 1492.635200 2215.552000 1.000000
1492.713600 753.795200 1507.208000 2186.800000 1.000000
1491.011200 952.604800 1510.800000 2372.080000 1.000000
1516.868800 937.571200 1532.512000 2350.704000 1.000000
1575.187200 81.660800 1566.616000 1531.059200 1.000000
1579.048000 747.680000 1591.054400 2180.272000 1.000000
1586.828800 921.566400 1611.664000 2316.720000 1.000000
1628.992000 556.899200 1629.056000 2009.232000 1.000000
1692.320000 38.326240 1664.064000 1488.030400 1.000000
1713.200000 600.764800 1717.056000 2044.928000 1.000000
1763.056000 163.260800 1730.640000 1584.040000 1.000000
1766.000000 155.264160 1732.848000 1575.011200 1.000000
1809.792000 154.046560 1770.704000 1568.404800 1.000000
1829.472000 106.108480 1783.296000 1528.120000 1.000000
1825.792000 156.088800 1785.104000 1569.843200 1.000000
1862.624000 93.092800 1811.408000 1517.212800 1.000000
1879.024000 115.436640 1825.888000 1530.176000 1.000000
1904.288000 119.663360 1848.192000 1530.460800 1.000000
1944.288000 27.776960 1873.440000 1462.828800 1.000000
1928.976000 172.916800 1874.304000 1571.163200 1.000000
1938.032000 166.041600 1881.776000 1563.204800 1.000000
1958.032000 53.665760 1886.512000 1478.340800 1.000000
1938.672000 178.654400 1886.848000 1577.568000 1.000000
1947.232000 153.477120 1887.456000 1551.228800 1.000000
1968.496000 50.598080 1895.344000 1474.665600 1.000000
1957.360000 158.204320 1897.792000 1553.432000 1.000000
1967.024000 79.605440 1897.808000 1495.044800 1.000000
1967.408000 137.473440 1904.992000 1536.620800 1.000000
2012.608000 46.293120 1932.000000 1467.971200 1.000000
1979.456000 367.398400 1936.192000 1844.160000 1.000000
1983.152000 354.372800 1938.336000 1833.488000 1.000000
1944.544000 809.910400 1954.928000 2197.712000 1.000000
1972.416000 597.744000 1957.344000 2026.720000 1.000000
2031.264000 170.646400 1960.592000 1557.228800 1.000000
2007.872000 381.561600 1962.864000 1854.592000 1.000000
2013.664000 373.121600 1966.064000 1845.248000 1.000000
2037.344000 190.208000 1969.952000 1572.700800 1.000000
2026.176000 382.363200 1979.984000 1852.720000 1.000000
2071.840000 135.053920 1991.984000 1524.750400 1.000000
2063.040000 206.084800 1994.448000 1582.585600 1.000000
2074.544000 209.313600 2001.360000 1587.545600 1.000000
2094.208000 55.307040 2001.888000 1466.715200 1.000000
2080.128000 159.295360 2002.368000 1544.208000 1.000000
2051.808000 422.907200 2007.888000 1889.568000 1.000000
2106.864000 73.520480 2014.336000 1478.656000 1.000000
2079.072000 381.166400 2021.904000 1844.960000 1.000000
2070.224000 404.204800 2023.008000 1866.128000 1.000000
2103.632000 287.689600 2035.376000 1766.528000 1.000000
2094.992000 364.635200 2038.672000 1830.272000 1.000000
2170.928000 2085.008000 2423.808000 2202.224000 1.000000
2463.920000 1886.160000 2489.584000 2062.640000 1.000000
2521.424000 2010.064000 2569.088000 1909.712000 1.000000
2637.792000 1597.545600 3032.288000 2718.512000 1.000000
