68.580160 1990.352000 19.685600 2594.704000 1.000000
83.637280 2164.128000 22.817280 2789.488000 1.000000
71.974240 1918.912000 25.841600 2515.664000 1.000000
78.889280 2019.344000 27.754240 2626.768000 1.000000
80.842400 2034.752000 27.760320 2642.512000 1.000000
61.301120 1716.432000 27.897280 2335.648000 1.000000
90.591360 2025.248000 39.143520 2631.360000 1.000000
93.574240 1943.696000 48.452480 2539.088000 1.000000
114.279680 2234.048000 49.461440 2862.816000 1.000000
105.484960 2018.608000 55.248800 2622.880000 1.000000
89.300160 1763.488000 56.559840 2361.808000 1.000000
104.196960 1970.384000 57.361280 2570.784000 1.000000
107.964960 1922.496000 63.184480 2508.272000 1.000000
105.139840 1865.104000 63.741120 2444.672000 1.000000
36.312640 534.174400 68.424160 1146.572800 1.000000
99.623520 1676.832000 69.920480 2288.800000 1.000000
37.479360 556.656000 71.495840 1175.153600 1.000000
56.416000 837.753600 72.797920 1436.163200 1.000000
36.571520 441.550400 75.384000 1053.172800 1.000000
108.797440 1682.512000 78.738560 2294.672000 1.000000
119.419200 1845.296000 79.624800 2424.048000 1.000000
47.032640 469.187200 84.669600 1079.030400 1.000000
32.193120 178.963200 84.739520 811.264000 1.000000
51.967840 582.652800 84.810560 1198.137600 1.000000
127.674720 1848.192000 87.994560 2427.440000 1.000000
119.738880 1708.240000 89.049600 2320.928000 1.000000
57.024800 560.894400 89.424800 1174.723200 1.000000
87.324320 1097.881600 89.467520 1654.848000 1.000000
113.599040 1526.504000 89.614240 2081.248000 1.000000
154.546560 2280.384000 91.521760 2916.256000 1.000000
122.571040 1686.208000 92.974880 2297.328000 1.000000
97.662080 1187.158400 93.597920 1744.800000 1.000000
103.922720 1288.601600 94.954560 1829.872000 1.000000
158.146400 2230.032000 98.866400 2860.768000 1.000000
78.101600 736.596800 98.953280 1339.376000 1.000000
150.648160 2024.416000 102.218080 2618.448000 1.000000
156.392000 2060.464000 104.778400 2661.440000 1.000000
70.562720 474.585600 106.487680 1083.563200 1.000000
69.916160 393.161600 109.190880 1007.873600 1.000000
85.216960 690.324800 109.844640 1298.328000 1.000000
111.946880 1109.942400 112.784640 1665.984000 1.000000
160.217600 2017.440000 113.044800 2609.824000 1.000000
165.427200 2057.872000 116.893920 2655.456000 1.000000
146.637600 1587.294400 124.156480 2143.824000 1.000000
72.198400 114.522880 124.568640 744.736000 1.000000
163.288000 1839.856000 125.419200 2420.144000 1.000000
83.264640 293.137600 127.427360 899.475200 1.000000
176.667200 2062.768000 127.791520 2664.432000 1.000000
126.930560 1130.536000 127.884480 1686.784000 1.000000
119.213120 1033.776000 128.088960 1589.995200 1.000000
173.612800 2017.104000 128.148960 2608.512000 1.000000
172.556800 1894.464000 132.327360 2473.328000 1.000000
174.142400 1861.936000 135.075360 2439.504000 1.000000
160.566400 1565.724800 136.664800 2117.920000 1.000000
178.166400 1887.616000 138.288160 2466.464000 1.000000
171.910400 1761.584000 139.634880 2333.152000 1.000000
194.350400 2159.296000 141.348480 2773.968000 1.000000
102.273440 971.611200 142.292960 1528.454400 1.000000
108.027040 441.443200 142.782080 1034.300800 1.000000
119.229600 667.763200 143.456320 1270.715200 1.000000
199.833600 2226.848000 143.903680 2850.096000 1.000000
116.040800 495.604800 148.996320 1099.347200 1.000000
188.604800 1881.264000 149.792960 2460.208000 1.000000
158.222400 1213.740800 154.867840 1759.824000 1.000000
156.183840 1116.206400 155.289920 1669.120000 1.000000
210.356800 2196.624000 155.485120 2814.976000 1.000000
133.754560 644.734400 158.670880 1256.345600 1.000000
195.147200 1828.480000 159.020960 2402.560000 1.000000
128.535520 523.099200 159.778400 1131.225600 1.000000
181.836800 1521.792000 161.278400 2071.392000 1.000000
156.979200 1044.817600 161.715200 1599.360000 1.000000
213.180800 2075.584000 163.188800 2677.504000 1.000000
203.572800 1890.608000 164.819200 2470.256000 1.000000
201.339200 1830.064000 165.875200 2403.856000 1.000000
178.420800 1359.891200 167.416000 1900.080000 1.000000
204.684800 1859.232000 167.606400 2435.456000 1.000000
201.212800 1740.000000 168.214400 2315.824000 1.000000
219.926400 2178.528000 168.361600 2793.232000 1.000000
205.040000 1838.272000 169.246400 2413.984000 1.000000
200.780800 1689.840000 169.700800 2260.976000 1.000000
212.040000 1913.824000 172.200000 2494.944000 1.000000
227.393600 2163.808000 174.353600 2777.968000 1.000000
212.211200 1846.336000 174.896000 2421.232000 1.000000
169.209600 1053.982400 175.105600 1608.160000 1.000000
222.716800 2069.280000 175.726400 2668.576000 1.000000
139.509600 400.641600 175.734400 992.208000 1.000000
213.171200 1852.416000 177.417600 2429.232000 1.000000
227.291200 2123.424000 178.068800 2729.376000 1.000000
211.556800 1792.288000 179.451200 2364.544000 1.000000
221.427200 1934.416000 180.675200 2516.640000 1.000000
228.678400 2077.856000 181.958400 2677.024000 1.000000
207.960000 1600.336000 182.220800 2150.240000 1.000000
204.611200 1574.129600 182.414400 2125.296000 1.000000
231.059200 2117.824000 182.692800 2722.560000 1.000000
217.875200 1811.616000 182.816000 2386.720000 1.000000
207.174400 1617.328000 182.857600 2169.744000 1.000000
228.080000 2001.040000 185.500800 2591.664000 1.000000
224.088000 1850.000000 187.251200 2422.512000 1.000000
237.288000 2110.832000 188.691200 2714.832000 1.000000
247.556800 2288.976000 189.315200 2915.312000 1.000000
198.782400 1250.334400 193.142400 1790.432000 1.000000
240.465600 2124.912000 193.180800 2729.104000 1.000000
233.153600 1919.600000 193.203200 2498.880000 1.000000
240.636800 2077.744000 193.540800 2677.040000 1.000000
171.870400 602.616000 194.160000 1211.422400 1.000000
169.401600 594.283200 194.705600 1203.987200 1.000000
241.984000 2086.672000 194.968000 2687.216000 1.000000
232.984000 1887.136000 195.516800 2462.192000 1.000000
245.446400 2152.560000 195.694400 2759.808000 1.000000
230.564800 1828.768000 196.036800 2402.208000 1.000000
240.574400 2012.096000 196.867200 2603.632000 1.000000
245.211200 2137.504000 196.889600 2745.408000 1.000000
174.488000 615.790400 197.569600 1223.286400 1.000000
186.235200 969.692800 197.753600 1531.832000 1.000000
223.817600 1613.600000 199.056000 2163.760000 1.000000
243.849600 2062.960000 200.243200 2659.920000 1.000000
240.124800 1941.040000 200.564800 2524.544000 1.000000
222.433600 1572.478400 201.492800 2122.256000 1.000000
246.464000 2074.992000 201.913600 2673.120000 1.000000
221.174400 1549.232000 202.329600 2096.320000 1.000000
247.670400 2056.240000 202.859200 2652.224000 1.000000
250.577600 2095.472000 204.083200 2696.704000 1.000000
201.612800 1059.856000 206.257600 1611.488000 1.000000
243.854400 1888.624000 206.344000 2466.688000 1.000000
183.344000 604.044800 206.496000 1213.425600 1.000000
249.705600 1991.136000 207.745600 2579.248000 1.000000
243.761600 1860.224000 208.692800 2437.008000 1.000000
262.507200 2205.040000 210.411200 2817.936000 1.000000
256.771200 2087.584000 211.396800 2687.184000 1.000000
223.977600 1379.176000 212.080000 1917.392000 1.000000
258.382400 2103.344000 212.614400 2704.960000 1.000000
251.228800 1904.704000 212.670400 2481.504000 1.000000
257.163200 2079.328000 212.729600 2677.552000 1.000000
216.494400 1152.512000 213.536000 1702.128000 1.000000
257.249600 2049.568000 213.680000 2644.800000 1.000000
236.417600 1579.382400 214.227200 2126.128000 1.000000
271.128000 2335.952000 214.248000 2945.200000 1.000000
249.520000 1868.208000 214.785600 2446.432000 1.000000
234.984000 1553.592000 214.920000 2099.392000 1.000000
239.808000 1606.928000 215.412800 2156.656000 1.000000
179.254400 262.006400 217.505600 873.782400 1.000000
267.654400 2171.104000 217.612800 2780.288000 1.000000
251.019200 1786.160000 218.004800 2355.200000 1.000000
264.363200 2110.272000 218.004800 2713.248000 1.000000
261.120000 2026.384000 218.776000 2617.760000 1.000000
243.065600 1600.160000 218.924800 2148.720000 1.000000
256.792000 1918.160000 219.384000 2498.928000 1.000000
204.046400 795.372800 220.195200 1389.617600 1.000000
269.222400 2129.040000 220.393600 2734.512000 1.000000
236.478400 1455.475200 222.088000 1997.280000 1.000000
227.204800 1242.449600 222.371200 1780.768000 1.000000
245.385600 1550.025600 222.465600 2095.008000 1.000000
244.768000 1560.478400 222.747200 2106.288000 1.000000
260.144000 1893.776000 223.051200 2473.184000 1.000000
191.524800 442.990400 223.161600 1031.425600 1.000000
268.683200 2081.232000 223.542400 2679.600000 1.000000
245.963200 1592.963200 225.038400 2140.992000 1.000000
186.632000 280.008000 228.129600 889.713600 1.000000
235.662400 1285.985600 229.630400 1823.648000 1.000000
191.275200 272.859200 230.139200 882.843200 1.000000
273.724800 2061.088000 230.185600 2656.928000 1.000000
199.385600 444.012800 230.640000 1033.337600 1.000000
253.212800 1591.132800 230.955200 2138.720000 1.000000
249.811200 1512.798400 231.115200 2056.432000 1.000000
243.952000 1371.172800 231.873600 1910.672000 1.000000
239.099200 1252.620800 235.768000 1794.064000 1.000000
256.964800 1537.656000 237.441600 2082.320000 1.000000
292.883200 2331.808000 237.489600 2947.776000 1.000000
210.753600 516.422400 237.552000 1115.361600 1.000000
190.929600 46.550560 237.608000 694.571200 1.000000
191.574400 117.510080 238.028800 741.868800 1.000000
195.539200 126.414720 241.246400 749.750400 1.000000
248.054400 1247.494400 242.470400 1786.032000 1.000000
197.168000 106.167520 242.800000 730.353600 1.000000
289.928000 2019.936000 246.179200 2608.528000 1.000000
261.299200 1424.660800 246.779200 1962.944000 1.000000
270.688000 1663.424000 247.422400 2226.304000 1.000000
258.894400 1272.532800 252.600000 1808.944000 1.000000
294.763200 1971.072000 253.313600 2558.464000 1.000000
282.228800 1590.204800 260.316800 2135.888000 1.000000
284.763200 1557.553600 264.164800 2102.000000 1.000000
271.448000 1237.465600 265.899200 1774.752000 1.000000
295.216000 1753.760000 266.011200 2321.536000 1.000000
218.892800 105.261280 266.716800 730.505600 1.000000
300.118400 1579.542400 277.976000 2126.304000 1.000000
291.072000 1308.686400 280.057600 1843.296000 1.000000
284.710400 1230.152000 280.620800 1763.776000 1.000000
259.539200 627.945600 282.089600 1225.032000 1.000000
303.827200 1559.235200 282.553600 2101.552000 1.000000
291.060800 1284.046400 282.584000 1817.984000 1.000000
337.803200 2226.096000 289.334400 2810.496000 1.000000
295.196800 1257.051200 291.252800 1793.632000 1.000000
317.150400 1528.089600 294.603200 2067.808000 1.000000
344.763200 2220.848000 298.265600 2804.624000 1.000000
316.620800 1490.035200 298.736000 2030.496000 1.000000
348.288000 2245.952000 300.433600 2838.688000 1.000000
347.025600 2214.000000 300.516800 2796.000000 1.000000
322.992000 1560.259200 302.486400 2101.936000 1.000000
352.340800 2310.128000 302.715200 2913.056000 1.000000
330.963200 1575.859200 308.200000 2123.104000 1.000000
332.134400 1552.496000 312.100800 2094.848000 1.000000
315.881600 1207.142400 313.051200 1742.672000 1.000000
292.225600 487.910400 315.100800 1071.310400 1.000000
320.310400 1184.486400 318.291200 1719.216000 1.000000
337.246400 1513.729600 318.411200 2052.816000 1.000000
308.891200 806.276800 321.350400 1374.107200 1.000000
339.768000 1500.992000 321.737600 2039.616000 1.000000
305.444800 720.524800 323.048000 1289.417600 1.000000
332.129600 1322.881600 323.491200 1857.744000 1.000000
328.491200 1187.784000 327.236800 1720.144000 1.000000
297.022400 370.587200 327.779200 959.779200 1.000000
372.614400 2212.896000 328.169600 2792.896000 1.000000
296.905600 360.907200 328.417600 950.867200 1.000000
306.939200 536.585600 329.076800 1120.500800 1.000000
297.668800 329.828800 329.753600 923.601600 1.000000
290.800000 177.331200 329.865600 789.057600 1.000000
300.856000 366.286400 332.016000 955.849600 1.000000
343.420800 1265.539200 336.318400 1797.488000 1.000000
300.924800 234.969600 336.496000 838.742400 1.000000
280.971200 102.663040 336.544000 714.129600 1.000000
299.308800 175.300800 336.758400 786.102400 1.000000
306.910400 380.534400 337.392000 968.080000 1.000000
301.609600 221.262400 338.273600 826.204800 1.000000
307.536000 349.212800 338.928000 939.561600 1.000000
308.971200 389.334400 339.443200 976.243200 1.000000
330.433600 917.857600 340.030400 1491.456000 1.000000
309.844800 295.352000 342.928000 892.857600 1.000000
333.084800 778.278400 343.896000 1346.683200 1.000000
311.641600 328.368000 344.468800 921.025600 1.000000
315.355200 380.732800 345.561600 968.364800 1.000000
309.796800 206.281600 345.676800 813.099200 1.000000
311.899200 277.448000 345.806400 876.822400 1.000000
311.556800 235.272000 347.150400 837.736000 1.000000
313.843200 268.513600 347.412800 869.089600 1.000000
313.668800 246.638400 348.081600 848.097600 1.000000
331.353600 706.691200 349.841600 1275.220800 1.000000
314.040000 188.347200 350.427200 797.320000 1.000000
314.217600 180.564800 350.792000 790.232000 1.000000
315.256000 218.240000 350.971200 823.878400 1.000000
331.147200 594.892800 351.675200 1168.057600 1.000000
314.569600 150.289920 351.966400 764.043200 1.000000
320.168000 295.934400 352.497600 892.048000 1.000000
324.892800 348.244800 355.540800 939.011200 1.000000
321.472000 234.649600 355.912000 837.560000 1.000000
325.313600 306.697600 357.280000 902.390400 1.000000
348.396800 914.931200 357.545600 1489.662400 1.000000
323.403200 166.977600 358.172800 777.276800 1.000000
325.452800 262.860800 358.809600 862.529600 1.000000
357.790400 1042.974400 362.392000 1585.243200 1.000000
329.835200 224.195200 364.329600 828.003200 1.000000
330.315200 201.387200 365.504000 808.312000 1.000000
333.179200 218.331200 367.668800 823.171200 1.000000
335.108800 258.851200 367.947200 858.688000 1.000000
331.500800 158.846240 368.028800 770.132800 1.000000
330.617600 178.824000 368.579200 788.433600 1.000000
348.008000 519.932800 372.755200 1102.995200 1.000000
338.289600 148.520960 374.494400 761.865600 1.000000
338.456000 156.670720 374.600000 769.844800 1.000000
363.611200 831.142400 375.796800 1397.284800 1.000000
347.520000 211.552000 382.038400 817.419200 1.000000
353.344000 224.052800 386.796800 827.491200 1.000000
385.414400 662.448000 403.593600 1229.816000 1.000000
391.011200 699.886400 406.739200 1264.187200 1.000000
392.110400 730.193600 407.252800 1292.648000 1.000000
457.571200 2277.712000 412.294400 2870.976000 1.000000
394.065600 573.963200 412.440000 1154.408000 1.000000
394.368000 503.849600 415.852800 1078.268800 1.000000
401.140800 572.721600 420.457600 1148.299200 1.000000
414.393600 230.284800 442.420800 828.092800 1.000000
481.830400 2154.720000 444.904000 2723.488000 1.000000
493.961600 2145.488000 457.622400 2713.072000 1.000000
495.964800 2131.072000 460.366400 2699.136000 1.000000
505.996800 2136.768000 471.329600 2703.504000 1.000000
506.776000 2040.816000 474.827200 2591.424000 1.000000
451.593600 538.824000 478.294400 1056.102400 1.000000
512.238400 1990.640000 480.566400 2541.520000 1.000000
518.688000 1996.544000 487.131200 2547.152000 1.000000
479.340800 756.702400 489.187200 1320.793600 1.000000
525.177600 1989.056000 492.620800 2546.896000 1.000000
471.694400 436.172800 496.848000 982.345600 1.000000
532.374400 1995.680000 499.009600 2548.624000 1.000000
545.873600 2131.744000 512.190400 2696.000000 1.000000
514.787200 94.656320 542.640000 704.086400 1.000000
559.902400 1449.718400 550.544000 1956.016000 1.000000
527.966400 86.807360 554.254400 697.929600 1.000000
530.022400 47.467040 555.092800 666.622400 1.000000
566.232000 1211.780800 563.412800 1719.872000 1.000000
570.923200 2268.352000 569.508800 2852.400000 1.000000
572.184000 1147.310400 572.230400 1660.432000 1.000000
580.614400 1219.500800 576.176000 1731.808000 1.000000
608.796800 1981.600000 581.054400 2525.024000 1.000000
588.048000 1205.761600 585.852800 1716.880000 1.000000
602.782400 2297.424000 586.275200 2886.416000 1.000000
594.219200 1223.510400 590.956800 1734.336000 1.000000
618.364800 1974.768000 602.481600 2510.768000 1.000000
601.707200 1074.870400 604.430400 1588.678400 1.000000
635.513600 2151.184000 605.681600 2711.792000 1.000000
601.056000 132.412800 624.980800 733.588800 1.000000
638.720000 1203.184000 637.120000 1711.200000 1.000000
620.200000 155.804800 642.766400 750.920000 1.000000
654.657600 1373.067200 643.096000 2038.064000 1.000000
644.806400 1176.702400 643.640000 1684.768000 1.000000
672.798400 2115.968000 645.304000 2672.160000 1.000000
644.537600 1081.668800 645.792000 1591.971200 1.000000
649.110400 1192.625600 647.868800 1699.152000 1.000000
677.428800 2137.792000 649.739200 2696.768000 1.000000
630.481600 168.051200 652.244800 761.848000 1.000000
676.198400 1926.208000 652.689600 2460.048000 1.000000
679.964800 2094.688000 653.752000 2647.296000 1.000000
682.723200 2150.480000 655.667200 2708.848000 1.000000
658.715200 1176.028800 657.203200 1682.528000 1.000000
682.755200 1952.464000 659.089600 2488.128000 1.000000
659.529600 1073.265600 660.019200 1583.078400 1.000000
696.718400 2192.176000 662.628800 2748.560000 1.000000
646.868800 302.806400 666.420800 881.337600 1.000000
645.747200 265.560000 666.598400 845.507200 1.000000
690.432000 1963.472000 667.339200 2501.024000 1.000000
668.672000 1092.784000 669.334400 1599.784000 1.000000
652.580800 281.910400 670.675200 860.428800 1.000000
649.742400 180.027200 670.849600 775.628800 1.000000
702.611200 2361.472000 675.963200 2972.768000 1.000000
680.044800 687.924800 683.395200 1304.649600 1.000000
708.358400 1947.232000 686.776000 2481.120000 1.000000
726.336000 2218.432000 698.905600 2787.360000 1.000000
732.166400 2197.824000 707.576000 2760.528000 1.000000
744.459200 2126.336000 720.985600 2678.272000 1.000000
736.883200 1422.627200 728.947200 1923.488000 1.000000
719.441600 520.960000 733.958400 1107.512000 1.000000
737.267200 1097.212800 737.443200 1601.328000 1.000000
736.979200 678.022400 738.388800 1289.401600 1.000000
730.224000 539.393600 744.081600 1125.473600 1.000000
789.408000 2206.752000 767.820800 2768.464000 1.000000
760.833600 176.846400 774.380800 766.761600 1.000000
803.097600 1717.312000 789.035200 2226.416000 1.000000
804.281600 1766.960000 789.224000 2282.320000 1.000000
780.158400 390.920000 793.032000 952.244800 1.000000
810.427200 1282.385600 806.547200 1780.640000 1.000000
816.883200 1095.153600 817.665600 1591.414400 1.000000
828.782400 1552.134400 819.968000 2047.536000 1.000000
825.612800 174.980800 836.784000 759.851200 1.000000
836.497600 1077.608000 836.801600 1573.678400 1.000000
827.475200 224.766400 839.062400 803.043200 1.000000
873.318400 2016.816000 858.784000 2549.616000 1.000000
866.105600 1483.883200 860.720000 1970.864000 1.000000
888.840000 2087.296000 877.054400 2626.592000 1.000000
870.676800 189.995200 879.153600 767.713600 1.000000
892.296000 1748.816000 883.128000 2253.296000 1.000000
910.283200 1454.068800 904.771200 1944.288000 1.000000
921.996800 2062.896000 909.412800 2596.096000 1.000000
939.003200 2057.344000 923.164800 2590.336000 1.000000
1010.828800 24.553920 1009.400000 572.782400 1.000000
1021.078400 2118.352000 1017.678400 2652.528000 1.000000
1061.219200 1354.947200 1022.593600 1889.728000 1.000000
1023.502400 1355.289600 1023.732800 1789.104000 1.000000
938.806400 2213.648000 1034.923200 2764.752000 1.000000
1013.356800 2055.504000 1087.187200 2578.608000 1.000000
1125.100800 1890.768000 1126.595200 2393.744000 1.000000
1140.470400 1863.424000 1145.641600 2363.840000 1.000000
1147.307200 1707.552000 1151.540800 2192.656000 1.000000
1156.784000 1887.888000 1159.156800 2386.720000 1.000000
1187.860800 664.054400 1184.110400 1169.012800 1.000000
1193.542400 682.041600 1188.568000 1184.921600 1.000000
1194.945600 1710.736000 1196.121600 2190.800000 1.000000
1204.328000 509.156800 1196.857600 1030.251200 1.000000
1204.241600 699.825600 1198.968000 1200.212800 1.000000
1221.227200 689.470400 1214.356800 1189.739200 1.000000
1220.352000 711.790400 1215.868800 1210.438400 1.000000
1222.848000 699.433600 1216.006400 1198.259200 1.000000
1228.804800 504.480000 1220.492800 1023.963200 1.000000
1230.409600 494.313600 1220.704000 1014.004800 1.000000
1257.689600 584.497600 1248.350400 1095.852800 1.000000
1252.075200 2103.056000 1261.459200 2621.536000 1.000000
1282.691200 2347.328000 1299.280000 2927.744000 1.000000
1327.926400 552.611200 1312.052800 1057.459200 1.000000
1331.092800 2338.128000 1353.206400 2916.432000 1.000000
1340.275200 2156.656000 1355.616000 2677.056000 1.000000
1348.243200 2127.968000 1364.313600 2642.288000 1.000000
1352.915200 2051.088000 1367.241600 2556.720000 1.000000
1365.592000 2067.424000 1382.340800 2575.232000 1.000000
1389.840000 2093.616000 1407.196800 2600.544000 1.000000
1390.017600 2056.416000 1407.891200 2559.632000 1.000000
1388.240000 2075.744000 1408.395200 2581.328000 1.000000
1398.283200 2066.000000 1416.225600 2570.176000 1.000000
1443.382400 795.854400 1430.798400 1275.321600 1.000000
1449.856000 711.452800 1435.035200 1196.611200 1.000000
1450.604800 770.568000 1436.576000 1252.452800 1.000000
1453.048000 758.046400 1439.392000 1240.852800 1.000000
1448.272000 967.308800 1439.841600 1435.385600 1.000000
1450.680000 959.110400 1442.139200 1426.921600 1.000000
1458.432000 703.544000 1443.552000 1190.401600 1.000000
1457.345600 765.886400 1444.345600 1247.536000 1.000000
1458.609600 940.364800 1448.684800 1408.334400 1.000000
1460.140800 917.427200 1451.081600 1388.484800 1.000000
1463.785600 821.574400 1451.398400 1297.504000 1.000000
1466.558400 765.630400 1453.068800 1245.673600 1.000000
1467.760000 731.964800 1454.174400 1216.411200 1.000000
1468.635200 775.497600 1455.236800 1254.937600 1.000000
1471.675200 746.008000 1457.003200 1229.126400 1.000000
1473.304000 799.950400 1461.724800 1277.843200 1.000000
1476.060800 783.387200 1462.880000 1261.982400 1.000000
1476.867200 766.761600 1463.334400 1247.204800 1.000000
1492.713600 753.795200 1478.688000 1235.272000 1.000000
1491.011200 952.604800 1480.276800 1418.324800 1.000000
1495.224000 839.164800 1482.833600 1310.284800 1.000000
1519.470400 846.857600 1505.384000 1315.739200 1.000000
1575.187200 81.660800 1533.636800 592.580800 1.000000
1577.656000 59.476640 1534.793600 574.968000 1.000000
1548.257600 881.683200 1535.422400 1345.542400 1.000000
1578.065600 96.247040 1536.857600 606.145600 1.000000
1587.915200 101.525600 1546.956800 609.868800 1.000000
1577.243200 731.148800 1559.688000 1211.155200 1.000000
1579.048000 747.680000 1561.065600 1227.961600 1.000000
1586.828800 921.566400 1569.211200 1378.556800 1.000000
1551.769600 1839.520000 1573.248000 2311.424000 1.000000
1592.929600 733.297600 1574.432000 1213.404800 1.000000
1592.217600 741.880000 1575.107200 1222.468800 1.000000
1553.803200 1869.168000 1575.875200 2341.280000 1.000000
1562.384000 1695.760000 1578.251200 2153.888000 1.000000
1593.948800 898.204800 1580.504000 1356.993600 1.000000
1565.176000 1677.248000 1580.616000 2134.992000 1.000000
1569.177600 1683.120000 1583.046400 2142.512000 1.000000
1599.369600 776.094400 1585.113600 1252.331200 1.000000
1565.710400 1877.264000 1588.028800 2349.312000 1.000000
1600.480000 908.235200 1588.281600 1365.324800 1.000000
1574.808000 1686.976000 1590.302400 2145.056000 1.000000
1616.080000 780.203200 1594.745600 1254.544000 1.000000
1584.553600 1673.808000 1599.043200 2130.848000 1.000000
1585.848000 1688.576000 1601.552000 2145.808000 1.000000
1617.952000 911.888000 1605.440000 1368.862400 1.000000
1662.128000 82.993760 1613.344000 589.832000 1.000000
1629.040000 939.928000 1616.320000 1393.723200 1.000000
1605.024000 1688.832000 1623.104000 2146.352000 1.000000
1674.256000 82.636320 1624.112000 590.392000 1.000000
1722.880000 120.036800 1670.560000 620.854400 1.000000
1763.056000 163.260800 1710.896000 659.312000 1.000000
1778.688000 91.891840 1720.752000 593.179200 1.000000
1788.208000 144.987520 1728.320000 638.499200 1.000000
1762.800000 712.664000 1737.248000 1180.640000 1.000000
1798.352000 91.441600 1739.056000 590.894400 1.000000
1801.552000 113.428160 1743.216000 611.252800 1.000000
1803.824000 103.793120 1744.240000 602.606400 1.000000
1809.792000 154.046560 1752.896000 646.467200 1.000000
1814.944000 114.859840 1754.816000 611.084800 1.000000
1822.768000 140.043680 1763.584000 633.449600 1.000000
1825.792000 156.088800 1766.400000 649.908800 1.000000
1829.472000 106.108480 1766.448000 600.252800 1.000000
1831.872000 128.139360 1771.408000 622.120000 1.000000
1836.352000 133.350880 1775.840000 625.784000 1.000000
1837.008000 175.806400 1779.216000 665.492800 1.000000
1847.264000 128.549760 1785.792000 621.299200 1.000000
1889.984000 75.681280 1819.616000 573.344000 1.000000
1888.560000 43.630240 1820.192000 545.374400 1.000000
1895.920000 76.333920 1827.072000 573.760000 1.000000
1791.488000 2073.440000 1835.136000 2557.328000 1.000000
1904.288000 119.663360 1837.696000 611.320000 1.000000
1932.192000 86.421760 1862.704000 579.721600 1.000000
1928.976000 172.916800 1864.272000 657.240000 1.000000
1938.032000 166.041600 1872.256000 649.873600 1.000000
1947.232000 153.477120 1879.760000 637.745600 1.000000
1950.784000 170.593600 1884.304000 652.368000 1.000000
1951.360000 180.808000 1886.672000 663.968000 1.000000
1957.360000 158.204320 1889.888000 640.732800 1.000000
1967.408000 137.473440 1900.048000 624.139200 1.000000
1976.912000 67.818080 1901.072000 562.723200 1.000000
1977.696000 147.816160 1906.016000 631.800000 1.000000
1941.040000 814.075200 1914.288000 1266.851200 1.000000
1972.800000 340.643200 1915.936000 854.590400 1.000000
1979.456000 367.398400 1923.760000 877.494400 1.000000
1983.152000 354.372800 1928.192000 866.905600 1.000000
2009.584000 19.535200 1928.992000 518.577600 1.000000
2011.264000 29.617440 1930.032000 528.657600 1.000000
1972.416000 597.744000 1931.120000 1078.462400 1.000000
1993.424000 377.435200 1937.200000 884.859200 1.000000
1873.072000 2304.752000 1943.936000 2844.016000 1.000000
1993.600000 615.136000 1951.632000 1093.657600 1.000000
2024.960000 187.204800 1953.664000 663.582400 1.000000
2013.664000 373.121600 1956.032000 880.480000 1.000000
2031.264000 170.646400 1957.520000 648.412800 1.000000
2017.120000 362.161600 1960.768000 870.209600 1.000000
2055.600000 200.310400 1964.624000 673.400000 1.000000
2026.176000 382.363200 1967.872000 886.299200 1.000000
2051.184000 148.294240 1975.680000 625.395200 1.000000
2039.888000 364.716800 1980.336000 872.121600 1.000000
2056.752000 155.283360 1982.016000 632.148800 1.000000
2053.648000 193.144000 1983.328000 666.857600 1.000000
1921.408000 2186.048000 1984.384000 2685.840000 1.000000
2063.040000 206.084800 1991.504000 678.057600 1.000000
2071.840000 135.053920 1993.264000 614.444800 1.000000
2051.808000 422.907200 1994.576000 923.726400 1.000000
1963.472000 1839.952000 2001.968000 2257.408000 1.000000
2080.128000 159.295360 2003.120000 635.942400 1.000000
2087.872000 124.559680 2005.872000 604.521600 1.000000
1952.000000 2141.616000 2013.648000 2632.128000 1.000000
2090.112000 198.408000 2014.384000 669.780800 1.000000
2097.536000 144.413920 2017.344000 621.443200 1.000000
1951.840000 2182.032000 2017.488000 2680.816000 1.000000
2102.368000 126.176320 2020.592000 605.238400 1.000000
2084.640000 373.825600 2022.784000 877.123200 1.000000
2090.704000 385.912000 2030.240000 887.684800 1.000000
2094.992000 364.635200 2031.296000 870.012800 1.000000
2103.632000 287.689600 2033.936000 797.996800 1.000000
2151.024000 66.856000 2061.328000 553.425600 1.000000
1999.456000 2216.000000 2071.136000 2714.496000 1.000000
2134.816000 420.412800 2073.920000 918.012800 1.000000
1998.176000 2281.488000 2076.128000 2793.968000 1.000000
2006.416000 2205.216000 2076.688000 2701.632000 1.000000
2140.784000 339.912000 2077.696000 855.382400 1.000000
2009.872000 2261.648000 2085.712000 2769.520000 1.000000
2010.944000 2243.024000 2085.856000 2745.184000 1.000000
2013.840000 2215.424000 2086.256000 2713.776000 1.000000
2017.712000 2182.848000 2088.544000 2677.696000 1.000000
2017.200000 2228.368000 2091.616000 2727.504000 1.000000
2021.360000 2203.360000 2093.088000 2698.464000 1.000000
2017.920000 2253.184000 2094.240000 2756.880000 1.000000
2027.664000 2192.256000 2099.584000 2685.824000 1.000000
2029.856000 2215.808000 2103.968000 2711.120000 1.000000
2026.112000 2262.592000 2105.248000 2765.536000 1.000000
2029.632000 2242.288000 2105.856000 2741.408000 1.000000
2037.104000 2291.344000 2118.672000 2802.240000 1.000000
2216.688000 106.379200 2125.728000 613.873600 1.000000
2057.472000 2196.816000 2134.096000 2688.624000 1.000000
2205.856000 348.745600 2137.008000 855.134400 1.000000
2394.704000 1759.824000 2417.488000 1497.841600 1.000000
2523.824000 2045.424000 2584.592000 1785.600000 1.000000
2562.432000 1986.960000 2615.072000 1693.584000 1.000000
2659.024000 1823.152000 2696.176000 1501.283200 1.000000
2712.064000 1967.984000 2765.136000 1595.025600 1.000000
3371.984000 1800.128000 3417.536000 1207.033600 1.000000
