371.180800 543.070400 2433.536000 1577.299200 1.000000
290.012800 257.531200 2524.144000 1604.512000 1.000000
2607.744000 1204.355200 2557.120000 1108.252800 1.000000
307.363200 431.768000 2630.224000 2099.296000 1.000000
2809.168000 1644.256000 2656.528000 1643.184000 1.000000
2613.104000 2152.528000 2659.680000 2177.712000 1.000000
2590.736000 1192.984000 2680.544000 1431.899200 1.000000
2721.808000 1763.456000 2703.808000 1580.123200 1.000000
2394.432000 3.328624 2820.400000 4.235584 1.000000
2269.616000 1629.248000 2824.480000 1905.568000 1.000000
3513.728000 244.868800 3267.136000 297.686400 1.000000
