710.516800 2664.128000 735.332800 1478.153600 1.000000
732.449600 2712.928000 756.083200 1534.265600 1.000000
745.553600 2620.128000 764.976000 1453.726400 1.000000
774.792000 2104.432000 765.296000 939.145600 1.000000
782.404800 2110.032000 773.572800 946.385600 1.000000
745.465600 2861.984000 774.321600 1667.664000 1.000000
758.620800 2594.464000 774.929600 1428.848000 1.000000
765.438400 2572.560000 781.520000 1410.988800 1.000000
764.700800 2764.192000 787.912000 1587.942400 1.000000
799.587200 2085.696000 790.116800 925.409600 1.000000
780.374400 2539.408000 793.460800 1382.873600 1.000000
779.924800 2566.784000 794.609600 1408.545600 1.000000
787.208000 2470.624000 797.299200 1322.388800 1.000000
813.705600 2013.632000 799.576000 846.848000 1.000000
788.489600 2519.200000 800.190400 1366.230400 1.000000
803.982400 2186.640000 801.324800 1034.676800 1.000000
818.523200 1998.352000 804.382400 831.516800 1.000000
788.785600 2631.456000 804.580800 1473.694400 1.000000
794.971200 2580.720000 805.510400 1428.648000 1.000000
806.699200 2315.328000 807.804800 1169.080000 1.000000
780.460800 2936.848000 809.456000 1738.288000 1.000000
820.630400 2029.184000 809.731200 866.446400 1.000000
827.160000 2052.944000 813.222400 899.745600 1.000000
818.612800 2184.800000 814.952000 1034.987200 1.000000
807.539200 2392.864000 815.417600 1254.920000 1.000000
797.366400 2730.448000 816.102400 1565.232000 1.000000
814.100800 2343.472000 816.179200 1201.388800 1.000000
824.846400 2126.128000 817.078400 977.011200 1.000000
846.540800 1725.296000 817.864000 518.347200 1.000000
825.737600 2161.152000 821.072000 1014.380800 1.000000
804.888000 2657.712000 822.560000 1500.600000 1.000000
814.491200 2504.896000 825.273600 1358.851200 1.000000
798.352000 2945.952000 825.352000 1750.048000 1.000000
804.891200 2740.736000 825.430400 1574.382400 1.000000
819.683200 2417.120000 826.192000 1278.648000 1.000000
832.662400 2157.008000 827.134400 1011.668800 1.000000
827.576000 2307.008000 829.529600 1164.963200 1.000000
828.816000 2356.736000 831.657600 1217.649600 1.000000
822.638400 2529.440000 835.755200 1380.180800 1.000000
824.833600 2662.288000 839.891200 1510.289600 1.000000
837.886400 2379.856000 842.899200 1245.552000 1.000000
816.536000 2991.936000 843.256000 1787.840000 1.000000
849.457600 2175.584000 844.462400 1034.808000 1.000000
832.475200 2555.584000 844.547200 1409.305600 1.000000
834.475200 2599.232000 846.443200 1452.107200 1.000000
840.614400 2437.088000 848.857600 1305.228800 1.000000
842.811200 2446.912000 848.886400 1311.664000 1.000000
838.089600 2548.880000 849.579200 1402.304000 1.000000
835.628800 2662.768000 851.484800 1511.632000 1.000000
846.649600 2357.104000 852.024000 1222.190400 1.000000
858.532800 2244.384000 853.707200 1110.795200 1.000000
842.705600 2519.184000 853.873600 1374.539200 1.000000
862.662400 2100.496000 854.492800 959.361600 1.000000
853.198400 2333.456000 855.121600 1198.950400 1.000000
875.601600 1884.880000 856.012800 721.888000 1.000000
845.646400 2530.560000 856.900800 1386.937600 1.000000
851.422400 2492.912000 859.444800 1353.212800 1.000000
880.840000 1820.896000 859.648000 645.409600 1.000000
856.382400 2411.184000 860.985600 1278.761600 1.000000
869.849600 2151.568000 864.208000 1014.515200 1.000000
853.691200 2602.480000 864.851200 1460.025600 1.000000
891.590400 1774.528000 865.889600 596.761600 1.000000
868.176000 2261.968000 867.283200 1131.412800 1.000000
855.982400 2573.216000 867.707200 1432.091200 1.000000
849.636800 2869.888000 868.208000 1694.272000 1.000000
846.936000 2901.184000 868.243200 1720.000000 1.000000
887.240000 1896.960000 870.606400 739.128000 1.000000
891.859200 1977.568000 878.200000 832.003200 1.000000
861.667200 2785.424000 879.868800 1621.888000 1.000000
896.846400 1913.920000 880.091200 761.155200 1.000000
895.252800 1950.112000 881.470400 800.435200 1.000000
857.534400 2971.632000 881.691200 1777.184000 1.000000
888.132800 2214.576000 884.857600 1086.508800 1.000000
893.281600 2111.328000 885.825600 977.158400 1.000000
883.184000 2390.704000 887.062400 1262.744000 1.000000
871.083200 2896.576000 890.158400 1720.560000 1.000000
903.070400 2026.752000 892.190400 888.708800 1.000000
875.494400 2872.768000 892.449600 1699.824000 1.000000
928.358400 1366.984000 893.795200 63.508640 1.000000
892.256000 2338.896000 894.281600 1211.492800 1.000000
924.675200 1467.355200 895.075200 201.385600 1.000000
914.680000 1815.536000 895.222400 648.833600 1.000000
927.092800 1577.520000 898.616000 349.227200 1.000000
916.441600 1848.912000 898.958400 689.158400 1.000000
906.040000 2217.056000 902.056000 1092.854400 1.000000
901.654400 2262.288000 902.192000 1135.016000 1.000000
926.048000 1768.896000 905.403200 594.547200 1.000000
925.121600 1819.664000 905.657600 657.576000 1.000000
935.379200 1546.067200 905.886400 311.116800 1.000000
901.732800 2478.048000 908.971200 1349.400000 1.000000
910.264000 2192.816000 909.011200 1067.654400 1.000000
939.476800 1437.326400 909.118400 163.921600 1.000000
943.771200 1382.305600 910.011200 92.422720 1.000000
941.924800 1419.120000 911.617600 143.510240 1.000000
911.835200 2254.192000 912.846400 1129.766400 1.000000
930.902400 1853.216000 914.244800 696.288000 1.000000
927.843200 1945.536000 916.027200 803.616000 1.000000
943.368000 1556.480000 916.867200 327.158400 1.000000
918.456000 2304.608000 918.729600 1181.099200 1.000000
910.020800 2542.384000 920.000000 1409.550400 1.000000
908.620800 2695.184000 920.211200 1551.185600 1.000000
934.944000 1919.136000 922.284800 772.744000 1.000000
912.408000 2607.664000 922.364800 1471.766400 1.000000
907.193600 2878.320000 922.728000 1710.864000 1.000000
942.340800 1850.384000 923.865600 694.860800 1.000000
915.929600 2635.808000 924.236800 1499.590400 1.000000
955.417600 1370.440000 925.379200 78.049600 1.000000
915.190400 2769.424000 929.723200 1616.272000 1.000000
949.084800 1817.072000 930.249600 660.182400 1.000000
943.529600 1967.840000 931.355200 833.270400 1.000000
929.676800 2439.408000 932.294400 1318.872000 1.000000
959.955200 1431.915200 932.942400 159.901920 1.000000
922.646400 2693.296000 933.195200 1550.318400 1.000000
924.142400 2642.688000 933.796800 1506.020800 1.000000
963.360000 1407.832000 935.467200 129.788480 1.000000
944.494400 2000.816000 935.534400 869.371200 1.000000
942.292800 2148.944000 937.203200 1026.305600 1.000000
924.214400 2729.680000 937.233600 1584.032000 1.000000
933.316800 2405.584000 937.862400 1285.737600 1.000000
924.526400 2826.656000 938.464000 1667.856000 1.000000
926.403200 2708.576000 938.800000 1565.921600 1.000000
941.550400 2337.968000 941.563200 1221.059200 1.000000
928.894400 2923.296000 943.057600 1745.680000 1.000000
934.764800 2737.200000 947.147200 1590.497600 1.000000
947.609600 2346.128000 947.931200 1229.824000 1.000000
964.046400 1867.264000 950.179200 718.643200 1.000000
942.460800 2655.040000 952.232000 1521.483200 1.000000
962.800000 2006.304000 953.436800 875.545600 1.000000
976.264000 1597.873600 953.960000 393.000000 1.000000
964.270400 1979.120000 954.339200 848.038400 1.000000
976.139200 1527.931200 954.787200 295.652800 1.000000
970.776000 1863.168000 957.257600 715.984000 1.000000
957.432000 2259.456000 957.390400 1142.875200 1.000000
954.889600 2429.280000 958.147200 1313.204800 1.000000
949.636800 2644.624000 960.201600 1512.619200 1.000000
950.868800 2713.472000 962.316800 1573.696000 1.000000
953.883200 2509.552000 962.478400 1386.763200 1.000000
986.444800 1598.841600 964.403200 396.078400 1.000000
990.662400 1475.851200 967.355200 233.054400 1.000000
990.489600 1384.292800 967.587200 100.879040 1.000000
957.686400 2658.400000 967.945600 1525.697600 1.000000
986.787200 1745.600000 968.340800 577.211200 1.000000
971.152000 2181.808000 968.360000 1068.756800 1.000000
964.499200 2633.760000 972.476800 1505.356800 1.000000
959.902400 2951.680000 973.872000 1772.992000 1.000000
993.824000 1689.920000 976.214400 511.556800 1.000000
977.348800 2349.568000 977.531200 1239.073600 1.000000
993.915200 1718.368000 977.790400 549.384000 1.000000
984.190400 2109.648000 979.400000 990.550400 1.000000
972.054400 2573.904000 979.732800 1450.115200 1.000000
974.185600 2718.688000 982.056000 1581.358400 1.000000
970.281600 2926.560000 984.016000 1751.328000 1.000000
983.936000 2332.240000 985.118400 1221.488000 1.000000
981.308800 2449.552000 985.636800 1333.856000 1.000000
979.446400 2583.312000 986.030400 1458.694400 1.000000
986.001600 2418.496000 989.158400 1306.780800 1.000000
983.921600 2501.344000 989.593600 1384.012800 1.000000
991.100800 2279.584000 991.096000 1167.964800 1.000000
980.008000 2906.240000 991.960000 1737.840000 1.000000
994.225600 2250.496000 992.832000 1140.249600 1.000000
991.414400 2389.936000 993.387200 1280.454400 1.000000
1000.200000 2017.184000 993.566400 896.960000 1.000000
988.024000 2559.680000 994.464000 1440.889600 1.000000
994.651200 2288.992000 994.584000 1179.227200 1.000000
1004.558400 1940.752000 995.171200 813.089600 1.000000
1012.435200 1763.376000 996.688000 609.683200 1.000000
1017.451200 1454.435200 997.171200 209.974400 1.000000
1000.689600 2087.568000 997.619200 973.115200 1.000000
996.110400 2326.704000 997.756800 1217.793600 1.000000
1015.179200 1723.280000 1000.268800 558.920000 1.000000
1000.516800 2297.136000 1002.324800 1188.662400 1.000000
1021.110400 1486.611200 1003.048000 252.264000 1.000000
997.790400 2652.288000 1003.464000 1526.384000 1.000000
1016.032000 1791.680000 1003.499200 642.620800 1.000000
1003.147200 2369.648000 1006.395200 1261.947200 1.000000
1018.300800 1843.120000 1008.419200 701.750400 1.000000
1012.491200 2136.448000 1009.691200 1025.406400 1.000000
1000.401600 2925.328000 1010.841600 1754.528000 1.000000
1008.972800 2403.488000 1011.216000 1296.777600 1.000000
1028.732800 1529.152000 1011.576000 312.078400 1.000000
1021.049600 1870.912000 1011.628800 736.750400 1.000000
1003.232000 2954.080000 1012.803200 1780.096000 1.000000
1032.328000 1486.289600 1015.179200 253.961600 1.000000
1018.436800 2109.744000 1015.483200 1000.836800 1.000000
1032.502400 1701.072000 1019.027200 538.094400 1.000000
1010.937600 3004.080000 1020.323200 1824.464000 1.000000
1019.676800 2419.904000 1022.944000 1313.040000 1.000000
1037.584000 1730.928000 1024.876800 572.908800 1.000000
1020.137600 2868.240000 1028.235200 1714.112000 1.000000
1043.942400 1350.190400 1028.417600 67.056000 1.000000
1045.358400 1414.875200 1028.816000 161.566400 1.000000
1040.800000 1657.488000 1028.969600 480.332800 1.000000
1025.385600 2575.168000 1031.068800 1460.841600 1.000000
1034.736000 2131.456000 1032.371200 1024.398400 1.000000
1026.052800 2851.952000 1033.088000 1702.096000 1.000000
1031.993600 2343.872000 1033.568000 1239.731200 1.000000
1032.665600 2547.856000 1033.835200 1436.048000 1.000000
1050.630400 1408.008000 1034.726400 152.931360 1.000000
1034.036800 2604.832000 1038.185600 1488.704000 1.000000
1040.064000 2175.584000 1038.392000 1070.313600 1.000000
1049.484800 1754.560000 1039.582400 602.241600 1.000000
1039.268800 2296.064000 1040.425600 1198.913600 1.000000
1046.814400 1868.576000 1041.057600 738.436800 1.000000
1055.488000 1791.136000 1041.971200 642.886400 1.000000
1035.288000 2842.896000 1042.617600 1693.648000 1.000000
1038.456000 2454.400000 1042.852800 1345.582400 1.000000
1055.659200 1739.744000 1043.745600 584.875200 1.000000
1058.078400 1455.294400 1043.768000 218.480000 1.000000
1039.867200 2639.792000 1044.099200 1520.825600 1.000000
1057.396800 1871.952000 1049.635200 743.051200 1.000000
1063.656000 1355.598400 1051.457600 76.868320 1.000000
1050.408000 2479.520000 1052.472000 1375.371200 1.000000
1046.582400 2570.176000 1052.593600 1458.497600 1.000000
1052.068800 2368.624000 1053.392000 1268.992000 1.000000
1062.516800 1983.504000 1057.732800 870.188800 1.000000
1066.630400 1724.688000 1057.872000 570.136000 1.000000
1065.755200 1799.872000 1058.342400 663.206400 1.000000
1064.664000 1854.416000 1058.552000 725.540800 1.000000
1063.241600 1992.416000 1058.796800 879.542400 1.000000
1059.358400 2156.256000 1059.065600 1052.867200 1.000000
1077.574400 1408.598400 1059.179200 160.803200 1.000000
1060.708800 2395.312000 1059.657600 1297.750400 1.000000
1071.555200 1520.164800 1061.969600 308.316800 1.000000
1062.004800 2510.240000 1065.083200 1403.992000 1.000000
1073.379200 1737.600000 1065.611200 586.016000 1.000000
1066.708800 2138.560000 1065.852800 1033.707200 1.000000
1062.254400 2665.872000 1066.326400 1546.387200 1.000000
1075.371200 1702.080000 1067.192000 544.280000 1.000000
1067.905600 2258.240000 1068.868800 1158.886400 1.000000
1073.299200 2037.472000 1070.785600 931.142400 1.000000
1068.379200 2526.928000 1071.116800 1419.673600 1.000000
1069.395200 2215.568000 1071.156800 1116.739200 1.000000
1073.729600 2061.456000 1072.308800 958.409600 1.000000
1081.374400 1739.152000 1074.100800 589.656000 1.000000
1072.244800 2699.088000 1075.321600 1577.267200 1.000000
1078.604800 1885.312000 1075.388800 763.072000 1.000000
1074.240000 2440.512000 1076.112000 1336.960000 1.000000
1082.819200 1807.184000 1076.598400 671.670400 1.000000
1085.206400 1431.809600 1077.137600 191.667200 1.000000
1084.758400 1871.696000 1079.555200 748.196800 1.000000
1088.160000 1666.112000 1080.400000 501.715200 1.000000
1088.312000 1771.280000 1082.049600 629.488000 1.000000
1084.604800 2012.800000 1082.673600 905.787200 1.000000
1080.228800 2710.256000 1082.907200 1587.180800 1.000000
1089.888000 1585.217600 1083.564800 394.795200 1.000000
1087.696000 1973.264000 1083.769600 865.142400 1.000000
1089.539200 2119.792000 1088.596800 1019.830400 1.000000
1089.088000 2237.488000 1089.883200 1142.640000 1.000000
1091.120000 2195.648000 1091.315200 1099.028800 1.000000
1095.777600 1902.944000 1091.358400 783.238400 1.000000
1099.452800 1439.153600 1092.233600 202.473600 1.000000
1098.888000 1594.368000 1093.104000 409.414400 1.000000
1099.353600 1512.651200 1094.096000 300.568000 1.000000
1099.758400 1817.952000 1096.648000 688.368000 1.000000
1101.740800 1780.496000 1097.046400 642.870400 1.000000
1104.955200 1718.240000 1099.907200 567.184000 1.000000
1104.318400 1682.960000 1100.934400 523.507200 1.000000
1104.555200 1806.672000 1101.683200 676.078400 1.000000
1099.161600 2937.872000 1102.561600 1774.416000 1.000000
1107.638400 1491.886400 1103.636800 274.955200 1.000000
1105.508800 1918.256000 1104.486400 802.505600 1.000000
1101.054400 2908.352000 1104.502400 1752.176000 1.000000
1103.716800 2335.872000 1105.123200 1244.988800 1.000000
1103.832000 2869.536000 1106.507200 1722.128000 1.000000
1103.401600 2460.432000 1107.072000 1364.102400 1.000000
1110.339200 1496.704000 1107.593600 280.180800 1.000000
1112.259200 1391.116800 1107.756800 140.044160 1.000000
1104.472000 2416.560000 1108.089600 1316.747200 1.000000
1108.392000 2024.224000 1108.243200 921.534400 1.000000
1114.353600 1808.320000 1109.523200 680.665600 1.000000
1115.936000 1675.248000 1112.430400 516.331200 1.000000
1110.094400 2262.208000 1112.961600 1168.582400 1.000000
1112.144000 2318.432000 1112.980800 1227.385600 1.000000
1114.163200 2045.664000 1113.212800 945.648000 1.000000
1111.782400 2940.064000 1113.452800 1776.608000 1.000000
1112.235200 2142.192000 1114.051200 1045.585600 1.000000
1118.539200 1551.393600 1115.136000 353.464000 1.000000
1114.798400 2306.864000 1115.859200 1215.510400 1.000000
1119.785600 1449.174400 1116.720000 219.849600 1.000000
1118.948800 2164.480000 1120.507200 1069.472000 1.000000
1124.729600 1586.174400 1121.307200 402.595200 1.000000
1121.339200 2349.040000 1121.939200 1261.424000 1.000000
1127.260800 1514.571200 1126.040000 307.099200 1.000000
1132.262400 1775.792000 1130.433600 641.294400 1.000000
1130.588800 1907.952000 1132.420800 794.945600 1.000000
1131.483200 2134.176000 1135.019200 1036.747200 1.000000
1134.881600 2415.408000 1135.614400 1322.000000 1.000000
1137.640000 1971.760000 1137.838400 868.220800 1.000000
1139.496000 1738.752000 1139.556800 596.929600 1.000000
1138.377600 2446.576000 1140.659200 1352.820800 1.000000
1141.304000 1421.910400 1141.748800 185.049600 1.000000
1139.296000 2499.184000 1143.036800 1400.537600 1.000000
1143.144000 1704.304000 1143.641600 554.830400 1.000000
1144.966400 2033.648000 1146.776000 937.262400 1.000000
1145.819200 1388.417600 1147.244800 141.114720 1.000000
1147.094400 2519.328000 1149.516800 1419.276800 1.000000
1148.987200 2346.224000 1149.976000 1261.560000 1.000000
1149.806400 2311.632000 1151.057600 1226.332800 1.000000
1148.755200 1477.526400 1152.593600 257.459200 1.000000
1153.880000 1599.060800 1154.760000 425.817600 1.000000
1154.894400 1672.416000 1156.627200 516.846400 1.000000
1154.390400 2087.952000 1156.862400 997.214400 1.000000
1157.004800 2373.696000 1158.027200 1286.350400 1.000000
1158.171200 2151.424000 1160.553600 1061.009600 1.000000
1158.401600 2041.472000 1161.756800 947.745600 1.000000
1160.990400 1761.760000 1162.406400 629.537600 1.000000
1161.022400 2410.496000 1162.486400 1321.414400 1.000000
1161.113600 1709.472000 1163.003200 563.227200 1.000000
1162.753600 2054.736000 1164.857600 961.969600 1.000000
1166.675200 2484.992000 1167.772800 1389.811200 1.000000
1166.265600 1593.545600 1168.952000 420.152000 1.000000
1168.252800 2525.920000 1169.048000 1429.785600 1.000000
1163.812800 1327.916800 1169.142400 59.683040 1.000000
1173.689600 2949.072000 1170.984000 1789.264000 1.000000
1168.035200 1678.544000 1171.452800 526.827200 1.000000
1171.049600 2336.400000 1171.873600 1254.030400 1.000000
1169.616000 2140.640000 1172.934400 1052.259200 1.000000
1172.227200 2355.056000 1173.433600 1271.163200 1.000000
1176.656000 2844.304000 1173.544000 1708.032000 1.000000
1170.844800 1856.160000 1173.896000 741.171200 1.000000
1175.758400 2262.080000 1176.808000 1180.017600 1.000000
1178.576000 2569.552000 1176.931200 1473.753600 1.000000
1175.569600 2221.424000 1177.080000 1137.302400 1.000000
1173.318400 1458.665600 1179.358400 240.995200 1.000000
1177.420800 2147.776000 1179.963200 1060.731200 1.000000
1173.211200 1376.022400 1181.124800 127.265440 1.000000
1177.592000 1754.256000 1182.049600 622.180800 1.000000
1178.953600 1845.120000 1182.368000 729.124800 1.000000
1180.814400 2169.408000 1183.627200 1081.817600 1.000000
1180.961600 1987.056000 1183.686400 890.918400 1.000000
1181.556800 2006.336000 1184.438400 912.395200 1.000000
1184.540800 2592.304000 1184.828800 1497.392000 1.000000
1188.188800 2539.680000 1187.976000 1445.929600 1.000000
1185.484800 1836.608000 1189.462400 720.619200 1.000000
1187.868800 2224.704000 1189.790400 1141.256000 1.000000
1187.198400 2420.864000 1189.854400 1333.868800 1.000000
1187.908800 1930.128000 1191.784000 828.465600 1.000000
1188.030400 1738.976000 1193.140800 606.393600 1.000000
1189.032000 1533.953600 1194.049600 345.902400 1.000000
1192.208000 2507.056000 1194.560000 1414.851200 1.000000
1191.185600 1848.464000 1196.628800 732.694400 1.000000
1192.262400 1964.528000 1196.923200 867.084800 1.000000
1196.862400 2389.632000 1197.153600 1306.920000 1.000000
1198.798400 2699.136000 1197.156800 1588.368000 1.000000
1192.412800 2135.104000 1197.340800 1049.537600 1.000000
1190.518400 1550.627200 1197.353600 368.097600 1.000000
1196.483200 2307.600000 1197.376000 1230.337600 1.000000
1196.947200 2277.680000 1197.958400 1199.921600 1.000000
1193.632000 1778.992000 1200.804800 655.836800 1.000000
1203.905600 2375.488000 1204.012800 1293.580800 1.000000
1203.315200 2290.000000 1204.147200 1213.862400 1.000000
1196.307200 1498.283200 1204.808000 299.033600 1.000000
1205.102400 2522.528000 1204.876800 1432.032000 1.000000
1197.888000 1583.692800 1206.211200 412.611200 1.000000
1204.436800 2161.856000 1207.859200 1076.340800 1.000000
1209.156800 2501.248000 1208.155200 1410.512000 1.000000
1205.102400 2106.768000 1209.608000 1021.459200 1.000000
1204.523200 1895.120000 1209.678400 789.640000 1.000000
1208.382400 2409.056000 1209.764800 1324.868800 1.000000
1208.096000 2329.728000 1210.025600 1251.422400 1.000000
1212.212800 2569.344000 1211.035200 1475.337600 1.000000
1209.248000 2177.104000 1211.075200 1095.259200 1.000000
1201.480000 1503.510400 1211.848000 306.051200 1.000000
1213.107200 2596.144000 1212.000000 1498.718400 1.000000
1212.652800 2537.360000 1212.198400 1446.795200 1.000000
1214.260800 2557.696000 1212.494400 1466.032000 1.000000
1201.857600 1383.990400 1212.904000 140.932000 1.000000
1204.772800 1728.496000 1214.560000 592.700800 1.000000
1214.694400 2438.224000 1214.942400 1352.736000 1.000000
1213.825600 2128.624000 1215.900800 1042.940800 1.000000
1221.268800 2686.784000 1217.033600 1579.848000 1.000000
1216.140800 2287.424000 1217.726400 1212.968000 1.000000
1208.707200 1559.033600 1217.780800 378.443200 1.000000
1219.145600 2519.792000 1217.828800 1430.523200 1.000000
1206.204800 1491.244800 1218.512000 289.921600 1.000000
1210.809600 1764.896000 1218.678400 641.944000 1.000000
1217.873600 2228.720000 1218.729600 1152.603200 1.000000
1211.169600 1690.496000 1219.577600 545.280000 1.000000
1218.368000 2275.376000 1219.900800 1200.756800 1.000000
1225.758400 2834.384000 1220.310400 1703.104000 1.000000
1215.246400 1865.168000 1221.953600 755.348800 1.000000
1211.707200 1456.598400 1223.302400 239.628800 1.000000
1214.240000 1504.894400 1224.195200 306.758400 1.000000
1217.558400 1856.496000 1224.449600 744.960000 1.000000
1215.008000 1700.944000 1224.571200 561.000000 1.000000
1228.313600 2520.288000 1227.131200 1433.702400 1.000000
1215.886400 1599.566400 1227.166400 433.024000 1.000000
1230.180800 2669.760000 1227.515200 1563.568000 1.000000
1225.177600 2257.936000 1227.800000 1184.313600 1.000000
1220.363200 1830.528000 1228.092800 717.008000 1.000000
1230.758400 2557.424000 1228.888000 1468.075200 1.000000
1218.425600 1435.270400 1231.758400 214.144000 1.000000
1220.312000 1477.958400 1233.132800 274.315200 1.000000
1221.078400 1432.155200 1234.374400 209.462400 1.000000
1234.689600 2384.128000 1235.972800 1303.465600 1.000000
1229.043200 1717.904000 1239.192000 583.668800 1.000000
1235.235200 2166.512000 1239.438400 1089.449600 1.000000
1231.572800 1805.376000 1240.043200 689.843200 1.000000
1223.329600 1386.680000 1240.660800 146.615040 1.000000
1225.905600 1491.718400 1240.865600 293.027200 1.000000
1235.102400 2201.264000 1241.163200 1125.233600 1.000000
1252.425600 2977.344000 1241.686400 1823.872000 1.000000
1248.460800 2694.240000 1243.560000 1587.705600 1.000000
1229.913600 1543.297600 1243.697600 364.401600 1.000000
1225.859200 1348.744000 1244.238400 93.572480 1.000000
1242.964800 2362.896000 1244.390400 1285.798400 1.000000
1238.451200 2014.096000 1244.585600 927.443200 1.000000
1231.228800 1454.465600 1245.707200 242.499200 1.000000
1238.312000 1933.472000 1245.972800 838.504000 1.000000
1239.128000 1977.904000 1246.448000 889.134400 1.000000
1243.113600 2188.304000 1246.531200 1114.443200 1.000000
1228.628800 1329.972800 1247.454400 66.884000 1.000000
1232.376000 1522.518400 1247.704000 338.700800 1.000000
1248.657600 2509.600000 1248.097600 1423.496000 1.000000
1246.393600 2208.576000 1248.979200 1133.345600 1.000000
1231.390400 1338.470400 1250.168000 81.366240 1.000000
1244.244800 2097.920000 1250.228800 1013.998400 1.000000
1235.654400 1468.356800 1250.880000 262.284800 1.000000
1251.988800 2594.832000 1251.264000 1497.659200 1.000000
1246.860800 2142.896000 1251.635200 1065.676800 1.000000
1245.835200 2048.480000 1252.308800 963.051200 1.000000
1244.988800 2028.416000 1252.457600 942.985600 1.000000
1246.446400 2057.056000 1252.846400 975.664000 1.000000
1241.876800 1780.256000 1253.529600 662.238400 1.000000
1252.939200 2257.520000 1255.128000 1185.702400 1.000000
1240.609600 1511.688000 1256.907200 322.561600 1.000000
1246.323200 1713.888000 1258.536000 583.785600 1.000000
1242.865600 1492.380800 1258.681600 295.448000 1.000000
1242.150400 1532.168000 1258.928000 349.398400 1.000000
1247.662400 1855.216000 1258.934400 748.888000 1.000000
1246.248000 1674.512000 1259.425600 530.393600 1.000000
1251.217600 1941.648000 1259.464000 850.595200 1.000000
1246.827200 1734.784000 1260.009600 606.776000 1.000000
1248.628800 1727.984000 1260.556800 600.080000 1.000000
1244.081600 1363.363200 1263.824000 115.086240 1.000000
1253.544000 1830.512000 1265.694400 720.446400 1.000000
1270.128000 2531.856000 1268.713600 1444.708800 1.000000
1247.283200 1346.520000 1268.892800 92.866720 1.000000
1281.150400 2963.344000 1268.929600 1813.248000 1.000000
1273.041600 2624.928000 1269.252800 1528.193600 1.000000
1258.355200 1745.456000 1271.137600 623.716800 1.000000
1272.502400 2561.904000 1271.406400 1470.123200 1.000000
1248.470400 1327.475200 1272.329600 67.334560 1.000000
1262.891200 1891.968000 1273.689600 793.710400 1.000000
1275.800000 2658.720000 1273.737600 1556.777600 1.000000
1256.769600 1485.673600 1275.619200 285.056000 1.000000
1281.452800 2641.872000 1275.713600 1544.755200 1.000000
1273.310400 2277.424000 1276.228800 1204.929600 1.000000
1262.201600 1650.608000 1278.952000 503.747200 1.000000
1265.886400 1779.184000 1279.436800 663.236800 1.000000
1257.846400 1421.060800 1280.521600 201.396800 1.000000
1270.224000 1958.608000 1281.000000 869.900800 1.000000
1270.310400 1866.960000 1282.353600 765.638400 1.000000
1287.132800 2611.344000 1283.406400 1517.132800 1.000000
1290.131200 2667.024000 1283.576000 1565.844800 1.000000
1279.737600 2162.144000 1284.707200 1091.830400 1.000000
1289.672000 2659.600000 1285.171200 1559.876800 1.000000
1278.500800 2021.120000 1287.728000 937.326400 1.000000
1269.379200 1582.891200 1288.859200 415.556800 1.000000
1279.740800 1980.560000 1290.577600 893.932800 1.000000
1276.427200 1766.496000 1291.105600 648.992000 1.000000
1302.504000 2868.816000 1291.606400 1733.968000 1.000000
1270.292800 1502.742400 1291.801600 313.148800 1.000000
1280.902400 2003.072000 1293.360000 917.979200 1.000000
1298.579200 2674.864000 1294.448000 1574.198400 1.000000
1285.731200 2061.536000 1294.702400 984.913600 1.000000
1267.372800 1314.524800 1295.404800 48.564640 1.000000
1279.656000 1749.408000 1296.273600 629.486400 1.000000
1273.369600 1517.003200 1296.321600 330.932800 1.000000
1281.676800 1780.864000 1296.768000 664.024000 1.000000
1289.340800 2082.032000 1297.091200 1008.182400 1.000000
1292.681600 2211.312000 1297.824000 1142.788800 1.000000
1303.478400 2636.736000 1299.372800 1539.449600 1.000000
1312.892800 2891.360000 1299.793600 1754.352000 1.000000
1278.782400 1544.960000 1301.166400 368.499200 1.000000
1303.544000 2529.632000 1301.897600 1441.355200 1.000000
1277.424000 1449.176000 1301.961600 240.745600 1.000000
1299.844800 2348.560000 1303.254400 1276.560000 1.000000
1282.337600 1536.572800 1304.059200 359.238400 1.000000
1285.236800 1593.142400 1306.420800 431.174400 1.000000
1300.945600 2173.632000 1306.988800 1103.814400 1.000000
1289.166400 1698.224000 1307.283200 566.584000 1.000000
1302.820800 2144.928000 1309.880000 1075.097600 1.000000
1292.360000 1724.160000 1310.348800 599.393600 1.000000
1299.995200 1881.936000 1314.075200 786.406400 1.000000
1287.214400 1406.649600 1315.171200 178.883200 1.000000
1302.273600 1946.592000 1315.502400 858.518400 1.000000
1292.203200 1471.595200 1316.268800 272.068800 1.000000
1312.750400 2247.936000 1316.588800 1180.198400 1.000000
1320.131200 2540.944000 1317.044800 1452.217600 1.000000
1313.745600 2325.776000 1317.108800 1254.982400 1.000000
1287.958400 1381.912000 1317.366400 146.474080 1.000000
1307.340800 2132.128000 1317.611200 1060.980800 1.000000
1334.472000 2944.368000 1319.068800 1798.640000 1.000000
1316.560000 2266.416000 1320.094400 1198.819200 1.000000
1325.003200 2557.056000 1322.206400 1468.870400 1.000000
1325.792000 2605.664000 1322.689600 1512.270400 1.000000
1315.014400 2054.368000 1324.723200 980.105600 1.000000
1321.414400 2280.672000 1324.833600 1213.248000 1.000000
1301.070400 1612.624000 1324.907200 458.904000 1.000000
1291.795200 1323.080000 1324.915200 65.403680 1.000000
1299.980800 1575.268800 1325.428800 409.044800 1.000000
1313.241600 1961.136000 1326.702400 877.491200 1.000000
1339.483200 2869.536000 1327.225600 1737.456000 1.000000
1294.724800 1312.116800 1328.899200 50.889440 1.000000
1338.454400 2721.392000 1330.259200 1614.560000 1.000000
1326.705600 2355.232000 1330.827200 1282.206400 1.000000
1313.401600 1794.848000 1332.155200 684.464000 1.000000
1330.251200 2339.056000 1332.960000 1268.518400 1.000000
1308.113600 1599.192000 1333.521600 441.633600 1.000000
1312.752000 1709.152000 1334.814400 582.307200 1.000000
1323.982400 1984.528000 1335.934400 903.355200 1.000000
1324.486400 1866.592000 1336.140800 767.062400 1.000000
1335.686400 2417.360000 1336.537600 1342.664000 1.000000
1355.097600 2944.528000 1337.630400 1799.904000 1.000000
1332.776000 2232.368000 1338.624000 1165.644800 1.000000
1354.900800 2823.952000 1342.816000 1701.104000 1.000000
1309.795200 1394.292800 1343.432000 165.536000 1.000000
1337.900800 2181.248000 1345.510400 1113.281600 1.000000
1339.652800 2146.032000 1347.800000 1079.424000 1.000000
1344.054400 2344.352000 1347.900800 1272.856000 1.000000
1350.976000 2532.880000 1348.548800 1446.067200 1.000000
1328.152000 1713.728000 1350.683200 588.174400 1.000000
1352.107200 2519.488000 1350.760000 1431.878400 1.000000
1354.900800 2560.512000 1351.073600 1472.243200 1.000000
1316.753600 1363.356800 1352.387200 122.313920 1.000000
1347.584000 2342.560000 1352.428800 1270.936000 1.000000
1357.204800 2589.936000 1352.761600 1499.025600 1.000000
1335.806400 1893.904000 1353.803200 806.785600 1.000000
1348.686400 2254.864000 1354.062400 1188.798400 1.000000
1320.280000 1427.204800 1355.092800 212.558400 1.000000
1356.638400 2441.072000 1356.036800 1362.513600 1.000000
1358.492800 2572.448000 1356.579200 1482.260800 1.000000
1349.502400 2228.624000 1357.315200 1163.182400 1.000000
1359.985600 2540.656000 1357.372800 1453.476800 1.000000
1360.774400 2550.112000 1358.465600 1462.499200 1.000000
1329.617600 1545.524800 1359.044800 371.806400 1.000000
1367.611200 2702.272000 1359.048000 1595.332800 1.000000
1362.510400 2504.480000 1362.356800 1418.393600 1.000000
1356.995200 2239.216000 1363.299200 1174.859200 1.000000
1349.102400 1997.584000 1364.043200 920.054400 1.000000
1359.307200 2309.552000 1364.505600 1240.096000 1.000000
1368.795200 2537.072000 1366.161600 1450.184000 1.000000
1354.553600 2069.936000 1366.296000 995.283200 1.000000
1363.620800 2424.368000 1366.404800 1345.360000 1.000000
1343.307200 1719.440000 1366.411200 595.628800 1.000000
1336.313600 1570.224000 1366.492800 406.051200 1.000000
1350.366400 1972.896000 1367.771200 891.139200 1.000000
1367.356800 2449.328000 1367.976000 1369.908800 1.000000
1369.160000 2480.848000 1369.236800 1396.425600 1.000000
1333.208000 1352.516800 1372.494400 107.033280 1.000000
1344.491200 1547.512000 1374.627200 377.249600 1.000000
1337.899200 1419.865600 1375.406400 203.598400 1.000000
1355.198400 1858.816000 1375.865600 762.419200 1.000000
1367.518400 2197.280000 1377.140800 1129.788800 1.000000
1350.705600 1620.224000 1380.659200 471.208000 1.000000
1355.916800 1762.560000 1380.939200 648.014400 1.000000
1346.723200 1490.396800 1383.625600 299.081600 1.000000
1357.603200 1738.304000 1383.811200 617.974400 1.000000
1354.163200 1602.032000 1385.891200 449.153600 1.000000
1366.784000 1956.336000 1385.926400 872.942400 1.000000
1350.593600 1475.273600 1388.408000 280.136000 1.000000
1348.784000 1439.464000 1388.702400 230.273600 1.000000
1370.987200 1960.128000 1389.454400 875.953600 1.000000
1369.329600 1846.736000 1393.006400 746.020800 1.000000
1368.051200 1783.536000 1393.611200 676.228800 1.000000
1356.033600 1367.708800 1400.377600 129.497920 1.000000
1373.192000 1776.528000 1400.484800 666.131200 1.000000
1368.969600 1575.091200 1407.112000 409.411200 1.000000
1360.014400 1331.824000 1407.363200 79.797760 1.000000
1363.009600 1366.011200 1409.550400 129.100640 1.000000
1367.937600 1445.876800 1410.830400 236.419200 1.000000
1368.257600 1429.579200 1412.203200 216.718400 1.000000
1393.443200 1985.088000 1414.451200 887.364800 1.000000
1406.140800 1898.544000 1432.718400 791.244800 1.000000
1407.705600 1517.672000 1455.120000 316.307200 1.000000
1408.326400 1447.275200 1461.785600 226.608000 1.000000
1406.878400 1412.891200 1463.280000 178.169600 1.000000
1411.129600 1385.356800 1468.105600 140.828640 1.000000
3326.576000 2724.880000 2149.632000 1919.440000 1.000000
2415.376000 1793.440000 2173.312000 1965.184000 1.000000
2520.032000 828.044800 2256.336000 1228.856000 1.000000
2635.536000 1714.976000 2476.672000 2225.600000 1.000000
2656.864000 1738.496000 2492.336000 2255.600000 1.000000
2664.992000 1743.808000 2499.296000 2266.704000 1.000000
2715.456000 1774.848000 2543.648000 2321.408000 1.000000
2723.360000 1731.232000 2563.120000 2283.728000 1.000000
2675.152000 1539.412800 2565.040000 2066.896000 1.000000
2662.992000 1418.972800 2584.720000 1938.016000 1.000000
2600.912000 1168.808000 2616.368000 1434.051200 1.000000
2781.344000 1684.784000 2633.248000 2277.360000 1.000000
2675.584000 1264.952000 2641.760000 1784.848000 1.000000
2783.104000 1578.398400 2667.168000 2173.488000 1.000000
2790.944000 1599.254400 2669.392000 2203.664000 1.000000
2527.968000 1805.520000 2675.232000 2224.208000 1.000000
2710.544000 1244.110400 2687.584000 1775.248000 1.000000
2533.792000 810.052800 2691.088000 751.870400 1.000000
