274.142400 234.046400 353.243200 2195.024000 1.000000
281.404800 305.849600 353.294400 2265.072000 1.000000
285.059200 324.345600 353.854400 2285.872000 1.000000
278.820800 206.910400 361.588800 2167.696000 1.000000
347.180800 596.089600 385.977600 2564.560000 1.000000
314.403200 156.421440 397.888000 2118.208000 1.000000
356.361600 540.729600 400.312000 2506.736000 1.000000
364.355200 615.921600 402.096000 2588.416000 1.000000
373.868800 646.273600 407.116800 2621.152000 1.000000
2899.664000 2700.848000 421.153600 829.910400 1.000000
398.592000 677.800000 428.552000 2654.752000 1.000000
402.182400 705.504000 429.065600 2681.216000 1.000000
437.846400 667.041600 468.732800 2640.512000 1.000000
37.409920 2110.848000 532.102400 6.550512 1.000000
7.150976 2068.784000 586.875200 7.056656 1.000000
654.596800 503.033600 704.643200 2400.976000 1.000000
676.414400 510.417600 725.688000 2403.888000 1.000000
684.123200 512.961600 734.363200 2404.224000 1.000000
716.796800 455.956800 770.664000 2344.608000 1.000000
763.163200 473.796800 814.448000 2350.176000 1.000000
821.734400 360.545600 876.078400 2142.272000 1.000000
828.289600 275.323200 887.187200 2047.664000 1.000000
833.590400 215.344000 895.088000 1987.456000 1.000000
873.793600 1284.651200 896.224000 2912.976000 1.000000
838.190400 299.046400 896.636800 2069.632000 1.000000
848.201600 189.211200 908.268800 1957.280000 1.000000
910.462400 1126.393600 939.009600 2728.912000 1.000000
914.572800 1060.052800 947.307200 2656.800000 1.000000
920.016000 965.544000 956.812800 2564.912000 1.000000
936.523200 1253.854400 966.598400 2855.536000 1.000000
943.051200 1255.723200 973.521600 2854.416000 1.000000
934.022400 866.318400 973.587200 2465.072000 1.000000
939.539200 879.561600 978.832000 2474.480000 1.000000
947.254400 1148.230400 979.206400 2737.664000 1.000000
945.947200 1091.704000 980.225600 2681.504000 1.000000
955.417600 1370.440000 983.955200 2977.920000 1.000000
933.116800 384.243200 985.854400 2047.952000 1.000000
962.208000 1259.352000 992.958400 2854.784000 1.000000
963.182400 913.256000 1000.252800 2499.888000 1.000000
972.312000 1310.595200 1000.872000 2907.728000 1.000000
956.843200 654.081600 1001.265600 2270.944000 1.000000
961.892800 389.718400 1011.086400 2044.528000 1.000000
974.897600 1054.868800 1011.878400 2633.504000 1.000000
970.516800 644.740800 1014.828800 2257.312000 1.000000
974.836800 666.272000 1016.539200 2276.560000 1.000000
969.364800 303.177600 1019.558400 1974.544000 1.000000
979.523200 456.667200 1027.689600 2093.280000 1.000000
995.968000 1080.812800 1028.361600 2659.152000 1.000000
991.332800 1128.363200 1029.048000 2703.536000 1.000000
994.675200 1349.249600 1029.561600 2945.664000 1.000000
994.585600 1003.033600 1034.097600 2576.992000 1.000000
998.580800 1032.276800 1038.856000 2604.112000 1.000000
997.931200 677.566400 1040.528000 2276.368000 1.000000
993.616000 380.720000 1041.556800 2031.280000 1.000000
992.251200 219.630400 1042.595200 1902.736000 1.000000
1006.168000 716.140800 1048.283200 2308.656000 1.000000
1002.246400 260.627200 1050.224000 1933.072000 1.000000
1013.424000 916.190400 1053.440000 2489.232000 1.000000
1018.008000 1117.024000 1054.382400 2687.120000 1.000000
1013.433600 896.046400 1054.776000 2469.536000 1.000000
1012.110400 727.558400 1055.328000 2319.264000 1.000000
1016.993600 1253.368000 1055.742400 2826.384000 1.000000
1017.118400 690.811200 1060.747200 2282.928000 1.000000
1015.889600 284.179200 1062.392000 1949.776000 1.000000
1023.270400 999.425600 1062.616000 2566.976000 1.000000
1022.662400 847.392000 1064.364800 2425.296000 1.000000
1023.763200 755.883200 1064.608000 2345.840000 1.000000
1033.200000 1236.190400 1072.392000 2805.760000 1.000000
1033.139200 910.726400 1074.545600 2478.256000 1.000000
1035.593600 1198.348800 1076.110400 2766.144000 1.000000
1036.372800 1215.635200 1076.529600 2784.192000 1.000000
1036.699200 889.859200 1078.233600 2458.112000 1.000000
1041.878400 1149.484800 1082.224000 2713.472000 1.000000
1040.118400 324.225600 1086.246400 1977.808000 1.000000
1046.636800 1243.729600 1087.955200 2806.928000 1.000000
1045.755200 544.024000 1089.070400 2150.272000 1.000000
1049.571200 1122.489600 1090.214400 2683.008000 1.000000
1050.064000 1219.262400 1090.412800 2785.296000 1.000000
1051.164800 408.745600 1094.921600 2042.240000 1.000000
1056.198400 609.075200 1100.771200 2202.512000 1.000000
1060.398400 1241.721600 1102.348800 2803.856000 1.000000
1059.692800 1251.452800 1102.379200 2814.528000 1.000000
1062.526400 903.955200 1104.494400 2466.896000 1.000000
1064.865600 685.294400 1108.100800 2270.032000 1.000000
1066.408000 887.628800 1108.134400 2450.816000 1.000000
1065.764800 807.577600 1108.289600 2379.472000 1.000000
1066.627200 743.804800 1110.902400 2322.496000 1.000000
1070.832000 1150.377600 1113.648000 2705.920000 1.000000
1070.987200 441.972800 1115.504000 2063.168000 1.000000
1071.676800 358.092800 1116.478400 1999.888000 1.000000
1076.372800 456.497600 1119.113600 2071.952000 1.000000
1077.502400 1247.225600 1121.552000 2806.256000 1.000000
1080.907200 991.336000 1123.883200 2541.952000 1.000000
1084.060800 574.872000 1127.745600 2169.488000 1.000000
1087.982400 41.878240 1127.752000 1769.184000 1.000000
1087.566400 983.286400 1129.398400 2535.856000 1.000000
1086.091200 1070.579200 1129.944000 2619.840000 1.000000
1085.233600 817.859200 1131.180800 2381.296000 1.000000
1087.328000 1262.577600 1131.310400 2823.776000 1.000000
1090.934400 376.520000 1133.883200 2005.792000 1.000000
1090.771200 1189.532800 1136.292800 2738.560000 1.000000
1092.646400 521.475200 1137.864000 2128.048000 1.000000
1094.577600 1048.241600 1138.595200 2597.072000 1.000000
1096.094400 1030.441600 1140.828800 2579.344000 1.000000
1098.777600 1092.558400 1143.254400 2639.312000 1.000000
1103.009600 540.945600 1145.152000 2138.816000 1.000000
1102.369600 354.508800 1145.225600 1992.864000 1.000000
1103.825600 455.313600 1145.264000 2071.456000 1.000000
1102.980800 731.521600 1145.822400 2305.024000 1.000000
1102.438400 815.041600 1147.451200 2374.720000 1.000000
1108.742400 67.993760 1149.635200 1789.648000 1.000000
1105.859200 655.496000 1149.908800 2235.472000 1.000000
1105.915200 1324.843200 1151.289600 2888.608000 1.000000
1109.323200 366.672000 1151.358400 2001.504000 1.000000
1108.249600 980.907200 1152.979200 2526.896000 1.000000
1107.537600 1079.059200 1153.112000 2624.096000 1.000000
1105.897600 1202.899200 1153.193600 2749.056000 1.000000
1112.513600 992.993600 1158.507200 2536.032000 1.000000
1118.772800 582.128000 1160.201600 2170.464000 1.000000
1116.385600 1131.980800 1162.606400 2672.672000 1.000000
1121.224000 669.251200 1163.532800 2245.296000 1.000000
1122.380800 409.075200 1163.611200 2030.528000 1.000000
1123.568000 338.918400 1164.344000 1975.264000 1.000000
1119.299200 932.790400 1164.491200 2477.152000 1.000000
1121.040000 911.793600 1165.995200 2456.576000 1.000000
1123.889600 847.556800 1166.790400 2399.920000 1.000000
1121.016000 1194.742400 1169.470400 2739.680000 1.000000
1125.664000 950.561600 1170.211200 2493.248000 1.000000
1134.715200 101.992640 1170.876800 1812.448000 1.000000
1121.297600 1252.347200 1171.027200 2802.592000 1.000000
1138.216000 61.337120 1172.713600 1781.504000 1.000000
1130.739200 594.688000 1173.164800 2180.608000 1.000000
1124.068800 1267.403200 1173.785600 2817.376000 1.000000
1134.582400 629.094400 1177.321600 2208.256000 1.000000
1137.800000 371.032000 1178.198400 2000.592000 1.000000
1137.420800 405.329600 1178.449600 2026.896000 1.000000
1135.126400 692.633600 1178.884800 2263.840000 1.000000
1134.590400 1164.252800 1182.555200 2703.200000 1.000000
1149.102400 71.373600 1183.612800 1788.672000 1.000000
1129.299200 1385.731200 1184.328000 2945.776000 1.000000
1140.518400 954.508800 1184.768000 2496.848000 1.000000
1144.198400 607.244800 1186.137600 2188.112000 1.000000
1146.558400 561.835200 1187.881600 2151.296000 1.000000
1136.568000 1308.524800 1187.947200 2856.480000 1.000000
1148.993600 576.339200 1190.521600 2162.976000 1.000000
1144.809600 782.750400 1190.577600 2336.208000 1.000000
1141.788800 1250.824000 1191.566400 2793.168000 1.000000
1147.419200 1081.193600 1194.798400 2615.680000 1.000000
1155.561600 500.568000 1195.579200 2100.944000 1.000000
1149.849600 986.881600 1196.195200 2524.624000 1.000000
1152.032000 1021.955200 1199.180800 2556.976000 1.000000
1144.264000 1351.424000 1199.441600 2901.408000 1.000000
1157.440000 609.827200 1199.848000 2188.576000 1.000000
1159.771200 782.752000 1200.857600 2337.360000 1.000000
1158.918400 856.216000 1203.260800 2397.968000 1.000000
1152.747200 1236.051200 1203.739200 2776.320000 1.000000
1160.953600 731.464000 1204.360000 2290.512000 1.000000
1160.950400 840.630400 1205.992000 2382.512000 1.000000
1160.356800 903.011200 1206.499200 2441.312000 1.000000
1163.217600 828.060800 1207.006400 2372.544000 1.000000
1165.185600 657.768000 1207.819200 2228.384000 1.000000
1169.707200 554.038400 1209.636800 2140.352000 1.000000
1171.534400 508.062400 1211.153600 2104.304000 1.000000
1164.222400 1016.227200 1211.985600 2548.768000 1.000000
1177.155200 180.843200 1212.422400 1878.416000 1.000000
1171.513600 672.262400 1213.046400 2240.048000 1.000000
1180.812800 240.577600 1215.379200 1922.800000 1.000000
1171.670400 854.968000 1216.580800 2393.200000 1.000000
1175.467200 618.819200 1217.728000 2192.496000 1.000000
1165.436800 1226.329600 1218.052800 2762.112000 1.000000
1166.880000 1131.518400 1218.960000 2662.048000 1.000000
1173.267200 990.376000 1221.492800 2522.896000 1.000000
1181.796800 524.734400 1221.635200 2115.504000 1.000000
1165.804800 1383.532800 1224.838400 2937.376000 1.000000
1182.731200 712.153600 1227.052800 2267.664000 1.000000
1178.192000 1082.692800 1228.244800 2608.736000 1.000000
1188.948800 721.128000 1231.993600 2274.272000 1.000000
1188.646400 731.488000 1231.996800 2281.808000 1.000000
1190.236800 852.059200 1236.200000 2390.000000 1.000000
1186.054400 1052.206400 1236.870400 2576.176000 1.000000
1195.788800 661.630400 1238.352000 2226.672000 1.000000
1180.580800 1400.456000 1241.140800 2955.408000 1.000000
1203.249600 599.329600 1244.051200 2169.952000 1.000000
1199.641600 830.209600 1245.454400 2366.016000 1.000000
1194.884800 1054.684800 1245.464000 2577.040000 1.000000
1195.244800 1147.321600 1248.644800 2674.352000 1.000000
1204.702400 793.624000 1248.918400 2332.992000 1.000000
1199.521600 982.052800 1249.283200 2507.456000 1.000000
1211.128000 527.211200 1249.291200 2112.208000 1.000000
1197.817600 1162.228800 1251.816000 2689.968000 1.000000
1207.688000 810.110400 1253.150400 2348.144000 1.000000
1214.484800 678.566400 1256.203200 2232.048000 1.000000
1209.246400 949.675200 1257.774400 2475.952000 1.000000
1199.043200 1360.792000 1258.628800 2906.048000 1.000000
1230.403200 163.062400 1259.419200 1858.816000 1.000000
1201.857600 1383.990400 1263.064000 2932.720000 1.000000
1211.172800 1069.241600 1263.912000 2589.024000 1.000000
1209.548800 1150.336000 1264.523200 2674.800000 1.000000
1226.107200 605.164800 1265.649600 2170.928000 1.000000
1221.627200 689.716800 1266.728000 2239.632000 1.000000
1214.982400 1167.824000 1270.777600 2690.656000 1.000000
1231.467200 624.801600 1270.916800 2184.032000 1.000000
1220.276800 990.838400 1271.643200 2510.576000 1.000000
1218.596800 1080.179200 1272.265600 2600.176000 1.000000
1248.969600 95.146880 1274.600000 1808.928000 1.000000
1239.812800 351.105600 1274.966400 1989.376000 1.000000
1228.825600 870.017600 1276.785600 2400.912000 1.000000
1219.521600 1226.448000 1277.878400 2747.904000 1.000000
1226.094400 1016.481600 1278.601600 2534.352000 1.000000
1235.435200 764.646400 1278.956800 2303.216000 1.000000
1216.569600 1298.281600 1279.393600 2831.904000 1.000000
1214.587200 1396.310400 1280.001600 2942.608000 1.000000
1231.502400 1028.227200 1284.129600 2545.072000 1.000000
1238.491200 817.075200 1284.443200 2353.872000 1.000000
1241.033600 706.323200 1285.065600 2254.272000 1.000000
1221.078400 1432.155200 1287.740800 2983.184000 1.000000
1247.179200 666.568000 1289.360000 2220.752000 1.000000
1255.512000 398.049600 1289.550400 2021.344000 1.000000
1231.897600 1172.880000 1289.798400 2691.552000 1.000000
1223.329600 1386.680000 1290.011200 2929.968000 1.000000
1231.132800 1222.616000 1290.176000 2744.000000 1.000000
1234.694400 1280.448000 1295.955200 2807.376000 1.000000
1243.857600 1105.712000 1299.340800 2623.952000 1.000000
1255.716800 735.761600 1299.777600 2281.472000 1.000000
1254.070400 829.446400 1300.881600 2361.856000 1.000000
1274.177600 345.446400 1304.729600 1980.528000 1.000000
1268.883200 594.265600 1305.340800 2170.464000 1.000000
1237.160000 1404.920000 1305.686400 2946.288000 1.000000
1247.136000 1234.524800 1308.630400 2753.840000 1.000000
1244.950400 1268.177600 1308.665600 2789.776000 1.000000
1244.081600 1363.363200 1312.361600 2900.336000 1.000000
1253.574400 1171.316800 1313.035200 2685.952000 1.000000
1259.390400 946.680000 1313.041600 2461.520000 1.000000
1252.715200 1195.308800 1313.688000 2710.480000 1.000000
1254.121600 1186.289600 1313.708800 2699.552000 1.000000
1283.734400 375.747200 1316.022400 2001.696000 1.000000
1285.782400 477.729600 1322.035200 2081.696000 1.000000
1275.233600 811.979200 1323.852800 2341.744000 1.000000
1258.867200 1327.564800 1327.024000 2855.968000 1.000000
1309.414400 89.934720 1327.515200 1798.064000 1.000000
1271.521600 1110.995200 1328.923200 2620.832000 1.000000
1257.846400 1421.060800 1329.771200 2961.344000 1.000000
1279.091200 921.942400 1330.932800 2437.824000 1.000000
1258.880000 1434.611200 1332.459200 2976.208000 1.000000
1285.118400 794.712000 1333.393600 2325.520000 1.000000
1286.409600 810.203200 1334.932800 2339.696000 1.000000
1267.372800 1314.524800 1335.326400 2841.824000 1.000000
1276.673600 1244.278400 1342.398400 2762.896000 1.000000
1301.428800 694.790400 1344.286400 2255.440000 1.000000
1326.070400 127.943840 1345.014400 1819.456000 1.000000
1281.966400 1221.371200 1345.028800 2736.496000 1.000000
1287.960000 1059.881600 1345.752000 2569.888000 1.000000
1283.168000 1190.817600 1347.358400 2702.560000 1.000000
1332.942400 67.348480 1350.312000 1778.880000 1.000000
1309.051200 684.875200 1351.515200 2246.544000 1.000000
1290.625600 1121.960000 1352.067200 2628.992000 1.000000
1327.817600 284.104000 1353.651200 1928.960000 1.000000
1283.670400 1360.897600 1354.704000 2888.672000 1.000000
1336.299200 135.261760 1354.868800 1824.704000 1.000000
1303.787200 971.120000 1357.166400 2481.264000 1.000000
1319.417600 608.171200 1357.617600 2177.312000 1.000000
1341.659200 125.091360 1357.836800 1816.800000 1.000000
1313.859200 750.024000 1358.785600 2300.656000 1.000000
1298.436800 1176.140800 1359.776000 2684.624000 1.000000
1289.438400 1340.368000 1360.273600 2866.384000 1.000000
1332.849600 320.528000 1360.635200 1955.232000 1.000000
1320.124800 684.078400 1361.398400 2244.144000 1.000000
1287.958400 1381.912000 1362.907200 2912.064000 1.000000
1297.136000 1213.392000 1363.952000 2726.624000 1.000000
1296.446400 1261.211200 1365.403200 2777.440000 1.000000
1322.854400 753.417600 1366.264000 2302.144000 1.000000
1307.000000 1068.532800 1366.273600 2574.816000 1.000000
1296.360000 1300.595200 1366.452800 2819.584000 1.000000
1294.724800 1312.116800 1366.902400 2832.480000 1.000000
1331.633600 553.556800 1367.964800 2133.632000 1.000000
1336.649600 540.819200 1372.056000 2123.200000 1.000000
1304.220800 1267.891200 1373.364800 2783.440000 1.000000
1317.518400 1041.380800 1375.696000 2546.096000 1.000000
1342.188800 498.081600 1375.768000 2087.696000 1.000000
1296.985600 1454.744000 1377.550400 2995.296000 1.000000
1361.616000 145.319680 1377.604800 1827.408000 1.000000
1306.780800 1299.636800 1377.881600 2817.504000 1.000000
1336.459200 764.094400 1380.795200 2308.768000 1.000000
1313.753600 1239.769600 1383.588800 2752.048000 1.000000
1331.081600 921.454400 1384.201600 2438.848000 1.000000
1346.028800 641.524800 1386.238400 2202.656000 1.000000
1304.668800 1457.806400 1386.620800 2997.712000 1.000000
1364.748800 327.352000 1387.729600 1955.568000 1.000000
1353.568000 562.886400 1388.080000 2136.752000 1.000000
1309.795200 1394.292800 1388.307200 2925.392000 1.000000
1367.878400 302.342400 1388.560000 1935.616000 1.000000
1329.947200 1041.286400 1389.681600 2547.776000 1.000000
1370.676800 237.835200 1390.475200 1890.352000 1.000000
1323.084800 1235.480000 1393.299200 2745.104000 1.000000
1320.803200 1284.142400 1393.651200 2798.368000 1.000000
1341.862400 870.432000 1393.878400 2403.328000 1.000000
1316.753600 1363.356800 1394.633600 2886.048000 1.000000
1356.921600 594.494400 1395.640000 2161.728000 1.000000
1357.979200 620.142400 1396.188800 2183.840000 1.000000
1330.276800 1179.089600 1397.540800 2685.840000 1.000000
1327.883200 1211.326400 1398.011200 2717.520000 1.000000
1333.251200 1158.270400 1399.115200 2663.152000 1.000000
1321.254400 1375.822400 1400.164800 2901.136000 1.000000
1331.616000 1199.424000 1400.292800 2707.568000 1.000000
1363.979200 649.568000 1404.038400 2206.416000 1.000000
1348.062400 992.342400 1407.400000 2513.440000 1.000000
1378.051200 469.153600 1410.347200 2059.760000 1.000000
1372.579200 619.054400 1410.948800 2179.904000 1.000000
1380.769600 496.323200 1411.140800 2080.976000 1.000000
1335.596800 1313.670400 1411.350400 2828.848000 1.000000
1362.356800 865.427200 1412.270400 2394.496000 1.000000
1378.302400 597.678400 1414.804800 2161.328000 1.000000
1377.299200 609.296000 1415.753600 2172.032000 1.000000
1381.676800 651.334400 1421.372800 2205.216000 1.000000
1337.899200 1419.865600 1422.312000 2951.200000 1.000000
1391.176000 498.494400 1423.086400 2080.032000 1.000000
1405.732800 269.276800 1424.867200 1908.880000 1.000000
1409.491200 213.825600 1425.510400 1868.224000 1.000000
1415.806400 169.100800 1427.540800 1835.504000 1.000000
1347.515200 1353.979200 1428.292800 2875.568000 1.000000
1410.097600 288.368000 1429.761600 1920.912000 1.000000
1399.668800 543.505600 1431.904000 2115.360000 1.000000
1389.614400 674.910400 1432.110400 2223.952000 1.000000
1374.072000 960.513600 1432.926400 2482.176000 1.000000
1406.932800 440.164800 1435.558400 2033.648000 1.000000
1348.784000 1439.464000 1436.347200 2971.312000 1.000000
1426.086400 157.909600 1436.550400 1826.560000 1.000000
1432.670400 77.514560 1436.811200 1770.320000 1.000000
1423.795200 184.630400 1436.944000 1845.696000 1.000000
1399.908800 641.579200 1437.828800 2196.000000 1.000000
1403.929600 613.132800 1440.838400 2171.280000 1.000000
1417.046400 425.406400 1442.184000 2021.472000 1.000000
1371.564800 1153.652800 1442.787200 2673.024000 1.000000
1400.433600 724.875200 1442.849600 2264.048000 1.000000
1388.179200 913.464000 1443.500800 2433.984000 1.000000
1396.302400 819.166400 1443.644800 2346.672000 1.000000
1393.588800 899.521600 1445.697600 2420.160000 1.000000
1380.108800 1088.112000 1446.137600 2603.408000 1.000000
1363.009600 1366.011200 1447.699200 2888.992000 1.000000
1391.723200 964.118400 1450.014400 2481.072000 1.000000
1415.060800 582.480000 1450.172800 2146.592000 1.000000
1387.955200 1045.588800 1451.840000 2561.904000 1.000000
1392.603200 984.430400 1452.020800 2501.024000 1.000000
1388.412800 1051.715200 1452.892800 2567.296000 1.000000
1380.651200 1189.504000 1453.800000 2710.096000 1.000000
1413.012800 689.521600 1453.952000 2234.032000 1.000000
1392.056000 1019.788800 1454.315200 2534.240000 1.000000
1429.720000 421.579200 1456.465600 2014.928000 1.000000
1409.721600 805.763200 1458.027200 2335.360000 1.000000
1429.260800 470.105600 1458.672000 2054.320000 1.000000
1450.241600 183.780800 1460.372800 1844.208000 1.000000
1397.392000 1066.059200 1462.825600 2580.192000 1.000000
1454.723200 148.086720 1463.107200 1816.048000 1.000000
1400.619200 1023.654400 1463.337600 2537.344000 1.000000
1388.552000 1191.377600 1464.219200 2709.696000 1.000000
1393.526400 1168.092800 1465.848000 2685.584000 1.000000
1427.638400 667.902400 1467.518400 2215.744000 1.000000
1444.880000 435.603200 1470.380800 2027.392000 1.000000
1436.129600 588.700800 1470.966400 2149.200000 1.000000
1440.617600 495.160000 1471.195200 2073.008000 1.000000
1429.577600 713.984000 1472.545600 2251.584000 1.000000
1438.534400 570.712000 1472.932800 2135.696000 1.000000
1413.457600 973.142400 1473.588800 2490.288000 1.000000
1449.580800 443.414400 1473.878400 2032.256000 1.000000
1395.817600 1231.126400 1474.136000 2752.256000 1.000000
1452.404800 397.884800 1474.225600 1996.608000 1.000000
1403.414400 1141.256000 1474.449600 2654.864000 1.000000
1404.099200 1126.960000 1476.248000 2639.456000 1.000000
1451.828800 433.107200 1476.388800 2023.824000 1.000000
1443.652800 622.363200 1479.697600 2172.720000 1.000000
1412.603200 1078.801600 1479.732800 2591.264000 1.000000
1450.849600 496.640000 1479.779200 2073.696000 1.000000
1438.358400 766.489600 1485.281600 2300.000000 1.000000
1407.187200 1221.747200 1486.160000 2739.536000 1.000000
1401.820800 1318.062400 1486.363200 2844.384000 1.000000
1466.300800 417.838400 1487.502400 2010.512000 1.000000
1403.708800 1283.577600 1487.852800 2807.504000 1.000000
1399.158400 1360.281600 1488.321600 2891.504000 1.000000
1434.950400 904.128000 1491.004800 2425.120000 1.000000
1403.864000 1340.232000 1491.056000 2869.472000 1.000000
1426.686400 1028.928000 1491.584000 2542.912000 1.000000
1441.694400 896.788800 1497.300800 2416.064000 1.000000
1425.563200 1114.256000 1498.065600 2629.760000 1.000000
1404.848000 1418.865600 1499.380800 2960.032000 1.000000
1438.492800 974.225600 1500.369600 2489.984000 1.000000
1442.980800 918.132800 1500.401600 2435.168000 1.000000
1411.646400 1363.939200 1502.612800 2897.040000 1.000000
1411.129600 1385.356800 1504.332800 2921.200000 1.000000
1408.326400 1447.275200 1506.446400 2992.432000 1.000000
1436.414400 1090.177600 1506.910400 2604.144000 1.000000
1434.332800 1133.340800 1508.304000 2647.680000 1.000000
1427.662400 1230.385600 1508.915200 2749.600000 1.000000
1426.675200 1323.276800 1516.632000 2852.320000 1.000000
2042.032000 125.362240 1975.168000 1689.616000 1.000000
2057.856000 129.224480 1985.984000 1691.504000 1.000000
2164.016000 726.894400 2184.768000 2151.280000 1.000000
2185.984000 687.288000 2201.248000 2059.840000 1.000000
2143.200000 949.512000 2224.064000 2319.664000 1.000000
2180.624000 880.590400 2246.384000 2213.408000 1.000000
2251.184000 733.731200 2272.384000 2063.520000 1.000000
2583.568000 1226.102400 2555.120000 1206.896000 1.000000
2701.440000 1478.553600 2564.160000 1166.476800 1.000000
2620.912000 1234.161600 2591.184000 1199.033600 1.000000
2659.888000 1401.184000 2592.400000 1221.617600 1.000000
2646.304000 1357.246400 2650.992000 1278.635200 1.000000
2635.536000 1714.976000 2748.176000 1535.891200 1.000000
2616.336000 1805.472000 2757.056000 1610.080000 1.000000
2719.776000 1556.104000 2778.944000 1381.073600 1.000000
2693.680000 1744.448000 2815.072000 1532.108800 1.000000
2776.304000 1691.904000 2876.576000 1446.592000 1.000000
2787.040000 1749.600000 2905.680000 1479.563200 1.000000
2804.512000 1761.616000 2925.792000 1475.984000 1.000000
2834.448000 1760.960000 2955.216000 1462.668800 1.000000
2865.328000 1732.704000 2971.984000 1407.236800 1.000000
2859.360000 1745.424000 2973.296000 1417.257600 1.000000
