4.103312 2333.728000 3.628784 1663.968000 1.000000
10.678784 1884.272000 6.774496 1221.187200 1.000000
42.976160 1395.667200 56.102720 710.532800 1.000000
494.100800 1173.459200 403.771200 511.131200 1.000000
525.358400 1152.369600 438.864000 500.142400 1.000000
531.884800 1217.360000 445.691200 565.217600 1.000000
531.124800 1253.966400 445.905600 605.422400 1.000000
552.200000 1169.440000 466.739200 516.737600 1.000000
486.824000 863.096000 471.576000 291.379200 1.000000
557.646400 1176.993600 472.838400 528.776000 1.000000
572.617600 1227.580800 491.259200 583.097600 1.000000
575.582400 1188.812800 491.414400 540.982400 1.000000
577.260800 1135.563200 492.179200 480.961600 1.000000
581.424000 1193.753600 497.784000 545.846400 1.000000
582.033600 1242.083200 499.808000 596.948800 1.000000
582.692800 1320.168000 501.585600 680.123200 1.000000
594.686400 1141.446400 508.835200 489.316800 1.000000
588.793600 1264.062400 509.971200 622.468800 1.000000
604.814400 1067.070400 519.379200 412.025600 1.000000
602.248000 1237.830400 521.262400 595.736000 1.000000
599.048000 1494.438400 521.467200 843.475200 1.000000
605.091200 1176.801600 521.699200 529.752000 1.000000
605.403200 1165.499200 522.456000 516.744000 1.000000
438.123200 805.974400 527.502400 357.123200 1.000000
611.369600 1203.982400 528.720000 561.944000 1.000000
610.915200 1504.731200 532.078400 855.046400 1.000000
614.641600 1160.876800 532.904000 514.841600 1.000000
622.248000 1078.523200 536.131200 423.174400 1.000000
616.264000 1374.145600 543.166400 740.780800 1.000000
593.891200 2993.408000 548.409600 2517.152000 1.000000
594.968000 2979.312000 549.115200 2503.872000 1.000000
626.296000 1545.398400 549.464000 899.147200 1.000000
644.179200 1448.832000 571.566400 834.531200 1.000000
655.492800 1460.832000 582.046400 848.132800 1.000000
643.563200 2665.072000 590.897600 2227.200000 1.000000
643.644800 2730.800000 591.222400 2290.080000 1.000000
645.225600 2675.120000 592.516800 2236.848000 1.000000
650.230400 2648.080000 594.785600 2213.136000 1.000000
665.977600 1480.209600 595.964800 867.494400 1.000000
647.492800 2975.536000 596.894400 2514.544000 1.000000
646.129600 2993.120000 596.910400 2530.736000 1.000000
647.932800 2876.560000 596.984000 2425.760000 1.000000
647.848000 2967.312000 599.531200 2508.096000 1.000000
650.659200 2949.120000 601.006400 2492.384000 1.000000
657.419200 2742.656000 604.126400 2302.544000 1.000000
656.459200 2980.624000 605.524800 2520.672000 1.000000
686.792000 1210.377600 607.723200 574.358400 1.000000
666.241600 2709.312000 611.638400 2270.800000 1.000000
664.963200 2864.368000 611.868800 2416.240000 1.000000
662.649600 2995.168000 612.515200 2534.560000 1.000000
669.697600 2742.928000 615.376000 2304.304000 1.000000
671.208000 2642.720000 616.667200 2210.080000 1.000000
670.454400 2925.456000 618.969600 2476.224000 1.000000
677.368000 2670.896000 624.017600 2240.256000 1.000000
678.862400 2622.176000 624.356800 2193.120000 1.000000
678.358400 2887.952000 626.038400 2441.936000 1.000000
682.812800 2630.816000 626.268800 2202.448000 1.000000
682.009600 2833.632000 627.924800 2393.120000 1.000000
680.622400 2980.192000 629.555200 2523.792000 1.000000
708.233600 1231.776000 630.355200 605.718400 1.000000
687.963200 2521.568000 630.830400 2098.000000 1.000000
706.904000 1428.844800 630.852800 815.385600 1.000000
690.379200 2680.256000 634.136000 2251.664000 1.000000
701.956800 1485.918400 634.512000 878.376000 1.000000
704.017600 1498.886400 636.971200 890.899200 1.000000
692.508800 2753.136000 638.358400 2319.216000 1.000000
693.129600 2803.680000 639.004800 2366.592000 1.000000
699.630400 2550.256000 641.920000 2130.976000 1.000000
697.169600 2858.640000 643.051200 2417.952000 1.000000
708.508800 2271.232000 644.699200 1857.088000 1.000000
710.497600 2350.464000 648.577600 1938.064000 1.000000
704.988800 2789.248000 648.753600 2354.736000 1.000000
702.974400 2883.168000 649.000000 2440.160000 1.000000
716.785600 1488.417600 649.897600 879.740800 1.000000
707.952000 2495.232000 650.200000 2075.520000 1.000000
703.056000 2969.024000 651.868800 2515.552000 1.000000
709.302400 2706.624000 654.209600 2281.296000 1.000000
708.254400 2982.496000 654.782400 2530.416000 1.000000
725.304000 1968.608000 655.347200 1551.313600 1.000000
721.793600 2240.080000 656.387200 1831.152000 1.000000
727.313600 1197.910400 657.052800 564.625600 1.000000
714.067200 2680.336000 657.144000 2254.576000 1.000000
716.403200 2668.336000 659.244800 2243.296000 1.000000
717.040000 2657.280000 659.292800 2233.008000 1.000000
725.496000 2330.144000 661.878400 1919.712000 1.000000
722.361600 2453.056000 662.089600 2039.680000 1.000000
719.196800 2905.808000 665.124800 2464.112000 1.000000
723.057600 2850.176000 665.518400 2414.848000 1.000000
730.140800 2318.528000 666.816000 1910.304000 1.000000
726.612800 2539.696000 667.217600 2124.944000 1.000000
724.729600 2837.936000 668.001600 2403.984000 1.000000
720.878400 2896.256000 668.185600 2455.376000 1.000000
739.396800 1966.416000 668.316800 1551.310400 1.000000
725.579200 2707.456000 668.937600 2282.176000 1.000000
729.664000 2861.680000 672.689600 2424.912000 1.000000
735.638400 2376.944000 672.816000 1970.960000 1.000000
737.507200 2349.232000 674.428800 1944.384000 1.000000
730.814400 2981.760000 675.376000 2534.448000 1.000000
737.494400 2722.368000 675.995200 2299.632000 1.000000
738.568000 2386.160000 676.371200 1980.432000 1.000000
737.816000 2510.400000 676.601600 2100.480000 1.000000
738.555200 2977.088000 683.164800 2531.088000 1.000000
752.044800 2103.088000 684.227200 1705.552000 1.000000
752.724800 2249.376000 685.806400 1847.440000 1.000000
743.420800 2749.744000 685.976000 2324.144000 1.000000
745.553600 2620.128000 686.145600 2203.408000 1.000000
747.038400 2472.976000 686.182400 2062.944000 1.000000
742.977600 2902.912000 686.942400 2462.704000 1.000000
746.867200 2592.304000 687.083200 2178.336000 1.000000
743.910400 2838.656000 687.105600 2406.256000 1.000000
755.462400 2115.696000 687.315200 1717.408000 1.000000
745.465600 2861.984000 689.603200 2426.592000 1.000000
757.841600 2174.624000 690.232000 1775.520000 1.000000
747.009600 2889.568000 690.332800 2451.232000 1.000000
759.494400 2165.712000 692.396800 1766.912000 1.000000
747.352000 2821.056000 692.584000 2390.672000 1.000000
756.588800 2276.640000 692.806400 1874.848000 1.000000
758.180800 2329.552000 692.888000 1929.248000 1.000000
763.468800 2084.192000 693.104000 1689.568000 1.000000
764.968000 1966.272000 693.435200 1564.992000 1.000000
754.536000 2462.368000 693.608000 2054.192000 1.000000
751.094400 2702.560000 693.950400 2280.272000 1.000000
764.017600 2117.936000 695.068800 1720.464000 1.000000
760.302400 2238.320000 695.532800 1838.176000 1.000000
756.956800 2565.344000 697.148800 2153.808000 1.000000
765.921600 2183.824000 698.056000 1786.048000 1.000000
754.985600 2919.056000 698.312000 2478.656000 1.000000
769.721600 1984.016000 698.443200 1582.480000 1.000000
769.657600 1972.240000 698.849600 1570.145600 1.000000
756.619200 2984.736000 699.416000 2539.632000 1.000000
757.313600 2639.216000 699.448000 2223.936000 1.000000
757.488000 2905.120000 699.483200 2465.952000 1.000000
756.790400 2958.352000 701.736000 2514.112000 1.000000
757.976000 2974.320000 702.740800 2528.848000 1.000000
763.460800 2704.688000 703.859200 2284.064000 1.000000
773.212800 2097.408000 704.166400 1702.672000 1.000000
760.273600 2936.592000 704.262400 2494.464000 1.000000
765.438400 2572.560000 705.040000 2160.384000 1.000000
782.425600 1729.056000 705.491200 1321.393600 1.000000
770.979200 1491.308800 705.614400 887.478400 1.000000
779.860800 1948.416000 708.540800 1547.771200 1.000000
769.420800 2667.680000 709.396800 2250.608000 1.000000
774.755200 2340.688000 709.934400 1941.920000 1.000000
778.899200 2132.288000 710.398400 1736.512000 1.000000
778.163200 2193.312000 711.145600 1797.856000 1.000000
782.404800 2110.032000 713.041600 1715.360000 1.000000
786.545600 1958.096000 713.888000 1559.891200 1.000000
777.846400 2439.632000 715.313600 2037.136000 1.000000
788.766400 1988.880000 717.140800 1593.094400 1.000000
779.646400 2479.504000 717.222400 2076.992000 1.000000
793.120000 1840.320000 718.080000 1439.835200 1.000000
781.368000 2447.072000 718.108800 2044.400000 1.000000
780.233600 2494.560000 718.129600 2089.360000 1.000000
776.505600 2908.544000 718.168000 2470.288000 1.000000
780.374400 2539.408000 718.488000 2131.168000 1.000000
790.281600 2125.648000 720.619200 1731.504000 1.000000
781.270400 2667.168000 720.731200 2251.168000 1.000000
781.788800 2614.800000 720.889600 2203.856000 1.000000
785.056000 2420.384000 721.371200 2021.200000 1.000000
783.686400 2717.280000 722.846400 2299.088000 1.000000
780.628800 2892.720000 723.489600 2455.920000 1.000000
788.233600 2435.392000 724.860800 2034.912000 1.000000
787.208000 2470.624000 725.275200 2066.944000 1.000000
784.667200 2777.056000 725.414400 2353.392000 1.000000
788.489600 2519.200000 726.148800 2112.560000 1.000000
799.352000 1906.528000 726.324800 1510.678400 1.000000
783.080000 2915.584000 727.145600 2477.264000 1.000000
788.785600 2631.456000 727.305600 2219.664000 1.000000
790.732800 2352.816000 727.336000 1955.456000 1.000000
801.382400 1957.760000 728.934400 1560.195200 1.000000
791.356800 2453.808000 729.139200 2052.800000 1.000000
788.312000 2750.432000 729.288000 2331.456000 1.000000
799.587200 2085.696000 729.649600 1693.760000 1.000000
794.918400 2332.608000 730.262400 1935.648000 1.000000
794.971200 2580.720000 730.904000 2173.280000 1.000000
809.784000 1721.248000 732.592000 1318.265600 1.000000
806.454400 1839.600000 733.264000 1439.504000 1.000000
796.268800 2610.032000 734.752000 2200.368000 1.000000
809.670400 1883.536000 735.228800 1488.760000 1.000000
799.139200 2421.824000 735.740800 2024.144000 1.000000
811.793600 1978.880000 738.835200 1587.112000 1.000000
803.404800 2387.088000 739.008000 1990.576000 1.000000
797.988800 2721.120000 739.164800 2302.656000 1.000000
801.558400 2542.368000 739.417600 2135.232000 1.000000
800.307200 2640.080000 739.480000 2228.960000 1.000000
798.352000 2945.952000 740.411200 2506.432000 1.000000
806.699200 2315.328000 740.860800 1919.472000 1.000000
802.392000 2813.568000 742.251200 2387.504000 1.000000
808.753600 2453.760000 743.427200 2055.440000 1.000000
804.888000 2657.712000 744.366400 2244.960000 1.000000
822.267200 1747.840000 744.808000 1349.222400 1.000000
810.915200 2268.032000 744.830400 1874.304000 1.000000
804.891200 2740.736000 745.472000 2320.240000 1.000000
818.523200 1998.352000 747.158400 1606.832000 1.000000
816.881600 2087.136000 747.227200 1696.576000 1.000000
828.059200 1678.960000 747.382400 1278.798400 1.000000
815.884800 2280.720000 748.302400 1887.536000 1.000000
819.337600 2062.176000 748.632000 1673.984000 1.000000
814.100800 2343.472000 748.748800 1949.008000 1.000000
809.520000 2918.016000 748.835200 2482.992000 1.000000
828.254400 1661.200000 750.091200 1259.040000 1.000000
812.187200 2630.832000 750.872000 2221.056000 1.000000
815.444800 2293.328000 750.952000 1899.824000 1.000000
818.612800 2184.800000 751.280000 1792.256000 1.000000
810.787200 2953.024000 751.598400 2514.400000 1.000000
817.001600 2360.912000 751.896000 1966.400000 1.000000
816.531200 2470.496000 752.224000 2069.200000 1.000000
813.323200 2771.568000 753.168000 2350.560000 1.000000
820.956800 2227.296000 753.753600 1834.688000 1.000000
815.715200 2614.512000 754.816000 2206.304000 1.000000
824.846400 2126.128000 755.216000 1737.888000 1.000000
832.654400 1772.784000 755.355200 1377.993600 1.000000
816.254400 2675.968000 755.856000 2264.768000 1.000000
819.683200 2417.120000 755.860800 2020.656000 1.000000
820.284800 2389.328000 756.060800 1993.152000 1.000000
834.276800 1586.449600 756.524800 1174.289600 1.000000
816.988800 2756.048000 756.659200 2337.136000 1.000000
842.769600 1261.960000 757.382400 815.006400 1.000000
825.737600 2161.152000 757.796800 1771.392000 1.000000
822.683200 2466.080000 757.974400 2066.592000 1.000000
836.366400 1674.656000 758.211200 1274.108800 1.000000
817.705600 2802.224000 758.361600 2377.568000 1.000000
839.209600 1561.100800 759.436800 1149.414400 1.000000
823.971200 2494.288000 759.808000 2092.832000 1.000000
828.297600 2138.800000 759.937600 1750.624000 1.000000
822.638400 2529.440000 760.985600 2125.264000 1.000000
827.872000 2268.816000 761.051200 1877.664000 1.000000
843.894400 1491.107200 762.196800 1069.057600 1.000000
824.593600 2621.696000 762.412800 2214.752000 1.000000
837.363200 1940.112000 764.273600 1551.193600 1.000000
825.233600 2891.968000 765.339200 2458.992000 1.000000
834.052800 2188.704000 765.790400 1796.048000 1.000000
846.072000 1587.971200 766.051200 1183.737600 1.000000
832.408000 2453.552000 766.854400 2054.800000 1.000000
831.241600 2578.208000 767.233600 2173.024000 1.000000
828.356800 2752.528000 767.812800 2332.384000 1.000000
828.904000 2904.704000 768.164800 2471.376000 1.000000
831.931200 2412.400000 768.347200 2016.080000 1.000000
835.838400 2281.200000 768.446400 1889.952000 1.000000
829.590400 2764.288000 768.475200 2342.832000 1.000000
828.582400 2995.536000 768.680000 2551.984000 1.000000
851.102400 1443.190400 769.172800 1020.083200 1.000000
851.891200 1517.227200 769.995200 1103.416000 1.000000
840.086400 2093.296000 770.144000 1705.744000 1.000000
829.508800 2865.520000 770.313600 2435.008000 1.000000
834.475200 2599.232000 771.659200 2192.400000 1.000000
837.390400 2451.680000 772.347200 2054.816000 1.000000
837.886400 2379.856000 772.462400 1986.432000 1.000000
840.316800 2310.896000 773.259200 1918.096000 1.000000
839.467200 2503.376000 773.432000 2101.888000 1.000000
854.862400 1458.611200 773.952000 1037.307200 1.000000
835.628800 2662.768000 774.059200 2252.784000 1.000000
837.390400 2811.696000 776.779200 2387.232000 1.000000
841.248000 2558.864000 777.694400 2154.224000 1.000000
846.512000 2166.080000 777.745600 1778.080000 1.000000
858.150400 1604.224000 778.748800 1203.670400 1.000000
867.704000 1190.075200 780.752000 742.428800 1.000000
846.649600 2357.104000 781.004800 1964.624000 1.000000
843.884800 2797.168000 782.641600 2374.384000 1.000000
844.878400 2789.840000 782.752000 2369.008000 1.000000
863.611200 1534.862400 783.145600 1126.833600 1.000000
861.571200 1616.688000 783.428800 1215.936000 1.000000
857.588800 1946.000000 784.008000 1560.574400 1.000000
853.289600 2265.952000 784.619200 1878.992000 1.000000
846.936000 2901.184000 785.740800 2469.584000 1.000000
847.011200 2832.800000 786.318400 2408.000000 1.000000
867.385600 1510.753600 786.843200 1102.076800 1.000000
864.054400 1660.160000 787.492800 1264.435200 1.000000
849.750400 2787.344000 788.342400 2365.904000 1.000000
853.659200 2441.216000 789.273600 2046.928000 1.000000
864.206400 1822.480000 789.648000 1434.572800 1.000000
858.532800 2244.384000 789.694400 1856.784000 1.000000
853.606400 2594.640000 790.062400 2188.944000 1.000000
857.059200 2233.568000 790.358400 1844.880000 1.000000
863.948800 1919.120000 790.620800 1535.004800 1.000000
856.382400 2411.184000 790.832000 2016.960000 1.000000
862.662400 2100.496000 792.068800 1715.600000 1.000000
855.982400 2573.216000 792.467200 2169.936000 1.000000
866.073600 1881.968000 792.552000 1496.040000 1.000000
869.260800 1772.800000 793.163200 1384.054400 1.000000
854.289600 2823.632000 793.552000 2398.864000 1.000000
871.180800 1674.784000 794.083200 1278.913600 1.000000
867.326400 1868.256000 794.326400 1484.315200 1.000000
881.987200 1046.620800 794.356800 579.750400 1.000000
875.124800 1498.278400 794.678400 1089.195200 1.000000
868.787200 1850.400000 795.072000 1462.588800 1.000000
884.022400 767.630400 795.473600 241.897600 1.000000
862.257600 2301.120000 795.763200 1914.192000 1.000000
884.945600 835.465600 795.843200 327.158400 1.000000
871.302400 1833.248000 796.683200 1445.848000 1.000000
859.824000 2698.496000 796.689600 2286.560000 1.000000
866.443200 2162.176000 797.433600 1777.552000 1.000000
861.259200 2506.096000 797.868800 2106.048000 1.000000
867.995200 2110.336000 798.804800 1726.272000 1.000000
858.881600 2902.672000 799.118400 2472.432000 1.000000
861.662400 2548.688000 799.537600 2144.944000 1.000000
860.006400 2895.088000 799.633600 2465.360000 1.000000
868.176000 2261.968000 800.448000 1874.960000 1.000000
875.862400 1776.432000 800.545600 1387.918400 1.000000
869.849600 2151.568000 800.670400 1765.360000 1.000000
866.076800 2416.352000 801.310400 2024.816000 1.000000
863.804800 2483.520000 801.321600 2086.096000 1.000000
881.012800 1603.568000 802.305600 1204.315200 1.000000
894.700800 794.323200 804.046400 278.267200 1.000000
879.956800 1780.992000 804.174400 1393.907200 1.000000
870.624000 2386.560000 804.425600 1994.464000 1.000000
888.385600 1371.804800 805.241600 949.819200 1.000000
880.840000 1820.896000 805.702400 1434.779200 1.000000
885.580800 1515.236800 805.958400 1108.987200 1.000000
884.808000 1546.529600 805.990400 1141.761600 1.000000
893.195200 1115.238400 806.132800 662.475200 1.000000
870.404800 2517.744000 806.624000 2117.856000 1.000000
874.084800 2361.648000 806.955200 1972.176000 1.000000
869.313600 2906.688000 807.041600 2476.496000 1.000000
893.731200 1149.489600 807.080000 701.097600 1.000000
878.180800 2055.920000 807.836800 1673.728000 1.000000
874.003200 2421.024000 808.411200 2028.800000 1.000000
873.739200 2689.536000 809.632000 2278.928000 1.000000
888.027200 1719.936000 811.059200 1330.238400 1.000000
878.814400 2295.168000 812.497600 1905.936000 1.000000
901.980800 813.011200 813.438400 306.652800 1.000000
903.275200 888.769600 813.812800 397.043200 1.000000
882.875200 2138.480000 813.822400 1754.576000 1.000000
880.673600 2453.600000 813.875200 2061.088000 1.000000
887.240000 1896.960000 814.291200 1514.785600 1.000000
891.590400 1774.528000 815.041600 1387.220800 1.000000
895.304000 1439.233600 816.121600 1026.600000 1.000000
904.915200 871.230400 816.280000 375.630400 1.000000
903.600000 993.472000 816.393600 521.110400 1.000000
882.822400 2478.016000 817.913600 2081.696000 1.000000
890.252800 2164.944000 819.987200 1780.992000 1.000000
889.355200 2233.264000 821.508800 1848.256000 1.000000
897.169600 1815.296000 822.027200 1431.145600 1.000000
904.731200 1279.865600 822.235200 850.398400 1.000000
893.281600 2111.328000 823.131200 1729.008000 1.000000
906.580800 1203.795200 823.305600 766.244800 1.000000
896.846400 1913.920000 823.420800 1532.155200 1.000000
912.886400 850.248000 823.744000 355.144000 1.000000
899.652800 1871.904000 823.966400 1490.705600 1.000000
912.275200 915.164800 824.153600 429.412800 1.000000
905.902400 1423.625600 824.865600 1011.438400 1.000000
892.256000 2338.896000 825.300800 1949.968000 1.000000
912.536000 950.715200 825.331200 471.960000 1.000000
898.115200 1980.048000 826.188800 1599.643200 1.000000
911.574400 1119.617600 827.188800 670.748800 1.000000
896.227200 2219.920000 827.414400 1836.064000 1.000000
895.281600 2353.504000 827.812800 1964.752000 1.000000
911.105600 1306.110400 828.540800 879.475200 1.000000
893.457600 2567.552000 828.848000 2166.624000 1.000000
901.984000 2051.120000 830.036800 1669.488000 1.000000
915.955200 1081.078400 830.481600 626.948800 1.000000
916.523200 1073.403200 830.921600 617.905600 1.000000
907.131200 1738.544000 831.462400 1352.635200 1.000000
895.979200 2757.776000 832.912000 2342.656000 1.000000
920.016000 965.544000 833.345600 490.873600 1.000000
921.489600 955.113600 834.134400 479.508800 1.000000
906.219200 1969.680000 834.190400 1590.748800 1.000000
920.588800 934.852800 834.292800 455.062400 1.000000
908.385600 1870.016000 834.739200 1489.280000 1.000000
906.040000 2217.056000 836.641600 1835.472000 1.000000
917.246400 1406.571200 837.348800 994.593600 1.000000
901.444800 2966.352000 837.630400 2529.008000 1.000000
925.011200 908.489600 838.054400 425.616000 1.000000
926.272000 633.958400 838.667200 96.640320 1.000000
915.766400 1757.504000 839.076800 1375.360000 1.000000
926.126400 1023.561600 839.291200 561.536000 1.000000
907.516800 2270.032000 839.635200 1883.680000 1.000000
909.854400 2144.432000 839.801600 1762.592000 1.000000
906.080000 2879.392000 840.320000 2454.992000 1.000000
914.680000 1815.536000 840.574400 1433.416000 1.000000
917.256000 1695.600000 841.616000 1310.622400 1.000000
910.264000 2192.816000 841.876800 1810.240000 1.000000
916.441600 1848.912000 842.593600 1467.808000 1.000000
915.969600 1964.768000 843.059200 1586.790400 1.000000
928.940800 1039.262400 843.065600 581.281600 1.000000
925.537600 1307.571200 843.600000 883.726400 1.000000
911.835200 2254.192000 843.843200 1869.616000 1.000000
908.520000 2826.128000 844.060800 2402.288000 1.000000
910.020800 2542.384000 844.288000 2143.408000 1.000000
919.536000 1831.296000 845.156800 1450.496000 1.000000
915.113600 2219.648000 846.142400 1837.456000 1.000000
911.670400 2503.936000 846.468800 2107.408000 1.000000
920.427200 1875.680000 846.488000 1494.518400 1.000000
919.716800 1910.624000 846.822400 1530.374400 1.000000
927.721600 1324.729600 846.852800 903.740800 1.000000
928.358400 1366.984000 847.710400 951.606400 1.000000
933.641600 711.249600 847.748800 186.742400 1.000000
922.584000 1899.264000 848.776000 1518.510400 1.000000
918.456000 2304.608000 850.094400 1918.592000 1.000000
915.680000 2592.624000 850.625600 2190.576000 1.000000
926.048000 1768.896000 850.740800 1385.396800 1.000000
925.121600 1819.664000 850.750400 1439.620800 1.000000
934.849600 1061.465600 851.219200 607.982400 1.000000
915.190400 2769.424000 851.305600 2352.416000 1.000000
938.107200 947.902400 852.155200 472.328000 1.000000
939.342400 908.622400 852.694400 427.273600 1.000000
929.468800 1568.172800 853.104000 1172.654400 1.000000
940.161600 895.572800 853.388800 412.323200 1.000000
930.497600 1715.952000 854.113600 1337.171200 1.000000
935.236800 1266.670400 854.272000 838.958400 1.000000
929.492800 1831.856000 854.745600 1451.577600 1.000000
932.745600 1468.105600 855.128000 1063.294400 1.000000
920.115200 2712.736000 855.713600 2300.896000 1.000000
934.044800 1536.304000 856.256000 1139.404800 1.000000
940.600000 1048.403200 856.464000 592.129600 1.000000
935.379200 1546.067200 857.256000 1149.443200 1.000000
930.902400 1853.216000 857.297600 1473.304000 1.000000
941.316800 1096.752000 857.358400 648.812800 1.000000
932.891200 1678.480000 857.654400 1293.315200 1.000000
922.086400 2980.944000 857.736000 2543.584000 1.000000
924.526400 2826.656000 857.888000 2406.000000 1.000000
925.508800 2360.608000 858.195200 1975.616000 1.000000
924.142400 2642.688000 858.496000 2237.600000 1.000000
935.600000 1455.856000 859.064000 1050.348800 1.000000
940.326400 1301.128000 859.425600 878.656000 1.000000
937.910400 1527.334400 859.816000 1130.110400 1.000000
945.884800 695.044800 859.846400 171.123200 1.000000
945.227200 638.963200 860.009600 104.638400 1.000000
939.476800 1437.326400 860.275200 1030.262400 1.000000
945.713600 619.603200 860.342400 80.452800 1.000000
945.947200 1091.704000 861.600000 641.313600 1.000000
930.920000 2344.752000 861.720000 1958.608000 1.000000
939.520000 1612.048000 861.883200 1220.222400 1.000000
947.936000 714.408000 862.044800 191.888000 1.000000
943.278400 1216.273600 862.163200 784.563200 1.000000
944.681600 1334.396800 863.555200 918.547200 1.000000
929.272000 2793.216000 863.616000 2376.944000 1.000000
951.766400 787.684800 864.684800 283.532800 1.000000
942.646400 1488.318400 864.844800 1086.875200 1.000000
942.340800 1850.384000 865.584000 1470.811200 1.000000
943.368000 1556.480000 866.102400 1161.894400 1.000000
932.308800 2991.344000 866.396800 2553.104000 1.000000
933.316800 2405.584000 866.508800 2015.456000 1.000000
945.430400 1486.588800 866.569600 1086.516800 1.000000
949.604800 1131.476800 867.576000 690.012800 1.000000
953.721600 742.177600 867.779200 228.049600 1.000000
933.940800 2899.376000 868.164800 2471.184000 1.000000
947.483200 1283.065600 868.539200 859.326400 1.000000
934.430400 2676.480000 868.934400 2270.560000 1.000000
946.660800 1535.499200 869.249600 1139.670400 1.000000
946.472000 1544.430400 869.350400 1151.228800 1.000000
954.300800 899.248000 869.396800 418.310400 1.000000
947.648000 1689.408000 871.496000 1304.452800 1.000000
938.502400 2873.968000 872.088000 2448.416000 1.000000
940.025600 2375.696000 872.448000 1989.088000 1.000000
955.912000 1103.492800 872.635200 657.763200 1.000000
949.328000 1495.307200 872.676800 1096.993600 1.000000
937.436800 2816.528000 872.974400 2396.480000 1.000000
941.550400 2337.968000 873.201600 1953.392000 1.000000
949.084800 1817.072000 875.025600 1438.398400 1.000000
960.252800 864.238400 875.449600 376.016000 1.000000
955.417600 1370.440000 875.488000 959.632000 1.000000
959.968000 629.307200 875.889600 93.394080 1.000000
959.168000 1187.888000 876.700800 754.598400 1.000000
942.460800 2655.040000 876.833600 2250.816000 1.000000
944.670400 2397.744000 876.918400 2011.168000 1.000000
960.464000 1064.532800 877.337600 612.748800 1.000000
962.880000 730.793600 877.545600 217.860800 1.000000
948.878400 1953.040000 877.974400 1576.848000 1.000000
955.184000 1562.291200 878.484800 1170.116800 1.000000
945.425600 2804.880000 880.052800 2387.200000 1.000000
959.955200 1431.915200 881.926400 1026.160000 1.000000
948.553600 2522.320000 882.064000 2126.656000 1.000000
951.523200 2381.008000 883.640000 1995.328000 1.000000
957.104000 1981.952000 883.870400 1606.624000 1.000000
967.099200 720.110400 884.292800 205.382400 1.000000
963.360000 1407.832000 884.611200 1000.428800 1.000000
952.499200 2616.416000 885.356800 2213.248000 1.000000
952.476800 2736.256000 886.232000 2324.560000 1.000000
969.612800 694.219200 886.312000 172.048000 1.000000
969.531200 1021.712000 886.988800 563.542400 1.000000
970.516800 644.740800 887.060800 115.829120 1.000000
971.536000 737.905600 887.230400 225.587200 1.000000
959.291200 2099.344000 888.656000 1722.160000 1.000000
972.852800 864.588800 888.787200 376.790400 1.000000
957.432000 2259.456000 889.092800 1877.152000 1.000000
972.096000 686.060800 889.136000 162.723200 1.000000
972.878400 910.601600 889.404800 433.416000 1.000000
959.304000 2389.520000 890.302400 2002.992000 1.000000
957.686400 2658.400000 890.422400 2255.440000 1.000000
974.836800 666.272000 891.780800 137.987840 1.000000
973.865600 941.729600 892.097600 468.656000 1.000000
964.270400 1979.120000 892.419200 1604.144000 1.000000
977.222400 835.185600 894.600000 340.128000 1.000000
964.870400 2110.176000 894.752000 1733.024000 1.000000
977.348800 636.020800 895.464000 102.983040 1.000000
962.003200 2968.512000 895.833600 2533.760000 1.000000
962.388800 2644.080000 895.897600 2241.536000 1.000000
964.499200 2633.760000 896.736000 2233.440000 1.000000
964.168000 2635.616000 897.816000 2233.856000 1.000000
981.380800 858.950400 898.195200 371.427200 1.000000
970.776000 1863.168000 898.228800 1486.515200 1.000000
971.724800 1878.640000 898.552000 1501.278400 1.000000
980.203200 1173.292800 899.443200 740.156800 1.000000
980.084800 1159.220800 899.918400 723.467200 1.000000
976.139200 1527.931200 900.115200 1133.809600 1.000000
967.398400 2488.624000 900.569600 2095.680000 1.000000
977.792000 1447.865600 901.374400 1045.321600 1.000000
983.438400 799.750400 901.478400 299.100800 1.000000
986.577600 776.198400 902.289600 271.164800 1.000000
985.825600 716.612800 902.744000 202.628800 1.000000
976.627200 1833.904000 902.790400 1456.601600 1.000000
976.408000 1800.752000 903.209600 1422.305600 1.000000
986.020800 699.184000 903.505600 182.110400 1.000000
970.281600 2926.560000 903.744000 2493.984000 1.000000
986.912000 823.464000 903.988800 329.264000 1.000000
981.966400 1368.531200 904.171200 960.758400 1.000000
971.076800 2809.056000 904.185600 2392.832000 1.000000
971.432000 2323.408000 904.688000 1938.544000 1.000000
986.363200 1008.336000 904.880000 550.504000 1.000000
972.054400 2573.904000 904.982400 2176.320000 1.000000
985.905600 1112.584000 905.355200 671.718400 1.000000
972.499200 2819.136000 905.945600 2403.088000 1.000000
972.388800 2665.040000 906.550400 2260.944000 1.000000
989.148800 850.408000 907.225600 361.097600 1.000000
988.312000 1046.657600 907.451200 596.041600 1.000000
977.348800 2349.568000 907.704000 1967.216000 1.000000
983.771200 1610.576000 907.737600 1222.206400 1.000000
976.006400 2284.784000 907.958400 1900.640000 1.000000
992.099200 692.488000 910.120000 173.412800 1.000000
981.323200 2097.248000 910.297600 1723.376000 1.000000
986.787200 1745.600000 911.108800 1368.123200 1.000000
981.705600 2432.368000 911.593600 2044.032000 1.000000
989.188800 1192.355200 911.806400 761.582400 1.000000
983.435200 2121.200000 912.121600 1745.936000 1.000000
990.489600 1384.292800 913.088000 977.494400 1.000000
989.934400 1405.508800 914.043200 999.686400 1.000000
990.662400 1475.851200 914.292800 1080.112000 1.000000
983.067200 2492.608000 914.862400 2101.824000 1.000000
981.308800 2449.552000 915.185600 2059.728000 1.000000
995.968000 1080.812800 915.518400 636.331200 1.000000
996.475200 929.124800 915.580800 456.339200 1.000000
992.952000 1148.931200 915.872000 710.334400 1.000000
983.921600 2501.344000 916.160000 2109.296000 1.000000
986.548800 2183.264000 916.452800 1806.496000 1.000000
994.675200 1349.249600 916.481600 935.732800 1.000000
998.584000 902.715200 916.609600 427.892800 1.000000
986.152000 2176.848000 916.684800 1800.992000 1.000000
994.211200 1439.592000 917.216000 1037.947200 1.000000
985.086400 2196.496000 917.360000 1819.712000 1.000000
998.580800 1032.276800 917.408000 579.964800 1.000000
999.062400 845.300800 917.694400 356.843200 1.000000
990.521600 2089.856000 918.876800 1713.408000 1.000000
993.824000 1689.920000 919.260800 1309.300800 1.000000
988.820800 2832.000000 920.222400 2414.816000 1.000000
991.414400 2389.936000 921.035200 2006.608000 1.000000
1000.835200 1272.683200 921.403200 855.020800 1.000000
997.400000 1658.672000 922.734400 1275.697600 1.000000
992.552000 2413.888000 922.873600 2028.736000 1.000000
990.444800 2492.592000 923.108800 2101.920000 1.000000
994.225600 2250.496000 923.217600 1872.176000 1.000000
993.203200 2871.552000 924.766400 2449.184000 1.000000
1005.625600 735.001600 925.176000 224.209600 1.000000
1001.841600 1466.790400 926.369600 1071.169600 1.000000
994.651200 2288.992000 926.384000 1908.704000 1.000000
994.774400 2740.432000 926.441600 2330.240000 1.000000
1002.422400 1868.528000 926.686400 1495.651200 1.000000
1005.952000 992.793600 926.944000 533.643200 1.000000
1005.721600 1546.158400 927.136000 1161.835200 1.000000
997.790400 2652.288000 928.232000 2251.792000 1.000000
997.684800 2542.976000 928.404800 2149.808000 1.000000
999.168000 2800.480000 930.268800 2386.944000 1.000000
1000.401600 2925.328000 930.689600 2494.272000 1.000000
1000.689600 2087.568000 931.204800 1714.272000 1.000000
1001.860800 2317.552000 931.518400 1936.736000 1.000000
1011.449600 663.246400 931.572800 141.037760 1.000000
1014.432000 1027.571200 931.792000 576.211200 1.000000
1000.516800 2297.136000 932.779200 1916.592000 1.000000
1001.628800 2493.568000 933.088000 2103.792000 1.000000
1013.433600 896.046400 934.028800 420.947200 1.000000
1004.075200 2306.208000 934.644800 1926.080000 1.000000
1008.702400 1785.376000 935.248000 1411.600000 1.000000
1017.118400 690.811200 935.764800 174.552000 1.000000
1009.451200 1678.624000 935.820800 1297.824000 1.000000
1004.574400 2728.544000 935.846400 2320.848000 1.000000
1005.771200 2711.744000 936.531200 2306.272000 1.000000
1012.435200 1763.376000 937.526400 1388.820800 1.000000
1014.392000 1192.769600 937.715200 762.195200 1.000000
1018.008000 1117.024000 938.104000 679.302400 1.000000
1013.099200 1712.064000 939.289600 1335.934400 1.000000
1008.972800 2403.488000 939.299200 2019.456000 1.000000
1007.628800 2232.272000 939.704000 1854.592000 1.000000
1014.508800 1495.524800 939.787200 1103.164800 1.000000
1010.929600 2803.872000 942.064000 2390.000000 1.000000
1010.689600 2561.328000 942.243200 2166.384000 1.000000
1017.451200 1454.435200 942.358400 1058.585600 1.000000
1016.032000 1791.680000 942.476800 1417.993600 1.000000
1012.491200 2136.448000 942.536000 1761.808000 1.000000
1023.270400 999.425600 942.843200 542.817600 1.000000
1011.761600 2913.872000 943.436800 2484.800000 1.000000
1020.702400 1278.928000 944.203200 865.656000 1.000000
1013.883200 2755.408000 945.350400 2345.664000 1.000000
1022.155200 1124.726400 945.353600 688.873600 1.000000
1024.934400 613.784000 945.763200 82.889120 1.000000
1023.472000 1219.939200 945.972800 795.628800 1.000000
1024.620800 778.707200 946.062400 278.016000 1.000000
1018.300800 1843.120000 946.654400 1468.628800 1.000000
1023.763200 755.883200 946.838400 252.481600 1.000000
1022.417600 1438.904000 946.912000 1041.299200 1.000000
1020.857600 1756.400000 947.640000 1380.937600 1.000000
1023.462400 965.524800 947.707200 500.758400 1.000000
1017.889600 2477.056000 949.145600 2087.728000 1.000000
1019.382400 2649.360000 950.137600 2248.496000 1.000000
1024.908800 1483.216000 950.158400 1090.558400 1.000000
1027.888000 1140.185600 950.804800 706.616000 1.000000
1024.732800 1799.856000 951.683200 1427.051200 1.000000
1020.756800 2916.896000 951.691200 2487.392000 1.000000
1031.843200 872.073600 953.198400 393.379200 1.000000
1029.982400 601.956800 953.457600 68.332000 1.000000
1023.036800 2448.336000 953.508800 2059.568000 1.000000
1025.080000 2815.216000 955.649600 2398.432000 1.000000
1025.385600 2575.168000 956.249600 2179.888000 1.000000
1033.801600 1077.952000 956.638400 636.073600 1.000000
1036.755200 839.932800 957.478400 355.664000 1.000000
1029.462400 2222.384000 959.715200 1846.016000 1.000000
1032.665600 2547.856000 960.105600 2157.264000 1.000000
1037.027200 1410.184000 960.377600 1010.816000 1.000000
1028.011200 2832.592000 960.488000 2414.832000 1.000000
1032.923200 2185.904000 961.236800 1811.472000 1.000000
1031.993600 2343.872000 962.201600 1963.504000 1.000000
1035.254400 1670.128000 962.256000 1290.897600 1.000000
1041.382400 1045.915200 962.992000 600.912000 1.000000
1037.584000 1730.928000 963.128000 1356.078400 1.000000
1034.822400 2531.216000 964.118400 2140.288000 1.000000
1034.036800 2604.832000 964.595200 2208.192000 1.000000
1042.600000 946.542400 965.163200 481.430400 1.000000
1035.184000 2777.136000 965.249600 2366.256000 1.000000
1036.168000 2730.720000 966.438400 2323.552000 1.000000
1035.880000 2565.728000 966.672000 2171.776000 1.000000
1042.371200 1384.444800 967.124800 982.963200 1.000000
1036.744000 2391.424000 967.276800 2010.352000 1.000000
1045.571200 688.281600 967.924800 173.931200 1.000000
1039.688000 2351.648000 968.563200 1972.160000 1.000000
1043.942400 1350.190400 968.988800 946.252800 1.000000
1040.064000 2175.584000 969.009600 1801.408000 1.000000
1039.268800 2296.064000 969.009600 1918.384000 1.000000
1039.867200 2639.792000 969.411200 2241.312000 1.000000
1045.358400 1414.875200 969.814400 1017.924800 1.000000
1041.241600 2223.616000 969.900800 1847.744000 1.000000
1038.622400 2881.824000 970.003200 2458.544000 1.000000
1041.926400 2289.424000 971.216000 1913.584000 1.000000
1043.052800 1987.984000 971.580800 1618.176000 1.000000
1040.328000 2575.856000 971.588800 2181.632000 1.000000
1041.675200 2387.264000 971.704000 2006.112000 1.000000
1043.440000 1818.400000 972.323200 1444.582400 1.000000
1049.873600 1188.836800 973.427200 763.081600 1.000000
1045.766400 2662.720000 975.960000 2262.880000 1.000000
1114.217600 2621.072000 976.238400 2757.840000 1.000000
1051.777600 1303.792000 976.246400 895.617600 1.000000
1046.582400 2570.176000 977.256000 2177.792000 1.000000
1050.889600 1610.512000 977.380800 1228.800000 1.000000
1047.440000 2213.696000 977.452800 1838.608000 1.000000
1050.851200 1688.080000 978.318400 1312.432000 1.000000
1055.332800 1263.144000 979.334400 849.296000 1.000000
1051.225600 2902.208000 979.353600 2476.832000 1.000000
1051.179200 1960.880000 979.481600 1590.611200 1.000000
1050.182400 2204.192000 979.510400 1830.032000 1.000000
1055.168000 648.995200 980.457600 127.327040 1.000000
1055.488000 1791.136000 980.547200 1418.083200 1.000000
1056.198400 609.075200 980.630400 78.668000 1.000000
1050.408000 2479.520000 980.700800 2091.488000 1.000000
1052.515200 2658.592000 981.918400 2259.536000 1.000000
1058.320000 1040.876800 982.049600 594.678400 1.000000
1055.457600 1348.563200 982.139200 942.678400 1.000000
1120.256000 2615.456000 983.276800 2752.864000 1.000000
1054.944000 1970.224000 983.358400 1601.408000 1.000000
1054.132800 2593.216000 983.371200 2199.600000 1.000000
1058.078400 1455.294400 984.100800 1063.158400 1.000000
1055.057600 2091.216000 984.400000 1721.456000 1.000000
1060.398400 1241.721600 984.950400 830.196800 1.000000
1051.753600 2679.152000 985.270400 2281.104000 1.000000
1059.659200 1407.643200 985.547200 1009.142400 1.000000
1055.926400 2504.896000 986.214400 2116.848000 1.000000
1057.864000 2123.536000 987.420800 1752.064000 1.000000
1058.508800 2806.208000 987.598400 2393.328000 1.000000
1062.921600 1204.304000 987.707200 782.558400 1.000000
1058.630400 2423.456000 987.944000 2038.416000 1.000000
1062.470400 1323.587200 988.006400 916.486400 1.000000
1058.979200 2074.112000 988.054400 1704.464000 1.000000
1059.358400 2156.256000 988.272000 1784.160000 1.000000
1061.264000 1687.680000 988.702400 1313.136000 1.000000
1059.700800 2230.592000 989.276800 1856.416000 1.000000
1066.627200 743.804800 990.452800 239.201600 1.000000
1064.371200 783.961600 990.476800 287.310400 1.000000
1062.516800 1983.504000 990.726400 1614.832000 1.000000
1066.825600 1012.548800 990.760000 562.616000 1.000000
1064.664000 1854.416000 991.481600 1486.347200 1.000000
1065.601600 1547.950400 992.249600 1163.822400 1.000000
1064.849600 2642.256000 993.368000 2244.912000 1.000000
1065.755200 1799.872000 993.542400 1430.289600 1.000000
1064.651200 1975.728000 993.584000 1607.376000 1.000000
1066.630400 1724.688000 993.691200 1352.281600 1.000000
1066.240000 1917.264000 995.107200 1546.857600 1.000000
1070.182400 766.657600 995.355200 265.934400 1.000000
1069.219200 1134.832000 995.606400 704.345600 1.000000
1069.257600 659.300800 995.702400 139.749280 1.000000
1066.041600 2614.704000 995.840000 2219.296000 1.000000
1070.627200 1159.776000 996.140800 732.520000 1.000000
1068.188800 1964.384000 996.630400 1596.902400 1.000000
1071.368000 1374.326400 996.694400 975.249600 1.000000
1069.326400 1933.520000 997.040000 1563.340800 1.000000
1067.905600 2258.240000 997.073600 1883.056000 1.000000
1077.574400 1408.598400 997.220800 1015.996800 1.000000
1071.376000 565.238400 997.876800 27.661120 1.000000
1071.800000 1493.052800 998.113600 1106.353600 1.000000
1069.582400 2447.776000 998.155200 2062.960000 1.000000
1070.571200 1926.400000 998.528000 1556.214400 1.000000
1070.201600 2388.432000 998.536000 2009.088000 1.000000
1069.544000 2691.376000 998.644800 2289.680000 1.000000
1071.702400 588.435200 998.662400 55.092640 1.000000
1070.633600 2934.016000 999.393600 2502.752000 1.000000
1072.088000 2563.680000 1000.219200 2173.104000 1.000000
1076.862400 990.547200 1000.448000 536.523200 1.000000
1073.688000 1814.784000 1000.836800 1444.523200 1.000000
1072.244800 2699.088000 1001.059200 2297.040000 1.000000
1075.820800 1501.913600 1002.305600 1112.526400 1.000000
1073.729600 2061.456000 1002.660800 1692.320000 1.000000
1075.371200 1702.080000 1002.731200 1328.521600 1.000000
1074.000000 2418.176000 1003.249600 2035.024000 1.000000
1077.276800 1669.536000 1004.654400 1292.548800 1.000000
1077.579200 2778.320000 1004.654400 2368.960000 1.000000
1076.580800 2519.840000 1004.995200 2130.512000 1.000000
1077.233600 1750.000000 1005.561600 1377.339200 1.000000
1077.867200 2617.056000 1007.129600 2222.224000 1.000000
1080.907200 991.336000 1007.147200 538.974400 1.000000
1079.145600 2250.704000 1007.625600 1877.232000 1.000000
1080.660800 2050.960000 1008.321600 1681.248000 1.000000
1084.144000 933.273600 1009.337600 470.153600 1.000000
1083.787200 1216.902400 1009.649600 798.832000 1.000000
1079.758400 2313.952000 1009.777600 1936.704000 1.000000
1083.212800 1299.318400 1009.998400 890.940800 1.000000
1083.936000 1423.248000 1010.393600 1030.022400 1.000000
1085.233600 817.859200 1010.451200 331.038400 1.000000
1081.742400 2168.544000 1010.568000 1796.912000 1.000000
1082.086400 2444.512000 1011.118400 2059.968000 1.000000
1083.555200 612.628800 1011.254400 83.380640 1.000000
1086.049600 945.545600 1011.630400 485.963200 1.000000
1085.048000 2922.752000 1011.683200 2494.928000 1.000000
1084.060800 574.872000 1011.856000 40.315200 1.000000
1082.819200 1807.184000 1012.011200 1437.126400 1.000000
1089.220800 1484.940800 1012.251200 1101.203200 1.000000
1085.942400 2953.808000 1012.611200 2521.296000 1.000000
1084.758400 1871.696000 1013.563200 1503.376000 1.000000
1087.328000 1262.577600 1014.144000 849.470400 1.000000
1088.772800 1020.742400 1014.459200 574.448000 1.000000
1086.678400 1492.233600 1014.473600 1105.673600 1.000000
1088.160000 1666.112000 1014.545600 1291.089600 1.000000
1086.632000 1712.720000 1014.940800 1340.302400 1.000000
1088.312000 1771.280000 1015.486400 1401.024000 1.000000
1088.580800 595.609600 1016.476800 63.065600 1.000000
1088.761600 901.380800 1016.801600 430.068800 1.000000
1089.888000 1585.217600 1017.291200 1204.374400 1.000000
1089.532800 2933.584000 1017.633600 2501.824000 1.000000
1090.502400 678.619200 1017.944000 160.428800 1.000000
1091.932800 1412.043200 1018.078400 1018.116800 1.000000
1089.088000 2237.488000 1018.187200 1864.640000 1.000000
1089.539200 2119.792000 1018.612800 1750.064000 1.000000
1091.876800 712.108800 1019.219200 203.467200 1.000000
1089.624000 2268.128000 1019.875200 1893.392000 1.000000
1092.283200 1796.560000 1020.236800 1427.126400 1.000000
1091.120000 2195.648000 1020.252800 1824.000000 1.000000
1094.577600 1048.241600 1021.110400 605.884800 1.000000
1093.246400 2475.360000 1021.606400 2090.528000 1.000000
1093.241600 2168.896000 1021.827200 1798.032000 1.000000
1095.918400 1664.736000 1022.612800 1290.625600 1.000000
1095.334400 1692.416000 1022.892800 1319.529600 1.000000
1093.417600 2059.120000 1022.971200 1692.976000 1.000000
1097.136000 2789.408000 1023.609600 2378.416000 1.000000
1096.326400 721.292800 1024.014400 214.456000 1.000000
1096.126400 1934.736000 1024.166400 1566.934400 1.000000
1098.777600 1092.558400 1024.292800 658.297600 1.000000
1099.161600 2937.872000 1024.748800 2509.376000 1.000000
1098.712000 2468.096000 1025.817600 2083.824000 1.000000
1098.888000 1594.368000 1026.844800 1215.476800 1.000000
1101.054400 2908.352000 1027.630400 2481.936000 1.000000
1100.240000 1890.816000 1028.358400 1522.219200 1.000000
1099.758400 1817.952000 1028.680000 1449.990400 1.000000
1102.438400 815.041600 1028.734400 329.147200 1.000000
1101.180800 1301.736000 1029.014400 894.265600 1.000000
1101.740800 1780.496000 1029.780800 1411.257600 1.000000
1099.864000 691.598400 1029.870400 180.804800 1.000000
1102.996800 761.899200 1030.700800 264.256000 1.000000
1102.980800 731.521600 1030.856000 225.076800 1.000000
1104.225600 2350.736000 1031.048000 1974.224000 1.000000
1100.288000 2719.888000 1031.060800 2313.088000 1.000000
1103.401600 2460.432000 1032.025600 2077.568000 1.000000
1105.110400 2771.056000 1032.336000 2361.440000 1.000000
1102.848000 1787.680000 1032.443200 1418.913600 1.000000
1104.817600 929.772800 1032.678400 468.443200 1.000000
1104.988800 1826.784000 1033.312000 1460.780800 1.000000
1105.897600 1202.899200 1033.408000 786.587200 1.000000
1105.656000 1756.976000 1033.545600 1385.337600 1.000000
1104.472000 2416.560000 1033.561600 2034.160000 1.000000
1104.555200 1806.672000 1033.992000 1439.435200 1.000000
1105.859200 655.496000 1034.619200 136.943360 1.000000
1108.249600 980.907200 1035.332800 527.849600 1.000000
1111.540800 2941.200000 1035.686400 2510.288000 1.000000
1107.638400 1491.886400 1036.156800 1105.656000 1.000000
1108.771200 1701.040000 1036.731200 1328.859200 1.000000
1109.260800 1178.980800 1037.934400 758.371200 1.000000
1111.500800 1307.515200 1038.523200 904.555200 1.000000
1110.094400 2262.208000 1039.272000 1888.800000 1.000000
1111.259200 1669.104000 1039.867200 1297.454400 1.000000
1112.144000 2318.432000 1040.177600 1944.848000 1.000000
1112.091200 1955.424000 1040.592000 1588.680000 1.000000
1112.259200 1391.116800 1040.864000 996.696000 1.000000
1112.956800 1001.748800 1041.704000 551.686400 1.000000
1113.288000 1941.744000 1041.820800 1575.152000 1.000000
1112.235200 2142.192000 1041.916800 1772.416000 1.000000
1112.736000 675.307200 1041.918400 159.535360 1.000000
1114.353600 1808.320000 1042.408000 1441.470400 1.000000
1114.163200 2045.664000 1042.563200 1678.000000 1.000000
1113.777600 2106.032000 1043.049600 1738.480000 1.000000
1116.385600 1131.980800 1043.481600 706.867200 1.000000
1117.084800 2781.904000 1043.804800 2370.432000 1.000000
1115.860800 1454.436800 1044.160000 1066.297600 1.000000
1116.360000 2338.224000 1045.011200 1964.896000 1.000000
1117.553600 1608.608000 1045.078400 1232.676800 1.000000
1114.132800 611.486400 1045.518400 83.677920 1.000000
1118.377600 2435.168000 1045.944000 2051.824000 1.000000
1122.665600 2900.480000 1046.952000 2475.232000 1.000000
1118.948800 2164.480000 1047.844800 1794.624000 1.000000
1119.641600 1291.161600 1047.864000 884.718400 1.000000
1119.299200 932.790400 1048.137600 473.118400 1.000000
1118.766400 1470.419200 1048.268800 1083.267200 1.000000
1118.772800 582.128000 1049.548800 46.271520 1.000000
1122.505600 2758.384000 1049.593600 2350.736000 1.000000
1120.896000 1397.643200 1049.748800 1004.328000 1.000000
1121.016000 1194.742400 1049.814400 779.022400 1.000000
1121.689600 2243.856000 1050.115200 1871.600000 1.000000
1121.297600 1252.347200 1050.470400 841.780800 1.000000
1123.747200 1749.936000 1052.188800 1381.894400 1.000000
1123.792000 1371.926400 1052.318400 976.342400 1.000000
1123.256000 1304.521600 1052.489600 901.372800 1.000000
1124.729600 1586.174400 1052.750400 1208.587200 1.000000
1125.664000 950.561600 1053.524800 493.203200 1.000000
1123.889600 847.556800 1053.833600 371.776000 1.000000
1124.068800 1267.403200 1056.083200 861.969600 1.000000
1129.585600 1152.417600 1056.854400 729.544000 1.000000
1133.203200 2808.720000 1057.707200 2395.936000 1.000000
1127.904000 804.604800 1057.872000 320.081600 1.000000
1129.299200 1385.731200 1058.051200 992.036800 1.000000
1131.483200 2134.176000 1058.340800 1767.008000 1.000000
1129.377600 2180.496000 1058.960000 1810.208000 1.000000
1130.588800 1907.952000 1059.942400 1542.174400 1.000000
1133.462400 2687.152000 1060.508800 2287.264000 1.000000
1134.881600 2415.408000 1061.881600 2035.520000 1.000000
1132.185600 746.116800 1062.284800 246.214400 1.000000
1134.896000 1825.680000 1062.675200 1459.875200 1.000000
1140.473600 2984.576000 1063.873600 2550.624000 1.000000
1135.476800 906.168000 1064.046400 442.048000 1.000000
1134.649600 1030.209600 1064.284800 585.913600 1.000000
1130.739200 594.688000 1064.433600 63.083360 1.000000
1136.560000 1759.792000 1065.227200 1391.540800 1.000000
1136.075200 1506.636800 1065.736000 1122.955200 1.000000
1138.432000 2390.576000 1066.342400 2012.272000 1.000000
1135.897600 893.428800 1066.387200 427.217600 1.000000
1136.289600 1532.440000 1066.540800 1151.128000 1.000000
1137.180800 1153.776000 1067.230400 733.020800 1.000000
1138.880000 2324.560000 1067.236800 1953.408000 1.000000
1135.780800 764.894400 1067.366400 270.320000 1.000000
1134.444800 581.750400 1067.588800 46.699200 1.000000
1140.529600 2236.000000 1067.940800 1865.184000 1.000000
1134.582400 629.094400 1068.902400 103.888480 1.000000
1144.652800 2764.128000 1069.169600 2356.512000 1.000000
1141.560000 1766.832000 1070.017600 1399.952000 1.000000
1139.672000 1054.990400 1070.283200 617.691200 1.000000
1141.304000 1421.910400 1070.635200 1031.324800 1.000000
1144.264000 1351.424000 1072.931200 954.080000 1.000000
1144.966400 2033.648000 1073.017600 1668.944000 1.000000
1144.481600 2042.192000 1073.872000 1677.568000 1.000000
1145.708800 1742.544000 1074.433600 1374.228800 1.000000
1146.379200 2497.376000 1074.529600 2111.424000 1.000000
1147.094400 2519.328000 1074.534400 2131.280000 1.000000
1146.656000 2248.880000 1074.860800 1876.800000 1.000000
1147.038400 1876.656000 1075.483200 1511.576000 1.000000
1147.182400 1911.328000 1075.902400 1547.704000 1.000000
1152.116800 2916.224000 1076.076800 2489.904000 1.000000
1148.987200 2346.224000 1076.848000 1972.320000 1.000000
1149.806400 2311.632000 1077.561600 1939.520000 1.000000
1148.755200 1477.526400 1077.905600 1091.371200 1.000000
1145.446400 664.464000 1078.086400 146.951680 1.000000
1151.564800 2566.304000 1078.323200 2178.160000 1.000000
1144.198400 607.244800 1078.393600 77.325920 1.000000
1147.419200 1081.193600 1078.494400 648.636800 1.000000
1151.427200 2427.024000 1078.670400 2046.896000 1.000000
1151.272000 1841.392000 1079.633600 1475.608000 1.000000
1146.851200 717.774400 1079.953600 213.132800 1.000000
1149.849600 986.881600 1080.158400 537.214400 1.000000
1152.379200 1962.880000 1081.369600 1599.590400 1.000000
1154.238400 1566.705600 1081.710400 1190.422400 1.000000
1152.427200 1787.424000 1081.750400 1422.760000 1.000000
1158.801600 2876.832000 1082.601600 2456.752000 1.000000
1152.172800 1180.457600 1082.988800 759.635200 1.000000
1152.747200 1236.051200 1083.382400 826.553600 1.000000
1151.710400 769.152000 1083.425600 276.508800 1.000000
1153.875200 747.713600 1083.686400 252.852800 1.000000
1162.280000 2975.568000 1083.876800 2542.688000 1.000000
1155.276800 1749.648000 1084.131200 1382.537600 1.000000
1154.894400 1672.416000 1084.630400 1300.884800 1.000000
1157.004800 2373.696000 1084.660800 1997.408000 1.000000
1156.755200 1284.945600 1085.737600 882.782400 1.000000
1158.171200 2151.424000 1086.112000 1782.992000 1.000000
1158.444800 1493.545600 1087.699200 1109.608000 1.000000
1161.022400 2410.496000 1088.129600 2032.048000 1.000000
1156.432000 1393.737600 1088.395200 1001.785600 1.000000
1160.990400 1761.760000 1090.555200 1395.281600 1.000000
1167.224000 2891.232000 1090.563200 2469.184000 1.000000
1161.113600 1709.472000 1090.667200 1339.723200 1.000000
1159.771200 782.752000 1091.795200 296.361600 1.000000
1166.675200 2484.992000 1092.596800 2101.280000 1.000000
1160.356800 903.011200 1092.723200 440.246400 1.000000
1168.252800 2525.920000 1093.716800 2140.640000 1.000000
1164.809600 2221.568000 1093.980800 1851.472000 1.000000
1163.812800 1327.916800 1095.041600 930.353600 1.000000
1171.049600 2336.400000 1095.852800 1966.144000 1.000000
1166.556800 1581.380800 1096.644800 1206.324800 1.000000
1168.035200 1678.544000 1097.548800 1308.828800 1.000000
1166.880000 1131.518400 1097.843200 709.256000 1.000000
1170.097600 1287.896000 1099.291200 887.443200 1.000000
1167.240000 871.539200 1099.628800 403.777600 1.000000
1170.844800 1856.160000 1100.204800 1491.233600 1.000000
1170.598400 1361.684800 1100.563200 966.024000 1.000000
1175.758400 2262.080000 1102.675200 1892.528000 1.000000
1172.211200 1495.563200 1102.851200 1113.094400 1.000000
1166.963200 684.752000 1103.176000 175.577600 1.000000
1175.371200 2119.216000 1103.384000 1753.888000 1.000000
1173.211200 1376.022400 1103.744000 981.992000 1.000000
1173.267200 990.376000 1105.212800 542.843200 1.000000
1177.524800 2302.272000 1105.444800 1931.648000 1.000000
1181.961600 2607.728000 1106.152000 2218.144000 1.000000
1177.592000 1754.256000 1106.377600 1387.816000 1.000000
1175.542400 1238.232000 1106.472000 829.649600 1.000000
1172.662400 974.752000 1106.568000 524.316800 1.000000
1180.814400 2169.408000 1108.251200 1800.832000 1.000000
1175.251200 743.180800 1108.606400 248.340800 1.000000
1184.540800 2592.304000 1109.307200 2203.936000 1.000000
1178.192000 1082.692800 1109.696000 653.164800 1.000000
1176.320000 728.214400 1110.089600 231.380800 1.000000
1182.776000 2104.880000 1110.409600 1740.864000 1.000000
1188.102400 2812.352000 1111.179200 2400.640000 1.000000
1180.809600 1428.536000 1111.899200 1039.630400 1.000000
1188.188800 2539.680000 1112.616000 2153.376000 1.000000
1187.198400 2420.864000 1114.267200 2043.008000 1.000000
1187.868800 2224.704000 1114.353600 1855.920000 1.000000
1190.488000 2305.696000 1114.630400 1936.304000 1.000000
1185.961600 1522.835200 1116.136000 1145.272000 1.000000
1187.908800 1930.128000 1116.291200 1568.000000 1.000000
1177.953600 606.100800 1116.729600 76.599200 1.000000
1184.064000 1014.179200 1116.897600 573.177600 1.000000
1185.907200 1318.332800 1117.995200 921.969600 1.000000
1198.915200 2983.312000 1118.374400 2552.032000 1.000000
1188.657600 1694.752000 1118.715200 1325.372800 1.000000
1192.208000 2507.056000 1118.899200 2123.984000 1.000000
1196.676800 2832.224000 1118.942400 2418.528000 1.000000
1189.032000 1533.953600 1120.116800 1157.025600 1.000000
1192.262400 1964.528000 1120.251200 1601.600000 1.000000
1191.185600 1848.464000 1120.604800 1484.494400 1.000000
1190.518400 1550.627200 1121.385600 1174.803200 1.000000
1199.998400 2747.744000 1121.443200 2341.696000 1.000000
1185.616000 750.635200 1121.865600 257.332800 1.000000
1190.550400 1449.272000 1121.995200 1063.865600 1.000000
1191.049600 1464.632000 1122.059200 1080.446400 1.000000
1193.161600 1864.512000 1122.292800 1500.491200 1.000000
1200.832000 2757.616000 1123.249600 2352.560000 1.000000
1200.356800 2738.752000 1123.324800 2335.312000 1.000000
1200.616000 2624.800000 1123.676800 2232.336000 1.000000
1188.948800 721.128000 1124.576000 223.115200 1.000000
1190.236800 852.059200 1125.075200 380.251200 1.000000
1191.756800 1282.110400 1125.504000 879.595200 1.000000
1199.481600 2166.832000 1126.416000 1799.744000 1.000000
1198.790400 1936.192000 1127.864000 1573.955200 1.000000
1194.884800 1054.684800 1128.268800 621.169600 1.000000
1197.888000 1583.692800 1129.136000 1210.350400 1.000000
1196.307200 1498.283200 1129.249600 1117.206400 1.000000
1198.708800 1682.640000 1129.278400 1312.849600 1.000000
1203.315200 2290.000000 1129.592000 1922.832000 1.000000
1211.473600 2986.272000 1130.334400 2553.648000 1.000000
1197.817600 1162.228800 1130.340800 743.883200 1.000000
1199.043200 1360.792000 1130.360000 967.630400 1.000000
1206.462400 2610.160000 1130.510400 2221.072000 1.000000
1201.584000 1857.664000 1130.961600 1494.392000 1.000000
1202.264000 1514.748800 1132.819200 1135.099200 1.000000
1205.102400 2106.768000 1133.268800 1742.400000 1.000000
1208.382400 2409.056000 1133.712000 2032.496000 1.000000
1204.523200 1895.120000 1133.731200 1531.174400 1.000000
1195.692800 688.483200 1133.806400 180.880000 1.000000
1195.788800 661.630400 1133.924800 147.283680 1.000000
1199.521600 982.052800 1133.990400 537.340800 1.000000
1199.601600 1110.608000 1134.161600 685.880000 1.000000
1208.096000 2329.728000 1134.854400 1959.424000 1.000000
1199.641600 830.209600 1134.952000 355.284800 1.000000
1212.212800 2569.344000 1136.016000 2181.616000 1.000000
1212.652800 2537.360000 1136.915200 2153.072000 1.000000
1206.204800 1491.244800 1139.131200 1111.323200 1.000000
1208.456000 1601.536000 1139.132800 1228.150400 1.000000
1217.339200 2778.720000 1139.238400 2370.544000 1.000000
1205.268800 1186.934400 1139.398400 773.640000 1.000000
1213.825600 2128.624000 1139.776000 1764.688000 1.000000
1214.694400 2438.224000 1140.248000 2059.424000 1.000000
1217.873600 2228.720000 1141.496000 1864.464000 1.000000
1210.809600 1764.896000 1142.035200 1401.835200 1.000000
1216.140800 2287.424000 1142.129600 1920.880000 1.000000
1221.268800 2686.784000 1142.552000 2289.616000 1.000000
1214.587200 1396.310400 1142.654400 1007.860800 1.000000
1213.483200 1919.216000 1142.734400 1557.977600 1.000000
1215.246400 1865.168000 1144.292800 1503.086400 1.000000
1211.172800 1069.241600 1145.124800 640.001600 1.000000
1222.777600 2635.488000 1145.436800 2242.496000 1.000000
1203.323200 557.769600 1145.555200 20.349440 1.000000
1222.184000 2507.616000 1145.934400 2124.848000 1.000000
1214.240000 1504.894400 1146.000000 1123.158400 1.000000
1211.307200 1036.753600 1146.156800 602.377600 1.000000
1225.758400 2834.384000 1146.262400 2420.576000 1.000000
1216.569600 1298.281600 1146.744000 895.883200 1.000000
1215.008000 1700.944000 1147.001600 1332.190400 1.000000
1214.161600 1338.680000 1147.012800 943.380800 1.000000
1216.368000 1738.528000 1147.353600 1373.665600 1.000000
1210.347200 879.782400 1147.475200 414.174400 1.000000
1228.296000 2927.264000 1147.776000 2500.768000 1.000000
1210.995200 689.129600 1149.566400 184.281600 1.000000
1229.582400 2786.496000 1150.096000 2377.344000 1.000000
1228.812800 2645.104000 1150.758400 2252.592000 1.000000
1234.833600 2995.008000 1151.500800 2563.120000 1.000000
1220.312000 1477.958400 1151.510400 1097.024000 1.000000
1220.166400 1683.680000 1151.532800 1315.169600 1.000000
1225.177600 2257.936000 1151.624000 1892.576000 1.000000
1228.313600 2520.288000 1152.032000 2137.456000 1.000000
1214.286400 747.020800 1153.230400 255.894400 1.000000
1236.336000 2985.408000 1153.238400 2554.816000 1.000000
1221.078400 1432.155200 1153.532800 1045.822400 1.000000
1219.521600 1226.448000 1153.612800 821.518400 1.000000
1230.758400 2557.424000 1153.673600 2172.336000 1.000000
1227.816000 1892.240000 1156.560000 1531.078400 1.000000
1221.784000 1093.756800 1157.670400 667.670400 1.000000
1217.424000 682.291200 1157.921600 177.536000 1.000000
1231.380800 2210.080000 1158.030400 1845.328000 1.000000
1227.371200 1595.276800 1158.188800 1222.107200 1.000000
1226.752000 1576.926400 1158.296000 1202.680000 1.000000
1237.977600 2869.456000 1159.113600 2451.952000 1.000000
1233.416000 2277.600000 1159.624000 1911.776000 1.000000
1225.859200 1348.744000 1159.808000 955.092800 1.000000
1234.689600 2384.128000 1160.352000 2009.728000 1.000000
1239.768000 2780.176000 1160.681600 2372.416000 1.000000
1243.972800 2935.024000 1161.321600 2508.576000 1.000000
1229.913600 1543.297600 1161.915200 1167.172800 1.000000
1231.572800 1805.376000 1161.936000 1442.785600 1.000000
1219.105600 577.529600 1161.948800 47.313280 1.000000
1235.699200 2339.136000 1162.036800 1968.656000 1.000000
1235.102400 2201.264000 1162.337600 1836.656000 1.000000
1243.598400 2677.168000 1163.208000 2280.864000 1.000000
1233.947200 1835.904000 1163.665600 1473.521600 1.000000
1231.228800 1454.465600 1163.892800 1072.126400 1.000000
1224.747200 650.552000 1164.075200 137.504960 1.000000
1231.390400 1338.470400 1164.915200 944.348800 1.000000
1229.316800 1071.934400 1165.529600 642.512000 1.000000
1228.825600 870.017600 1165.929600 400.227200 1.000000
1229.811200 952.624000 1167.132800 503.868800 1.000000
1224.488000 567.633600 1167.457600 34.969760 1.000000
1238.312000 1933.472000 1167.600000 1573.168000 1.000000
1242.964800 2362.896000 1167.947200 1989.424000 1.000000
1248.460800 2694.240000 1168.763200 2295.872000 1.000000
1229.377600 848.832000 1168.913600 377.329600 1.000000
1243.113600 2188.304000 1169.587200 1825.248000 1.000000
1226.107200 605.164800 1169.628800 82.869600 1.000000
1248.708800 2554.192000 1171.214400 2168.448000 1.000000
1230.091200 714.900800 1171.440000 219.078400 1.000000
1241.876800 1780.256000 1172.601600 1417.342400 1.000000
1246.393600 2208.576000 1173.166400 1843.152000 1.000000
1230.780800 599.180800 1173.731200 73.290080 1.000000
1251.988800 2594.832000 1174.400000 2203.616000 1.000000
1245.835200 2048.480000 1174.449600 1686.608000 1.000000
1231.467200 624.801600 1175.382400 107.360480 1.000000
1242.865600 1492.380800 1175.502400 1113.648000 1.000000
1243.048000 1554.646400 1175.595200 1181.070400 1.000000
1246.248000 1674.512000 1176.153600 1309.267200 1.000000
1237.299200 834.969600 1177.499200 361.036800 1.000000
1252.939200 2257.520000 1177.768000 1891.888000 1.000000
1239.691200 882.072000 1178.248000 417.764800 1.000000
1246.323200 1713.888000 1178.328000 1349.284800 1.000000
1244.742400 1475.432000 1178.403200 1095.385600 1.000000
1238.491200 817.075200 1178.611200 339.163200 1.000000
1244.081600 1363.363200 1179.056000 971.587200 1.000000
1241.345600 979.419200 1179.241600 535.491200 1.000000
1245.240000 1137.260800 1182.278400 720.174400 1.000000
1247.136000 1234.524800 1182.897600 831.264000 1.000000
1242.465600 783.416000 1183.484800 297.747200 1.000000
1239.470400 589.113600 1184.267200 60.918880 1.000000
1264.185600 2580.544000 1185.387200 2191.216000 1.000000
1254.462400 1851.680000 1185.643200 1491.691200 1.000000
1254.462400 1552.347200 1186.776000 1178.662400 1.000000
1245.131200 647.972800 1187.944000 132.892480 1.000000
1252.715200 1195.308800 1188.520000 786.417600 1.000000
1271.393600 2707.392000 1189.856000 2307.104000 1.000000
1260.708800 1919.200000 1190.064000 1558.745600 1.000000
1254.121600 1186.289600 1190.126400 776.472000 1.000000
1262.376000 2103.296000 1190.494400 1742.352000 1.000000
1246.910400 684.912000 1190.524800 179.579200 1.000000
1253.574400 1171.316800 1190.539200 759.544000 1.000000
1270.128000 2531.856000 1192.025600 2148.064000 1.000000
1257.846400 1421.060800 1192.996800 1037.392000 1.000000
1262.891200 1891.968000 1193.182400 1532.401600 1.000000
1253.972800 1040.308800 1193.628800 608.020800 1.000000
1257.091200 1151.716800 1193.840000 737.022400 1.000000
1272.502400 2561.904000 1194.392000 2174.704000 1.000000
1254.070400 829.446400 1194.532800 352.064000 1.000000
1273.041600 2624.928000 1194.675200 2232.960000 1.000000
1258.880000 1434.611200 1195.046400 1051.406400 1.000000
1281.150400 2963.344000 1195.432000 2534.816000 1.000000
1259.390400 946.680000 1196.611200 497.868800 1.000000
1261.540800 1353.400000 1196.785600 962.192000 1.000000
1263.433600 1256.683200 1199.278400 853.161600 1.000000
1273.310400 2277.424000 1199.659200 1909.712000 1.000000
1268.636800 1748.832000 1200.356800 1386.414400 1.000000
1280.899200 2672.448000 1200.692800 2276.064000 1.000000
1263.420800 1161.616000 1201.169600 749.601600 1.000000
1267.372800 1314.524800 1203.832000 918.657600 1.000000
1269.379200 1582.891200 1203.972800 1210.812800 1.000000
1288.177600 2786.688000 1205.718400 2377.680000 1.000000
1273.369600 1517.003200 1206.268800 1140.584000 1.000000
1267.472000 937.041600 1206.926400 490.460800 1.000000
1279.737600 2162.144000 1207.388800 1800.480000 1.000000
1291.816000 2841.632000 1207.910400 2423.904000 1.000000
1270.025600 1077.176000 1208.022400 649.521600 1.000000
1269.057600 1055.188800 1209.057600 622.950400 1.000000
1271.521600 1110.995200 1209.441600 688.150400 1.000000
1291.257600 2696.432000 1210.012800 2298.112000 1.000000
1272.766400 1159.852800 1210.020800 747.737600 1.000000
1274.822400 1484.689600 1210.451200 1106.272000 1.000000
1289.041600 2383.328000 1212.851200 2009.744000 1.000000
1279.656000 1749.408000 1213.054400 1386.795200 1.000000
1291.622400 2425.376000 1213.267200 2050.624000 1.000000
1268.553600 757.742400 1213.740800 266.684800 1.000000
1293.062400 2525.088000 1214.595200 2140.480000 1.000000
1276.673600 1244.278400 1214.644800 841.643200 1.000000
1285.555200 1800.176000 1215.441600 1439.982400 1.000000
1282.337600 1536.572800 1215.798400 1163.820800 1.000000
1292.681600 2211.312000 1217.368000 1848.720000 1.000000
1286.275200 1762.096000 1217.428800 1400.632000 1.000000
1281.966400 1221.371200 1219.368000 816.120000 1.000000
1287.115200 1654.208000 1220.460800 1287.424000 1.000000
1289.166400 1698.224000 1220.657600 1334.934400 1.000000
1304.980800 2877.984000 1220.817600 2459.232000 1.000000
1279.091200 921.942400 1221.473600 468.640000 1.000000
1290.900800 1873.168000 1222.710400 1514.313600 1.000000
1299.844800 2348.560000 1223.083200 1977.520000 1.000000
1287.214400 1406.649600 1223.220800 1021.188800 1.000000
1284.553600 1289.785600 1223.252800 892.228800 1.000000
1283.601600 874.227200 1223.745600 409.136000 1.000000
1287.958400 1381.912000 1224.632000 993.824000 1.000000
1289.438400 1340.368000 1225.129600 950.672000 1.000000
1292.360000 1724.160000 1225.424000 1360.777600 1.000000
1282.758400 943.936000 1225.542400 495.313600 1.000000
1292.203200 1471.595200 1225.654400 1092.745600 1.000000
1300.945600 2173.632000 1227.083200 1812.432000 1.000000
1305.291200 2391.488000 1227.355200 2016.912000 1.000000
1282.977600 856.323200 1227.374400 390.280000 1.000000
1306.852800 2557.168000 1228.067200 2164.096000 1.000000
1291.795200 1323.080000 1228.337600 930.931200 1.000000
1286.409600 810.203200 1229.596800 332.078400 1.000000
1302.820800 2144.928000 1229.800000 1784.528000 1.000000
1290.625600 1121.960000 1230.097600 702.473600 1.000000
1297.219200 1672.928000 1231.016000 1307.308800 1.000000
1302.273600 1946.592000 1231.371200 1588.092800 1.000000
1296.985600 1454.744000 1232.177600 1073.782400 1.000000
1311.251200 2542.496000 1232.388800 2156.832000 1.000000
1299.980800 1575.268800 1232.675200 1203.540800 1.000000
1285.118400 794.712000 1232.720000 313.979200 1.000000
1299.414400 1655.264000 1232.934400 1290.121600 1.000000
1311.571200 2490.480000 1233.478400 2108.752000 1.000000
1320.665600 2900.864000 1233.504000 2478.848000 1.000000
1307.340800 2132.128000 1234.636800 1772.896000 1.000000
1297.136000 1213.392000 1235.558400 806.468800 1.000000
1314.568000 2501.728000 1235.814400 2119.264000 1.000000
1300.480000 1508.913600 1236.488000 1132.150400 1.000000
1298.436800 1176.140800 1236.736000 764.235200 1.000000
1313.996800 2298.048000 1237.630400 1933.040000 1.000000
1304.171200 1547.931200 1238.347200 1174.878400 1.000000
1319.521600 2448.672000 1240.838400 2070.992000 1.000000
1313.745600 2092.864000 1241.172800 1733.360000 1.000000
1304.220800 1267.891200 1242.212800 868.366400 1.000000
1308.113600 1599.192000 1242.600000 1229.681600 1.000000
1326.699200 2764.320000 1242.974400 2358.272000 1.000000
1306.326400 1448.760000 1243.100800 1068.571200 1.000000
1297.982400 857.596800 1243.681600 389.219200 1.000000
1314.262400 1883.952000 1244.083200 1525.448000 1.000000
1306.780800 1299.636800 1244.323200 903.784000 1.000000
1304.843200 1199.950400 1244.851200 792.404800 1.000000
1325.003200 2557.056000 1245.243200 2170.384000 1.000000
1325.792000 2605.664000 1245.577600 2215.056000 1.000000
1334.472000 2944.368000 1246.246400 2517.136000 1.000000
1302.811200 905.169600 1246.361600 449.230400 1.000000
1312.752000 1709.152000 1246.518400 1344.806400 1.000000
1321.219200 2134.880000 1247.076800 1774.176000 1.000000
1303.787200 971.120000 1247.180800 528.004800 1.000000
1312.299200 1454.699200 1248.276800 1074.147200 1.000000
1307.000000 1068.532800 1248.902400 642.772800 1.000000
1334.315200 2805.232000 1250.211200 2392.864000 1.000000
1320.291200 1792.928000 1252.102400 1432.446400 1.000000
1340.936000 2994.048000 1252.296000 2559.344000 1.000000
1324.486400 1866.592000 1252.787200 1503.636800 1.000000
1339.483200 2869.536000 1253.555200 2451.136000 1.000000
1344.513600 2957.792000 1255.110400 2529.120000 1.000000
1316.753600 1363.356800 1255.160000 973.152000 1.000000
1323.443200 1804.256000 1255.310400 1444.344000 1.000000
1307.993600 774.510400 1255.790400 282.825600 1.000000
1318.929600 1401.452800 1256.652800 1016.328000 1.000000
1325.760000 1818.976000 1256.920000 1460.206400 1.000000
1332.776000 2232.368000 1257.228800 1868.656000 1.000000
1313.732800 940.707200 1257.552000 490.865600 1.000000
1325.865600 1775.152000 1258.240000 1414.390400 1.000000
1328.152000 1713.728000 1259.448000 1351.001600 1.000000
1319.230400 1068.518400 1260.208000 645.112000 1.000000
1319.619200 1149.230400 1260.836800 735.508800 1.000000
1339.009600 2311.696000 1261.620800 1947.840000 1.000000
1313.859200 750.024000 1263.100800 251.166400 1.000000
1345.753600 2667.872000 1263.241600 2273.248000 1.000000
1313.710400 659.113600 1263.624000 133.762400 1.000000
1321.739200 1081.492800 1263.753600 656.451200 1.000000
1329.617600 1545.524800 1265.113600 1172.595200 1.000000
1355.097600 2944.528000 1265.764800 2518.224000 1.000000
1344.054400 2344.352000 1266.624000 1973.856000 1.000000
1356.931200 2970.896000 1267.657600 2538.800000 1.000000
1316.220800 717.052800 1267.846400 210.524800 1.000000
1327.883200 1211.326400 1269.569600 804.244800 1.000000
1354.116800 2717.856000 1269.694400 2316.896000 1.000000
1349.452800 2510.272000 1270.064000 2126.592000 1.000000
1348.364800 2317.872000 1270.608000 1950.336000 1.000000
1355.777600 2751.808000 1270.988800 2346.800000 1.000000
1347.584000 2342.560000 1271.116800 1972.032000 1.000000
1336.313600 1570.224000 1272.049600 1199.081600 1.000000
1333.208000 1352.516800 1272.068800 962.640000 1.000000
1331.616000 1199.424000 1273.118400 792.526400 1.000000
1357.848000 2672.128000 1273.652800 2275.424000 1.000000
1333.251200 1158.270400 1275.737600 744.598400 1.000000
1337.899200 1419.865600 1275.918400 1036.243200 1.000000
1348.696000 2131.280000 1276.569600 1772.256000 1.000000
1356.638400 2441.072000 1277.043200 2063.328000 1.000000
1358.492800 2572.448000 1277.318400 2183.440000 1.000000
1344.035200 1686.784000 1277.529600 1322.227200 1.000000
1346.788800 1816.544000 1278.209600 1456.126400 1.000000
1328.696000 805.332800 1278.224000 318.056000 1.000000
1344.491200 1547.512000 1278.377600 1175.137600 1.000000
1339.304000 1243.516800 1278.950400 841.902400 1.000000
1330.201600 827.454400 1280.043200 345.424000 1.000000
1342.620800 1427.779200 1280.761600 1044.548800 1.000000
1364.112000 2626.544000 1281.185600 2234.528000 1.000000
1367.611200 2702.272000 1283.104000 2302.048000 1.000000
1346.723200 1490.396800 1284.673600 1113.393600 1.000000
1361.492800 2257.616000 1285.384000 1892.544000 1.000000
1363.620800 2424.368000 1285.833600 2046.032000 1.000000
1366.387200 2530.080000 1286.153600 2143.920000 1.000000
1340.724800 1059.745600 1286.220800 630.656000 1.000000
1355.198400 1858.816000 1286.545600 1500.454400 1.000000
1343.862400 1130.726400 1286.862400 712.859200 1.000000
1347.515200 1353.979200 1287.216000 963.836800 1.000000
1348.784000 1439.464000 1287.233600 1058.062400 1.000000
1364.974400 2324.448000 1287.299200 1955.120000 1.000000
1368.795200 2537.072000 1287.545600 2150.992000 1.000000
1367.356800 2449.328000 1287.809600 2070.608000 1.000000
1366.476800 2308.912000 1287.918400 1940.384000 1.000000
1350.593600 1475.273600 1288.003200 1096.302400 1.000000
1336.459200 764.094400 1288.305600 269.878400 1.000000
1337.073600 781.001600 1288.868800 289.465600 1.000000
1369.160000 2480.848000 1289.257600 2098.144000 1.000000
1370.475200 2508.816000 1290.038400 2123.200000 1.000000
1352.592000 1430.073600 1290.801600 1047.081600 1.000000
1367.518400 2197.280000 1292.316800 1834.208000 1.000000
1368.067200 2242.576000 1292.441600 1877.296000 1.000000
1346.385600 1015.816000 1294.118400 575.968000 1.000000
1369.281600 2262.544000 1294.187200 1893.904000 1.000000
1348.062400 992.342400 1295.747200 541.651200 1.000000
1371.540800 2217.328000 1296.088000 1852.336000 1.000000
1345.921600 882.916800 1296.172800 411.752000 1.000000
1366.784000 1956.336000 1296.198400 1597.811200 1.000000
1348.518400 971.022400 1297.174400 516.432000 1.000000
1341.208000 625.241600 1297.424000 97.770880 1.000000
1372.433600 2189.040000 1298.198400 1827.664000 1.000000
1370.987200 1960.128000 1299.964800 1600.832000 1.000000
1365.668800 1658.720000 1300.652800 1292.294400 1.000000
1369.329600 1846.736000 1300.710400 1487.091200 1.000000
1346.028800 641.524800 1302.324800 119.441760 1.000000
1366.603200 1522.180800 1303.732800 1147.166400 1.000000
1353.868800 902.569600 1304.307200 436.257600 1.000000
1377.998400 2067.024000 1305.344000 1707.120000 1.000000
1373.192000 1776.528000 1306.328000 1415.611200 1.000000
1359.196800 1072.483200 1307.099200 633.868800 1.000000
1370.659200 1526.822400 1308.305600 1151.403200 1.000000
1370.708800 1483.401600 1309.070400 1105.257600 1.000000
1361.240000 952.208000 1309.470400 495.771200 1.000000
1359.624000 775.593600 1311.022400 285.816000 1.000000
1357.979200 620.142400 1314.640000 93.307040 1.000000
1356.921600 594.494400 1314.940800 60.933440 1.000000
1374.702400 1376.012800 1315.342400 986.963200 1.000000
1371.564800 1153.652800 1316.262400 729.736000 1.000000
1365.806400 813.500800 1316.424000 329.665600 1.000000
1382.171200 1546.884800 1320.374400 1164.812800 1.000000
1377.665600 1277.192000 1321.412800 870.425600 1.000000
1387.971200 1794.176000 1321.924800 1428.835200 1.000000
1369.662400 898.992000 1322.304000 431.246400 1.000000
1384.360000 1438.060800 1325.220800 1049.302400 1.000000
1392.539200 1865.520000 1325.227200 1497.260800 1.000000
1386.577600 1503.659200 1325.238400 1118.078400 1.000000
1382.332800 1295.486400 1325.515200 891.494400 1.000000
1391.008000 1717.152000 1326.483200 1346.984000 1.000000
1388.427200 1521.648000 1327.500800 1140.748800 1.000000
1391.764800 1657.248000 1328.729600 1284.283200 1.000000
1380.108800 1088.112000 1329.084800 654.497600 1.000000
1397.305600 1888.032000 1329.612800 1520.812800 1.000000
1382.857600 1128.556800 1329.870400 702.160000 1.000000
1376.523200 841.524800 1330.190400 364.968000 1.000000
1393.816000 1572.644800 1331.380800 1193.614400 1.000000
1392.534400 1558.508800 1332.467200 1178.860800 1.000000
1393.515200 1471.552000 1334.246400 1085.587200 1.000000
1377.299200 609.296000 1337.052800 79.646720 1.000000
1387.955200 1045.588800 1337.888000 604.233600 1.000000
1406.140800 1898.544000 1338.203200 1532.016000 1.000000
1405.910400 1876.560000 1338.252800 1509.284800 1.000000
1394.979200 1291.353600 1338.753600 888.939200 1.000000
1385.756800 886.420800 1338.944000 418.992000 1.000000
1400.764800 1587.353600 1339.096000 1209.612800 1.000000
1388.179200 913.464000 1340.113600 450.947200 1.000000
1392.916800 1177.060800 1340.617600 758.691200 1.000000
1395.827200 1259.441600 1340.748800 851.080000 1.000000
1393.526400 1168.092800 1340.988800 748.576000 1.000000
1393.748800 1123.491200 1342.310400 697.446400 1.000000
1399.158400 1360.281600 1342.435200 962.982400 1.000000
1391.723200 964.118400 1342.955200 511.729600 1.000000
1392.603200 984.430400 1343.808000 535.990400 1.000000
1393.588800 899.521600 1345.888000 434.849600 1.000000
1397.392000 1066.059200 1346.072000 632.036800 1.000000
1407.705600 1517.672000 1347.211200 1133.299200 1.000000
1395.081600 932.163200 1348.001600 474.376000 1.000000
1403.708800 1283.577600 1349.140800 878.859200 1.000000
1410.862400 1603.856000 1349.364800 1227.467200 1.000000
1406.878400 1412.891200 1349.896000 1020.816000 1.000000
1403.414400 1141.256000 1350.916800 715.974400 1.000000
1411.129600 1385.356800 1354.571200 991.811200 1.000000
1411.646400 1363.939200 1355.686400 967.481600 1.000000
1418.838400 1592.662400 1357.337600 1215.014400 1.000000
1404.668800 931.334400 1357.579200 470.411200 1.000000
1397.635200 624.662400 1359.147200 99.592320 1.000000
1399.908800 641.579200 1360.963200 121.462720 1.000000
1412.603200 1078.801600 1362.660800 645.044800 1.000000
1408.915200 920.350400 1363.160000 457.995200 1.000000
1422.182400 1483.987200 1363.182400 1100.001600 1.000000
1411.948800 950.169600 1364.872000 495.185600 1.000000
1420.102400 1269.540800 1365.572800 860.376000 1.000000
1417.342400 1141.329600 1366.758400 716.804800 1.000000
1409.721600 805.763200 1368.227200 324.008000 1.000000
1423.481600 1288.080000 1369.955200 882.496000 1.000000
1424.049600 1211.897600 1371.782400 798.059200 1.000000
1426.675200 1323.276800 1372.508800 922.595200 1.000000
1419.177600 919.622400 1373.934400 455.683200 1.000000
1425.563200 1114.256000 1375.233600 683.208000 1.000000
1424.676800 1065.532800 1375.385600 628.678400 1.000000
1413.012800 689.521600 1376.100800 180.409600 1.000000
1430.396800 1057.579200 1382.771200 619.670400 1.000000
1425.696000 895.700800 1383.052800 424.819200 1.000000
1431.292800 789.264000 1386.982400 298.835200 1.000000
1427.224000 736.043200 1387.968000 235.795200 1.000000
1427.638400 667.902400 1391.076800 154.124800 1.000000
1429.577600 713.984000 1391.436800 209.324800 1.000000
1431.972800 748.028800 1393.280000 251.608000 1.000000
1433.300800 639.723200 1399.363200 119.685120 1.000000
1441.694400 896.788800 1399.507200 429.857600 1.000000
1437.240000 605.137600 1404.382400 77.764640 1.000000
1443.652800 622.363200 1410.251200 94.536960 1.000000
1448.563200 631.931200 1414.812800 111.338560 1.000000
1466.336000 755.792000 1433.796800 260.896000 1.000000
2143.200000 949.512000 2151.360000 537.105600 1.000000
2170.096000 924.456000 2177.056000 521.312000 1.000000
2162.864000 742.516800 2187.856000 305.625600 1.000000
2195.920000 534.651200 2241.312000 66.257280 1.000000
2217.568000 676.747200 2249.840000 249.145600 1.000000
2473.696000 1831.536000 2313.952000 2156.432000 1.000000
2490.896000 1812.576000 2330.416000 2145.216000 1.000000
2496.560000 1727.744000 2344.736000 2070.128000 1.000000
2383.904000 810.451200 2347.840000 900.924800 1.000000
2391.264000 809.324800 2354.416000 901.504000 1.000000
2434.512000 962.772800 2372.640000 1160.729600 1.000000
2538.448000 1752.080000 2382.320000 2105.408000 1.000000
2541.984000 1775.120000 2383.504000 2124.864000 1.000000
2551.312000 1844.448000 2385.712000 2189.568000 1.000000
2450.080000 956.865600 2389.504000 1157.721600 1.000000
2562.544000 1765.968000 2404.192000 2123.024000 1.000000
2504.912000 1162.721600 2406.352000 1519.457600 1.000000
2497.872000 941.180800 2440.176000 1147.318400 1.000000
2617.408000 1731.424000 2458.896000 2108.736000 1.000000
2564.160000 1147.115200 2465.296000 1516.395200 1.000000
2583.568000 1226.102400 2476.960000 1595.624000 1.000000
2635.536000 1714.976000 2478.832000 2095.152000 1.000000
2632.304000 1676.864000 2479.008000 2058.512000 1.000000
2537.056000 884.737600 2484.656000 1098.377600 1.000000
2652.400000 1748.560000 2490.336000 2130.080000 1.000000
2640.304000 1592.392000 2493.712000 1978.464000 1.000000
2549.104000 854.700800 2500.624000 1070.897600 1.000000
2600.912000 1168.808000 2500.720000 1547.148800 1.000000
2552.368000 879.529600 2500.800000 1100.056000 1.000000
2611.136000 1226.451200 2504.592000 1602.496000 1.000000
2569.760000 916.304000 2505.520000 1154.278400 1.000000
2552.224000 809.921600 2509.216000 1009.883200 1.000000
2668.640000 1716.800000 2509.440000 2102.000000 1.000000
2682.208000 1796.912000 2512.496000 2183.472000 1.000000
2674.176000 1716.320000 2514.784000 2102.768000 1.000000
2626.880000 1205.099200 2522.384000 1585.334400 1.000000
2687.296000 1710.432000 2528.128000 2100.064000 1.000000
2637.776000 1244.230400 2529.776000 1623.904000 1.000000
2746.944000 1426.275200 2535.312000 1795.760000 1.000000
2696.288000 1709.280000 2536.064000 2101.584000 1.000000
2675.152000 1539.412800 2536.160000 1923.792000 1.000000
2612.848000 998.552000 2540.672000 1301.945600 1.000000
2666.288000 1376.100800 2541.248000 1737.936000 1.000000
2706.928000 1704.608000 2547.424000 2098.720000 1.000000
2665.056000 1307.907200 2549.808000 1691.520000 1.000000
2713.664000 1672.528000 2557.776000 2071.152000 1.000000
2690.592000 1390.308800 2565.728000 1779.888000 1.000000
2703.904000 1502.449600 2567.840000 1898.528000 1.000000
2732.512000 1719.728000 2570.384000 2120.128000 1.000000
2745.120000 1764.448000 2577.424000 2166.928000 1.000000
2692.272000 1272.262400 2579.456000 1663.200000 1.000000
2744.496000 1737.056000 2580.144000 2140.064000 1.000000
2743.104000 1707.520000 2582.000000 2110.560000 1.000000
2750.400000 1742.608000 2584.224000 2145.360000 1.000000
2723.424000 1496.446400 2585.808000 1894.976000 1.000000
2750.592000 1730.176000 2586.512000 2135.184000 1.000000
2742.704000 1658.512000 2587.168000 2062.064000 1.000000
2694.112000 1218.804800 2587.904000 1611.712000 1.000000
2743.440000 1561.614400 2598.496000 1963.456000 1.000000
2777.760000 1748.320000 2609.536000 2161.296000 1.000000
2773.872000 1707.120000 2610.624000 2118.112000 1.000000
2780.656000 1728.336000 2614.592000 2141.712000 1.000000
2775.536000 1670.560000 2616.240000 2080.560000 1.000000
2787.040000 1749.600000 2618.176000 2164.480000 1.000000
2787.200000 1652.560000 2629.488000 2068.992000 1.000000
2793.280000 1674.560000 2632.784000 2092.672000 1.000000
2804.512000 1761.616000 2633.632000 2182.272000 1.000000
2790.944000 1599.254400 2638.656000 2018.880000 1.000000
2823.344000 1742.400000 2652.752000 2169.968000 1.000000
2827.040000 1718.304000 2659.328000 2146.736000 1.000000
2839.024000 1695.568000 2672.416000 2125.936000 1.000000
2842.144000 1717.456000 2672.880000 2150.480000 1.000000
2846.272000 1665.424000 2685.264000 2129.856000 1.000000
2864.336000 1717.184000 2694.784000 2158.736000 1.000000
3231.856000 1917.904000 3028.960000 2143.616000 1.000000
3908.208000 627.307200 3964.240000 822.524800 1.000000
