867.614400 2700.672000 673.356800 190.726400 1.000000
875.494400 2872.768000 691.107200 367.518400 1.000000
918.528000 2867.056000 737.668800 377.496000 1.000000
924.526400 2826.656000 740.016000 340.076800 1.000000
964.499200 2633.760000 775.750400 157.324640 1.000000
988.024000 2559.680000 797.790400 81.292160 1.000000
985.534400 2635.568000 798.233600 165.142400 1.000000
997.633600 2834.160000 816.257600 372.985600 1.000000
1013.716800 2835.488000 833.632000 377.006400 1.000000
1018.336000 2682.448000 833.793600 227.284800 1.000000
1018.857600 2947.744000 841.380800 475.011200 1.000000
1034.076800 2767.824000 852.601600 322.204800 1.000000
1177.870400 961.382400 865.337600 845.734400 1.000000
1058.508800 2806.208000 882.958400 365.092800 1.000000
1063.028800 2749.856000 887.985600 306.438400 1.000000
1089.774400 2676.144000 914.814400 247.544000 1.000000
1099.353600 2654.272000 922.160000 224.001600 1.000000
1133.203200 2808.720000 956.241600 384.531200 1.000000
1135.070400 2844.400000 963.123200 419.771200 1.000000
1153.236800 2628.032000 982.427200 212.860800 1.000000
1161.560000 2847.456000 987.153600 429.008000 1.000000
1170.220800 2646.768000 997.924800 235.492800 1.000000
1176.656000 2844.304000 1004.136000 429.804800 1.000000
1175.892800 2669.056000 1005.787200 262.624000 1.000000
1181.961600 2607.728000 1012.979200 200.073600 1.000000
1197.416000 2665.808000 1029.163200 262.934400 1.000000
1200.616000 2624.800000 1032.889600 220.604800 1.000000
1199.998400 2747.744000 1033.224000 338.699200 1.000000
1209.134400 2634.192000 1042.947200 234.548800 1.000000
1217.339200 2778.720000 1050.091200 371.560000 1.000000
1214.260800 2557.696000 1050.401600 155.278240 1.000000
1225.758400 2834.384000 1056.134400 430.990400 1.000000
1235.422400 2831.072000 1066.280000 428.604800 1.000000
1232.843200 2767.984000 1066.542400 368.990400 1.000000
1244.451200 2818.864000 1074.048000 421.096000 1.000000
1251.574400 2577.840000 1092.064000 178.998400 1.000000
1251.988800 2594.832000 1097.553600 193.993600 1.000000
1256.180800 2535.552000 1099.843200 137.943520 1.000000
1264.185600 2580.544000 1105.236800 184.878400 1.000000
1281.150400 2963.344000 1105.376000 557.707200 1.000000
1271.393600 2707.392000 1109.046400 317.860800 1.000000
1273.041600 2624.928000 1111.612800 236.145600 1.000000
1275.800000 2658.720000 1116.539200 270.484800 1.000000
1272.502400 2561.904000 1118.060800 164.681600 1.000000
1294.347200 2709.312000 1132.571200 324.785600 1.000000
1312.892800 2891.360000 1142.956800 498.244800 1.000000
1304.404800 2570.752000 1151.918400 179.697600 1.000000
1320.515200 2811.216000 1155.108800 427.078400 1.000000
1303.544000 2529.632000 1155.331200 132.187680 1.000000
1329.364800 2930.128000 1159.425600 532.835200 1.000000
1334.472000 2944.368000 1161.075200 546.540800 1.000000
1326.699200 2764.320000 1164.120000 382.827200 1.000000
1316.516800 2556.864000 1166.504000 167.046400 1.000000
1319.940800 2568.576000 1169.280000 181.056000 1.000000
1339.483200 2869.536000 1172.275200 481.588800 1.000000
1334.315200 2805.232000 1172.716800 416.312000 1.000000
1325.792000 2605.664000 1172.868800 223.835200 1.000000
1325.003200 2557.056000 1176.486400 168.889600 1.000000
1338.454400 2721.392000 1179.899200 343.585600 1.000000
1345.753600 2667.872000 1192.755200 291.462400 1.000000
1355.777600 2751.808000 1197.779200 373.636800 1.000000
1359.884800 2789.280000 1198.993600 408.128000 1.000000
1349.452800 2510.272000 1208.969600 113.844640 1.000000
1361.628800 2665.152000 1209.024000 291.374400 1.000000
1354.900800 2560.512000 1210.100800 173.982400 1.000000
1357.204800 2589.936000 1210.896000 207.926400 1.000000
1364.112000 2626.544000 1215.897600 249.256000 1.000000
1360.774400 2550.112000 1218.214400 162.947200 1.000000
1369.272000 2558.160000 1227.243200 172.176000 1.000000
1368.795200 2537.072000 1227.979200 147.543200 1.000000
1369.160000 2480.848000 1234.872000 81.518240 1.000000
2209.936000 1355.966400 2227.312000 1141.515200 1.000000
2600.912000 1168.808000 2333.280000 1919.696000 1.000000
2618.464000 1256.105600 2343.104000 1845.072000 1.000000
2876.528000 58.802720 2477.584000 380.392000 1.000000
2722.176000 1591.952000 2495.296000 1455.288000 1.000000
2761.408000 1654.432000 2551.600000 1371.643200 1.000000
2860.112000 1706.608000 2682.688000 1282.900800 1.000000
2370.048000 1014.712000 2692.256000 538.720000 1.000000
