844.878400 2789.840000 648.720000 802.966400 1.000000
854.776000 2719.120000 650.956800 734.331200 1.000000
919.598400 2654.416000 714.854400 690.305600 1.000000
918.528000 2867.056000 725.486400 890.974400 1.000000
937.440000 2539.712000 727.816000 581.275200 1.000000
1066.240000 1917.264000 737.953600 1472.492800 1.000000
957.686400 2658.400000 755.568000 707.736000 1.000000
983.936000 2332.240000 768.350400 359.992000 1.000000
972.054400 2573.904000 769.355200 620.512000 1.000000
1096.126400 1934.736000 771.585600 1495.824000 1.000000
1100.240000 1890.816000 779.352000 1452.510400 1.000000
975.569600 2869.904000 782.822400 909.208000 1.000000
988.024000 2559.680000 783.286400 614.819200 1.000000
985.534400 2635.568000 784.568000 691.128000 1.000000
982.868800 2708.352000 784.619200 762.182400 1.000000
1113.288000 1941.744000 789.691200 1505.072000 1.000000
988.113600 2813.456000 791.779200 863.224000 1.000000
1012.491200 2136.448000 795.206400 128.001760 1.000000
1018.436800 2109.744000 802.715200 96.954080 1.000000
999.168000 2800.480000 804.259200 854.752000 1.000000
1010.929600 2803.872000 815.952000 857.790400 1.000000
1026.936000 2482.976000 823.500800 541.636800 1.000000
1040.192000 2113.712000 825.947200 109.244480 1.000000
1034.521600 2480.608000 831.636800 541.152000 1.000000
1047.204800 2134.416000 835.193600 135.616480 1.000000
1036.168000 2730.720000 838.596800 796.755200 1.000000
1046.360000 2398.656000 842.787200 458.572800 1.000000
1164.059200 1876.576000 845.545600 1447.280000 1.000000
1052.068800 2368.624000 846.884800 425.411200 1.000000
1049.187200 2513.680000 848.044800 581.998400 1.000000
1178.953600 1845.120000 860.113600 1415.979200 1.000000
1067.905600 2258.240000 862.912000 294.977600 1.000000
1058.508800 2806.208000 866.745600 872.099200 1.000000
1063.028800 2749.856000 870.203200 819.134400 1.000000
1068.702400 2478.656000 870.324800 550.542400 1.000000
1089.539200 2119.792000 885.513600 130.658080 1.000000
1104.225600 2350.736000 903.075200 419.363200 1.000000
1099.353600 2654.272000 903.353600 739.896000 1.000000
1103.401600 2460.432000 906.548800 540.185600 1.000000
1107.403200 2236.480000 907.787200 282.569600 1.000000
1104.472000 2416.560000 909.144000 486.448000 1.000000
1112.235200 2142.192000 914.576000 164.390400 1.000000
1120.414400 2371.488000 923.384000 447.476800 1.000000
1124.027200 2732.544000 927.428800 811.542400 1.000000
1126.814400 2444.208000 931.273600 526.281600 1.000000
1128.019200 2706.128000 934.545600 794.899200 1.000000
1133.203200 2808.720000 938.065600 886.769600 1.000000
1140.529600 2236.000000 947.548800 288.457600 1.000000
1146.548800 2680.816000 952.776000 774.545600 1.000000
1147.094400 2519.328000 955.326400 608.544000 1.000000
1162.724800 2446.480000 970.537600 539.377600 1.000000
1167.353600 2827.472000 974.782400 911.208000 1.000000
1166.675200 2484.992000 974.942400 577.518400 1.000000
1168.252800 2525.920000 976.662400 624.160000 1.000000
1171.126400 2717.408000 976.971200 814.118400 1.000000
1172.227200 2355.056000 982.144000 444.072000 1.000000
1176.656000 2844.304000 983.916800 926.548800 1.000000
1175.758400 2262.080000 985.528000 337.361600 1.000000
1179.945600 2380.896000 990.867200 479.595200 1.000000
1180.814400 2169.408000 991.710400 219.408000 1.000000
1183.171200 2084.384000 1002.187200 121.636480 1.000000
1200.616000 2624.800000 1009.457600 731.350400 1.000000
1196.947200 2277.680000 1009.792000 364.640000 1.000000
1199.998400 2747.744000 1010.062400 842.302400 1.000000
1209.134400 2634.192000 1017.974400 742.406400 1.000000
1210.080000 2545.824000 1020.742400 656.577600 1.000000
1205.102400 2106.768000 1025.294400 145.867360 1.000000
1212.652800 2537.360000 1025.625600 648.035200 1.000000
1217.873600 2228.720000 1031.080000 309.793600 1.000000
1225.758400 2834.384000 1033.894400 926.628800 1.000000
1230.180800 2669.760000 1040.484800 777.899200 1.000000
1228.313600 2520.288000 1041.476800 634.195200 1.000000
1232.843200 2767.984000 1042.830400 868.180800 1.000000
1235.422400 2831.072000 1043.936000 924.342400 1.000000
1230.571200 2452.944000 1045.592000 558.363200 1.000000
1237.977600 2869.456000 1045.708800 952.572800 1.000000
1222.950400 2050.784000 1049.484800 80.266720 1.000000
1234.689600 2384.128000 1051.595200 486.144000 1.000000
1238.748800 2542.080000 1051.972800 657.771200 1.000000
1235.699200 2339.136000 1054.344000 441.872000 1.000000
1240.518400 2425.248000 1057.462400 531.548800 1.000000
1235.235200 2166.512000 1057.579200 235.689600 1.000000
1242.964800 2362.896000 1059.436800 468.361600 1.000000
1248.708800 2554.192000 1062.316800 669.601600 1.000000
1243.900800 2234.560000 1065.148800 323.192000 1.000000
1249.228800 2247.520000 1072.132800 340.673600 1.000000
1252.939200 2257.520000 1075.081600 353.064000 1.000000
1245.835200 2048.480000 1075.124800 80.700000 1.000000
1246.446400 2057.056000 1075.521600 95.440160 1.000000
1264.185600 2580.544000 1078.609600 697.396800 1.000000
1281.150400 2963.344000 1082.448000 1042.240000 1.000000
1275.800000 2658.720000 1087.768000 776.067200 1.000000
1270.128000 2531.856000 1087.774400 650.177600 1.000000
1272.502400 2561.904000 1088.921600 678.348800 1.000000
1288.177600 2786.688000 1096.028800 891.961600 1.000000
1292.120000 2910.800000 1097.502400 997.576000 1.000000
1273.310400 2277.424000 1097.622400 380.067200 1.000000
1272.302400 2024.880000 1108.107200 56.351360 1.000000
1291.622400 2425.376000 1109.652800 541.768000 1.000000
1279.737600 2162.144000 1109.748800 244.216000 1.000000
1306.814400 2771.488000 1116.625600 882.563200 1.000000
1303.259200 2647.536000 1117.147200 768.139200 1.000000
1312.892800 2891.360000 1118.028800 985.400000 1.000000
1295.273600 2392.192000 1118.614400 503.779200 1.000000
1304.404800 2570.752000 1121.832000 692.054400 1.000000
1294.515200 2294.304000 1122.118400 402.420800 1.000000
1317.918400 2877.312000 1125.929600 973.846400 1.000000
1299.844800 2348.560000 1128.395200 459.905600 1.000000
1310.184000 2546.336000 1129.345600 665.449600 1.000000
1305.601600 2261.024000 1134.724800 369.233600 1.000000
1306.795200 2277.888000 1134.974400 388.216000 1.000000
1300.945600 2173.632000 1136.480000 260.086400 1.000000
1316.516800 2556.864000 1136.540800 679.070400 1.000000
1334.472000 2944.368000 1136.700800 1030.134400 1.000000
1307.636800 2379.056000 1137.304000 496.244800 1.000000
1325.792000 2605.664000 1142.777600 730.428800 1.000000
1325.003200 2557.056000 1145.812800 681.148800 1.000000
1312.750400 2247.936000 1146.092800 351.744000 1.000000
1334.315200 2805.232000 1146.403200 910.902400 1.000000
1307.340800 2132.128000 1146.756800 208.620800 1.000000
1339.483200 2869.536000 1147.267200 968.091200 1.000000
1316.560000 2266.416000 1148.609600 373.729600 1.000000
1347.171200 2926.864000 1149.742400 1014.008000 1.000000
1338.454400 2721.392000 1152.116800 840.542400 1.000000
1320.049600 2177.408000 1158.041600 269.027200 1.000000
1330.251200 2339.056000 1161.662400 456.372800 1.000000
1335.686400 2417.360000 1162.518400 543.833600 1.000000
1345.753600 2667.872000 1162.812800 793.419200 1.000000
1347.769600 2586.080000 1168.920000 712.268800 1.000000
1332.776000 2232.368000 1169.100800 336.326400 1.000000
1355.777600 2751.808000 1169.587200 867.753600 1.000000
1330.257600 2127.664000 1172.289600 204.772800 1.000000
1354.900800 2560.512000 1177.313600 685.656000 1.000000
1357.204800 2589.936000 1178.108800 716.344000 1.000000
1337.900800 2181.248000 1179.307200 273.761600 1.000000
1358.492800 2572.448000 1180.500800 698.846400 1.000000
1367.611200 2702.272000 1181.691200 820.612800 1.000000
1348.364800 2317.872000 1182.334400 436.547200 1.000000
1347.584000 2342.560000 1183.419200 459.275200 1.000000
1368.795200 2537.072000 1194.089600 660.408000 1.000000
1367.356800 2449.328000 1198.606400 572.441600 1.000000
1364.974400 2324.448000 1199.550400 446.720000 1.000000
1346.760000 2051.152000 1199.649600 104.329600 1.000000
1367.518400 2197.280000 1212.323200 295.315200 1.000000
1369.281600 2262.544000 1212.870400 368.918400 1.000000
1377.625600 2353.840000 1215.979200 473.468800 1.000000
2345.648000 1756.096000 1988.208000 2133.024000 1.000000
2379.440000 1781.952000 2022.736000 2244.496000 1.000000
3692.064000 256.360000 2098.720000 1337.665600 1.000000
2761.408000 1654.432000 2350.336000 2162.688000 1.000000
2731.088000 1540.179200 2362.016000 2247.840000 1.000000
2533.792000 810.052800 2672.880000 900.345600 1.000000
3884.032000 55.194720 2684.512000 967.812800 1.000000
