13.594192 315.227200 16.421440 753.464000 1.000000
427.075200 629.424000 20.081920 1031.371200 1.000000
443.475200 740.209600 25.587200 1141.758400 1.000000
434.356800 622.246400 26.635200 1025.528000 1.000000
560.260800 2152.016000 27.330080 2684.672000 1.000000
432.651200 543.817600 33.306080 945.609600 1.000000
434.780800 557.289600 34.219680 960.676800 1.000000
433.329600 533.528000 35.397600 937.033600 1.000000
440.563200 610.900800 35.530400 1013.550400 1.000000
427.681600 429.516800 37.479200 837.328000 1.000000
489.046400 1128.268800 37.556000 1538.950400 1.000000
458.683200 787.876800 37.944960 1188.529600 1.000000
442.608000 553.833600 41.876640 957.862400 1.000000
511.702400 1326.320000 42.408320 1750.768000 1.000000
576.899200 2227.696000 42.412960 2775.856000 1.000000
429.150400 373.636800 43.881280 784.472000 1.000000
495.608000 1115.873600 45.905760 1526.508800 1.000000
445.609600 543.814400 46.140000 947.824000 1.000000
582.390400 2192.048000 52.165760 2733.856000 1.000000
521.036800 1318.670400 54.383520 1741.824000 1.000000
542.912000 1607.792000 55.073280 2058.656000 1.000000
450.524800 473.379200 58.347200 879.115200 1.000000
71.881440 476.873600 59.761280 907.811200 1.000000
508.395200 1119.115200 60.138880 1528.169600 1.000000
480.137600 780.860800 60.834080 1181.659200 1.000000
513.492800 1161.827200 61.096800 1573.537600 1.000000
483.995200 797.900800 64.021280 1198.643200 1.000000
519.761600 1164.323200 67.304960 1576.539200 1.000000
596.654400 2169.664000 68.678240 2705.696000 1.000000
457.420800 382.569600 72.199680 794.592000 1.000000
466.449600 508.638400 72.238400 914.699200 1.000000
509.961600 986.129600 74.263200 1391.040000 1.000000
527.780800 1156.948800 76.015200 1569.019200 1.000000
566.912000 1579.465600 81.899200 2026.688000 1.000000
502.912000 692.076800 94.126240 1089.955200 1.000000
545.019200 1145.670400 95.526880 1556.577600 1.000000
483.680000 445.539200 97.307680 851.753600 1.000000
494.140800 500.382400 102.386720 906.182400 1.000000
585.376000 1557.592000 104.968320 2001.200000 1.000000
555.078400 1168.838400 105.831840 1581.276800 1.000000
558.211200 1190.355200 107.024320 1604.848000 1.000000
513.884800 620.745600 112.568480 1022.867200 1.000000
600.713600 1582.003200 119.092000 2028.720000 1.000000
509.360000 483.430400 119.707200 889.195200 1.000000
569.139200 1170.276800 120.605440 1582.345600 1.000000
513.075200 503.097600 123.117120 908.547200 1.000000
644.764800 2163.680000 123.124480 2697.600000 1.000000
517.788800 488.921600 128.116640 895.270400 1.000000
649.787200 2188.720000 128.948000 2726.368000 1.000000
548.924800 822.598400 132.000800 1224.803200 1.000000
548.977600 808.596800 132.500960 1210.568000 1.000000
582.481600 1190.041600 132.655360 1605.104000 1.000000
526.532800 492.313600 137.765440 900.456000 1.000000
615.819200 1523.102400 140.810240 1964.480000 1.000000
528.652800 473.176000 142.076960 880.924800 1.000000
632.902400 1608.912000 152.071840 2057.152000 1.000000
672.560000 2153.136000 156.419840 2685.216000 1.000000
664.892800 2053.296000 157.038400 2564.464000 1.000000
633.828800 1554.873600 159.850240 1996.912000 1.000000
640.667200 1564.566400 164.654400 2008.656000 1.000000
689.912000 2297.840000 166.700800 2857.136000 1.000000
688.942400 2102.736000 177.347200 2627.712000 1.000000
651.000000 1536.022400 178.136000 1977.408000 1.000000
602.073600 883.798400 182.251200 1286.124800 1.000000
624.238400 1140.708800 184.147200 1551.731200 1.000000
568.950400 459.076800 186.244800 866.707200 1.000000
629.281600 1131.158400 190.784000 1540.971200 1.000000
684.329600 1838.608000 193.828800 2317.632000 1.000000
578.673600 467.764800 195.148800 876.696000 1.000000
590.184000 567.059200 198.270400 971.939200 1.000000
579.712000 447.172800 198.468800 857.353600 1.000000
609.065600 779.475200 200.222400 1181.507200 1.000000
628.688000 930.278400 207.760000 1333.593600 1.000000
720.673600 2187.776000 208.536000 2733.232000 1.000000
708.072000 1944.128000 211.516800 2439.920000 1.000000
596.372800 479.510400 212.524800 889.740800 1.000000
595.651200 458.081600 213.420800 866.721600 1.000000
605.219200 569.542400 213.932800 976.254400 1.000000
670.276800 1294.099200 221.302400 1711.312000 1.000000
720.012800 1897.296000 228.753600 2385.472000 1.000000
727.523200 1996.848000 229.899200 2500.128000 1.000000
734.921600 2020.736000 237.163200 2527.312000 1.000000
735.675200 2069.808000 237.691200 2584.848000 1.000000
700.328000 1459.216000 238.748800 1893.616000 1.000000
698.726400 1420.276800 240.992000 1850.256000 1.000000
632.459200 560.094400 244.592000 966.686400 1.000000
739.315200 1902.800000 250.091200 2390.272000 1.000000
736.185600 1816.480000 251.044800 2292.320000 1.000000
739.377600 1882.768000 251.742400 2368.416000 1.000000
670.475200 923.478400 253.712000 1326.675200 1.000000
733.219200 1695.552000 257.872000 2157.216000 1.000000
708.704000 1341.728000 259.201600 1761.952000 1.000000
750.659200 1891.616000 263.700800 2379.344000 1.000000
692.363200 1084.140800 264.027200 1491.920000 1.000000
764.371200 2016.928000 269.270400 2524.608000 1.000000
659.601600 606.046400 269.344000 1012.616000 1.000000
661.979200 634.910400 269.940800 1038.124800 1.000000
781.142400 2362.816000 270.782400 2933.504000 1.000000
779.790400 2225.616000 271.795200 2769.280000 1.000000
785.996800 2379.152000 274.817600 2953.584000 1.000000
758.537600 1878.464000 274.848000 2363.360000 1.000000
711.852800 1052.232000 287.065600 1459.056000 1.000000
683.523200 643.532800 291.928000 1047.580800 1.000000
777.656000 1866.944000 294.683200 2349.888000 1.000000
675.049600 400.227200 302.308800 814.614400 1.000000
790.233600 1908.128000 306.241600 2396.352000 1.000000
779.292800 1711.104000 307.547200 2173.408000 1.000000
757.699200 1406.329600 309.291200 1834.112000 1.000000
768.857600 1394.544000 322.187200 1819.904000 1.000000
828.104000 2278.896000 327.024000 2830.544000 1.000000
722.963200 694.748800 329.603200 1101.020800 1.000000
840.518400 2312.480000 340.467200 2872.448000 1.000000
733.211200 695.537600 341.104000 1100.555200 1.000000
733.150400 672.233600 343.545600 1076.278400 1.000000
744.587200 681.486400 354.054400 1085.584000 1.000000
732.822400 407.313600 363.220800 823.161600 1.000000
755.571200 641.769600 368.915200 1048.476800 1.000000
857.564800 2103.216000 369.464000 2622.560000 1.000000
841.596800 1770.560000 373.612800 2236.544000 1.000000
868.484800 2285.184000 374.729600 2837.936000 1.000000
872.251200 2318.688000 378.497600 2876.752000 1.000000
820.705600 1347.251200 384.355200 1770.800000 1.000000
876.868800 2294.288000 384.384000 2848.768000 1.000000
879.846400 2288.784000 387.051200 2844.560000 1.000000
756.289600 402.198400 387.507200 817.806400 1.000000
871.932800 2075.328000 387.995200 2592.704000 1.000000
881.104000 2192.192000 393.142400 2726.848000 1.000000
879.032000 2112.096000 396.689600 2635.344000 1.000000
893.964800 2399.216000 396.771200 2975.936000 1.000000
832.182400 1329.694400 397.406400 1751.392000 1.000000
889.056000 2214.992000 399.326400 2753.056000 1.000000
891.652800 2278.352000 402.448000 2829.184000 1.000000
891.652800 2223.024000 402.691200 2766.160000 1.000000
877.758400 1966.848000 403.356800 2463.728000 1.000000
771.539200 403.504000 403.411200 819.788800 1.000000
874.128000 1910.912000 404.228800 2397.456000 1.000000
898.078400 2302.816000 407.115200 2859.104000 1.000000
797.406400 723.710400 407.742400 1129.620800 1.000000
886.552000 1973.104000 410.958400 2472.368000 1.000000
890.347200 2069.168000 411.137600 2581.664000 1.000000
902.598400 2286.512000 413.390400 2841.008000 1.000000
907.841600 2377.152000 413.518400 2947.376000 1.000000
908.390400 2293.392000 419.076800 2847.376000 1.000000
887.236800 1884.928000 419.561600 2369.056000 1.000000
785.808000 404.748800 419.747200 820.555200 1.000000
910.252800 2269.408000 421.358400 2821.584000 1.000000
885.030400 1799.840000 421.691200 2271.712000 1.000000
911.553600 2233.056000 425.852800 2777.680000 1.000000
911.270400 2184.704000 428.224000 2716.896000 1.000000
886.176000 1701.344000 428.329600 2158.736000 1.000000
805.681600 579.470400 428.552000 984.961600 1.000000
912.172800 2187.760000 428.595200 2722.976000 1.000000
893.665600 1823.264000 430.707200 2295.456000 1.000000
820.584000 768.430400 431.241600 1171.579200 1.000000
921.252800 2281.744000 432.955200 2832.608000 1.000000
920.371200 2244.992000 435.025600 2790.400000 1.000000
892.467200 1711.360000 437.548800 2169.760000 1.000000
892.691200 1693.072000 438.153600 2148.880000 1.000000
901.723200 1813.104000 438.801600 2284.640000 1.000000
931.214400 2351.744000 441.990400 2918.816000 1.000000
834.678400 769.539200 444.467200 1174.051200 1.000000
939.203200 2301.696000 455.436800 2856.480000 1.000000
934.779200 2186.448000 456.019200 2720.592000 1.000000
943.236800 2358.448000 457.292800 2925.136000 1.000000
836.352000 525.537600 464.041600 934.670400 1.000000
954.817600 2375.888000 470.120000 2946.128000 1.000000
851.662400 619.500800 473.971200 1026.540800 1.000000
838.235200 411.200000 474.512000 828.700800 1.000000
864.449600 778.096000 476.097600 1182.336000 1.000000
847.220800 455.707200 480.742400 867.438400 1.000000
854.054400 532.473600 481.923200 941.323200 1.000000
897.284800 1122.972800 486.489600 1533.377600 1.000000
972.678400 2191.808000 497.048000 2725.760000 1.000000
942.977600 1584.472000 501.040000 2027.472000 1.000000
868.414400 461.500800 502.198400 875.624000 1.000000
893.944000 839.918400 503.608000 1243.761600 1.000000
870.001600 471.563200 503.814400 886.648000 1.000000
900.537600 885.904000 507.094400 1290.040000 1.000000
967.084800 1897.488000 508.976000 2383.216000 1.000000
983.456000 2222.000000 509.057600 2761.520000 1.000000
902.772800 895.880000 509.451200 1300.865600 1.000000
970.113600 1871.600000 513.891200 2351.728000 1.000000
901.020800 775.608000 516.424000 1180.875200 1.000000
882.555200 413.731200 519.200000 830.814400 1.000000
897.608000 536.088000 528.339200 946.870400 1.000000
1006.099200 2330.048000 529.424000 2890.048000 1.000000
1003.659200 2234.384000 532.022400 2775.152000 1.000000
924.577600 838.414400 536.264000 1242.913600 1.000000
1007.590400 2165.120000 539.651200 2694.592000 1.000000
1014.768000 2235.296000 544.289600 2779.520000 1.000000
935.600000 877.433600 545.798400 1282.364800 1.000000
1021.724800 2253.840000 550.582400 2798.048000 1.000000
1010.587200 1841.056000 560.488000 2315.248000 1.000000
1033.398400 2136.608000 573.080000 2655.344000 1.000000
953.664000 708.900800 575.376000 1115.169600 1.000000
1050.347200 2269.376000 583.392000 2817.152000 1.000000
1041.908800 1979.536000 591.180800 2471.056000 1.000000
1053.820800 2095.728000 592.915200 2612.528000 1.000000
978.078400 823.504000 594.540800 1228.984000 1.000000
1011.048000 1270.713600 600.812800 1685.424000 1.000000
1065.348800 2249.504000 602.206400 2792.992000 1.000000
963.494400 420.086400 605.038400 837.275200 1.000000
985.819200 610.870400 617.145600 1020.128000 1.000000
980.100800 421.286400 620.600000 838.966400 1.000000
990.440000 609.084800 622.553600 1017.649600 1.000000
1086.622400 2383.312000 625.313600 2951.328000 1.000000
1015.347200 963.187200 626.928000 1368.083200 1.000000
1094.956800 2329.984000 631.268800 2886.320000 1.000000
1088.928000 2071.872000 637.380800 2581.696000 1.000000
1029.057600 964.897600 642.572800 1368.577600 1.000000
1103.417600 2012.256000 655.177600 2511.808000 1.000000
1105.784000 2028.544000 659.448000 2531.120000 1.000000
1055.910400 974.948800 669.528000 1379.091200 1.000000
1078.128000 1335.816000 670.926400 1752.912000 1.000000
1034.307200 536.316800 671.830400 947.028800 1.000000
1134.740800 2325.344000 678.244800 2883.456000 1.000000
1125.974400 2011.568000 682.881600 2510.176000 1.000000
1049.985600 573.059200 685.576000 985.064000 1.000000
1147.035200 2374.800000 692.889600 2940.848000 1.000000
1141.944000 2020.544000 700.580800 2519.616000 1.000000
1041.014400 48.450880 710.822400 511.838400 1.000000
1166.548800 2326.832000 713.601600 2883.136000 1.000000
1161.838400 2075.360000 721.233600 2583.744000 1.000000
1079.945600 430.692800 727.118400 851.100800 1.000000
1166.304000 2020.816000 732.044800 2517.840000 1.000000
1129.900800 1023.936000 746.913600 1430.216000 1.000000
1193.176000 2110.384000 754.121600 2620.224000 1.000000
1086.273600 65.324960 760.398400 541.019200 1.000000
1147.200000 1084.040000 764.496000 1492.049600 1.000000
1195.246400 2010.736000 764.782400 2505.648000 1.000000
1120.268800 516.862400 764.816000 930.068800 1.000000
1202.000000 2103.072000 766.084800 2613.744000 1.000000
1215.075200 2266.880000 773.348800 2808.320000 1.000000
1215.648000 2111.136000 781.582400 2624.384000 1.000000
1123.592000 112.860320 795.372800 585.870400 1.000000
1157.577600 435.734400 809.134400 856.323200 1.000000
1248.337600 2267.840000 811.355200 2809.712000 1.000000
1184.332800 886.312000 812.736000 1281.408000 1.000000
1245.737600 2135.712000 814.328000 2651.728000 1.000000
1190.568000 1003.796800 814.630400 1409.960000 1.000000
1250.174400 2125.552000 819.440000 2639.456000 1.000000
1251.216000 2116.992000 820.044800 2628.416000 1.000000
1144.979200 99.196000 821.705600 576.760000 1.000000
1259.196800 2385.456000 822.377600 2950.320000 1.000000
1177.804800 509.401600 825.008000 927.588800 1.000000
1259.664000 2237.504000 827.473600 2771.872000 1.000000
1181.628800 438.110400 831.596800 858.865600 1.000000
1191.681600 549.828800 836.787200 962.452800 1.000000
1261.273600 1953.008000 841.009600 2437.680000 1.000000
1203.019200 709.542400 843.123200 1114.854400 1.000000
1210.531200 603.139200 854.016000 1013.904000 1.000000
1207.435200 459.204800 859.104000 881.265600 1.000000
1216.476800 567.280000 862.390400 978.825600 1.000000
1260.236800 1496.467200 864.808000 1924.736000 1.000000
1229.235200 811.281600 865.400000 1215.875200 1.000000
1286.910400 1902.064000 873.828800 2377.248000 1.000000
1209.552000 162.574400 876.003200 633.168000 1.000000
1232.504000 620.886400 876.304000 1031.648000 1.000000
1275.574400 1595.592000 876.548800 2034.240000 1.000000
1287.862400 1864.176000 876.980800 2333.536000 1.000000
1239.504000 745.238400 877.985600 1150.350400 1.000000
1250.684800 917.169600 882.059200 1322.214400 1.000000
1246.011200 853.920000 882.076800 1260.646400 1.000000
1310.889600 2199.504000 886.651200 2727.744000 1.000000
1248.251200 741.619200 888.100800 1147.755200 1.000000
1285.384000 1580.236800 888.571200 2016.000000 1.000000
1329.684800 2206.672000 908.051200 2734.464000 1.000000
1336.777600 2431.904000 908.840000 3003.744000 1.000000
1335.214400 2176.864000 914.459200 2701.040000 1.000000
1310.312000 1530.976000 917.444800 1962.592000 1.000000
1286.603200 898.720000 921.052800 1304.961600 1.000000
1272.441600 570.203200 922.624000 987.545600 1.000000
1287.048000 857.305600 923.777600 1263.760000 1.000000
1276.441600 528.844800 926.865600 946.286400 1.000000
1337.036800 1859.680000 932.204800 2327.552000 1.000000
1340.278400 1898.832000 933.984000 2370.816000 1.000000
1306.508800 1060.203200 935.856000 1464.974400 1.000000
1310.272000 1123.297600 937.468800 1532.995200 1.000000
1311.428800 1094.305600 939.828800 1500.859200 1.000000
1294.625600 615.712000 940.270400 1026.902400 1.000000
1303.254400 862.510400 941.206400 1268.062400 1.000000
1360.104000 2244.256000 941.310400 2777.680000 1.000000
1362.748800 2315.408000 944.558400 2872.208000 1.000000
1300.672000 544.267200 950.177600 961.643200 1.000000
1315.188800 805.406400 956.771200 1209.796800 1.000000
1310.161600 639.865600 956.836800 1051.627200 1.000000
1306.931200 578.249600 956.891200 992.990400 1.000000
1377.619200 2347.344000 959.089600 2898.816000 1.000000
1349.971200 1535.980800 962.201600 1967.088000 1.000000
1363.771200 1853.584000 962.784000 2320.144000 1.000000
1306.651200 443.302400 963.390400 865.006400 1.000000
1355.115200 1603.088000 963.840000 2039.168000 1.000000
1368.838400 1940.064000 965.774400 2421.440000 1.000000
1387.217600 2340.192000 969.470400 2891.648000 1.000000
1319.680000 573.476800 969.592000 986.092800 1.000000
1386.017600 2270.432000 970.744000 2809.216000 1.000000
1389.360000 2324.320000 972.446400 2871.888000 1.000000
1363.817600 1597.499200 975.656000 2032.032000 1.000000
1389.060800 2255.152000 975.745600 2791.056000 1.000000
1376.676800 1833.088000 979.304000 2295.552000 1.000000
1369.580800 1528.430400 984.937600 1958.384000 1.000000
1399.467200 2266.304000 985.137600 2804.256000 1.000000
1345.152000 866.537600 985.230400 1273.401600 1.000000
1404.393600 2412.784000 985.606400 2978.784000 1.000000
1404.508800 2439.280000 985.659200 3009.776000 1.000000
1334.387200 546.249600 985.747200 961.195200 1.000000
1394.433600 1948.464000 993.064000 2427.696000 1.000000
1405.726400 2331.120000 993.739200 2877.664000 1.000000
1409.145600 2274.128000 997.680000 2812.064000 1.000000
1414.332800 2428.864000 998.729600 2998.576000 1.000000
1413.123200 2419.008000 998.931200 2986.528000 1.000000
1376.526400 1167.212800 1006.176000 1577.486400 1.000000
1374.380800 886.972800 1014.784000 1292.713600 1.000000
1380.961600 1072.414400 1016.630400 1472.228800 1.000000
1432.233600 2429.216000 1016.908800 2996.288000 1.000000
1377.916800 908.296000 1017.926400 1310.502400 1.000000
1428.601600 2303.712000 1019.934400 2846.784000 1.000000
1434.929600 2317.824000 1026.556800 2861.216000 1.000000
1389.148800 978.448000 1026.990400 1382.931200 1.000000
1423.190400 1800.448000 1032.312000 2258.368000 1.000000
1435.579200 2069.984000 1036.396800 2566.352000 1.000000
1403.696000 1081.068800 1039.489600 1489.795200 1.000000
1414.942400 1345.744000 1041.304000 1762.944000 1.000000
1434.491200 1779.712000 1046.648000 2233.584000 1.000000
1451.640000 2248.096000 1046.894400 2780.256000 1.000000
1374.601600 275.105600 1050.025600 746.980800 1.000000
1440.089600 1807.888000 1051.699200 2267.152000 1.000000
1423.816000 1325.753600 1051.979200 1739.904000 1.000000
1456.004800 2291.744000 1052.164800 2828.512000 1.000000
1455.910400 2218.944000 1052.569600 2744.336000 1.000000
1441.324800 1756.800000 1055.427200 2208.592000 1.000000
1407.385600 760.257600 1056.080000 1165.846400 1.000000
1420.185600 1043.465600 1057.955200 1448.096000 1.000000
1431.980800 1346.726400 1059.835200 1761.632000 1.000000
1466.116800 2326.192000 1061.499200 2871.152000 1.000000
1414.915200 786.520000 1061.928000 1194.688000 1.000000
1415.369600 711.076800 1064.595200 1119.424000 1.000000
1439.404800 1445.104000 1065.334400 1866.768000 1.000000
1452.849600 1703.968000 1069.116800 2149.920000 1.000000
1448.220800 1386.284800 1075.651200 1804.720000 1.000000
1451.163200 1362.784000 1082.142400 1778.640000 1.000000
1475.057600 1691.136000 1094.908800 2133.600000 1.000000
1497.417600 2320.736000 1096.129600 2866.144000 1.000000
1447.993600 706.700800 1098.094400 1115.329600 1.000000
1497.963200 2265.056000 1098.468800 2797.888000 1.000000
1502.590400 2423.472000 1102.374400 2986.416000 1.000000
1466.158400 1037.366400 1107.809600 1442.363200 1.000000
1487.036800 1696.096000 1108.497600 2138.976000 1.000000
1511.376000 2306.016000 1113.952000 2847.632000 1.000000
1479.648000 1043.924800 1122.939200 1448.284800 1.000000
1484.288000 1060.780800 1125.713600 1467.920000 1.000000
1537.019200 2408.368000 1143.752000 2967.488000 1.000000
1503.507200 685.710400 1157.483200 1095.376000 1.000000
1534.672000 1753.744000 1159.892800 2202.736000 1.000000
1547.526400 2178.784000 1160.115200 2691.472000 1.000000
1523.968000 666.809600 1178.201600 1081.036800 1.000000
1575.142400 2252.432000 1188.696000 2779.632000 1.000000
1552.152000 1340.387200 1189.987200 1754.512000 1.000000
1548.795200 755.304000 1202.035200 1162.881600 1.000000
1555.174400 591.249600 1211.892800 1010.507200 1.000000
1570.886400 834.398400 1222.478400 1242.724800 1.000000
1567.387200 646.536000 1223.472000 1061.585600 1.000000
1582.123200 827.136000 1235.440000 1238.060800 1.000000
1580.744000 619.379200 1238.280000 1034.646400 1.000000
1587.190400 678.324800 1242.790400 1091.227200 1.000000
1591.564800 857.649600 1244.268800 1263.545600 1.000000
1601.840000 1191.763200 1247.772800 1598.620800 1.000000
1601.952000 466.731200 1258.977600 891.841600 1.000000
1669.088000 2424.688000 1292.348800 2980.368000 1.000000
1667.744000 2229.984000 1293.036800 2745.536000 1.000000
1677.488000 2220.256000 1306.540800 2736.640000 1.000000
1696.128000 1922.304000 1334.016000 2389.552000 1.000000
1704.928000 2237.632000 1335.358400 2755.936000 1.000000
1676.960000 485.312000 1336.910400 911.243200 1.000000
1690.768000 1293.344000 1338.545600 1702.800000 1.000000
1686.848000 969.963200 1341.219200 1374.752000 1.000000
1712.112000 2327.680000 1342.958400 2861.760000 1.000000
1691.952000 1196.193600 1343.259200 1602.528000 1.000000
1702.848000 1531.857600 1348.163200 1956.640000 1.000000
1709.392000 1955.888000 1349.024000 2426.720000 1.000000
1702.912000 1287.414400 1352.539200 1696.672000 1.000000
1720.784000 1940.752000 1358.667200 2407.424000 1.000000
1748.592000 2418.112000 1377.153600 2969.104000 1.000000
1742.144000 2399.056000 1377.484800 2946.832000 1.000000
1745.040000 2301.856000 1378.388800 2831.680000 1.000000
1727.824000 919.792000 1384.667200 1321.680000 1.000000
1730.848000 489.904000 1391.219200 917.984000 1.000000
1720.848000 326.228800 1392.532800 805.883200 1.000000
1751.040000 1968.448000 1393.040000 2439.680000 1.000000
1763.984000 2313.232000 1400.630400 2848.048000 1.000000
1746.960000 1035.374400 1401.819200 1440.648000 1.000000
1773.552000 2410.976000 1410.641600 2959.728000 1.000000
1737.360000 386.155200 1411.176000 854.260800 1.000000
1784.864000 2452.496000 1423.646400 3005.344000 1.000000
1745.648000 231.201600 1424.176000 715.940800 1.000000
1754.976000 185.907200 1426.872000 673.734400 1.000000
1754.320000 320.827200 1427.187200 795.992000 1.000000
1793.056000 2337.104000 1433.566400 2873.536000 1.000000
1797.376000 2409.632000 1440.811200 2955.488000 1.000000
1803.232000 2431.568000 1443.918400 2983.536000 1.000000
1803.584000 2389.200000 1447.195200 2933.120000 1.000000
1806.320000 2344.656000 1449.540800 2882.448000 1.000000
1807.328000 2009.824000 1455.088000 2485.056000 1.000000
1804.128000 1379.852800 1459.582400 1792.720000 1.000000
1807.408000 1109.977600 1465.068800 1515.892800 1.000000
1817.120000 1708.512000 1469.489600 2145.568000 1.000000
1792.608000 204.398400 1470.822400 690.772800 1.000000
1823.552000 2285.600000 1471.656000 2806.400000 1.000000
1824.784000 2025.904000 1475.027200 2503.936000 1.000000
1821.104000 1429.296000 1476.766400 1845.456000 1.000000
1820.608000 1377.475200 1477.254400 1788.832000 1.000000
1821.264000 1401.534400 1478.360000 1813.760000 1.000000
1832.400000 1574.731200 1487.081600 2000.208000 1.000000
1836.368000 1727.344000 1489.606400 2165.616000 1.000000
1836.064000 1542.928000 1491.593600 1966.576000 1.000000
1853.648000 2061.456000 1505.286400 2542.656000 1.000000
1859.616000 1431.900800 1518.600000 1845.904000 1.000000
1862.192000 1036.201600 1521.704000 1441.868800 1.000000
1866.272000 1762.736000 1522.040000 2203.456000 1.000000
1868.736000 2094.464000 1523.011200 2581.504000 1.000000
1866.128000 1058.144000 1526.422400 1462.916800 1.000000
1872.016000 1449.112000 1531.204800 1864.528000 1.000000
1875.200000 2348.432000 1531.480000 2879.392000 1.000000
1872.848000 1132.876800 1533.091200 1539.123200 1.000000
1885.152000 2391.488000 1541.305600 2932.848000 1.000000
1880.784000 1000.977600 1542.241600 1405.478400 1.000000
1881.712000 1026.888000 1543.078400 1432.888000 1.000000
1882.608000 503.097600 1543.484800 933.654400 1.000000
1886.592000 517.596800 1546.888000 944.758400 1.000000
1891.536000 2112.400000 1547.057600 2598.736000 1.000000
1886.864000 566.054400 1548.033600 990.747200 1.000000
1889.888000 1486.987200 1548.475200 1903.712000 1.000000
1887.792000 1060.928000 1549.028800 1465.609600 1.000000
1895.072000 607.539200 1555.584000 1027.374400 1.000000
1897.232000 518.422400 1557.508800 946.084800 1.000000
1900.864000 1865.040000 1558.384000 2317.472000 1.000000
1900.368000 547.369600 1559.454400 971.182400 1.000000
1904.400000 1919.040000 1561.768000 2377.408000 1.000000
1904.976000 1554.516800 1563.910400 1975.360000 1.000000
1911.088000 1935.600000 1570.030400 2396.144000 1.000000
1912.384000 544.798400 1573.003200 970.668800 1.000000
1914.192000 1509.617600 1574.936000 1927.024000 1.000000
1915.392000 1562.492800 1576.832000 1984.832000 1.000000
1916.992000 1187.185600 1578.670400 1593.603200 1.000000
1918.656000 2146.096000 1578.700800 2639.392000 1.000000
1920.048000 981.259200 1580.984000 1388.214400 1.000000
1925.184000 571.624000 1585.451200 995.412800 1.000000
1932.160000 605.544000 1592.713600 1025.966400 1.000000
1932.112000 991.857600 1593.841600 1397.828800 1.000000
1933.952000 2187.056000 1594.504000 2686.976000 1.000000
1934.848000 1583.993600 1597.355200 2005.488000 1.000000
1940.224000 2158.080000 1599.872000 2652.912000 1.000000
1938.912000 1834.128000 1601.360000 2280.864000 1.000000
1940.928000 1004.937600 1602.368000 1411.166400 1.000000
1951.792000 622.526400 1612.208000 1044.939200 1.000000
1950.736000 2165.488000 1613.088000 2659.136000 1.000000
1995.088000 1880.176000 1660.736000 2331.792000 1.000000
2000.064000 2236.944000 1668.096000 2741.120000 1.000000
2005.088000 1897.376000 1670.784000 2349.120000 1.000000
2006.640000 1479.988800 1672.992000 1891.376000 1.000000
2019.728000 955.801600 1682.960000 1362.739200 1.000000
2018.096000 1300.048000 1683.600000 1708.240000 1.000000
2030.320000 1294.182400 1696.496000 1699.648000 1.000000
2037.664000 868.892800 1699.584000 1280.668800 1.000000
2030.336000 1931.952000 1700.208000 2386.528000 1.000000
2035.200000 2248.816000 1707.520000 2757.232000 1.000000
2042.576000 1813.760000 1712.816000 2253.504000 1.000000
2056.240000 776.507200 1718.128000 1188.259200 1.000000
2048.544000 2277.408000 1720.656000 2787.920000 1.000000
2070.912000 699.780800 1731.856000 1117.894400 1.000000
2064.400000 2295.552000 1739.584000 2810.352000 1.000000
2073.056000 1332.121600 1740.896000 1739.392000 1.000000
2081.488000 803.606400 1742.704000 1216.948800 1.000000
2082.432000 741.977600 1743.344000 1157.505600 1.000000
2079.872000 847.619200 1744.352000 1257.852800 1.000000
2078.096000 1151.460800 1745.216000 1553.788800 1.000000
2085.984000 1031.940800 1752.592000 1439.772800 1.000000
2091.552000 815.216000 1753.568000 1229.044800 1.000000
2089.584000 482.702400 1759.584000 920.464000 1.000000
2100.720000 791.904000 1763.296000 1205.316800 1.000000
2096.688000 1676.528000 1768.208000 2101.808000 1.000000
2100.272000 1373.508800 1768.816000 1782.352000 1.000000
2094.512000 2028.944000 1770.288000 2496.928000 1.000000
2093.872000 2009.408000 1770.592000 2475.088000 1.000000
2115.616000 803.534400 1775.712000 1219.180800 1.000000
2107.296000 1714.784000 1777.952000 2146.112000 1.000000
2115.184000 389.062400 1781.408000 807.171200 1.000000
2112.672000 1732.848000 1785.904000 2164.176000 1.000000
2125.504000 1099.592000 1792.288000 1505.504000 1.000000
2122.192000 1411.440000 1792.864000 1821.008000 1.000000
2127.136000 1116.342400 1793.072000 1522.193600 1.000000
2125.936000 1428.550400 1795.328000 1841.248000 1.000000
2120.944000 1741.584000 1796.528000 2173.360000 1.000000
2129.872000 2008.896000 1809.136000 2473.056000 1.000000
2140.208000 1396.952000 1811.184000 1806.944000 1.000000
2142.800000 1376.438400 1813.504000 1785.584000 1.000000
2138.768000 1675.872000 1813.536000 2101.440000 1.000000
2140.128000 1734.800000 1814.528000 2164.368000 1.000000
2137.840000 2256.672000 1819.632000 2761.488000 1.000000
2160.240000 1110.524800 1827.920000 1514.566400 1.000000
2156.400000 1743.504000 1833.584000 2174.176000 1.000000
2156.912000 2030.896000 1837.904000 2497.024000 1.000000
2162.064000 1682.592000 1839.392000 2107.968000 1.000000
2178.832000 823.201600 1840.224000 1237.164800 1.000000
2172.448000 1131.889600 1840.432000 1538.720000 1.000000
2176.816000 1004.323200 1840.736000 1406.996800 1.000000
2175.856000 1147.356800 1844.000000 1553.102400 1.000000
2155.680000 2411.008000 1844.320000 2945.488000 1.000000
2177.200000 1055.353600 1844.352000 1461.576000 1.000000
2162.624000 2062.528000 1844.960000 2534.656000 1.000000
2169.408000 1743.856000 1846.768000 2174.576000 1.000000
2166.352000 1998.960000 1849.536000 2458.144000 1.000000
2187.904000 817.776000 1850.208000 1231.488000 1.000000
2172.544000 1739.936000 1850.944000 2169.552000 1.000000
2194.208000 570.200000 1852.336000 1000.566400 1.000000
2188.368000 1138.632000 1856.736000 1544.483200 1.000000
2184.464000 1443.832000 1858.560000 1856.400000 1.000000
2191.648000 1067.070400 1858.864000 1473.102400 1.000000
2187.616000 1368.094400 1859.136000 1779.488000 1.000000
2180.848000 1775.968000 1860.208000 2209.984000 1.000000
2198.752000 1038.721600 1865.392000 1445.340800 1.000000
2202.224000 1173.428800 1872.224000 1580.596800 1.000000
2210.688000 864.222400 1872.928000 1276.243200 1.000000
2207.488000 1116.736000 1875.248000 1524.104000 1.000000
2215.120000 803.528000 1877.168000 1215.915200 1.000000
2201.872000 1577.372800 1878.304000 1994.560000 1.000000
2236.944000 589.027200 1894.416000 1023.990400 1.000000
2218.720000 2294.864000 1904.080000 2802.080000 1.000000
2255.856000 1439.731200 1929.824000 1845.760000 1.000000
2262.208000 2289.488000 1948.352000 2798.576000 1.000000
2309.008000 676.113600 1962.976000 1098.510400 1.000000
2331.664000 53.240480 1967.264000 533.185600 1.000000
2289.040000 2344.944000 1979.616000 2853.824000 1.000000
2335.856000 434.816000 1983.824000 868.948800 1.000000
2383.792000 2255.472000 2077.696000 2716.496000 1.000000
2615.728000 1817.984000 2198.896000 1887.824000 1.000000
2618.080000 1815.152000 2202.144000 1884.768000 1.000000
2622.320000 1817.648000 2206.992000 1888.336000 1.000000
2716.896000 1797.776000 2298.176000 1849.808000 1.000000
2766.176000 1609.248000 2305.360000 1612.032000 1.000000
2742.080000 1762.512000 2323.088000 1799.456000 1.000000
2821.456000 1533.105600 2379.968000 1504.931200 1.000000
2818.048000 1593.776000 2381.888000 1567.758400 1.000000
2833.136000 1507.057600 2386.576000 1468.724800 1.000000
2850.320000 1474.297600 2402.720000 1430.144000 1.000000
2858.544000 1393.763200 2405.664000 1341.937600 1.000000
2868.144000 1451.849600 2418.320000 1404.513600 1.000000
2871.680000 1464.784000 2422.976000 1417.689600 1.000000
2885.056000 1206.819200 2432.560000 1186.369600 1.000000
2893.840000 1456.640000 2439.968000 1404.208000 1.000000
2883.520000 1592.761600 2445.360000 1554.699200 1.000000
2894.944000 1477.003200 2449.152000 1426.203200 1.000000
2905.600000 1535.032000 2460.720000 1489.195200 1.000000
2903.360000 1726.608000 2476.800000 1720.368000 1.000000
2936.080000 1373.268800 2477.200000 1303.891200 1.000000
2933.040000 1447.683200 2480.736000 1382.763200 1.000000
2935.312000 1568.000000 2491.584000 1515.294400 1.000000
2917.936000 1735.472000 2492.384000 1728.752000 1.000000
2955.024000 1309.400000 2496.400000 1245.545600 1.000000
2946.928000 1542.331200 2502.928000 1487.977600 1.000000
2944.832000 1578.857600 2504.560000 1529.675200 1.000000
2948.016000 1418.060800 2524.896000 1142.507200 1.000000
2952.880000 1731.520000 2525.472000 1716.000000 1.000000
2959.424000 1708.496000 2530.752000 1688.656000 1.000000
2966.576000 1778.016000 2544.880000 1768.752000 1.000000
2969.760000 1759.984000 2546.976000 1745.776000 1.000000
2999.920000 1710.512000 2572.000000 1681.280000 1.000000
3001.696000 1753.984000 2577.872000 1731.872000 1.000000
3017.824000 1715.152000 2588.640000 1682.560000 1.000000
3025.200000 1412.356800 2597.072000 1377.619200 1.000000
3060.512000 1765.136000 2635.072000 1727.952000 1.000000
3358.160000 1748.032000 2831.568000 1688.464000 1.000000
3406.672000 1724.160000 2960.496000 1563.763200 1.000000
3533.504000 1776.080000 3085.456000 1574.392000 1.000000
