120.818400 2353.808000 12.634544 1325.579200 1.000000
113.375520 2495.680000 17.087520 1447.332800 1.000000
135.114400 2329.120000 24.663360 1303.811200 1.000000
181.464000 1806.736000 29.715040 796.273600 1.000000
213.987200 1460.412800 34.943840 424.240000 1.000000
135.132480 2557.728000 44.004000 1520.009600 1.000000
187.134400 1938.448000 46.125440 933.334400 1.000000
248.006400 1125.470400 46.637920 36.952800 1.000000
237.136000 1282.310400 46.815520 221.406400 1.000000
127.372000 2768.864000 48.330400 1774.432000 1.000000
134.761440 2686.560000 48.887680 1692.048000 1.000000
184.120000 1982.464000 49.728480 978.252800 1.000000
154.204640 2393.360000 50.439040 1365.228800 1.000000
198.414400 1813.088000 50.942240 806.264000 1.000000
145.782880 2540.080000 52.148160 1498.289600 1.000000
164.657600 2270.848000 52.819680 1254.873600 1.000000
207.342400 1831.824000 60.839680 826.667200 1.000000
203.550400 1954.304000 64.587040 949.779200 1.000000
182.990400 2290.784000 69.992320 1272.214400 1.000000
256.625600 1348.825600 74.116480 299.667200 1.000000
191.452800 2263.760000 76.791680 1250.624000 1.000000
228.241600 1823.456000 81.459840 820.998400 1.000000
198.891200 2206.064000 82.438080 1196.448000 1.000000
227.721600 1870.464000 84.136000 866.307200 1.000000
172.384000 2644.576000 85.354240 1615.792000 1.000000
176.750400 2602.832000 86.645280 1571.814400 1.000000
202.179200 2281.600000 89.480640 1268.252800 1.000000
235.832000 1879.856000 93.132960 878.588800 1.000000
210.481600 2250.624000 95.097120 1239.537600 1.000000
193.148800 2633.520000 104.922400 1606.752000 1.000000
174.873600 2980.784000 105.515040 1976.640000 1.000000
197.708800 2572.976000 106.523200 1542.672000 1.000000
213.462400 2426.976000 108.508960 1398.574400 1.000000
216.179200 2359.136000 110.551360 1340.278400 1.000000
207.379200 2628.992000 116.317440 1605.376000 1.000000
226.580800 2426.032000 124.521920 1398.918400 1.000000
199.284800 2957.936000 128.239680 1958.496000 1.000000
242.336000 2287.936000 130.531200 1279.958400 1.000000
303.774400 1402.124800 131.494400 370.043200 1.000000
230.822400 2556.384000 139.833280 1526.115200 1.000000
282.169600 1928.016000 146.483840 934.779200 1.000000
246.142400 2527.200000 150.559520 1496.782400 1.000000
246.104000 2511.680000 150.575360 1481.006400 1.000000
220.065600 2972.192000 150.978240 1971.552000 1.000000
329.953600 1313.734400 154.275680 273.888000 1.000000
308.856000 1675.232000 155.021760 674.899200 1.000000
260.780800 2391.408000 156.600640 1375.603200 1.000000
268.091200 2308.176000 158.481440 1300.158400 1.000000
335.136000 1333.364800 158.982240 295.276800 1.000000
278.275200 2182.176000 162.672000 1181.969600 1.000000
279.969600 2199.024000 163.083200 1200.166400 1.000000
349.646400 1155.148800 165.081600 89.081920 1.000000
276.953600 2325.360000 168.232000 1316.139200 1.000000
283.248000 2245.664000 169.296000 1239.699200 1.000000
242.353600 2962.048000 169.552000 1964.800000 1.000000
323.112000 1791.392000 178.796800 799.283200 1.000000
287.324800 2327.632000 179.035200 1319.390400 1.000000
316.523200 1928.048000 181.464000 939.577600 1.000000
273.291200 2706.192000 186.302400 1688.544000 1.000000
346.238400 1529.620800 187.203200 520.691200 1.000000
284.830400 2541.312000 191.806400 1517.411200 1.000000
342.318400 1671.840000 192.270400 674.339200 1.000000
282.569600 2630.864000 195.270400 1613.184000 1.000000
289.779200 2605.728000 198.409600 1587.609600 1.000000
372.590400 1532.910400 214.251200 528.144000 1.000000
308.440000 2586.256000 214.366400 1566.299200 1.000000
310.988800 2552.048000 215.414400 1532.241600 1.000000
310.857600 2566.608000 216.134400 1548.502400 1.000000
398.232000 1173.228800 218.385600 117.957920 1.000000
368.150400 1693.744000 219.977600 702.996800 1.000000
316.980800 2494.656000 220.680000 1469.260800 1.000000
397.945600 1196.870400 222.411200 144.972320 1.000000
379.360000 1589.499200 223.454400 590.555200 1.000000
312.179200 2707.504000 224.340800 1696.096000 1.000000
314.862400 2681.440000 226.640000 1671.248000 1.000000
410.880000 1177.996800 232.939200 124.486880 1.000000
383.339200 1683.648000 236.224000 694.124800 1.000000
364.142400 2043.536000 238.451200 1060.358400 1.000000
396.856000 1554.542400 242.454400 555.390400 1.000000
329.920000 2718.256000 242.848000 1707.232000 1.000000
335.673600 2632.896000 244.976000 1621.408000 1.000000
403.155200 1539.259200 247.137600 539.716800 1.000000
322.718400 2995.264000 247.158400 1999.200000 1.000000
341.672000 2505.232000 247.291200 1484.408000 1.000000
375.392000 2027.568000 249.528000 1045.982400 1.000000
347.544000 2494.832000 251.910400 1472.924800 1.000000
399.899200 1689.600000 253.216000 702.568000 1.000000
410.649600 1565.204800 257.534400 569.081600 1.000000
354.161600 2533.312000 258.433600 1515.211200 1.000000
433.643200 1156.209600 259.160000 103.230560 1.000000
352.054400 2587.264000 259.547200 1575.536000 1.000000
408.262400 1699.600000 261.955200 712.881600 1.000000
359.745600 2547.088000 263.323200 1532.504000 1.000000
351.100800 2720.864000 265.513600 1710.704000 1.000000
349.801600 2707.856000 265.518400 1700.080000 1.000000
361.273600 2598.416000 268.811200 1587.734400 1.000000
397.740800 2029.232000 272.796800 1047.724800 1.000000
365.996800 2637.856000 272.888000 1629.760000 1.000000
450.315200 1122.856000 275.100800 67.644640 1.000000
399.227200 2091.248000 277.764800 1110.849600 1.000000
434.916800 1562.920000 282.096000 571.371200 1.000000
380.651200 2532.128000 285.883200 1518.513600 1.000000
380.182400 2593.952000 289.032000 1584.480000 1.000000
379.132800 2710.624000 291.665600 1704.368000 1.000000
382.364800 2600.896000 292.696000 1592.107200 1.000000
466.787200 1105.616000 293.419200 46.126080 1.000000
417.140800 2051.184000 294.248000 1073.219200 1.000000
449.905600 1546.284800 295.219200 554.825600 1.000000
466.768000 1150.953600 295.323200 104.066080 1.000000
403.489600 2350.960000 299.956800 1352.390400 1.000000
465.438400 1332.526400 303.299200 318.720000 1.000000
384.150400 3006.928000 305.128000 2014.480000 1.000000
406.580800 2573.072000 312.833600 1564.950400 1.000000
409.988800 2557.392000 315.795200 1548.587200 1.000000
409.027200 2583.888000 317.512000 1577.518400 1.000000
488.291200 1169.286400 318.009600 127.900480 1.000000
415.083200 2513.920000 319.937600 1502.948800 1.000000
408.308800 2693.184000 320.800000 1692.512000 1.000000
431.995200 2247.136000 322.833600 1262.430400 1.000000
424.476800 2374.432000 323.796800 1376.289600 1.000000
471.510400 1585.723200 324.083200 600.017600 1.000000
495.608000 1115.873600 325.953600 63.022240 1.000000
474.412800 1555.552000 326.494400 567.326400 1.000000
424.491200 2541.504000 330.084800 1532.848000 1.000000
443.612800 2232.256000 332.896000 1248.537600 1.000000
426.539200 2551.888000 333.894400 1545.564800 1.000000
482.904000 1559.800000 335.020800 573.217600 1.000000
424.406400 2711.504000 336.924800 1708.816000 1.000000
433.446400 2530.624000 337.211200 1520.984000 1.000000
505.332800 1107.385600 337.523200 53.695200 1.000000
466.956800 2093.504000 347.587200 1117.886400 1.000000
430.984000 2924.752000 348.158400 1921.024000 1.000000
467.876800 2058.592000 349.577600 1085.851200 1.000000
513.673600 1206.908800 350.859200 172.644800 1.000000
469.940800 2111.248000 352.038400 1136.478400 1.000000
453.424000 2397.456000 353.147200 1399.662400 1.000000
447.923200 2563.088000 353.916800 1560.233600 1.000000
444.819200 2673.072000 357.539200 1677.376000 1.000000
451.940800 2660.992000 360.742400 1664.656000 1.000000
455.876800 2594.992000 363.580800 1594.028800 1.000000
454.576000 2710.624000 365.916800 1710.192000 1.000000
545.019200 1145.670400 382.616000 106.728000 1.000000
476.929600 2564.944000 383.232000 1564.356800 1.000000
477.176000 2557.952000 384.593600 1557.190400 1.000000
506.118400 2108.624000 387.443200 1137.411200 1.000000
492.516800 2357.136000 389.216000 1366.288000 1.000000
481.649600 2677.072000 389.390400 1684.768000 1.000000
481.691200 2662.112000 393.038400 1668.384000 1.000000
496.899200 2374.240000 397.488000 1379.652800 1.000000
487.720000 2702.768000 398.851200 1708.096000 1.000000
491.008000 2694.112000 401.057600 1700.048000 1.000000
542.912000 1607.792000 402.507200 634.379200 1.000000
527.980800 2061.056000 408.376000 1096.548800 1.000000
500.318400 2684.880000 409.920000 1692.656000 1.000000
533.830400 2084.432000 413.995200 1121.024000 1.000000
571.083200 1183.656000 414.564800 154.532640 1.000000
518.608000 2352.688000 415.459200 1367.500800 1.000000
526.942400 2212.160000 417.387200 1236.067200 1.000000
539.233600 2059.696000 418.164800 1095.294400 1.000000
506.499200 2981.056000 423.808000 1969.872000 1.000000
517.472000 2700.480000 426.278400 1707.024000 1.000000
537.340800 2342.432000 432.067200 1360.801600 1.000000
523.878400 2639.472000 433.096000 1649.760000 1.000000
535.996800 2383.792000 433.716800 1396.792000 1.000000
590.268800 1163.070400 434.369600 134.520320 1.000000
549.960000 2157.504000 437.483200 1190.691200 1.000000
595.172800 1144.608000 438.142400 111.195360 1.000000
524.440000 2978.896000 439.502400 1968.688000 1.000000
550.686400 2190.752000 439.704000 1222.099200 1.000000
537.720000 2484.192000 441.939200 1485.524800 1.000000
533.547200 2699.408000 444.328000 1708.096000 1.000000
548.328000 2330.304000 446.387200 1349.950400 1.000000
560.260800 2152.016000 447.608000 1185.942400 1.000000
561.587200 2124.496000 448.848000 1161.419200 1.000000
560.697600 2184.096000 450.465600 1216.564800 1.000000
579.192000 2177.136000 469.665600 1213.092800 1.000000
564.560000 2583.936000 470.584000 1595.532800 1.000000
563.440000 2685.600000 471.320000 1698.944000 1.000000
582.390400 2192.048000 473.739200 1228.339200 1.000000
601.227200 1914.512000 477.728000 959.518400 1.000000
575.744000 2584.608000 482.147200 1597.588800 1.000000
596.654400 2169.664000 486.302400 1207.793600 1.000000
582.510400 2527.664000 487.872000 1536.043200 1.000000
627.740800 1567.275200 491.923200 600.324800 1.000000
595.422400 2555.152000 497.870400 1568.643200 1.000000
636.617600 1577.745600 499.104000 613.620800 1.000000
591.265600 2676.400000 501.595200 1694.960000 1.000000
596.979200 2513.776000 504.009600 1523.640000 1.000000
640.667200 1564.566400 504.425600 599.936000 1.000000
592.057600 2967.440000 506.243200 1964.288000 1.000000
601.379200 2686.992000 509.256000 1703.248000 1.000000
644.281600 1613.840000 509.337600 653.577600 1.000000
611.513600 2555.184000 515.321600 1569.521600 1.000000
607.668800 2658.800000 516.492800 1679.248000 1.000000
612.331200 2499.168000 516.715200 1509.465600 1.000000
614.393600 2636.176000 521.859200 1657.040000 1.000000
652.731200 1858.848000 528.688000 910.948800 1.000000
623.982400 2642.592000 532.032000 1664.144000 1.000000
632.292800 2478.944000 536.113600 1490.132800 1.000000
649.787200 2188.720000 539.102400 1231.537600 1.000000
664.892800 2053.296000 552.435200 1104.649600 1.000000
687.489600 1573.792000 553.473600 612.688000 1.000000
647.900800 2641.936000 555.134400 1666.656000 1.000000
742.043200 642.174400 559.214400 22.366560 1.000000
654.894400 2667.360000 561.681600 1692.992000 1.000000
659.560000 2411.344000 561.958400 1433.571200 1.000000
700.328000 1459.216000 562.976000 491.116800 1.000000
684.329600 1838.608000 563.169600 893.419200 1.000000
656.929600 2684.400000 566.662400 1704.768000 1.000000
664.987200 2569.072000 571.094400 1590.900800 1.000000
663.865600 2549.808000 571.315200 1571.225600 1.000000
715.328000 1409.932800 579.267200 438.550400 1.000000
676.660800 2516.576000 580.665600 1536.323200 1.000000
723.774400 1343.404800 585.292800 361.761600 1.000000
686.043200 2497.616000 586.289600 1517.084800 1.000000
684.297600 2666.384000 588.409600 1692.976000 1.000000
684.452800 2477.856000 589.206400 1494.820800 1.000000
708.072000 1944.128000 590.603200 1003.182400 1.000000
693.339200 2505.440000 597.628800 1526.606400 1.000000
720.012800 1897.296000 600.459200 959.552000 1.000000
704.892800 2339.792000 603.092800 1376.684800 1.000000
700.089600 2528.320000 605.217600 1551.712000 1.000000
720.673600 2187.776000 609.984000 1240.694400 1.000000
735.844800 1705.472000 611.078400 763.350400 1.000000
708.492800 2481.808000 611.179200 1503.124800 1.000000
736.185600 1816.480000 614.628800 878.579200 1.000000
734.921600 2020.736000 622.020800 1082.822400 1.000000
740.688000 1925.792000 624.713600 990.718400 1.000000
722.488000 2510.992000 626.731200 1536.304000 1.000000
741.819200 2029.824000 629.792000 1094.777600 1.000000
748.654400 1932.688000 632.553600 999.996800 1.000000
750.659200 1891.616000 633.350400 957.152000 1.000000
751.995200 2031.456000 640.350400 1095.696000 1.000000
767.611200 1696.880000 645.419200 759.563200 1.000000
758.366400 2315.664000 655.793600 1361.705600 1.000000
759.636800 2327.888000 658.222400 1372.817600 1.000000
758.702400 2490.368000 662.046400 1517.876800 1.000000
766.025600 2367.968000 666.168000 1407.446400 1.000000
779.358400 2071.104000 667.592000 1136.556800 1.000000
768.401600 2514.368000 671.078400 1544.980800 1.000000
772.265600 2568.608000 675.670400 1603.984000 1.000000
779.265600 2321.088000 679.036800 1368.180800 1.000000
799.409600 1738.512000 679.660800 805.160000 1.000000
790.635200 2036.112000 680.560000 1102.411200 1.000000
779.582400 2616.384000 682.377600 1654.800000 1.000000
781.590400 2522.688000 683.446400 1555.435200 1.000000
785.996800 2379.152000 685.102400 1419.841600 1.000000
781.721600 2555.568000 686.723200 1592.688000 1.000000
782.116800 2511.648000 687.137600 1543.860800 1.000000
792.182400 2563.264000 693.956800 1601.152000 1.000000
793.955200 2657.056000 698.500800 1695.168000 1.000000
796.699200 2530.032000 698.620800 1565.107200 1.000000
797.443200 2689.376000 698.804800 1723.040000 1.000000
802.150400 2560.304000 706.014400 1600.064000 1.000000
802.340800 2951.664000 706.689600 1966.720000 1.000000
805.227200 2570.512000 706.972800 1609.440000 1.000000
809.153600 2495.520000 711.702400 1530.542400 1.000000
828.654400 2333.232000 727.259200 1385.566400 1.000000
827.076800 2648.720000 728.521600 1692.800000 1.000000
828.574400 2559.232000 733.428800 1602.032000 1.000000
834.260800 2939.008000 733.715200 1959.792000 1.000000
840.518400 2312.480000 738.411200 1368.753600 1.000000
837.681600 2473.360000 740.083200 1509.916800 1.000000
843.475200 2535.360000 741.833600 1576.011200 1.000000
840.760000 2652.800000 743.078400 1696.672000 1.000000
845.683200 2483.440000 746.193600 1522.131200 1.000000
844.771200 2638.320000 746.601600 1684.448000 1.000000
866.526400 1817.008000 749.089600 901.214400 1.000000
848.281600 2570.976000 750.265600 1615.744000 1.000000
857.564800 2103.216000 750.819200 1177.148800 1.000000
849.843200 2501.392000 751.432000 1542.041600 1.000000
854.841600 2901.056000 753.108800 1934.784000 1.000000
857.715200 2522.160000 757.659200 1565.652800 1.000000
874.128000 1910.912000 765.641600 992.384000 1.000000
872.251200 2318.688000 770.572800 1378.224000 1.000000
870.865600 2651.760000 770.884800 1699.056000 1.000000
876.776000 2325.440000 774.446400 1385.396800 1.000000
881.152000 2098.752000 775.366400 1176.030400 1.000000
876.262400 2947.472000 778.076800 1969.616000 1.000000
878.561600 2640.864000 779.908800 1689.104000 1.000000
893.665600 1823.264000 782.208000 905.064000 1.000000
890.347200 2069.168000 783.275200 1148.454400 1.000000
891.097600 2084.976000 784.656000 1164.608000 1.000000
887.283200 2477.328000 784.753600 1520.596800 1.000000
884.670400 2661.936000 785.153600 1708.160000 1.000000
901.723200 1813.104000 789.339200 897.552000 1.000000
890.425600 2244.240000 790.419200 1315.016000 1.000000
891.144000 2513.472000 792.292800 1559.827200 1.000000
890.300800 2650.096000 793.324800 1697.616000 1.000000
893.964800 2399.216000 794.902400 1449.505600 1.000000
898.078400 2302.816000 796.131200 1367.388800 1.000000
903.619200 2282.880000 798.888000 1349.304000 1.000000
904.992000 2319.072000 803.224000 1382.236800 1.000000
908.390400 2293.392000 805.355200 1359.644800 1.000000
909.009600 2676.768000 806.860800 1723.552000 1.000000
907.945600 2634.576000 807.052800 1687.632000 1.000000
910.252800 2269.408000 808.115200 1337.134400 1.000000
911.553600 2233.056000 808.608000 1305.673600 1.000000
911.876800 2540.768000 812.920000 1590.611200 1.000000
920.371200 2244.992000 817.078400 1316.417600 1.000000
920.881600 2644.432000 819.288000 1697.648000 1.000000
920.025600 2474.432000 820.353600 1522.692800 1.000000
926.862400 2529.088000 826.888000 1581.840000 1.000000
926.052800 2542.944000 827.172800 1593.160000 1.000000
934.779200 2186.448000 829.417600 1265.251200 1.000000
931.720000 2252.320000 829.515200 1324.598400 1.000000
931.214400 2351.744000 830.225600 1414.184000 1.000000
944.667200 1227.492800 830.630400 254.393600 1.000000
937.179200 2636.496000 836.358400 1692.000000 1.000000
943.236800 2358.448000 841.932800 1420.784000 1.000000
947.883200 2606.576000 844.126400 1663.856000 1.000000
945.096000 2470.624000 848.592000 1521.491200 1.000000
953.588800 2640.640000 851.990400 1697.504000 1.000000
955.888000 2261.616000 852.718400 1335.993600 1.000000
954.817600 2375.888000 852.784000 1436.929600 1.000000
970.113600 1871.600000 862.440000 965.809600 1.000000
967.793600 2517.200000 865.169600 1573.396800 1.000000
975.816000 2617.024000 873.278400 1679.440000 1.000000
981.360000 2494.160000 880.107200 1551.240000 1.000000
987.235200 2476.128000 884.987200 1531.633600 1.000000
991.368000 2233.504000 888.705600 1314.630400 1.000000
996.836800 2625.056000 893.603200 1688.736000 1.000000
999.368000 2910.816000 893.747200 1950.080000 1.000000
996.192000 2505.680000 895.016000 1562.969600 1.000000
1006.099200 2330.048000 903.108800 1404.972800 1.000000
1010.812800 2220.128000 907.721600 1305.406400 1.000000
1014.768000 2235.296000 911.811200 1321.902400 1.000000
1021.724800 2253.840000 918.675200 1338.156800 1.000000
1023.521600 2498.480000 922.051200 1562.569600 1.000000
1025.136000 2234.864000 922.824000 1318.886400 1.000000
1032.542400 2599.600000 927.630400 1667.152000 1.000000
1033.963200 2287.216000 932.244800 1371.148800 1.000000
1037.817600 2269.824000 935.006400 1354.851200 1.000000
1044.865600 2258.640000 942.804800 1344.243200 1.000000
1049.827200 2469.808000 944.265600 1533.300800 1.000000
1053.820800 2095.728000 949.312000 1196.305600 1.000000
1059.118400 2625.856000 952.881600 1694.640000 1.000000
1059.177600 2272.864000 956.673600 1358.156800 1.000000
1060.772800 2506.224000 957.784000 1573.304000 1.000000
1067.953600 2755.120000 958.364800 1819.696000 1.000000
1072.643200 2773.312000 962.425600 1837.664000 1.000000
1070.454400 2615.968000 962.696000 1686.608000 1.000000
1074.374400 2747.504000 964.513600 1812.896000 1.000000
1078.942400 2957.616000 964.902400 2008.624000 1.000000
1099.956800 2754.544000 989.699200 1824.624000 1.000000
1100.614400 2864.352000 990.195200 1919.536000 1.000000
1095.923200 2618.320000 990.612800 1695.232000 1.000000
1096.753600 2337.712000 993.480000 1420.844800 1.000000
1100.252800 2610.144000 993.984000 1686.928000 1.000000
1106.073600 2329.904000 1003.774400 1415.540800 1.000000
1125.974400 2011.568000 1025.059200 1124.156800 1.000000
1131.379200 2474.480000 1025.622400 1549.520000 1.000000
1133.809600 2491.616000 1027.828800 1567.835200 1.000000
1134.740800 2325.344000 1031.499200 1414.473600 1.000000
1139.203200 2537.072000 1031.992000 1617.520000 1.000000
1145.900800 2507.120000 1040.480000 1585.060800 1.000000
1159.529600 2998.784000 1042.156800 2041.904000 1.000000
1152.433600 2437.616000 1047.291200 1515.379200 1.000000
1157.163200 2472.064000 1053.590400 1548.107200 1.000000
1167.635200 2625.520000 1056.598400 1704.080000 1.000000
1169.537600 2640.288000 1060.558400 1715.264000 1.000000
1183.190400 2881.040000 1063.864000 1941.952000 1.000000
1173.656000 2590.160000 1063.875200 1673.696000 1.000000
1177.289600 2494.736000 1069.662400 1576.505600 1.000000
1177.347200 2308.112000 1076.835200 1403.939200 1.000000
1195.656000 2597.744000 1083.465600 1683.504000 1.000000
1200.724800 2606.896000 1086.419200 1691.328000 1.000000
1200.126400 2620.352000 1087.273600 1702.304000 1.000000
1209.456000 2882.400000 1089.944000 1946.336000 1.000000
1177.656000 1086.433600 1097.580800 115.875520 1.000000
1210.528000 2593.856000 1097.976000 1682.512000 1.000000
1213.377600 2510.336000 1102.547200 1597.622400 1.000000
1217.216000 2526.624000 1106.465600 1614.784000 1.000000
1213.312000 2388.128000 1109.246400 1476.360000 1.000000
1225.548800 2589.280000 1111.502400 1678.000000 1.000000
1222.227200 2432.720000 1114.478400 1517.171200 1.000000
1231.851200 2848.512000 1116.313600 1916.576000 1.000000
1226.716800 2506.016000 1117.849600 1593.297600 1.000000
1238.041600 2910.656000 1118.790400 1969.600000 1.000000
1231.476800 2579.056000 1119.456000 1670.496000 1.000000
1228.990400 2468.848000 1119.838400 1555.512000 1.000000
1218.620800 1478.107200 1131.636800 582.283200 1.000000
1244.907200 2453.872000 1137.276800 1541.728000 1.000000
1248.662400 2471.024000 1138.956800 1561.875200 1.000000
1254.212800 2584.000000 1139.115200 1677.520000 1.000000
1254.288000 2574.688000 1140.700800 1668.192000 1.000000
1255.337600 2485.536000 1144.944000 1577.328000 1.000000
1242.676800 1962.192000 1145.380800 1090.902400 1.000000
1262.694400 2513.376000 1151.390400 1605.904000 1.000000
1267.696000 2572.880000 1152.352000 1667.936000 1.000000
1266.105600 2470.112000 1156.948800 1562.968000 1.000000
1258.240000 2143.824000 1157.497600 1266.304000 1.000000
1277.308800 2487.296000 1166.132800 1581.716800 1.000000
1275.171200 2468.400000 1167.228800 1560.041600 1.000000
1298.673600 2880.096000 1170.043200 1954.528000 1.000000
1285.404800 2564.256000 1170.382400 1661.760000 1.000000
1278.342400 2431.968000 1170.449600 1523.480000 1.000000
1245.064000 1138.166400 1170.817600 189.028800 1.000000
1267.777600 1927.648000 1171.958400 1060.145600 1.000000
1260.888000 1508.971200 1176.022400 621.910400 1.000000
1292.068800 2581.856000 1176.412800 1678.880000 1.000000
1293.307200 2517.008000 1179.254400 1614.416000 1.000000
1281.128000 2166.048000 1180.329600 1288.633600 1.000000
1292.052800 2435.232000 1183.259200 1528.017600 1.000000
1299.051200 2570.496000 1183.409600 1668.928000 1.000000
1305.772800 2584.960000 1190.646400 1682.592000 1.000000
1275.574400 1595.592000 1190.796800 717.720000 1.000000
1308.712000 2523.680000 1193.609600 1623.168000 1.000000
1307.806400 2514.544000 1193.688000 1613.408000 1.000000
1287.862400 1864.176000 1193.953600 999.097600 1.000000
1312.968000 2565.856000 1197.136000 1665.712000 1.000000
1316.096000 2450.320000 1205.702400 1547.387200 1.000000
1338.873600 2873.248000 1206.036800 1951.360000 1.000000
1322.385600 2513.216000 1207.254400 1614.304000 1.000000
1318.646400 2441.872000 1208.920000 1538.780800 1.000000
1326.912000 2565.344000 1209.208000 1667.616000 1.000000
1321.574400 2433.456000 1210.489600 1529.982400 1.000000
1332.748800 2576.896000 1214.313600 1677.680000 1.000000
1332.838400 2554.192000 1215.880000 1657.664000 1.000000
1349.153600 2839.120000 1220.088000 1923.248000 1.000000
1355.195200 2864.480000 1222.796800 1946.256000 1.000000
1353.227200 2851.984000 1222.960000 1934.512000 1.000000
1336.777600 2431.904000 1226.342400 1530.505600 1.000000
1329.684800 2206.672000 1227.372800 1332.550400 1.000000
1353.387200 2566.064000 1235.291200 1669.984000 1.000000
1355.254400 2515.264000 1238.427200 1617.760000 1.000000
1365.022400 2498.368000 1249.403200 1603.024000 1.000000
1311.428800 1094.305600 1249.427200 145.423040 1.000000
1366.315200 2510.320000 1250.993600 1616.208000 1.000000
1366.230400 2483.408000 1251.481600 1587.465600 1.000000
1360.104000 2244.256000 1254.340800 1369.660800 1.000000
1363.857600 2347.696000 1256.457600 1459.665600 1.000000
1368.156800 2270.720000 1262.131200 1394.329600 1.000000
1381.841600 2495.744000 1267.195200 1604.576000 1.000000
1377.619200 2347.344000 1270.625600 1460.955200 1.000000
1392.328000 2488.064000 1275.945600 1595.478400 1.000000
1368.838400 1940.064000 1276.107200 1087.764800 1.000000
1392.348800 2471.296000 1277.940800 1579.849600 1.000000
1389.360000 2324.320000 1282.105600 1440.118400 1.000000
1384.057600 2178.912000 1282.483200 1313.425600 1.000000
1395.928000 2425.856000 1283.894400 1531.520000 1.000000
1363.817600 1597.499200 1283.932800 732.689600 1.000000
1389.060800 2255.152000 1285.982400 1383.036800 1.000000
1402.936000 2474.912000 1288.091200 1584.747200 1.000000
1404.771200 2486.048000 1288.468800 1596.100800 1.000000
1357.603200 1292.126400 1291.822400 387.972800 1.000000
1404.393600 2412.784000 1293.056000 1520.022400 1.000000
1400.395200 2284.240000 1293.222400 1409.928000 1.000000
1358.737600 1272.939200 1293.652800 365.502400 1.000000
1367.248000 1286.465600 1301.833600 384.372800 1.000000
1414.686400 2292.016000 1308.512000 1418.476800 1.000000
1427.448000 2484.240000 1311.542400 1597.403200 1.000000
1426.232000 2447.968000 1312.054400 1557.827200 1.000000
1409.888000 1872.144000 1315.672000 1035.563200 1.000000
1432.233600 2429.216000 1317.651200 1539.532800 1.000000
1380.961600 1072.414400 1330.800000 132.949600 1.000000
1423.190400 1800.448000 1336.628800 954.465600 1.000000
1435.440000 2013.840000 1338.836800 1163.192000 1.000000
1389.545600 1050.619200 1340.281600 106.190240 1.000000
1385.710400 989.502400 1340.508800 26.890240 1.000000
1451.640000 2248.096000 1345.435200 1384.456000 1.000000
1455.910400 2218.944000 1350.390400 1358.324800 1.000000
1478.137600 2539.104000 1354.976000 1657.360000 1.000000
1440.089600 1807.888000 1355.532800 962.992000 1.000000
1466.094400 2306.544000 1357.856000 1435.547200 1.000000
1423.816000 1325.753600 1362.547200 438.238400 1.000000
1506.062400 2848.224000 1363.488000 1916.800000 1.000000
1468.624000 2037.392000 1372.128000 1192.140800 1.000000
1420.185600 1043.465600 1375.928000 98.290720 1.000000
1458.566400 1698.384000 1380.006400 852.996800 1.000000
1448.220800 1386.284800 1384.342400 510.720000 1.000000
1502.654400 2440.816000 1385.124800 1559.304000 1.000000
1481.688000 2025.184000 1385.532800 1179.944000 1.000000
1502.590400 2423.472000 1386.908800 1542.172800 1.000000
1434.099200 1049.057600 1392.342400 109.368960 1.000000
1475.057600 1691.136000 1397.329600 846.312000 1.000000
1457.222400 1241.323200 1402.672000 345.828800 1.000000
1490.044800 1723.152000 1410.707200 882.838400 1.000000
1522.276800 2083.248000 1423.763200 1242.641600 1.000000
1537.019200 2408.368000 1425.568000 1530.497600 1.000000
1489.304000 1392.558400 1429.873600 523.254400 1.000000
1558.766400 2424.448000 1440.592000 1549.185600 1.000000
1484.288000 1060.780800 1446.814400 131.188000 1.000000
1604.864000 2994.336000 1449.238400 2042.960000 1.000000
1574.427200 2473.184000 1450.928000 1601.696000 1.000000
1596.500800 2473.584000 1471.440000 1604.352000 1.000000
1590.995200 2413.312000 1471.800000 1542.630400 1.000000
1596.371200 2450.640000 1475.219200 1581.940800 1.000000
1597.686400 2421.616000 1477.020800 1551.547200 1.000000
1658.928000 2470.000000 1533.976000 1609.392000 1.000000
1663.808000 2441.792000 1540.046400 1581.040000 1.000000
1669.088000 2424.688000 1546.852800 1564.611200 1.000000
1668.592000 2409.632000 1548.212800 1547.648000 1.000000
1667.744000 2229.984000 1558.515200 1388.633600 1.000000
1695.808000 2421.568000 1570.134400 1563.764800 1.000000
1709.760000 2439.632000 1583.251200 1583.780800 1.000000
1712.896000 2455.296000 1584.724800 1601.072000 1.000000
1712.112000 2327.680000 1595.795200 1480.944000 1.000000
1734.816000 2346.192000 1614.544000 1499.305600 1.000000
1690.768000 1293.344000 1658.160000 439.550400 1.000000
1797.376000 2409.632000 1670.592000 1561.776000 1.000000
1702.912000 1287.414400 1672.544000 436.056000 1.000000
1803.584000 2389.200000 1680.736000 1542.001600 1.000000
1817.712000 2348.944000 1693.808000 1510.270400 1.000000
1762.960000 1740.784000 1695.152000 935.480000 1.000000
1730.064000 1317.004800 1700.368000 471.576000 1.000000
1819.744000 2268.080000 1703.232000 1442.542400 1.000000
1838.560000 2360.448000 1713.088000 1521.481600 1.000000
1805.008000 1991.904000 1713.472000 1188.328000 1.000000
1807.328000 2009.824000 1714.160000 1205.275200 1.000000
1739.584000 1214.003200 1721.344000 352.395200 1.000000
1824.784000 2025.904000 1731.664000 1222.328000 1.000000
1823.168000 1984.400000 1733.248000 1183.883200 1.000000
1897.408000 2641.344000 1742.528000 1762.112000 1.000000
1817.120000 1708.512000 1752.512000 909.622400 1.000000
1914.832000 2713.744000 1752.688000 1834.800000 1.000000
1943.312000 2948.976000 1752.880000 2031.808000 1.000000
1940.480000 2917.088000 1753.232000 2007.056000 1.000000
1815.552000 1689.216000 1753.600000 890.310400 1.000000
1885.152000 2391.488000 1757.168000 1552.675200 1.000000
1776.560000 1246.862400 1759.376000 393.793600 1.000000
1907.984000 2522.544000 1764.080000 1675.952000 1.000000
1964.016000 2994.528000 1765.360000 2078.352000 1.000000
1959.664000 2925.024000 1769.488000 2015.904000 1.000000
1945.712000 2731.056000 1777.776000 1851.824000 1.000000
1953.232000 2769.280000 1778.832000 1890.704000 1.000000
1832.400000 1574.731200 1781.744000 777.296000 1.000000
1963.440000 2777.184000 1787.280000 1901.536000 1.000000
1836.064000 1542.928000 1790.064000 743.057600 1.000000
1837.808000 1563.694400 1790.160000 761.633600 1.000000
1971.024000 2787.392000 1793.408000 1910.448000 1.000000
1960.304000 2626.800000 1800.976000 1754.000000 1.000000
2002.768000 2882.000000 1809.856000 1986.080000 1.000000
1918.656000 2146.096000 1809.952000 1346.441600 1.000000
1900.864000 1865.040000 1821.440000 1080.427200 1.000000
1911.088000 1935.600000 1825.504000 1148.620800 1.000000
1859.616000 1431.900800 1827.792000 621.948800 1.000000
1940.224000 2158.080000 1830.656000 1358.872000 1.000000
1872.016000 1449.112000 1838.672000 643.156800 1.000000
2038.272000 2921.408000 1839.264000 2025.776000 1.000000
2034.256000 2882.544000 1839.376000 1990.544000 1.000000
1950.736000 2165.488000 1839.472000 1365.968000 1.000000
1954.608000 2150.800000 1844.480000 1352.662400 1.000000
2047.840000 2896.288000 1850.240000 2005.072000 1.000000
2045.648000 2879.840000 1850.496000 1990.624000 1.000000
2052.320000 2924.400000 1851.280000 2029.680000 1.000000
2059.392000 2956.128000 1854.272000 2058.704000 1.000000
1878.064000 1361.824000 1855.872000 544.742400 1.000000
2064.576000 2934.800000 1860.432000 2041.552000 1.000000
1936.944000 1851.120000 1861.072000 1069.798400 1.000000
1904.976000 1554.516800 1861.200000 763.912000 1.000000
2078.384000 2978.832000 1867.248000 2079.936000 1.000000
2060.896000 2840.864000 1868.768000 1958.480000 1.000000
2070.240000 2897.424000 1871.280000 2008.736000 1.000000
1915.392000 1562.492800 1872.080000 772.206400 1.000000
2059.024000 2772.464000 1873.856000 1902.672000 1.000000
1954.208000 1872.048000 1875.792000 1092.704000 1.000000
1866.128000 1058.144000 1880.112000 186.798400 1.000000
2000.064000 2236.944000 1880.768000 1434.068800 1.000000
2079.536000 2866.784000 1882.496000 1981.504000 1.000000
2002.096000 2219.664000 1884.736000 1419.606400 1.000000
2073.952000 2797.296000 1884.896000 1927.440000 1.000000
1934.848000 1583.993600 1890.640000 796.676800 1.000000
1927.008000 1500.651200 1891.552000 705.315200 1.000000
2088.816000 2844.688000 1893.312000 1965.984000 1.000000
2096.288000 2868.784000 1895.552000 1985.056000 1.000000
2021.536000 2244.576000 1900.000000 1443.651200 1.000000
2097.552000 2853.856000 1901.152000 1973.728000 1.000000
1880.784000 1000.977600 1904.800000 118.472640 1.000000
1996.928000 1906.288000 1914.608000 1131.025600 1.000000
1966.704000 1584.888000 1921.568000 802.822400 1.000000
2005.088000 1897.376000 1923.200000 1124.337600 1.000000
2050.016000 2263.344000 1924.992000 1461.896000 1.000000
2011.504000 1919.840000 1927.504000 1146.436800 1.000000
2064.400000 2295.552000 1935.840000 1490.704000 1.000000
2030.336000 1931.952000 1944.656000 1159.382400 1.000000
1953.840000 1230.195200 1956.544000 406.134400 1.000000
1940.928000 1004.937600 1972.016000 134.418560 1.000000
2006.640000 1479.988800 1981.232000 694.499200 1.000000
1995.584000 1267.641600 1995.776000 454.158400 1.000000
2094.512000 2028.944000 1996.080000 1257.004800 1.000000
2145.296000 2420.096000 1996.816000 1599.620800 1.000000
2031.696000 1517.206400 1999.280000 739.894400 1.000000
2137.840000 2256.672000 2007.968000 1468.160000 1.000000
2181.824000 2547.376000 2010.768000 1729.600000 1.000000
2075.312000 1679.936000 2019.568000 914.041600 1.000000
2110.560000 1978.608000 2020.064000 1210.889600 1.000000
2073.136000 1658.208000 2023.584000 894.996800 1.000000
2207.104000 2640.592000 2023.600000 1817.792000 1.000000
2204.544000 2618.128000 2023.968000 1798.384000 1.000000
2056.992000 1524.009600 2026.544000 749.585600 1.000000
2123.600000 2024.848000 2027.024000 1255.300800 1.000000
2030.320000 1294.182400 2028.720000 492.313600 1.000000
2243.200000 2853.632000 2028.912000 1990.688000 1.000000
2204.032000 2560.416000 2029.904000 1745.600000 1.000000
2129.872000 2008.896000 2035.952000 1240.908800 1.000000
2216.640000 2579.056000 2037.472000 1764.720000 1.000000
2220.544000 2616.912000 2037.776000 1800.032000 1.000000
2139.952000 2037.536000 2039.568000 1268.856000 1.000000
2096.688000 1676.528000 2044.752000 916.817600 1.000000
2033.152000 1209.659200 2044.944000 394.784000 1.000000
2139.712000 2000.928000 2047.536000 1239.836800 1.000000
2074.256000 1480.286400 2052.160000 702.920000 1.000000
2107.296000 1714.784000 2053.696000 952.715200 1.000000
2156.912000 2030.896000 2057.520000 1264.926400 1.000000
2120.944000 1741.584000 2059.696000 985.240000 1.000000
2014.032000 963.246400 2061.616000 94.417280 1.000000
2073.056000 1332.121600 2068.128000 541.683200 1.000000
2019.728000 955.801600 2068.880000 86.245440 1.000000
2195.360000 2186.288000 2073.360000 1411.480000 1.000000
2163.744000 1963.104000 2074.624000 1200.523200 1.000000
2218.720000 2294.864000 2085.392000 1501.524800 1.000000
2138.768000 1675.872000 2087.776000 919.048000 1.000000
2145.104000 1720.496000 2088.784000 963.587200 1.000000
2277.520000 2614.320000 2090.256000 1804.352000 1.000000
2199.632000 2000.272000 2101.248000 1252.980800 1.000000
2122.192000 1411.440000 2110.560000 635.254400 1.000000
2118.688000 1384.889600 2110.720000 605.110400 1.000000
2162.064000 1682.592000 2112.784000 926.886400 1.000000
2333.968000 2724.624000 2118.912000 1919.040000 1.000000
2093.312000 1138.308800 2121.344000 318.520000 1.000000
2192.832000 1767.776000 2130.832000 1016.891200 1.000000
2140.208000 1396.952000 2131.824000 621.808000 1.000000
2196.752000 1713.200000 2143.968000 960.902400 1.000000
2125.504000 1099.592000 2165.552000 274.476800 1.000000
2184.464000 1443.832000 2171.680000 677.763200 1.000000
2196.304000 1476.710400 2179.968000 713.246400 1.000000
2144.320000 1087.689600 2186.944000 264.024000 1.000000
2187.616000 1368.094400 2187.888000 594.124800 1.000000
2160.240000 1110.524800 2200.960000 294.126400 1.000000
2172.448000 1131.889600 2211.280000 318.420800 1.000000
2176.304000 1120.345600 2217.552000 307.505600 1.000000
2188.368000 1138.632000 2226.208000 329.766400 1.000000
2202.224000 1173.428800 2238.608000 372.897600 1.000000
2191.648000 1067.070400 2244.544000 243.806400 1.000000
2272.016000 1417.428800 2267.152000 678.364800 1.000000
2206.848000 1009.784000 2268.368000 177.579200 1.000000
2251.072000 1149.968000 2294.528000 356.198400 1.000000
2319.312000 1471.518400 2304.816000 754.200000 1.000000
2314.192000 1243.982400 2337.168000 507.675200 1.000000
3388.816000 1715.552000 2533.232000 1499.704000 1.000000
2909.904000 1174.320000 2711.232000 1249.862400 1.000000
2943.376000 1562.462400 2768.240000 1851.472000 1.000000
2946.928000 1542.331200 2773.008000 1830.592000 1.000000
2955.152000 1186.100800 2796.416000 1340.486400 1.000000
2943.520000 1365.456000 2804.352000 1696.816000 1.000000
3083.696000 1746.944000 2855.200000 2032.768000 1.000000
3105.456000 1802.144000 2872.064000 2137.648000 1.000000
3399.600000 1377.144000 3209.536000 1975.520000 1.000000
