63.490400 2305.136000 29.456480 234.256000 1.000000
114.572320 2991.072000 34.942080 730.459200 1.000000
263.881600 2588.352000 67.240480 205.641600 1.000000
257.350400 2630.224000 73.964960 267.160000 1.000000
347.544000 2494.832000 133.107360 85.850880 1.000000
242.353600 2962.048000 147.963840 722.451200 1.000000
320.825600 2654.032000 148.804960 314.630400 1.000000
446.128000 2571.712000 260.598400 223.670400 1.000000
496.662400 2578.096000 314.136000 244.481600 1.000000
481.649600 2677.072000 320.790400 377.920000 1.000000
521.940800 2667.040000 361.185600 369.683200 1.000000
647.900800 2641.936000 488.232000 368.473600 1.000000
679.884800 2541.152000 502.504000 232.076800 1.000000
702.129600 2567.392000 531.004800 276.243200 1.000000
788.619200 2583.504000 624.499200 320.406400 1.000000
793.955200 2657.056000 640.083200 412.556800 1.000000
888.974400 2553.216000 725.563200 297.848000 1.000000
931.214400 2351.744000 747.596800 74.290560 1.000000
932.659200 2368.480000 749.940800 90.956000 1.000000
943.236800 2358.448000 758.499200 81.422720 1.000000
1039.600000 2573.936000 882.302400 366.260800 1.000000
1060.772800 2506.224000 907.076800 275.833600 1.000000
1120.747200 2571.504000 965.075200 380.937600 1.000000
1134.740800 2325.344000 969.593600 92.110880 1.000000
1131.379200 2474.480000 972.592000 249.176000 1.000000
1152.433600 2437.616000 994.195200 205.921600 1.000000
1151.288000 2822.224000 1010.841600 671.899200 1.000000
1244.761600 2559.424000 1093.523200 397.268800 1.000000
1254.288000 2574.688000 1103.214400 418.752000 1.000000
1259.196800 2385.456000 1126.080000 176.256000 1.000000
1312.968000 2565.856000 1163.540800 419.417600 1.000000
1326.912000 2565.344000 1176.673600 422.643200 1.000000
1332.838400 2554.192000 1184.865600 411.929600 1.000000
1363.372800 2543.840000 1214.454400 404.713600 1.000000
1363.857600 2347.696000 1220.409600 165.656000 1.000000
1389.360000 2324.320000 1245.836800 147.016320 1.000000
1389.060800 2255.152000 1246.260800 78.256800 1.000000
1405.726400 2331.120000 1262.641600 159.880480 1.000000
1413.086400 2742.624000 1281.560000 559.851200 1.000000
1432.233600 2429.216000 1290.427200 263.204800 1.000000
1473.252800 2831.104000 1320.816000 679.019200 1.000000
1506.062400 2848.224000 1349.844800 698.286400 1.000000
1502.654400 2440.816000 1361.467200 293.924800 1.000000
1502.590400 2423.472000 1364.692800 271.140800 1.000000
1534.865600 2838.816000 1382.500800 698.638400 1.000000
1537.019200 2408.368000 1403.246400 259.742400 1.000000
1564.364800 2497.952000 1422.771200 392.640000 1.000000
1566.016000 2424.224000 1429.027200 286.534400 1.000000
1574.427200 2473.184000 1432.104000 356.147200 1.000000
1608.848000 2460.592000 1467.785600 352.155200 1.000000
1693.200000 2438.432000 1556.507200 338.979200 1.000000
1695.808000 2421.568000 1563.865600 316.969600 1.000000
1687.856000 2256.848000 1573.390400 150.156480 1.000000
1702.384000 2363.632000 1580.460800 252.048000 1.000000
1803.584000 2389.200000 1684.768000 296.545600 1.000000
1800.672000 2360.624000 1685.232000 268.140800 1.000000
1823.168000 1984.400000 1688.544000 196.964800 1.000000
1817.712000 2348.944000 1700.160000 265.406400 1.000000
1909.872000 2933.664000 1715.136000 825.193600 1.000000
1839.440000 2408.384000 1717.984000 322.275200 1.000000
1922.192000 2932.112000 1723.824000 824.163200 1.000000
1885.168000 2632.848000 1740.432000 528.296000 1.000000
1943.312000 2948.976000 1740.800000 839.070400 1.000000
1883.072000 2500.976000 1746.880000 437.212800 1.000000
1914.832000 2713.744000 1747.376000 629.745600 1.000000
1960.976000 3006.688000 1748.624000 905.608000 1.000000
1959.664000 2925.024000 1757.600000 826.230400 1.000000
1885.152000 2391.488000 1766.064000 311.195200 1.000000
1945.712000 2731.056000 1773.024000 655.939200 1.000000
1977.248000 2908.640000 1773.488000 819.400000 1.000000
1972.672000 2889.136000 1774.544000 804.041600 1.000000
1921.712000 2502.832000 1783.056000 448.340800 1.000000
2002.768000 2882.000000 1802.816000 803.019200 1.000000
2034.256000 2882.544000 1829.440000 810.411200 1.000000
1918.656000 2146.096000 1838.528000 90.396960 1.000000
2054.416000 2910.416000 1841.888000 841.128000 1.000000
2070.240000 2897.424000 1859.984000 832.180800 1.000000
2060.896000 2840.864000 1860.688000 781.264000 1.000000
2059.024000 2772.464000 1870.080000 724.464000 1.000000
2069.472000 2777.584000 1876.736000 732.392000 1.000000
1967.680000 2173.008000 1886.416000 129.193760 1.000000
2097.552000 2853.856000 1890.752000 800.188800 1.000000
2000.064000 2236.944000 1912.384000 200.219200 1.000000
2093.904000 2304.944000 1995.920000 278.726400 1.000000
2203.072000 2563.984000 2043.632000 578.257600 1.000000
2137.840000 2256.672000 2051.680000 245.606400 1.000000
2277.520000 2614.320000 2099.792000 651.240000 1.000000
2139.952000 2037.536000 2106.448000 19.674720 1.000000
2293.824000 2547.184000 2136.704000 569.713600 1.000000
