13.594192 315.227200 11.069696 1336.608000 1.000000
503.662400 806.011200 21.325440 1773.936000 1.000000
558.211200 1190.355200 31.359520 2181.728000 1.000000
514.619200 796.923200 33.678560 1761.920000 1.000000
528.784000 804.369600 49.387680 1768.688000 1.000000
494.140800 500.382400 49.781600 1476.454400 1.000000
513.568000 593.264000 58.845120 1564.657600 1.000000
538.676800 809.302400 58.981280 1775.360000 1.000000
498.934400 452.976000 61.330400 1431.145600 1.000000
633.828800 1554.873600 73.968960 2605.616000 1.000000
519.120000 450.195200 83.133280 1426.444800 1.000000
528.793600 446.508800 93.988800 1424.721600 1.000000
684.329600 1838.608000 101.733120 2967.760000 1.000000
667.676800 1576.102400 109.227040 2634.736000 1.000000
602.073600 883.798400 119.750400 1847.184000 1.000000
620.316800 927.609600 135.593120 1890.032000 1.000000
570.569600 437.315200 139.762720 1413.569600 1.000000
628.688000 930.278400 143.901600 1893.088000 1.000000
578.673600 467.764800 144.752160 1442.292800 1.000000
590.184000 567.059200 145.019360 1534.496000 1.000000
670.276800 1294.099200 147.769440 2290.512000 1.000000
579.712000 447.172800 148.528000 1422.987200 1.000000
738.942400 1852.304000 166.438400 2983.296000 1.000000
610.644800 572.531200 167.771200 1537.828800 1.000000
611.907200 556.392000 171.225600 1521.936000 1.000000
616.411200 570.900800 173.992000 1535.817600 1.000000
660.041600 914.811200 181.196800 1872.896000 1.000000
708.704000 1341.728000 184.984000 2339.904000 1.000000
665.747200 622.052800 221.923200 1583.486400 1.000000
716.891200 1058.537600 227.862400 2024.640000 1.000000
783.276800 1728.384000 233.785600 2814.432000 1.000000
722.812800 997.176000 242.707200 1957.568000 1.000000
799.409600 1738.512000 251.361600 2826.000000 1.000000
697.051200 645.662400 253.779200 1603.520000 1.000000
821.003200 1743.856000 279.059200 2830.672000 1.000000
736.278400 650.540800 296.001600 1606.816000 1.000000
841.596800 1770.560000 300.670400 2864.272000 1.000000
742.043200 642.174400 303.696000 1598.172800 1.000000
770.633600 704.049600 327.982400 1654.112000 1.000000
866.526400 1817.008000 329.737600 2922.768000 1.000000
885.030400 1799.840000 352.056000 2898.256000 1.000000
771.539200 403.504000 356.886400 1375.664000 1.000000
901.723200 1813.104000 371.640000 2914.240000 1.000000
893.153600 1481.230400 386.907200 2490.608000 1.000000
832.502400 754.502400 391.123200 1702.624000 1.000000
834.678400 769.539200 391.649600 1715.088000 1.000000
885.812800 1270.777600 399.998400 2246.176000 1.000000
819.292800 409.747200 405.272000 1378.657600 1.000000
833.579200 469.838400 415.462400 1428.843200 1.000000
864.449600 778.096000 423.251200 1723.168000 1.000000
847.220800 455.707200 434.100800 1414.784000 1.000000
899.268800 1053.896000 437.059200 2003.136000 1.000000
899.192000 1033.830400 438.515200 1982.432000 1.000000
942.977600 1584.472000 439.993600 2614.400000 1.000000
900.537600 885.904000 453.475200 1828.448000 1.000000
931.014400 1187.508800 460.291200 2148.160000 1.000000
921.980800 875.966400 478.929600 1815.920000 1.000000
934.558400 545.062400 520.307200 1494.019200 1.000000
999.712000 1249.846400 534.323200 2211.936000 1.000000
1011.048000 1270.713600 545.926400 2233.824000 1.000000
998.179200 831.116800 567.507200 1765.312000 1.000000
985.819200 610.870400 569.420800 1551.480000 1.000000
1126.550400 1400.697600 672.060800 2374.400000 1.000000
1080.568000 552.777600 672.988800 1490.920000 1.000000
1144.979200 99.196000 766.697600 1158.350400 1.000000
1184.332800 886.312000 766.865600 1792.448000 1.000000
1198.872000 1130.684800 772.451200 2061.792000 1.000000
1221.057600 1304.217600 786.308800 2254.176000 1.000000
1198.913600 790.596800 788.657600 1708.848000 1.000000
1191.681600 549.828800 791.668800 1481.494400 1.000000
1210.531200 603.139200 808.611200 1529.430400 1.000000
1214.553600 771.056000 809.641600 1691.328000 1.000000
1216.476800 567.280000 817.305600 1493.924800 1.000000
1229.158400 787.086400 822.174400 1703.360000 1.000000
1222.459200 600.891200 822.539200 1528.990400 1.000000
1232.504000 620.886400 832.929600 1545.076800 1.000000
1282.392000 1814.272000 837.961600 2877.216000 1.000000
1241.849600 544.582400 844.732800 1469.348800 1.000000
1287.862400 1864.176000 845.598400 2941.184000 1.000000
1285.384000 1580.236800 851.228800 2575.568000 1.000000
1285.456000 1539.808000 855.848000 2522.672000 1.000000
1260.427200 568.724800 863.446400 1495.540800 1.000000
1286.603200 898.720000 879.129600 1810.608000 1.000000
1308.310400 1549.582400 879.686400 2535.072000 1.000000
1310.312000 1530.976000 880.646400 2513.360000 1.000000
1276.441600 528.844800 881.729600 1457.404800 1.000000
1287.048000 857.305600 882.129600 1767.456000 1.000000
1319.473600 1567.176000 892.993600 2555.088000 1.000000
1306.508800 1060.203200 895.633600 1975.664000 1.000000
1321.518400 1546.849600 895.852800 2530.416000 1.000000
1303.254400 862.510400 899.307200 1772.096000 1.000000
1337.036800 1859.680000 905.169600 2927.744000 1.000000
1300.672000 544.267200 906.350400 1469.236800 1.000000
1315.188800 805.406400 913.939200 1714.096000 1.000000
1319.680000 573.476800 925.052800 1492.518400 1.000000
1346.724800 1527.171200 926.841600 2502.400000 1.000000
1349.971200 1535.980800 928.475200 2514.032000 1.000000
1355.115200 1603.088000 933.296000 2595.664000 1.000000
1327.128000 501.769600 934.908800 1429.289600 1.000000
1342.256000 917.995200 941.022400 1827.392000 1.000000
1334.387200 546.249600 941.092800 1465.675200 1.000000
1363.049600 977.112000 961.643200 1883.536000 1.000000
1374.380800 886.972800 975.516800 1790.928000 1.000000
1380.961600 1072.414400 978.433600 1972.752000 1.000000
1377.916800 908.296000 978.931200 1809.920000 1.000000
1389.148800 978.448000 988.676800 1882.720000 1.000000
1406.544000 1389.984000 999.556800 2331.968000 1.000000
1423.190400 1800.448000 1011.936000 2840.480000 1.000000
1423.816000 1325.753600 1021.097600 2255.056000 1.000000
1414.915200 786.520000 1021.332800 1688.928000 1.000000
1423.924800 1098.859200 1025.736000 2004.944000 1.000000
1431.980800 1346.726400 1029.817600 2278.944000 1.000000
1440.089600 1807.888000 1032.918400 2847.328000 1.000000
1428.302400 753.648000 1035.505600 1656.064000 1.000000
1448.220800 1386.284800 1047.236800 2323.840000 1.000000
1452.849600 1703.968000 1048.614400 2711.904000 1.000000
1451.163200 1362.784000 1053.204800 2297.328000 1.000000
1457.222400 1241.323200 1060.150400 2155.840000 1.000000
1466.158400 1037.366400 1072.683200 1936.608000 1.000000
1475.057600 1691.136000 1075.982400 2690.672000 1.000000
1484.288000 1060.780800 1091.420800 1962.448000 1.000000
1486.505600 1242.163200 1093.123200 2152.240000 1.000000
1485.204800 704.910400 1096.920000 1607.072000 1.000000
1490.566400 464.126400 1102.624000 1388.827200 1.000000
1527.894400 797.624000 1140.300800 1689.888000 1.000000
1530.185600 1456.870400 1141.299200 2393.056000 1.000000
1534.672000 1753.744000 1149.161600 2765.856000 1.000000
1537.968000 1687.456000 1152.129600 2679.456000 1.000000
1567.387200 646.536000 1181.385600 1546.396800 1.000000
1602.864000 1503.582400 1226.508800 2444.416000 1.000000
1661.152000 934.425600 1282.742400 1815.984000 1.000000
1676.960000 485.312000 1290.278400 1396.649600 1.000000
1696.576000 253.944000 1311.334400 1271.236800 1.000000
1690.768000 1293.344000 1320.684800 2191.072000 1.000000
1702.912000 1287.414400 1336.131200 2184.192000 1.000000
1877.024000 1324.928000 1350.838400 2409.152000 1.000000
1730.064000 1317.004800 1366.254400 2213.536000 1.000000
1754.320000 320.827200 1367.428800 1321.614400 1.000000
1739.584000 1214.003200 1373.342400 2099.344000 1.000000
1746.960000 1035.374400 1376.409600 1912.128000 1.000000
1748.848000 1666.256000 1400.089600 2625.664000 1.000000
1792.608000 204.398400 1403.812800 1222.888000 1.000000
1776.560000 1246.862400 1415.680000 2127.072000 1.000000
1799.360000 893.155200 1428.020800 1768.672000 1.000000
1823.472000 315.451200 1434.985600 1318.243200 1.000000
1807.408000 1109.977600 1444.289600 1984.256000 1.000000
1819.104000 1104.848000 1456.676800 1977.552000 1.000000
1856.880000 189.784000 1459.256000 1209.995200 1.000000
1809.568000 1428.771200 1460.214400 2334.288000 1.000000
1821.264000 1401.534400 1472.840000 2301.008000 1.000000
1821.104000 1429.296000 1474.704000 2333.552000 1.000000
1859.376000 445.326400 1476.545600 1354.064000 1.000000
1840.320000 1099.396800 1478.974400 1968.912000 1.000000
1866.128000 1058.144000 1503.344000 1925.056000 1.000000
1836.368000 1727.344000 1504.302400 2694.800000 1.000000
1872.848000 1132.876800 1515.550400 2003.504000 1.000000
1850.736000 1764.960000 1525.073600 2739.408000 1.000000
1887.792000 1060.928000 1527.032000 1927.456000 1.000000
1914.896000 620.628800 1531.635200 1503.705600 1.000000
1878.064000 1361.824000 1533.195200 2249.904000 1.000000
1926.848000 459.827200 1541.190400 1362.081600 1.000000
1930.160000 511.336000 1541.436800 1408.684800 1.000000
1963.296000 209.659200 1560.854400 1224.147200 1.000000
1953.152000 420.649600 1562.574400 1328.886400 1.000000
1950.992000 604.060800 1565.187200 1486.720000 1.000000
1932.784000 950.961600 1567.412800 1811.040000 1.000000
1932.112000 991.857600 1569.800000 1851.760000 1.000000
1904.064000 1568.678400 1573.705600 2487.120000 1.000000
1904.976000 1554.516800 1574.537600 2469.776000 1.000000
1938.032000 966.262400 1574.899200 1826.688000 1.000000
1919.616000 1305.889600 1575.544000 2184.032000 1.000000
1963.120000 567.649600 1575.915200 1452.342400 1.000000
1940.928000 1004.937600 1577.502400 1864.480000 1.000000
1964.160000 583.520000 1577.811200 1466.531200 1.000000
1966.400000 604.310400 1581.000000 1485.793600 1.000000
1925.344000 1578.398400 1598.563200 2496.720000 1.000000
1984.368000 913.534400 1619.280000 1772.128000 1.000000
2019.728000 955.801600 1657.952000 1809.344000 1.000000
1975.120000 1836.336000 1676.336000 2815.904000 1.000000
2006.640000 1479.988800 1683.216000 2369.904000 1.000000
2097.776000 216.787200 1686.304000 1220.344000 1.000000
2070.912000 699.780800 1690.944000 1564.612800 1.000000
2033.152000 1209.659200 1691.472000 2068.640000 1.000000
2030.320000 1294.182400 1694.064000 2157.456000 1.000000
2013.760000 1518.531200 1695.152000 2415.088000 1.000000
2071.984000 834.136000 1701.680000 1688.912000 1.000000
1996.928000 1906.288000 1707.776000 2901.984000 1.000000
2085.984000 1031.940800 1734.928000 1883.200000 1.000000
2027.152000 1803.600000 1735.456000 2764.256000 1.000000
2068.432000 1347.001600 1740.544000 2216.768000 1.000000
2073.056000 1332.121600 1743.312000 2196.384000 1.000000
2056.992000 1524.009600 1744.000000 2409.552000 1.000000
2030.336000 1931.952000 1749.520000 2934.208000 1.000000
2103.120000 1061.012800 1751.440000 1908.096000 1.000000
2100.272000 1373.508800 1776.560000 2240.240000 1.000000
2125.504000 1099.592000 1779.088000 1948.368000 1.000000
2127.136000 1116.342400 1782.640000 1964.320000 1.000000
2060.064000 1964.720000 1788.752000 2974.800000 1.000000
2080.544000 1750.096000 1792.016000 2689.680000 1.000000
2172.704000 751.897600 1797.200000 1607.744000 1.000000
2195.968000 583.844800 1803.408000 1456.824000 1.000000
2096.688000 1676.528000 1803.456000 2598.672000 1.000000
2122.192000 1411.440000 1803.968000 2282.832000 1.000000
2073.248000 1977.952000 1806.848000 2990.672000 1.000000
2187.904000 817.776000 1817.072000 1668.608000 1.000000
2201.520000 691.019200 1817.520000 1551.028800 1.000000
2176.816000 1004.323200 1821.920000 1844.640000 1.000000
2140.208000 1396.952000 1822.992000 2265.808000 1.000000
2112.672000 1732.848000 1825.456000 2665.168000 1.000000
2177.200000 1055.353600 1827.280000 1898.368000 1.000000
2172.448000 1131.889600 1831.488000 1979.856000 1.000000
2175.856000 1147.356800 1835.648000 1994.208000 1.000000
2120.944000 1741.584000 1835.728000 2675.408000 1.000000
2153.856000 1414.979200 1840.784000 2285.744000 1.000000
2128.480000 1701.856000 1841.120000 2627.216000 1.000000
2210.688000 864.222400 1843.920000 1711.104000 1.000000
2191.648000 1067.070400 1844.912000 1910.192000 1.000000
2198.752000 1038.721600 1850.016000 1880.688000 1.000000
2177.696000 1320.190400 1852.736000 2177.312000 1.000000
2145.104000 1720.496000 1860.688000 2648.320000 1.000000
2199.920000 1191.355200 1864.816000 2036.272000 1.000000
2207.488000 1116.736000 1865.184000 1961.120000 1.000000
2202.224000 1173.428800 1867.088000 2020.272000 1.000000
2187.616000 1368.094400 1871.520000 2229.616000 1.000000
2184.464000 1443.832000 1876.128000 2314.848000 1.000000
2156.400000 1743.504000 1877.008000 2674.944000 1.000000
2162.064000 1682.592000 1878.176000 2597.728000 1.000000
2331.856000 72.855040 1880.560000 1020.952000 1.000000
2169.408000 1743.856000 1891.680000 2675.136000 1.000000
2180.848000 1775.968000 1909.664000 2713.824000 1.000000
2201.872000 1577.372800 1909.984000 2471.712000 1.000000
2335.856000 434.816000 1919.680000 1305.633600 1.000000
2192.832000 1767.776000 1921.648000 2701.696000 1.000000
2255.856000 1439.731200 1950.640000 2293.440000 1.000000
2371.824000 444.128000 1955.232000 1307.550400 1.000000
2849.552000 1409.513600 2491.648000 1118.308800 1.000000
2874.496000 1747.312000 2586.848000 1544.310400 1.000000
2924.912000 1528.928000 2592.256000 1218.865600 1.000000
2930.320000 1746.160000 2636.400000 1492.430400 1.000000
2944.976000 1717.328000 2655.632000 1465.238400 1.000000
3316.544000 1779.536000 2885.632000 1386.563200 1.000000
