745.833600 1857.504000 508.710400 14.866544 1.000000
735.099200 2481.744000 543.801600 763.582400 1.000000
763.932800 2113.248000 546.572800 363.244800 1.000000
775.243200 2071.040000 558.857600 313.259200 1.000000
746.827200 2602.272000 565.628800 885.713600 1.000000
783.412800 2084.864000 566.168000 332.635200 1.000000
773.875200 2228.912000 566.401600 499.670400 1.000000
790.475200 2171.216000 578.992000 445.062400 1.000000
797.072000 2120.912000 584.225600 386.396800 1.000000
820.208000 1878.288000 598.449600 82.397440 1.000000
813.113600 2055.792000 599.992000 305.771200 1.000000
815.588800 2130.384000 605.267200 404.102400 1.000000
820.451200 2099.760000 609.352000 366.531200 1.000000
822.817600 2117.264000 612.092800 390.380800 1.000000
815.908800 2288.032000 615.432000 582.627200 1.000000
837.348800 1970.128000 619.048000 206.628800 1.000000
830.692800 2077.696000 620.108800 341.297600 1.000000
834.824000 2098.608000 626.422400 369.817600 1.000000
797.344000 2833.936000 629.406400 1119.016000 1.000000
805.804800 2691.712000 630.723200 988.896000 1.000000
832.524800 2486.432000 648.720000 802.966400 1.000000
870.392000 1841.232000 654.232000 49.902880 1.000000
873.836800 1991.856000 665.523200 245.785600 1.000000
867.033600 2215.904000 668.996800 512.574400 1.000000
840.102400 2867.360000 672.697600 1160.656000 1.000000
850.920000 2679.200000 677.094400 989.644800 1.000000
861.409600 2563.584000 681.483200 885.192000 1.000000
888.600000 1921.184000 682.790400 165.305600 1.000000
881.251200 2204.288000 684.048000 506.019200 1.000000
854.350400 2808.064000 686.104000 1109.113600 1.000000
891.884800 1980.480000 688.076800 240.544000 1.000000
887.134400 2427.680000 699.062400 754.720000 1.000000
872.012800 2791.776000 703.846400 1100.715200 1.000000
892.390400 2375.456000 704.478400 704.068800 1.000000
914.979200 1839.232000 707.888000 62.825120 1.000000
903.339200 2361.824000 714.854400 690.305600 1.000000
895.387200 2518.336000 717.716800 842.670400 1.000000
905.136000 2558.480000 725.486400 890.974400 1.000000
893.976000 2825.600000 727.480000 1133.456000 1.000000
900.136000 2691.296000 729.632000 1010.320000 1.000000
941.331200 1902.976000 737.499200 157.457600 1.000000
945.446400 1934.576000 746.569600 200.534400 1.000000
947.779200 2052.848000 753.536000 348.208000 1.000000
937.272000 2393.664000 753.640000 735.360000 1.000000
945.000000 2353.872000 761.180800 694.307200 1.000000
953.601600 2287.136000 769.355200 620.512000 1.000000
967.153600 2129.920000 777.539200 449.961600 1.000000
977.737600 1849.216000 781.041600 98.091680 1.000000
976.358400 1823.488000 781.830400 61.902880 1.000000
968.099200 2274.208000 783.286400 614.819200 1.000000
967.771200 2345.504000 784.568000 691.128000 1.000000
967.796800 2476.608000 788.963200 827.563200 1.000000
957.964800 2809.760000 789.708800 1133.384000 1.000000
967.438400 2513.216000 791.779200 863.224000 1.000000
985.249600 2012.768000 795.086400 309.302400 1.000000
989.105600 1869.632000 795.206400 128.001760 1.000000
981.264000 2212.752000 795.340800 546.907200 1.000000
977.665600 2362.656000 796.036800 712.934400 1.000000
990.076800 2239.072000 805.656000 578.414400 1.000000
992.990400 2087.728000 806.441600 405.441600 1.000000
979.764800 2667.536000 809.784000 1010.123200 1.000000
1008.350400 1920.128000 819.446400 197.201600 1.000000
1009.518400 2017.072000 822.076800 322.766400 1.000000
994.464000 2882.384000 826.859200 1204.540800 1.000000
1015.614400 1909.040000 828.238400 185.028800 1.000000
1002.328000 2616.832000 830.793600 961.998400 1.000000
1013.155200 2318.336000 831.792000 675.648000 1.000000
1005.916800 2692.464000 835.424000 1039.137600 1.000000
1015.134400 2478.752000 838.780800 842.276800 1.000000
1019.182400 2717.040000 846.321600 1062.897600 1.000000
1029.411200 2095.824000 846.884800 425.411200 1.000000
1031.363200 2592.848000 857.424000 949.288000 1.000000
1040.400000 2026.320000 858.182400 340.516800 1.000000
1033.968000 2440.928000 859.118400 807.067200 1.000000
1046.977600 2015.728000 864.777600 329.324800 1.000000
1043.313600 2354.368000 866.612800 718.816000 1.000000
1038.153600 2506.192000 866.745600 872.099200 1.000000
1046.984000 2224.912000 867.792000 577.534400 1.000000
1055.006400 1984.832000 876.398400 293.145600 1.000000
1064.193600 1856.464000 885.513600 130.658080 1.000000
1056.571200 2856.096000 886.550400 1195.664000 1.000000
1066.939200 2022.416000 890.374400 342.369600 1.000000
1069.433600 1881.984000 890.433600 165.524800 1.000000
1063.196800 2664.112000 892.316800 1020.585600 1.000000
1068.212800 2385.632000 895.942400 759.369600 1.000000
1069.689600 2800.480000 899.248000 1149.726400 1.000000
1071.270400 2770.128000 901.196800 1121.328000 1.000000
1081.881600 1970.896000 907.787200 282.569600 1.000000
1080.675200 2141.376000 909.144000 486.448000 1.000000
1081.633600 2811.392000 911.176000 1161.793600 1.000000
1084.920000 1994.960000 913.699200 313.292800 1.000000
1087.540800 1878.208000 914.576000 164.390400 1.000000
1085.979200 1951.552000 916.224000 254.104000 1.000000
1088.851200 1795.296000 917.248000 58.044160 1.000000
1098.614400 1838.496000 929.318400 115.458720 1.000000
1104.683200 1915.696000 935.296000 218.456000 1.000000
1105.876800 2891.936000 935.377600 1231.329600 1.000000
1108.537600 2047.536000 937.708800 390.132800 1.000000
1105.454400 1796.560000 937.881600 63.359520 1.000000
1112.404800 2117.808000 942.572800 470.654400 1.000000
1114.382400 2739.824000 943.366400 1098.464000 1.000000
1118.462400 2886.624000 947.620800 1230.091200 1.000000
1117.665600 2250.816000 948.684800 622.577600 1.000000
1122.646400 2238.432000 955.326400 608.544000 1.000000
1124.470400 1818.000000 960.209600 99.060640 1.000000
1130.532800 2103.888000 963.833600 458.808000 1.000000
1132.868800 2414.000000 966.206400 798.985600 1.000000
1135.382400 2101.600000 969.417600 459.124800 1.000000
1139.835200 2037.168000 973.635200 384.836800 1.000000
1137.075200 1924.960000 975.131200 235.112000 1.000000
1142.788800 2246.656000 976.662400 624.160000 1.000000
1144.379200 2357.616000 977.012800 746.179200 1.000000
1148.385600 2762.096000 979.446400 1127.908800 1.000000
1141.918400 1787.024000 980.638400 60.981760 1.000000
1150.808000 2540.528000 983.916800 926.548800 1.000000
1148.964800 1996.288000 985.528000 337.361600 1.000000
1158.820800 2822.096000 987.499200 1179.416000 1.000000
1163.804800 2799.760000 993.857600 1161.640000 1.000000
1158.219200 2025.136000 995.227200 377.969600 1.000000
1162.036800 2511.584000 996.145600 899.068800 1.000000
1165.228800 2873.632000 997.923200 1218.494400 1.000000
1165.972800 2085.360000 1003.369600 451.454400 1.000000
1167.028800 2231.824000 1006.731200 610.670400 1.000000
1166.224000 1931.296000 1007.792000 256.569600 1.000000
1173.331200 2419.232000 1008.521600 811.390400 1.000000
1166.070400 1889.120000 1008.686400 200.704000 1.000000
1174.003200 2339.952000 1009.457600 731.350400 1.000000
1170.249600 2012.848000 1009.792000 364.640000 1.000000
1172.726400 2452.624000 1010.062400 842.302400 1.000000
1177.136000 2170.464000 1017.395200 544.400000 1.000000
1172.484800 1790.656000 1020.016000 73.410400 1.000000
1181.019200 1913.904000 1022.694400 236.425600 1.000000
1177.806400 1846.496000 1025.294400 145.867360 1.000000
1186.190400 2258.128000 1025.625600 648.035200 1.000000
1201.336000 2786.608000 1033.129600 1154.856000 1.000000
1197.971200 2532.576000 1033.894400 926.628800 1.000000
1198.097600 2362.576000 1035.985600 760.484800 1.000000
1199.864000 2265.200000 1040.011200 658.833600 1.000000
1203.344000 2380.368000 1040.484800 777.899200 1.000000
1208.400000 2529.840000 1043.936000 924.342400 1.000000
1196.980800 1972.272000 1044.230400 321.364800 1.000000
1211.308800 2565.040000 1045.708800 952.572800 1.000000
1193.843200 1771.856000 1046.310400 54.197120 1.000000
1207.704000 2113.104000 1051.595200 486.144000 1.000000
1211.284800 2262.016000 1051.972800 657.771200 1.000000
1220.297600 2593.408000 1057.276800 981.756800 1.000000
1206.980800 1905.936000 1057.579200 235.689600 1.000000
1214.785600 2093.936000 1059.436800 468.361600 1.000000
1204.054400 1765.280000 1059.612800 45.790240 1.000000
1220.617600 2273.616000 1062.316800 669.601600 1.000000
1215.822400 1959.632000 1064.814400 309.284800 1.000000
1215.008000 1927.072000 1065.550400 267.313600 1.000000
1210.579200 1756.768000 1068.531200 36.355200 1.000000
1224.603200 1993.712000 1075.081600 353.064000 1.000000
1245.899200 2776.432000 1076.076800 1151.033600 1.000000
1219.600000 1822.192000 1078.425600 124.649120 1.000000
1242.955200 2414.464000 1083.875200 818.086400 1.000000
1250.896000 2634.224000 1084.094400 1026.913600 1.000000
1239.358400 2239.632000 1084.272000 638.046400 1.000000
1229.521600 1875.648000 1086.336000 208.521600 1.000000
1237.449600 2058.448000 1087.182400 432.752000 1.000000
1241.492800 2252.896000 1087.774400 650.177600 1.000000
1237.512000 2029.776000 1088.976000 399.097600 1.000000
1245.126400 2061.328000 1095.628800 437.736000 1.000000
1257.353600 2488.928000 1096.028800 891.961600 1.000000
1249.953600 2076.400000 1102.595200 454.801600 1.000000
1249.460800 2041.360000 1103.083200 414.832000 1.000000
1267.233600 2583.008000 1103.766400 981.556800 1.000000
1244.099200 1895.664000 1103.968000 233.339200 1.000000
1286.436800 2967.200000 1107.372800 1318.716800 1.000000
1244.816000 1810.928000 1108.148800 116.179840 1.000000
1251.145600 1902.448000 1109.748800 244.216000 1.000000
1255.225600 2034.160000 1111.156800 405.507200 1.000000
1275.699200 2475.200000 1116.625600 882.563200 1.000000
1280.857600 2584.912000 1118.028800 985.400000 1.000000
1249.728000 1762.944000 1118.416000 51.560000 1.000000
1266.030400 2119.056000 1118.614400 503.779200 1.000000
1285.254400 2654.704000 1120.281600 1048.564800 1.000000
1260.352000 1931.040000 1121.100800 283.097600 1.000000
1254.608000 1785.600000 1121.456000 85.641600 1.000000
1262.792000 1949.904000 1122.897600 305.531200 1.000000
1287.430400 2562.368000 1127.740800 961.155200 1.000000
1270.329600 2079.760000 1128.395200 459.905600 1.000000
1295.827200 2684.352000 1129.321600 1074.092800 1.000000
1265.896000 1848.032000 1130.404800 175.158400 1.000000
1276.571200 1997.280000 1134.724800 369.233600 1.000000
1272.156800 1912.832000 1136.480000 260.086400 1.000000
1307.779200 2748.864000 1136.803200 1133.004800 1.000000
1305.166400 2665.152000 1141.284800 1056.288000 1.000000
1311.700800 2707.328000 1141.390400 1102.339200 1.000000
1290.515200 2261.376000 1141.782400 664.489600 1.000000
1302.993600 2591.760000 1142.316800 992.516800 1.000000
1288.776000 2184.064000 1142.776000 582.604800 1.000000
1294.590400 2321.808000 1142.777600 730.428800 1.000000
1303.304000 2548.576000 1142.785600 952.900800 1.000000
1284.436800 2013.328000 1144.779200 387.348800 1.000000
1284.460800 1984.592000 1146.092800 351.744000 1.000000
1302.512000 2503.872000 1146.403200 910.902400 1.000000
1279.265600 1873.776000 1146.756800 208.620800 1.000000
1307.404800 2564.016000 1147.267200 968.091200 1.000000
1281.150400 1886.480000 1148.286400 228.081600 1.000000
1313.803200 2615.568000 1149.742400 1014.008000 1.000000
1278.908800 1789.696000 1150.440000 99.514400 1.000000
1290.334400 1917.312000 1158.041600 269.027200 1.000000
1285.342400 1816.896000 1159.556800 131.627200 1.000000
1287.331200 1796.512000 1160.230400 110.281280 1.000000
1315.332800 2431.088000 1160.636800 843.913600 1.000000
1314.577600 2380.944000 1162.812800 793.419200 1.000000
1316.377600 2304.096000 1168.920000 712.268800 1.000000
1302.940800 1970.560000 1169.100800 336.326400 1.000000
1323.577600 2457.136000 1169.587200 867.753600 1.000000
1325.313600 2305.440000 1178.108800 716.344000 1.000000
1308.059200 1920.736000 1179.307200 273.761600 1.000000
1334.356800 2411.232000 1181.691200 820.612800 1.000000
1320.332800 2081.872000 1184.123200 469.638400 1.000000
1325.192000 2167.760000 1184.809600 563.347200 1.000000
1323.438400 2049.760000 1190.036800 431.264000 1.000000
1309.958400 1777.136000 1190.614400 86.392000 1.000000
1332.768000 2161.488000 1194.827200 557.747200 1.000000
1335.912000 2175.280000 1198.606400 572.441600 1.000000
1337.862400 2202.880000 1198.644800 602.510400 1.000000
1317.019200 1793.360000 1199.649600 104.329600 1.000000
1313.971200 1732.064000 1199.726400 23.833120 1.000000
1327.228800 1950.976000 1200.004800 313.793600 1.000000
1329.990400 1992.288000 1202.291200 365.128000 1.000000
1321.904000 1785.648000 1205.916800 93.315040 1.000000
1339.584000 2101.392000 1207.134400 487.163200 1.000000
1336.057600 1935.888000 1212.323200 295.315200 1.000000
1340.406400 1997.680000 1212.870400 368.918400 1.000000
2345.280000 1452.328000 2140.896000 1844.736000 1.000000
2508.400000 1298.603200 2363.456000 1862.032000 1.000000
2547.376000 1315.697600 2376.224000 2151.664000 1.000000
2577.440000 1446.347200 2444.160000 1707.152000 1.000000
2588.752000 1147.420800 2467.120000 1922.560000 1.000000
2568.448000 1468.036800 2504.288000 1417.739200 1.000000
2652.976000 1711.600000 2523.488000 1484.145600 1.000000
2535.888000 1130.145600 2545.536000 1373.254400 1.000000
3046.656000 2774.880000 2762.432000 282.817600 1.000000
