797.344000 2833.936000 639.667200 610.544000 1.000000
832.524800 2486.432000 658.040000 277.974400 1.000000
861.409600 2563.584000 691.107200 367.518400 1.000000
893.976000 2825.600000 741.185600 634.798400 1.000000
953.603200 2319.184000 783.016000 126.128160 1.000000
941.668800 2738.336000 783.500800 567.043200 1.000000
952.155200 2861.472000 795.270400 687.065600 1.000000
967.771200 2345.504000 798.233600 165.142400 1.000000
957.964800 2809.760000 803.475200 636.704000 1.000000
976.524800 2532.016000 816.257600 372.985600 1.000000
985.988800 2391.040000 821.329600 222.132800 1.000000
1032.027200 2252.064000 873.164800 73.248800 1.000000
1031.363200 2592.848000 873.657600 445.728000 1.000000
1105.657600 610.601600 884.556800 263.044800 1.000000
1114.904000 615.396800 897.073600 271.017600 1.000000
1052.203200 2687.680000 899.246400 546.012800 1.000000
1119.052800 608.481600 903.524800 262.171200 1.000000
1131.070400 586.040000 923.265600 233.459200 1.000000
1136.056000 603.462400 926.598400 257.457600 1.000000
1081.633600 2811.392000 927.864000 675.329600 1.000000
1081.652800 2564.624000 929.785600 432.699200 1.000000
1097.603200 2191.168000 949.022400 19.957440 1.000000
1101.308800 2607.760000 950.532800 478.475200 1.000000
1103.907200 2307.424000 953.259200 166.252800 1.000000
1109.838400 2640.640000 958.961600 515.259200 1.000000
1118.462400 2886.624000 965.651200 747.166400 1.000000
1115.070400 2191.120000 968.032000 24.762720 1.000000
1122.646400 2238.432000 978.139200 81.468960 1.000000
1132.868800 2414.000000 985.918400 292.593600 1.000000
1148.385600 2762.096000 998.105600 643.726400 1.000000
1142.788800 2246.656000 999.948800 99.182240 1.000000
1153.225600 2435.184000 1008.211200 318.603200 1.000000
1163.804800 2799.760000 1012.449600 679.464000 1.000000
1161.494400 2673.504000 1012.841600 561.232000 1.000000
1165.228800 2873.632000 1016.422400 737.243200 1.000000
1162.036800 2511.584000 1016.436800 399.763200 1.000000
1163.276800 2420.112000 1019.284800 306.864000 1.000000
1174.523200 2499.264000 1030.846400 391.251200 1.000000
1178.001600 2550.544000 1031.676800 444.499200 1.000000
1174.003200 2339.952000 1032.889600 220.604800 1.000000
1172.726400 2452.624000 1033.224000 338.699200 1.000000
1187.099200 2922.176000 1035.974400 785.817600 1.000000
1184.324800 2549.760000 1038.582400 445.227200 1.000000
1180.680000 2325.200000 1041.238400 205.156800 1.000000
1184.372800 2313.008000 1047.148800 191.860800 1.000000
1186.208000 2642.720000 1047.846400 536.416000 1.000000
1201.336000 2786.608000 1053.097600 674.416000 1.000000
1197.971200 2532.576000 1056.134400 430.990400 1.000000
1198.097600 2362.576000 1059.817600 251.891200 1.000000
1208.400000 2529.840000 1066.280000 428.604800 1.000000
1211.308800 2565.040000 1068.529600 459.022400 1.000000
1215.179200 2361.664000 1078.577600 254.796800 1.000000
1220.617600 2273.616000 1088.667200 153.003360 1.000000
1225.937600 2457.808000 1088.952000 358.560000 1.000000
1225.700800 2346.960000 1091.892800 240.171200 1.000000
1227.758400 2384.896000 1092.673600 282.028800 1.000000
1245.899200 2776.432000 1097.372800 673.668800 1.000000
1224.732800 2309.952000 1097.553600 193.993600 1.000000
1255.216000 2856.752000 1102.859200 743.787200 1.000000
1234.803200 2298.608000 1105.236800 184.878400 1.000000
1241.336000 2390.960000 1108.017600 291.830400 1.000000
1242.955200 2414.464000 1109.046400 317.860800 1.000000
1250.896000 2634.224000 1109.323200 540.872000 1.000000
1241.492800 2252.896000 1115.910400 133.790880 1.000000
1249.272000 2369.392000 1116.539200 270.484800 1.000000
1244.187200 2280.912000 1118.060800 164.681600 1.000000
1257.547200 2512.048000 1120.328000 421.964800 1.000000
1252.019200 2319.088000 1125.796800 213.041600 1.000000
1263.608000 2557.952000 1126.649600 464.838400 1.000000
1289.571200 2816.016000 1140.835200 711.467200 1.000000
1280.857600 2584.912000 1142.956800 498.244800 1.000000
1285.254400 2654.704000 1143.747200 564.505600 1.000000
1287.430400 2562.368000 1151.876800 478.076800 1.000000
1296.686400 2619.568000 1159.425600 532.835200 1.000000
1307.779200 2748.864000 1160.548800 654.510400 1.000000
1311.540800 2838.080000 1161.070400 732.256000 1.000000
1302.993600 2591.760000 1166.606400 508.035200 1.000000
1290.779200 2295.632000 1171.249600 193.435200 1.000000
1312.168000 2690.672000 1171.782400 598.564800 1.000000
1307.404800 2564.016000 1172.275200 481.588800 1.000000
1295.734400 2356.192000 1172.536000 264.260800 1.000000
1302.512000 2503.872000 1172.716800 416.312000 1.000000
1294.590400 2321.808000 1172.868800 223.835200 1.000000
1290.515200 2261.376000 1173.422400 149.425440 1.000000
1303.430400 2451.344000 1174.736000 368.286400 1.000000
1297.649600 2348.720000 1175.032000 255.000000 1.000000
1317.686400 2546.416000 1182.776000 466.432000 1.000000
1314.577600 2380.944000 1192.755200 291.462400 1.000000
1323.577600 2457.136000 1197.779200 373.636800 1.000000
1329.652800 2426.992000 1205.982400 342.705600 1.000000
1321.961600 2317.920000 1206.315200 225.289600 1.000000
1319.329600 2252.816000 1207.928000 141.901760 1.000000
1318.540800 2232.432000 1208.969600 113.844640 1.000000
1323.332800 2278.384000 1210.100800 173.982400 1.000000
1325.313600 2305.440000 1210.896000 207.926400 1.000000
1327.379200 2289.248000 1213.366400 190.361600 1.000000
1332.966400 2342.144000 1215.897600 249.256000 1.000000
1341.307200 2244.064000 1234.528000 132.722400 1.000000
1339.052800 2228.736000 1234.795200 109.935680 1.000000
1337.862400 2202.880000 1234.872000 81.518240 1.000000
1335.912000 2175.280000 1236.129600 49.234880 1.000000
2530.608000 1117.720000 2301.552000 2111.376000 1.000000
2538.176000 1317.766400 2368.992000 1829.840000 1.000000
2531.952000 1316.686400 2396.976000 1750.592000 1.000000
2601.904000 1495.340800 2438.320000 1704.144000 1.000000
2427.264000 1024.934400 2477.488000 1197.108800 1.000000
2627.216000 1672.944000 2522.688000 1426.017600 1.000000
2699.776000 1896.016000 2621.152000 1237.172800 1.000000
2591.712000 955.219200 2673.536000 1374.635200 1.000000
