310.638400 214.776000 407.116800 2621.152000 1.000000
330.627200 220.347200 425.366400 2627.280000 1.000000
513.484800 110.508480 608.396800 2468.976000 1.000000
623.756800 76.359520 725.688000 2403.888000 1.000000
642.433600 80.795360 746.688000 2405.552000 1.000000
680.411200 89.356320 777.324800 2404.608000 1.000000
682.404800 29.923360 785.854400 2348.704000 1.000000
860.708800 561.001600 943.220800 2490.784000 1.000000
862.454400 532.673600 945.528000 2465.136000 1.000000
876.932800 653.324800 956.812800 2564.912000 1.000000
899.552000 958.542400 967.950400 2848.096000 1.000000
919.636800 1092.129600 983.955200 2977.920000 1.000000
924.432000 1058.089600 991.264000 2937.968000 1.000000
953.726400 827.251200 1028.360000 2696.720000 1.000000
961.814400 718.555200 1041.075200 2589.552000 1.000000
971.881600 1109.097600 1041.368000 2982.848000 1.000000
949.118400 62.487360 1041.712000 2070.400000 1.000000
969.256000 809.788800 1044.782400 2675.248000 1.000000
979.376000 903.088000 1054.060800 2768.288000 1.000000
978.760000 824.771200 1054.382400 2687.120000 1.000000
969.017600 393.390400 1055.328000 2319.264000 1.000000
982.598400 696.817600 1062.616000 2566.976000 1.000000
996.780800 953.553600 1072.392000 2805.760000 1.000000
993.422400 598.140800 1074.545600 2478.256000 1.000000
999.745600 813.294400 1077.801600 2670.224000 1.000000
994.513600 22.139520 1082.688000 2032.784000 1.000000
1002.411200 100.345280 1088.420800 2085.024000 1.000000
1004.761600 383.345600 1090.353600 2302.240000 1.000000
1017.451200 1028.364800 1093.297600 2876.640000 1.000000
1015.942400 700.427200 1094.948800 2559.152000 1.000000
1016.790400 708.763200 1097.096000 2566.624000 1.000000
1020.464000 983.606400 1097.481600 2827.792000 1.000000
1014.048000 263.408000 1100.771200 2202.512000 1.000000
1025.427200 962.307200 1102.348800 2803.856000 1.000000
1025.220800 971.908800 1102.379200 2814.528000 1.000000
1035.681600 828.827200 1113.592000 2674.112000 1.000000
1028.081600 116.575680 1114.339200 2092.960000 1.000000
1045.100800 225.302400 1127.745600 2169.488000 1.000000
1050.704000 357.369600 1133.353600 2271.408000 1.000000
1058.326400 165.499200 1139.606400 2124.160000 1.000000
1060.968000 225.896000 1141.553600 2166.464000 1.000000
1063.108800 800.848000 1143.254400 2639.312000 1.000000
1064.153600 89.906080 1145.264000 2071.456000 1.000000
1064.121600 400.539200 1145.822400 2305.024000 1.000000
1075.710400 894.897600 1156.454400 2722.128000 1.000000
1083.520000 1087.204800 1167.190400 2915.600000 1.000000
1086.030400 1109.241600 1169.638400 2938.352000 1.000000
1091.472000 485.654400 1170.672000 2361.296000 1.000000
1094.593600 249.200000 1173.164800 2180.608000 1.000000
1093.361600 991.808000 1173.785600 2817.376000 1.000000
1091.969600 1100.472000 1175.902400 2929.264000 1.000000
1109.592000 325.489600 1187.910400 2237.408000 1.000000
1104.816000 1062.388800 1188.196800 2884.128000 1.000000
1110.584000 590.137600 1191.456000 2438.496000 1.000000
1114.222400 789.889600 1194.798400 2615.680000 1.000000
1117.046400 726.838400 1199.180800 2556.976000 1.000000
1117.168000 851.217600 1200.742400 2669.232000 1.000000
1124.582400 462.955200 1200.857600 2337.360000 1.000000
1114.867200 1119.772800 1201.904000 2945.792000 1.000000
1127.582400 652.790400 1208.222400 2491.312000 1.000000
1133.723200 178.033600 1209.481600 2124.208000 1.000000
1136.188800 148.575680 1211.153600 2104.304000 1.000000
1126.531200 1124.806400 1214.755200 2950.064000 1.000000
1133.513600 847.571200 1218.960000 2662.048000 1.000000
1136.827200 1069.644800 1224.894400 2885.600000 1.000000
1137.756800 1090.142400 1228.027200 2910.352000 1.000000
1139.228800 1119.118400 1229.798400 2941.648000 1.000000
1149.356800 631.232000 1230.136000 2468.272000 1.000000
1141.836800 1149.369600 1231.780800 2975.904000 1.000000
1154.561600 405.336000 1231.996800 2281.808000 1.000000
1156.222400 540.262400 1236.200000 2390.000000 1.000000
1165.609600 526.918400 1243.449600 2375.008000 1.000000
1160.078400 805.316800 1243.952000 2616.992000 1.000000
1165.600000 514.926400 1245.454400 2366.016000 1.000000
1164.824000 773.625600 1247.744000 2585.232000 1.000000
1156.691200 1150.844800 1249.139200 2974.016000 1.000000
1166.900800 685.200000 1249.283200 2507.456000 1.000000
1178.558400 174.747200 1249.291200 2112.208000 1.000000
1173.267200 456.528000 1251.380800 2318.368000 1.000000
1167.369600 1091.408000 1258.628800 2906.048000 1.000000
1171.264000 1116.032000 1263.064000 2932.720000 1.000000
1179.104000 780.174400 1263.912000 2589.024000 1.000000
1178.056000 867.401600 1264.523200 2674.800000 1.000000
1190.265600 359.184000 1266.728000 2239.632000 1.000000
1190.201600 534.364800 1267.649600 2381.232000 1.000000
1190.022400 805.851200 1273.768000 2613.168000 1.000000
1183.678400 1136.139200 1279.251200 2951.632000 1.000000
1185.144000 1023.017600 1279.393600 2831.904000 1.000000
1206.899200 501.668800 1284.443200 2353.872000 1.000000
1205.662400 720.748800 1288.419200 2530.368000 1.000000
1207.267200 850.686400 1293.902400 2650.096000 1.000000
1211.467200 682.408000 1294.089600 2496.688000 1.000000
1213.257600 820.403200 1299.340800 2623.952000 1.000000
1204.456000 1049.960000 1299.673600 2853.072000 1.000000
1239.097600 111.069280 1303.420800 2085.888000 1.000000
1217.433600 960.324800 1308.630400 2753.840000 1.000000
1215.340800 991.604800 1308.665600 2789.776000 1.000000
1220.721600 949.376000 1312.272000 2743.984000 1.000000
1213.873600 1094.177600 1312.361600 2900.336000 1.000000
1223.576000 891.624000 1313.035200 2685.952000 1.000000
1227.985600 646.912000 1313.041600 2461.520000 1.000000
1221.961600 919.078400 1313.688000 2710.480000 1.000000
1224.137600 907.750400 1313.708800 2699.552000 1.000000
1224.054400 937.225600 1316.916800 2730.400000 1.000000
1220.569600 1106.820800 1321.302400 2911.936000 1.000000
1240.968000 677.032000 1322.264000 2487.552000 1.000000
1234.467200 881.185600 1325.083200 2672.720000 1.000000
1233.384000 981.476800 1326.097600 2776.192000 1.000000
1228.044800 1148.502400 1327.974400 2952.800000 1.000000
1238.259200 911.966400 1329.940800 2703.392000 1.000000
1251.497600 619.004800 1330.932800 2437.824000 1.000000
1238.862400 1042.379200 1335.326400 2841.824000 1.000000
1281.636800 46.170080 1338.668800 2032.176000 1.000000
1254.980800 856.216000 1342.883200 2646.688000 1.000000
1252.544000 945.297600 1345.028800 2736.496000 1.000000
1254.747200 912.536000 1347.358400 2702.560000 1.000000
1265.059200 703.105600 1348.993600 2509.232000 1.000000
1287.651200 199.248000 1350.116800 2137.088000 1.000000
1259.219200 839.481600 1352.067200 2628.992000 1.000000
1276.073600 673.470400 1357.166400 2481.264000 1.000000
1287.155200 422.548800 1358.785600 2300.656000 1.000000
1269.310400 896.420800 1359.776000 2684.624000 1.000000
1262.070400 1058.163200 1362.009600 2851.952000 1.000000
1259.400000 1114.670400 1362.907200 2912.064000 1.000000
1297.889600 364.137600 1364.249600 2255.968000 1.000000
1294.651200 428.161600 1365.995200 2302.304000 1.000000
1260.180800 1178.235200 1366.579200 2983.232000 1.000000
1266.590400 1042.142400 1366.902400 2832.480000 1.000000
1261.809600 1187.923200 1369.179200 2992.992000 1.000000
1286.873600 727.398400 1371.305600 2525.280000 1.000000
1269.353600 1152.502400 1374.790400 2952.208000 1.000000
1290.718400 749.528000 1375.696000 2546.096000 1.000000
1279.096000 1028.352000 1377.881600 2817.504000 1.000000
1275.008000 1127.443200 1380.276800 2924.096000 1.000000
1322.875200 300.233600 1386.238400 2202.656000 1.000000
1280.841600 1110.100800 1386.603200 2905.408000 1.000000
1276.430400 1194.710400 1386.620800 2997.712000 1.000000
1284.718400 1061.577600 1387.076800 2852.592000 1.000000
1331.032000 210.299200 1388.080000 2136.752000 1.000000
1295.356800 960.017600 1393.299200 2745.104000 1.000000
1317.430400 557.702400 1393.878400 2403.328000 1.000000
1289.817600 1093.865600 1394.633600 2886.048000 1.000000
1294.342400 1025.265600 1394.883200 2812.704000 1.000000
1335.200000 245.992000 1395.640000 2161.728000 1.000000
1346.212800 96.238880 1397.350400 2055.936000 1.000000
1301.852800 933.545600 1398.011200 2717.520000 1.000000
1301.153600 950.460800 1399.444800 2734.736000 1.000000
1300.072000 992.478400 1399.673600 2777.344000 1.000000
1295.168000 1093.750400 1400.476800 2885.104000 1.000000
1350.536000 274.150400 1410.948800 2179.904000 1.000000
1308.816000 1041.350400 1411.350400 2828.848000 1.000000
1338.676800 552.384000 1412.270400 2394.496000 1.000000
1355.649600 264.020800 1415.753600 2172.032000 1.000000
1335.996800 647.766400 1416.276800 2474.736000 1.000000
1344.019200 623.276800 1423.628800 2452.800000 1.000000
1320.393600 1086.187200 1428.292800 2875.568000 1.000000
1314.270400 1181.273600 1428.752000 2978.560000 1.000000
1361.004800 440.798400 1429.595200 2302.128000 1.000000
1320.713600 1096.036800 1431.305600 2885.920000 1.000000
1368.886400 338.187200 1432.110400 2223.952000 1.000000
1365.177600 415.006400 1432.598400 2282.688000 1.000000
1350.360000 657.563200 1432.926400 2482.176000 1.000000
1361.752000 471.732800 1433.963200 2326.416000 1.000000
1328.008000 1073.326400 1435.313600 2862.208000 1.000000
1379.473600 300.747200 1437.828800 2196.000000 1.000000
1362.657600 575.800000 1439.073600 2409.520000 1.000000
1324.254400 1165.929600 1439.683200 2960.288000 1.000000
1355.947200 795.387200 1446.137600 2603.408000 1.000000
1388.331200 332.065600 1447.019200 2217.136000 1.000000
1336.000000 1099.264000 1447.699200 2888.992000 1.000000
1390.499200 316.465600 1448.750400 2204.624000 1.000000
1384.760000 416.700800 1450.265600 2281.520000 1.000000
1402.640000 181.704000 1453.809600 2109.024000 1.000000
1393.737600 354.585600 1453.952000 2234.032000 1.000000
1414.388800 87.370720 1457.499200 2042.464000 1.000000
1361.227200 896.160000 1459.513600 2699.056000 1.000000
1372.489600 773.558400 1462.825600 2580.192000 1.000000
1364.516800 909.296000 1464.219200 2709.696000 1.000000
1369.536000 835.692800 1464.704000 2638.224000 1.000000
1368.313600 884.419200 1465.848000 2685.584000 1.000000
1368.798400 901.696000 1466.792000 2702.000000 1.000000
1416.376000 188.564800 1467.811200 2111.600000 1.000000
1405.073600 423.246400 1469.600000 2285.392000 1.000000
1408.902400 383.305600 1472.545600 2251.584000 1.000000
1415.411200 299.107200 1472.948800 2191.488000 1.000000
1379.796800 855.528000 1474.449600 2654.864000 1.000000
1367.830400 1020.192000 1475.748800 2823.408000 1.000000
1380.790400 839.225600 1476.248000 2639.456000 1.000000
1427.769600 197.131200 1477.233600 2117.184000 1.000000
1412.273600 420.796800 1477.288000 2283.856000 1.000000
1435.244800 136.355680 1479.779200 2073.696000 1.000000
1432.238400 276.208000 1486.396800 2175.088000 1.000000
1379.184000 1007.348800 1487.852800 2807.504000 1.000000
1413.836800 575.492800 1488.529600 2407.632000 1.000000
1399.108800 780.654400 1489.150400 2588.304000 1.000000
1372.216000 1151.144000 1491.264000 2961.584000 1.000000
1381.547200 1026.971200 1491.336000 2827.296000 1.000000
1439.641600 285.120000 1494.672000 2179.888000 1.000000
1424.550400 509.496000 1495.897600 2348.800000 1.000000
1420.638400 586.385600 1497.300800 2416.064000 1.000000
1407.451200 763.152000 1497.588800 2571.920000 1.000000
1405.988800 782.380800 1498.017600 2589.120000 1.000000
1402.830400 826.920000 1498.065600 2629.760000 1.000000
1402.500800 853.302400 1499.691200 2656.560000 1.000000
1403.228800 873.310400 1501.745600 2674.512000 1.000000
1387.054400 1091.368000 1502.612800 2897.040000 1.000000
1386.753600 1114.310400 1504.332800 2921.200000 1.000000
1381.976000 1179.337600 1506.446400 2992.432000 1.000000
1402.739200 939.702400 1506.865600 2739.888000 1.000000
1461.323200 260.521600 1507.712000 2159.104000 1.000000
1411.385600 845.851200 1508.304000 2647.680000 1.000000
1404.384000 948.294400 1508.915200 2749.600000 1.000000
1388.678400 1162.960000 1510.326400 2975.456000 1.000000
1389.700800 1140.320000 1510.832000 2950.528000 1.000000
1405.598400 984.196800 1514.320000 2784.432000 1.000000
1393.387200 1164.460800 1517.660800 2976.912000 1.000000
2164.608000 459.460800 2184.768000 2151.280000 1.000000
2197.152000 404.265600 2204.368000 2059.520000 1.000000
2517.616000 1371.987200 2555.120000 1206.896000 1.000000
2577.024000 1930.736000 2591.184000 1199.033600 1.000000
2531.008000 1184.259200 2654.048000 1257.307200 1.000000
2536.448000 1147.161600 2820.336000 1312.990400 1.000000
2806.064000 1403.932800 2834.432000 1181.843200 1.000000
2772.368000 1490.476800 2849.056000 1234.548800 1.000000
2644.448000 1870.064000 2850.240000 1479.376000 1.000000
2583.456000 1244.555200 2858.720000 1369.049600 1.000000
