336.200000 301.152000 343.377600 2079.872000 1.000000
294.950400 195.440000 396.235200 2319.184000 1.000000
310.638400 214.776000 408.321600 2337.136000 1.000000
345.876800 265.934400 436.731200 2384.752000 1.000000
354.988800 280.633600 447.649600 2401.232000 1.000000
379.307200 270.051200 471.888000 2385.904000 1.000000
476.494400 685.212800 524.088000 2835.904000 1.000000
483.963200 674.630400 529.368000 2823.104000 1.000000
510.096000 770.144000 548.886400 2920.064000 1.000000
531.619200 748.040000 574.006400 2888.496000 1.000000
529.720000 629.595200 581.827200 2747.680000 1.000000
546.430400 804.507200 583.184000 2948.464000 1.000000
564.385600 657.769600 614.428800 2775.248000 1.000000
580.435200 668.204800 632.404800 2785.168000 1.000000
629.675200 705.115200 672.123200 2815.504000 1.000000
796.635200 1268.849600 839.163200 2995.168000 1.000000
871.630400 957.057600 931.588800 2633.600000 1.000000
877.532800 1041.990400 935.502400 2716.144000 1.000000
882.475200 1127.283200 936.753600 2799.712000 1.000000
880.955200 975.008000 939.065600 2646.928000 1.000000
866.841600 548.505600 942.960000 2262.384000 1.000000
891.888000 1191.937600 944.252800 2867.472000 1.000000
876.932800 653.324800 950.001600 2348.336000 1.000000
904.704000 1255.617600 958.755200 2927.872000 1.000000
899.552000 958.542400 960.433600 2624.192000 1.000000
911.332800 1212.800000 965.532800 2884.240000 1.000000
895.315200 487.384000 971.974400 2200.336000 1.000000
895.888000 326.323200 977.020800 2077.344000 1.000000
919.636800 1092.129600 977.942400 2751.376000 1.000000
914.564800 888.323200 978.145600 2549.872000 1.000000
915.716800 705.358400 984.240000 2382.000000 1.000000
928.342400 1110.273600 986.849600 2767.504000 1.000000
929.187200 1130.505600 988.092800 2788.960000 1.000000
934.147200 1319.777600 988.732800 2990.816000 1.000000
954.531200 1212.096000 1014.600000 2864.848000 1.000000
934.326400 89.659040 1015.392000 1885.376000 1.000000
956.710400 785.264000 1019.672000 2447.120000 1.000000
953.280000 835.668800 1020.270400 2487.808000 1.000000
955.521600 617.483200 1027.660800 2291.888000 1.000000
959.672000 731.708800 1028.811200 2391.552000 1.000000
968.664000 1203.577600 1030.846400 2852.560000 1.000000
965.118400 747.403200 1033.012800 2403.440000 1.000000
964.592000 399.971200 1036.051200 2120.896000 1.000000
963.017600 341.574400 1038.988800 2069.360000 1.000000
972.769600 604.772800 1043.508800 2279.536000 1.000000
974.456000 679.108800 1044.550400 2340.816000 1.000000
979.376000 903.088000 1045.000000 2549.200000 1.000000
978.760000 824.771200 1046.721600 2471.808000 1.000000
972.900800 353.852800 1049.772800 2076.704000 1.000000
985.059200 803.763200 1053.064000 2449.696000 1.000000
984.246400 658.883200 1053.545600 2324.192000 1.000000
996.780800 953.553600 1063.520000 2587.680000 1.000000
993.422400 598.140800 1064.254400 2268.848000 1.000000
1000.027200 931.025600 1066.708800 2567.312000 1.000000
994.856000 286.089600 1069.337600 2017.984000 1.000000
998.785600 599.894400 1069.398400 2271.440000 1.000000
1000.894400 474.750400 1071.008000 2170.400000 1.000000
999.108800 200.592000 1072.944000 1952.912000 1.000000
1003.448000 638.564800 1073.670400 2301.616000 1.000000
1011.297600 1305.176000 1075.203200 2953.232000 1.000000
1001.715200 205.833600 1076.302400 1956.208000 1.000000
1012.972800 1250.489600 1077.457600 2890.032000 1.000000
1004.761600 383.345600 1077.881600 2096.496000 1.000000
1014.379200 935.662400 1079.403200 2570.016000 1.000000
1013.817600 902.484800 1080.715200 2536.496000 1.000000
1017.451200 1028.364800 1083.092800 2658.672000 1.000000
1013.177600 722.321600 1083.097600 2369.424000 1.000000
1016.022400 332.252800 1087.868800 2052.928000 1.000000
1014.048000 263.408000 1088.257600 1997.888000 1.000000
1024.707200 1186.899200 1090.801600 2818.880000 1.000000
1023.993600 715.907200 1090.940800 2362.752000 1.000000
1025.427200 962.307200 1091.038400 2590.000000 1.000000
1025.220800 971.908800 1091.588800 2598.160000 1.000000
1024.332800 592.424000 1094.956800 2257.744000 1.000000
1024.243200 213.212800 1095.942400 1959.280000 1.000000
1028.243200 847.566400 1096.121600 2478.416000 1.000000
1032.051200 956.881600 1098.772800 2580.704000 1.000000
1035.681600 828.827200 1102.736000 2462.000000 1.000000
1038.476800 689.057600 1110.200000 2332.736000 1.000000
1044.308800 966.140800 1110.328000 2590.352000 1.000000
1045.100800 225.302400 1114.027200 1966.272000 1.000000
1048.838400 248.587200 1118.585600 1981.968000 1.000000
1050.425600 1155.056000 1119.891200 2776.496000 1.000000
1051.932800 339.360000 1119.966400 2051.968000 1.000000
1052.737600 1170.838400 1120.283200 2796.160000 1.000000
1053.560000 1117.068800 1121.347200 2736.304000 1.000000
1054.097600 704.028800 1122.632000 2346.096000 1.000000
1053.361600 982.753600 1123.313600 2602.448000 1.000000
1055.411200 827.836800 1124.091200 2455.072000 1.000000
1058.326400 165.499200 1127.214400 1920.864000 1.000000
1057.412800 390.256000 1127.568000 2091.040000 1.000000
1052.084800 1223.795200 1127.651200 2844.720000 1.000000
1058.908800 752.507200 1128.992000 2385.936000 1.000000
1063.108800 800.848000 1132.435200 2428.112000 1.000000
1064.153600 89.906080 1132.609600 1866.864000 1.000000
1065.771200 223.441600 1132.616000 1957.776000 1.000000
1066.294400 286.180800 1132.760000 2006.752000 1.000000
1063.601600 495.630400 1134.608000 2168.944000 1.000000
1065.945600 664.974400 1135.088000 2307.280000 1.000000
1067.528000 316.596800 1136.446400 2031.360000 1.000000
1067.873600 1170.532800 1136.665600 2790.752000 1.000000
1072.451200 1267.355200 1139.382400 2905.504000 1.000000
1072.102400 1299.824000 1142.459200 2934.384000 1.000000
1076.804800 268.009600 1143.321600 1992.560000 1.000000
1076.672000 1130.803200 1145.699200 2744.848000 1.000000
1078.222400 910.777600 1146.220800 2524.832000 1.000000
1081.268800 845.788800 1150.862400 2461.824000 1.000000
1084.008000 628.289600 1152.299200 2271.632000 1.000000
1086.040000 517.022400 1153.390400 2183.184000 1.000000
1087.649600 362.012800 1155.249600 2064.896000 1.000000
1089.592000 1092.902400 1159.625600 2701.904000 1.000000
1089.262400 1203.993600 1159.872000 2824.144000 1.000000
1086.497600 1324.668800 1160.056000 2957.584000 1.000000
1094.593600 249.200000 1160.262400 1976.736000 1.000000
1093.361600 991.808000 1160.755200 2601.616000 1.000000
1091.969600 1100.472000 1163.035200 2709.872000 1.000000
1095.737600 880.585600 1163.841600 2492.256000 1.000000
1093.878400 1257.694400 1165.868800 2882.800000 1.000000
1094.556800 1323.865600 1166.044800 2956.640000 1.000000
1093.041600 1355.587200 1167.652800 2989.296000 1.000000
1100.787200 584.497600 1168.982400 2230.960000 1.000000
1102.222400 919.825600 1171.126400 2532.192000 1.000000
1102.187200 986.172800 1172.107200 2597.632000 1.000000
1109.200000 646.652800 1173.083200 2287.952000 1.000000
1109.592000 325.489600 1174.619200 2034.528000 1.000000
1111.945600 386.569600 1175.468800 2080.384000 1.000000
1106.929600 1138.091200 1179.137600 2747.264000 1.000000
1114.222400 789.889600 1181.243200 2408.272000 1.000000
1114.046400 840.283200 1182.923200 2450.288000 1.000000
1116.246400 686.889600 1183.182400 2318.992000 1.000000
1109.611200 1261.654400 1185.177600 2883.808000 1.000000
1119.257600 897.220800 1188.873600 2506.560000 1.000000
1120.820800 958.168000 1189.889600 2565.856000 1.000000
1124.582400 462.955200 1191.380800 2130.192000 1.000000
1126.596800 527.555200 1192.326400 2180.048000 1.000000
1121.536000 1047.721600 1193.592000 2648.560000 1.000000
1118.486400 1250.585600 1193.982400 2868.224000 1.000000
1127.582400 652.790400 1194.446400 2287.120000 1.000000
1133.723200 178.033600 1194.827200 1922.336000 1.000000
1125.510400 920.609600 1196.099200 2527.280000 1.000000
1125.216000 1306.064000 1201.908800 2925.488000 1.000000
1133.513600 847.571200 1204.316800 2454.208000 1.000000
1131.342400 1089.345600 1205.086400 2692.256000 1.000000
1148.995200 170.313600 1208.540800 1912.688000 1.000000
1139.233600 945.800000 1210.192000 2548.416000 1.000000
1148.633600 382.803200 1211.548800 2067.344000 1.000000
1145.081600 793.904000 1213.755200 2402.096000 1.000000
1143.480000 1180.078400 1219.004800 2788.496000 1.000000
1157.059200 621.816000 1222.315200 2255.552000 1.000000
1150.563200 1161.454400 1225.952000 2766.960000 1.000000
1161.518400 503.888000 1226.225600 2154.992000 1.000000
1155.401600 1046.465600 1227.864000 2643.984000 1.000000
1160.078400 805.316800 1229.137600 2409.984000 1.000000
1157.369600 891.392000 1229.454400 2492.320000 1.000000
1169.201600 256.316800 1230.206400 1968.864000 1.000000
1165.600000 514.926400 1230.814400 2164.240000 1.000000
1156.691200 1150.844800 1232.640000 2754.240000 1.000000
1166.900800 685.200000 1234.630400 2303.424000 1.000000
1156.073600 1302.555200 1235.963200 2915.744000 1.000000
1160.203200 1182.952000 1237.684800 2788.640000 1.000000
1175.347200 494.870400 1238.404800 2146.480000 1.000000
1158.326400 1272.788800 1239.224000 2881.856000 1.000000
1171.080000 749.635200 1239.248000 2357.536000 1.000000
1160.521600 1289.774400 1241.454400 2900.640000 1.000000
1158.329600 1356.398400 1241.529600 2978.096000 1.000000
1167.369600 1091.408000 1242.649600 2688.976000 1.000000
1171.281600 928.371200 1242.984000 2524.016000 1.000000
1185.868800 351.326400 1244.848000 2033.488000 1.000000
1189.832000 214.673600 1246.899200 1938.272000 1.000000
1171.264000 1116.032000 1247.164800 2713.776000 1.000000
1179.104000 780.174400 1248.660800 2382.144000 1.000000
1190.265600 359.184000 1249.019200 2039.616000 1.000000
1168.241600 1233.491200 1249.116800 2835.456000 1.000000
1191.430400 314.715200 1250.268800 2007.296000 1.000000
1190.201600 534.364800 1253.108800 2179.040000 1.000000
1185.144000 1023.017600 1253.180800 2614.384000 1.000000
1182.414400 983.065600 1255.028800 2573.376000 1.000000
1183.742400 884.651200 1255.160000 2482.016000 1.000000
1201.387200 285.148800 1256.163200 1983.680000 1.000000
1177.188800 1228.088000 1257.244800 2829.088000 1.000000
1198.934400 388.768000 1258.307200 2061.616000 1.000000
1193.532800 668.347200 1259.240000 2284.480000 1.000000
1182.510400 1128.862400 1260.928000 2724.736000 1.000000
1183.678400 1136.139200 1261.278400 2732.496000 1.000000
1178.704000 1298.179200 1262.411200 2906.944000 1.000000
1197.660800 652.374400 1262.894400 2270.912000 1.000000
1185.996800 1143.092800 1265.403200 2739.968000 1.000000
1185.356800 1208.731200 1266.228800 2807.296000 1.000000
1184.904000 1243.297600 1267.585600 2843.888000 1.000000
1206.899200 501.668800 1268.984000 2151.968000 1.000000
1208.115200 573.875200 1273.227200 2207.728000 1.000000
1224.944000 70.185440 1273.486400 1853.440000 1.000000
1201.084800 1069.065600 1276.144000 2659.568000 1.000000
1211.467200 682.408000 1276.676800 2294.096000 1.000000
1207.267200 850.686400 1277.315200 2443.632000 1.000000
1209.718400 762.481600 1278.046400 2366.848000 1.000000
1200.129600 1221.019200 1281.310400 2816.640000 1.000000
1208.208000 908.585600 1281.496000 2495.024000 1.000000
1213.257600 820.403200 1283.312000 2417.024000 1.000000
1206.252800 1116.382400 1284.012800 2706.624000 1.000000
1197.904000 1335.452800 1284.649600 2947.584000 1.000000
1201.672000 1285.728000 1284.716800 2886.992000 1.000000
1214.121600 881.344000 1286.673600 2469.520000 1.000000
1205.531200 1204.740800 1287.912000 2798.944000 1.000000
1239.097600 111.069280 1288.558400 1880.176000 1.000000
1215.340800 991.604800 1288.601600 2579.248000 1.000000
1217.948800 903.460800 1290.657600 2489.360000 1.000000
1217.433600 960.324800 1291.929600 2545.968000 1.000000
1213.752000 1133.830400 1293.779200 2723.264000 1.000000
1213.873600 1094.177600 1294.044800 2683.760000 1.000000
1221.961600 919.078400 1295.744000 2503.680000 1.000000
1227.985600 646.912000 1296.331200 2260.432000 1.000000
1223.432000 968.112000 1298.371200 2553.264000 1.000000
1224.054400 937.225600 1298.680000 2521.904000 1.000000
1236.275200 640.086400 1301.148800 2255.744000 1.000000
1254.972800 147.496480 1302.118400 1902.144000 1.000000
1216.340800 1325.043200 1304.684800 2934.096000 1.000000
1228.100800 1156.038400 1309.385600 2742.752000 1.000000
1228.044800 1148.502400 1309.958400 2734.656000 1.000000
1219.852800 1345.353600 1310.569600 2955.600000 1.000000
1242.593600 825.345600 1312.198400 2415.808000 1.000000
1228.310400 1224.977600 1312.476800 2819.376000 1.000000
1263.580800 287.897600 1314.192000 2000.784000 1.000000
1251.497600 619.004800 1314.617600 2236.624000 1.000000
1238.862400 1042.379200 1315.894400 2626.784000 1.000000
1236.171200 1068.958400 1316.416000 2652.144000 1.000000
1244.782400 852.977600 1317.161600 2439.008000 1.000000
1264.233600 539.185600 1322.952000 2171.568000 1.000000
1254.980800 856.216000 1326.120000 2441.072000 1.000000
1252.544000 945.297600 1326.134400 2528.432000 1.000000
1246.163200 1078.865600 1326.744000 2659.968000 1.000000
1254.747200 912.536000 1328.276800 2495.392000 1.000000
1241.358400 1240.051200 1328.568000 2833.936000 1.000000
1265.059200 703.105600 1331.555200 2305.616000 1.000000
1243.212800 1302.148800 1332.267200 2903.344000 1.000000
1246.452800 1221.604800 1332.964800 2812.752000 1.000000
1241.011200 1323.408000 1333.196800 2927.200000 1.000000
1263.419200 813.547200 1334.179200 2401.440000 1.000000
1268.689600 746.310400 1334.288000 2341.952000 1.000000
1259.219200 839.481600 1335.004800 2423.616000 1.000000
1256.676800 1076.243200 1336.820800 2656.768000 1.000000
1276.073600 673.470400 1340.054400 2279.584000 1.000000
1269.310400 896.420800 1341.481600 2478.160000 1.000000
1259.400000 1114.670400 1342.236800 2694.576000 1.000000
1300.624000 146.926560 1342.929600 1894.224000 1.000000
1268.326400 936.518400 1343.193600 2517.184000 1.000000
1251.888000 1312.433600 1343.412800 2913.280000 1.000000
1253.393600 1276.820800 1344.000000 2871.920000 1.000000
1266.761600 1029.163200 1345.404800 2607.632000 1.000000
1256.084800 1334.008000 1350.345600 2937.296000 1.000000
1279.096000 1028.352000 1357.240000 2606.768000 1.000000
1313.121600 310.404800 1360.457600 2010.192000 1.000000
1292.409600 794.504000 1364.001600 2383.504000 1.000000
1291.393600 867.590400 1364.299200 2450.304000 1.000000
1294.675200 809.236800 1364.308800 2394.944000 1.000000
1284.208000 1100.270400 1368.228800 2678.208000 1.000000
1274.825600 1288.419200 1369.593600 2882.240000 1.000000
1322.875200 300.233600 1370.062400 1998.592000 1.000000
1282.851200 1190.960000 1371.236800 2774.144000 1.000000
1273.473600 1355.323200 1371.465600 2958.848000 1.000000
1295.356800 960.017600 1371.532800 2535.904000 1.000000
1331.032000 210.299200 1372.336000 1933.888000 1.000000
1279.268800 1340.793600 1376.360000 2940.848000 1.000000
1284.128000 1262.803200 1376.864000 2852.592000 1.000000
1291.387200 1136.542400 1377.387200 2716.464000 1.000000
1301.852800 933.545600 1377.486400 2510.544000 1.000000
1335.200000 245.992000 1378.795200 1958.784000 1.000000
1292.668800 1163.267200 1380.115200 2743.024000 1.000000
1294.603200 1156.225600 1382.464000 2736.160000 1.000000
1354.708800 61.042880 1387.883200 1827.600000 1.000000
1336.856000 521.062400 1392.163200 2165.776000 1.000000
1350.536000 274.150400 1392.800000 1977.248000 1.000000
1338.676800 552.384000 1395.028800 2190.608000 1.000000
1342.451200 493.356800 1396.382400 2142.656000 1.000000
1335.996800 647.766400 1397.737600 2269.392000 1.000000
1364.891200 81.708480 1397.931200 1841.392000 1.000000
1355.649600 264.020800 1398.616000 1970.240000 1.000000
1362.897600 285.352000 1404.302400 1983.616000 1.000000
1368.259200 153.056640 1404.443200 1889.280000 1.000000
1320.393600 1086.187200 1405.833600 2661.136000 1.000000
1316.934400 1188.862400 1408.177600 2768.512000 1.000000
1308.318400 1348.033600 1408.926400 2944.160000 1.000000
1327.003200 1056.524800 1411.265600 2630.928000 1.000000
1328.008000 1073.326400 1412.745600 2648.688000 1.000000
1368.886400 338.187200 1413.096000 2022.544000 1.000000
1313.937600 1336.129600 1413.612800 2930.736000 1.000000
1365.177600 415.006400 1414.518400 2079.520000 1.000000
1361.958400 531.486400 1417.672000 2170.208000 1.000000
1388.412800 70.278880 1418.084800 1830.128000 1.000000
1362.657600 575.800000 1419.492800 2205.056000 1.000000
1383.723200 211.441600 1420.619200 1928.656000 1.000000
1365.851200 556.075200 1422.083200 2188.976000 1.000000
1371.662400 489.305600 1423.657600 2136.080000 1.000000
1377.145600 391.841600 1423.715200 2061.376000 1.000000
1355.947200 795.387200 1424.928000 2395.856000 1.000000
1320.825600 1402.798400 1429.145600 3007.600000 1.000000
1388.331200 332.065600 1430.033600 2014.544000 1.000000
1327.979200 1324.147200 1430.203200 2915.968000 1.000000
1369.880000 685.102400 1431.672000 2296.352000 1.000000
1395.428800 251.971200 1432.822400 1956.848000 1.000000
1342.486400 1164.555200 1432.864000 2742.240000 1.000000
1378.473600 581.392000 1435.867200 2208.560000 1.000000
1385.112000 508.478400 1437.734400 2151.712000 1.000000
1364.516800 909.296000 1439.956800 2498.464000 1.000000
1414.388800 87.370720 1440.132800 1840.528000 1.000000
1388.403200 488.500800 1440.262400 2132.752000 1.000000
1372.489600 773.558400 1441.475200 2373.456000 1.000000
1369.536000 835.692800 1441.788800 2429.792000 1.000000
1377.267200 727.179200 1442.361600 2331.168000 1.000000
1368.313600 884.419200 1443.006400 2474.512000 1.000000
1400.164800 413.508800 1446.278400 2076.192000 1.000000
1390.760000 645.956800 1448.755200 2263.648000 1.000000
1429.275200 65.550560 1451.833600 1824.736000 1.000000
1379.796800 855.528000 1452.116800 2445.312000 1.000000
1380.790400 839.225600 1452.596800 2431.312000 1.000000
1408.902400 383.305600 1453.272000 2049.600000 1.000000
1415.411200 299.107200 1454.438400 1989.536000 1.000000
1403.520000 503.140800 1455.392000 2146.288000 1.000000
1434.984000 41.417280 1456.068800 1808.048000 1.000000
1416.556800 350.800000 1457.641600 2027.344000 1.000000
1427.769600 197.131200 1459.009600 1915.024000 1.000000
1435.244800 136.355680 1461.963200 1872.032000 1.000000
1381.547200 1026.971200 1466.635200 2612.000000 1.000000
1428.764800 314.144000 1466.664000 2000.464000 1.000000
1432.238400 276.208000 1467.472000 1972.880000 1.000000
1414.244800 558.907200 1467.916800 2190.608000 1.000000
1367.107200 1294.654400 1469.979200 2899.120000 1.000000
1402.830400 826.920000 1473.812800 2417.728000 1.000000
1407.220800 747.435200 1475.257600 2350.880000 1.000000
1439.641600 285.120000 1475.523200 1976.480000 1.000000
1424.550400 509.496000 1475.772800 2145.424000 1.000000
1420.638400 586.385600 1476.344000 2212.368000 1.000000
1403.228800 873.310400 1477.964800 2463.360000 1.000000
1399.993600 931.164800 1478.484800 2517.808000 1.000000
1402.129600 895.881600 1478.683200 2486.416000 1.000000
1400.297600 920.619200 1478.888000 2508.096000 1.000000
1422.699200 606.427200 1479.643200 2227.600000 1.000000
1373.699200 1356.424000 1483.076800 2964.912000 1.000000
1381.616000 1252.012800 1483.121600 2849.904000 1.000000
1413.403200 800.097600 1483.321600 2396.880000 1.000000
1404.384000 948.294400 1484.385600 2535.616000 1.000000
1450.542400 431.596800 1491.776000 2085.824000 1.000000
2527.168000 1332.267200 2551.232000 1276.542400 1.000000
2517.616000 1371.987200 2556.176000 1315.347200 1.000000
2379.600000 1952.112000 2605.792000 1888.992000 1.000000
2538.384000 1875.632000 2733.648000 1700.960000 1.000000
2567.856000 1876.736000 2763.584000 1686.672000 1.000000
2632.688000 1681.984000 2787.744000 1676.000000 1.000000
2643.040000 1772.464000 2802.416000 1563.644800 1.000000
2806.064000 1403.932800 2847.552000 1309.180800 1.000000
2690.640000 1858.432000 2874.768000 1599.304000 1.000000
2750.688000 1767.184000 2892.784000 1490.638400 1.000000
