484.286400 1439.256000 564.998400 159.842560 1.000000
503.105600 1435.809600 584.771200 154.426560 1.000000
647.728000 2842.336000 697.624000 1911.472000 1.000000
650.558400 2909.792000 702.139200 1972.896000 1.000000
666.246400 2604.080000 708.916800 1699.952000 1.000000
678.785600 2727.008000 722.873600 1818.176000 1.000000
686.278400 2776.032000 730.376000 1861.824000 1.000000
709.217600 2042.096000 731.299200 1152.888000 1.000000
695.459200 2738.576000 740.532800 1828.560000 1.000000
704.902400 2472.336000 742.006400 1590.550400 1.000000
720.644800 2089.488000 743.572800 1213.787200 1.000000
738.347200 1894.752000 753.563200 1006.105600 1.000000
713.532800 2646.080000 753.881600 1748.752000 1.000000
710.342400 2791.120000 754.521600 1879.760000 1.000000
710.059200 2964.880000 754.998400 2033.520000 1.000000
714.275200 2819.888000 755.369600 1908.208000 1.000000
728.196800 2263.232000 757.214400 1391.305600 1.000000
730.112000 2242.768000 757.971200 1370.808000 1.000000
736.161600 2055.280000 758.542400 1180.777600 1.000000
717.686400 2726.096000 760.518400 1821.712000 1.000000
741.318400 2034.048000 760.670400 1159.286400 1.000000
723.958400 2660.512000 762.363200 1766.752000 1.000000
748.398400 1974.096000 768.020800 1093.468800 1.000000
734.014400 2445.120000 768.603200 1569.096000 1.000000
735.840000 2487.248000 769.465600 1610.192000 1.000000
760.963200 1833.216000 773.572800 946.385600 1.000000
748.238400 2251.216000 775.827200 1383.062400 1.000000
747.219200 2342.096000 776.555200 1473.110400 1.000000
751.740800 2197.776000 776.993600 1332.769600 1.000000
764.489600 1897.856000 779.427200 1017.656000 1.000000
753.041600 2278.288000 781.520000 1410.988800 1.000000
783.916800 1410.043200 783.024000 454.577600 1.000000
746.827200 2602.272000 784.236800 1716.816000 1.000000
759.193600 2215.680000 784.905600 1351.638400 1.000000
763.932800 2113.248000 786.188800 1248.344000 1.000000
745.830400 2860.624000 787.721600 1949.200000 1.000000
754.396800 2460.496000 787.912000 1587.942400 1.000000
778.038400 1757.664000 789.292800 863.131200 1.000000
750.550400 2781.200000 791.601600 1875.776000 1.000000
796.635200 1268.849600 793.035200 276.110400 1.000000
793.123200 1423.382400 793.248000 473.228800 1.000000
766.249600 2248.208000 793.460800 1382.873600 1.000000
757.547200 2605.616000 794.227200 1720.256000 1.000000
786.841600 1682.704000 794.393600 780.249600 1.000000
768.147200 2273.504000 794.609600 1408.545600 1.000000
797.204800 1385.553600 794.848000 428.899200 1.000000
793.684800 1497.112000 795.281600 563.851200 1.000000
763.680000 2467.792000 796.528000 1596.910400 1.000000
776.988800 1965.552000 797.080000 1094.166400 1.000000
772.547200 2183.280000 797.299200 1322.388800 1.000000
761.886400 2682.400000 797.484800 1791.152000 1.000000
767.536000 2385.696000 798.416000 1518.793600 1.000000
777.262400 2083.888000 798.545600 1219.467200 1.000000
768.932800 2368.688000 798.715200 1502.972800 1.000000
769.064000 2350.384000 798.948800 1486.409600 1.000000
775.428800 2175.024000 799.292800 1314.441600 1.000000
787.824000 1740.480000 799.576000 846.848000 1.000000
773.875200 2228.912000 800.190400 1366.230400 1.000000
801.836800 1409.827200 800.812800 459.579200 1.000000
784.033600 1910.368000 801.324800 1034.676800 1.000000
781.713600 2000.848000 802.348800 1133.435200 1.000000
783.412800 2084.864000 803.307200 1221.392000 1.000000
782.712000 2075.456000 803.372800 1211.472000 1.000000
805.508800 1400.024000 804.212800 448.192000 1.000000
775.913600 2336.576000 804.580800 1473.694400 1.000000
776.878400 2290.656000 805.510400 1428.648000 1.000000
785.582400 2028.384000 805.756800 1161.966400 1.000000
783.348800 2138.640000 806.400000 1278.731200 1.000000
777.582400 2352.960000 806.491200 1490.622400 1.000000
773.627200 2472.960000 806.518400 1602.832000 1.000000
785.609600 2156.352000 807.612800 1297.067200 1.000000
788.790400 2035.056000 807.804800 1169.080000 1.000000
786.625600 2104.240000 808.251200 1244.692800 1.000000
796.182400 1838.496000 809.108800 960.257600 1.000000
794.792000 1878.256000 809.230400 1003.459200 1.000000
772.521600 2705.888000 810.246400 1815.120000 1.000000
806.617600 1592.164800 810.675200 681.444800 1.000000
814.329600 1255.659200 811.804800 266.764800 1.000000
795.473600 2002.240000 813.017600 1137.718400 1.000000
787.574400 2252.096000 814.276800 1390.422400 1.000000
792.987200 2089.248000 815.100800 1227.912000 1.000000
805.924800 1710.240000 815.412800 815.857600 1.000000
791.862400 2113.232000 815.417600 1254.920000 1.000000
810.724800 1587.353600 815.419200 677.097600 1.000000
796.510400 2063.648000 816.179200 1201.388800 1.000000
777.126400 2821.712000 816.921600 1919.568000 1.000000
790.243200 2241.392000 816.936000 1379.299200 1.000000
802.934400 1853.328000 817.078400 977.011200 1.000000
797.076800 2010.752000 817.772800 1145.603200 1.000000
816.329600 1454.032000 817.864000 518.347200 1.000000
779.510400 2716.080000 817.899200 1825.072000 1.000000
787.910400 2420.544000 818.057600 1556.424000 1.000000
798.176000 2014.512000 818.772800 1149.620800 1.000000
820.612800 1349.448000 819.552000 391.344000 1.000000
801.008000 1950.576000 820.216000 1080.545600 1.000000
785.449600 2578.688000 820.270400 1701.648000 1.000000
800.478400 2080.368000 821.169600 1220.052800 1.000000
817.140800 1544.342400 822.145600 627.673600 1.000000
792.936000 2361.248000 822.560000 1500.600000 1.000000
788.236800 2585.680000 823.905600 1708.464000 1.000000
818.385600 1612.864000 824.105600 708.924800 1.000000
795.188800 2368.784000 824.545600 1509.073600 1.000000
788.529600 2629.552000 825.352000 1750.048000 1.000000
793.851200 2438.768000 825.430400 1574.382400 1.000000
803.803200 2134.816000 826.192000 1278.648000 1.000000
810.752000 1891.088000 826.683200 1021.947200 1.000000
811.601600 1873.552000 826.998400 1002.225600 1.000000
790.932800 2781.824000 828.529600 1885.152000 1.000000
789.889600 2748.240000 828.788800 1852.512000 1.000000
824.352000 1610.688000 829.931200 708.460800 1.000000
828.329600 1464.252800 830.395200 534.169600 1.000000
825.209600 1523.403200 830.577600 605.409600 1.000000
821.790400 1670.048000 830.822400 777.251200 1.000000
791.323200 2942.848000 830.907200 2027.104000 1.000000
796.640000 2588.768000 831.404800 1712.016000 1.000000
817.166400 1888.448000 832.697600 1019.872000 1.000000
813.113600 2055.792000 834.982400 1192.440000 1.000000
806.452800 2396.800000 835.201600 1538.632000 1.000000
797.344000 2833.936000 835.283200 1933.392000 1.000000
808.848000 2312.720000 835.358400 1456.200000 1.000000
808.278400 2240.384000 835.755200 1380.180800 1.000000
801.169600 2636.240000 836.892800 1757.696000 1.000000
815.588800 2130.384000 837.225600 1276.406400 1.000000
806.060800 2542.048000 838.393600 1672.656000 1.000000
820.606400 1944.672000 838.545600 1078.984000 1.000000
829.596800 1676.544000 838.996800 785.828800 1.000000
828.606400 1763.984000 839.168000 886.304000 1.000000
835.169600 1525.988800 839.379200 610.236800 1.000000
840.747200 1317.665600 839.489600 356.881600 1.000000
813.580800 2273.328000 839.664000 1417.206400 1.000000
811.347200 2367.104000 839.891200 1510.289600 1.000000
820.782400 2031.952000 840.588800 1171.977600 1.000000
804.982400 2754.592000 841.104000 1862.784000 1.000000
822.323200 2168.672000 841.592000 1314.936000 1.000000
805.804800 2691.712000 842.084800 1807.232000 1.000000
820.451200 2099.760000 842.899200 1245.552000 1.000000
833.705600 1731.920000 845.516800 846.974400 1.000000
828.329600 1932.864000 846.284800 1068.388800 1.000000
819.297600 2306.304000 846.443200 1452.107200 1.000000
809.796800 2904.896000 847.454400 1995.840000 1.000000
848.100800 1180.516800 847.558400 178.377600 1.000000
814.139200 2580.048000 848.099200 1707.216000 1.000000
848.694400 1330.043200 848.603200 371.176000 1.000000
850.878400 1087.360000 849.444800 55.816000 1.000000
820.318400 2404.288000 849.819200 1545.417600 1.000000
821.678400 2368.544000 851.484800 1511.632000 1.000000
835.284800 1899.184000 851.905600 1033.908800 1.000000
837.283200 1848.000000 852.096000 977.939200 1.000000
815.121600 2722.592000 852.137600 1834.544000 1.000000
835.924800 1920.000000 852.820800 1058.324800 1.000000
837.348800 1970.128000 853.707200 1110.795200 1.000000
825.680000 2341.600000 853.809600 1486.556800 1.000000
840.345600 1829.472000 854.492800 959.361600 1.000000
847.100800 1602.304000 855.052800 704.129600 1.000000
852.520000 1431.803200 855.545600 499.640000 1.000000
824.056000 2476.128000 855.556800 1612.208000 1.000000
818.288000 2940.688000 855.584000 2029.664000 1.000000
846.064000 1712.272000 857.548800 827.523200 1.000000
822.539200 2775.344000 857.964800 1884.256000 1.000000
857.846400 1245.980800 858.262400 263.934400 1.000000
852.649600 1552.830400 859.648000 645.409600 1.000000
858.513600 1259.505600 860.521600 281.083200 1.000000
845.364800 1839.360000 860.856000 970.524800 1.000000
832.576000 2371.920000 860.910400 1515.942400 1.000000
838.280000 2130.768000 860.985600 1278.761600 1.000000
823.918400 2668.624000 861.022400 1786.768000 1.000000
844.724800 1890.800000 861.366400 1025.763200 1.000000
825.217600 2938.512000 862.099200 2028.560000 1.000000
824.697600 2748.752000 862.112000 1861.504000 1.000000
827.537600 2866.032000 863.264000 1965.760000 1.000000
826.627200 2639.600000 863.590400 1762.848000 1.000000
863.289600 1292.496000 863.846400 326.716800 1.000000
849.608000 1832.064000 864.104000 962.945600 1.000000
829.454400 2718.928000 864.689600 1834.160000 1.000000
843.604800 2024.976000 865.196800 1167.750400 1.000000
855.467200 1663.008000 865.732800 775.124800 1.000000
846.732800 1962.112000 865.740800 1103.001600 1.000000
862.156800 1506.939200 865.889600 596.761600 1.000000
867.548800 1279.707200 867.094400 312.169600 1.000000
834.792000 2989.888000 868.128000 2071.904000 1.000000
852.366400 1853.536000 868.443200 986.659200 1.000000
851.499200 1921.888000 869.292800 1059.417600 1.000000
834.848000 2910.112000 869.492800 2005.600000 1.000000
854.483200 1786.656000 869.720000 916.219200 1.000000
841.003200 2385.328000 870.004800 1530.067200 1.000000
835.622400 2898.496000 870.883200 1995.504000 1.000000
845.624000 2220.000000 871.902400 1366.424000 1.000000
848.718400 2199.024000 872.078400 1347.580800 1.000000
836.950400 2824.160000 872.123200 1929.568000 1.000000
836.774400 2748.848000 872.433600 1860.656000 1.000000
852.670400 2106.544000 874.105600 1256.512000 1.000000
861.116800 1753.904000 874.537600 882.027200 1.000000
867.174400 1587.121600 875.374400 690.750400 1.000000
840.102400 2867.360000 875.390400 1968.768000 1.000000
854.990400 2083.936000 875.870400 1233.232000 1.000000
862.025600 1828.944000 876.593600 963.468800 1.000000
839.611200 2696.576000 876.630400 1814.528000 1.000000
854.302400 2131.776000 877.000000 1282.860800 1.000000
848.712000 2334.032000 877.172800 1480.300800 1.000000
873.841600 1214.217600 877.372800 229.417600 1.000000
845.193600 2614.592000 877.742400 1742.560000 1.000000
874.638400 1336.444800 877.787200 384.900800 1.000000
877.502400 1266.153600 878.964800 298.428800 1.000000
869.147200 1612.544000 879.761600 719.185600 1.000000
859.510400 2053.680000 880.896000 1201.824000 1.000000
865.201600 1857.696000 881.988800 994.521600 1.000000
876.888000 1407.764800 882.417600 474.454400 1.000000
882.171200 1092.976000 883.132800 71.958880 1.000000
881.753600 1053.625600 883.276800 18.842720 1.000000
872.822400 1662.864000 883.916800 777.080000 1.000000
867.113600 1941.728000 884.857600 1086.508800 1.000000
872.430400 1712.960000 885.276800 836.636800 1.000000
849.654400 2830.816000 886.180800 1936.032000 1.000000
850.920000 2679.200000 886.806400 1801.328000 1.000000
860.195200 2393.312000 887.859200 1540.473600 1.000000
854.350400 2808.064000 888.702400 1916.848000 1.000000
875.764800 1744.592000 888.800000 872.745600 1.000000
861.947200 2347.136000 889.340800 1496.651200 1.000000
856.364800 2520.784000 889.536000 1657.472000 1.000000
884.971200 1396.144000 889.830400 463.753600 1.000000
875.894400 1791.840000 890.502400 923.240000 1.000000
881.958400 1569.598400 891.078400 672.576000 1.000000
888.859200 1257.492800 891.827200 289.009600 1.000000
879.883200 1758.832000 892.190400 888.708800 1.000000
890.105600 1267.598400 892.316800 301.665600 1.000000
869.409600 2139.584000 892.446400 1291.916800 1.000000
885.662400 1492.232000 892.454400 581.425600 1.000000
860.956800 2749.696000 892.987200 1866.176000 1.000000
876.520000 1888.080000 893.500800 1027.707200 1.000000
891.729600 1086.126400 893.795200 63.508640 1.000000
880.860800 1696.656000 893.932800 819.908800 1.000000
887.606400 1428.617600 894.099200 505.950400 1.000000
862.278400 2890.576000 895.560000 1992.096000 1.000000
860.334400 2859.648000 896.052800 1964.064000 1.000000
893.961600 1052.019200 896.344000 19.810560 1.000000
891.433600 1292.248000 896.617600 331.025600 1.000000
875.403200 2076.288000 897.384000 1227.774400 1.000000
863.598400 2848.272000 897.625600 1954.464000 1.000000
871.089600 2339.712000 898.273600 1489.494400 1.000000
895.280000 1276.380800 898.353600 313.129600 1.000000
888.654400 1583.308800 898.958400 689.158400 1.000000
894.158400 1408.849600 899.131200 481.203200 1.000000
886.864000 1750.768000 900.264000 879.156800 1.000000
867.044800 2918.496000 900.558400 2016.304000 1.000000
884.068800 1946.672000 902.056000 1092.854400 1.000000
900.494400 1181.446400 904.328000 190.072000 1.000000
876.516800 2354.496000 904.360000 1505.870400 1.000000
898.220800 1349.318400 904.371200 405.417600 1.000000
886.790400 1874.928000 904.588800 1015.150400 1.000000
900.905600 1264.534400 905.184000 299.587200 1.000000
896.476800 1503.179200 905.403200 594.547200 1.000000
897.534400 1554.060800 905.657600 657.576000 1.000000
890.593600 1769.872000 905.739200 901.144000 1.000000
896.278400 1529.956800 905.806400 627.148800 1.000000
903.121600 1179.630400 907.556800 187.691200 1.000000
902.073600 1337.512000 907.721600 391.321600 1.000000
888.857600 1836.208000 907.768000 973.875200 1.000000
888.240000 1968.256000 907.913600 1117.046400 1.000000
896.622400 1660.896000 908.257600 779.580800 1.000000
888.600000 1921.184000 909.011200 1067.654400 1.000000
904.441600 1160.435200 909.118400 163.921600 1.000000
904.060800 1330.446400 909.416000 382.416000 1.000000
905.716800 1350.964800 910.952000 410.092800 1.000000
877.204800 2857.088000 911.500800 1963.104000 1.000000
907.105600 1144.320000 911.617600 143.510240 1.000000
891.884800 1980.480000 912.846400 1129.766400 1.000000
907.958400 1239.793600 912.920000 268.760000 1.000000
887.134400 2427.680000 914.344000 1576.497600 1.000000
892.011200 2066.560000 914.728000 1221.129600 1.000000
902.084800 1679.904000 916.027200 803.616000 1.000000
910.772800 1285.712000 916.867200 327.158400 1.000000
885.667200 2947.216000 918.147200 2042.832000 1.000000
912.985600 1323.932800 918.833600 375.803200 1.000000
892.176000 2256.080000 920.000000 1409.550400 1.000000
887.137600 2649.520000 920.225600 1778.144000 1.000000
915.532800 1229.739200 920.326400 256.934400 1.000000
888.379200 2689.184000 920.328000 1815.216000 1.000000
915.676800 1122.843200 920.680000 117.035520 1.000000
915.070400 1167.753600 921.339200 174.785600 1.000000
911.332800 1212.800000 921.456000 223.273600 1.000000
888.777600 2115.168000 921.825600 1265.908800 1.000000
904.105600 1877.264000 921.827200 1021.387200 1.000000
916.724800 1222.662400 922.339200 249.472000 1.000000
896.099200 2317.568000 922.364800 1471.766400 1.000000
917.507200 1143.811200 923.334400 143.821920 1.000000
897.755200 2286.672000 923.616000 1442.203200 1.000000
908.233600 1766.912000 923.769600 901.275200 1.000000
919.636800 1092.129600 925.379200 78.049600 1.000000
917.502400 1481.144000 926.992000 572.504000 1.000000
893.976000 2825.600000 927.427200 1936.496000 1.000000
905.313600 2085.136000 927.678400 1242.467200 1.000000
894.486400 2598.368000 927.761600 1732.800000 1.000000
897.521600 2885.424000 930.032000 1990.624000 1.000000
908.214400 2061.104000 930.174400 1217.643200 1.000000
923.257600 1171.059200 930.385600 179.377600 1.000000
918.876800 1693.968000 930.699200 824.086400 1.000000
909.800000 2068.672000 931.281600 1225.049600 1.000000
917.904000 1702.608000 931.355200 833.270400 1.000000
909.521600 2159.504000 932.294400 1318.872000 1.000000
900.136000 2691.296000 932.510400 1818.384000 1.000000
925.601600 1155.884800 932.942400 159.901920 1.000000
921.995200 1569.441600 932.958400 678.736000 1.000000
914.979200 1839.232000 933.096000 981.504000 1.000000
905.156800 2414.960000 933.721600 1567.068800 1.000000
927.568000 1141.673600 934.984000 143.067360 1.000000
929.187200 1130.505600 935.467200 129.788480 1.000000
919.390400 1735.920000 935.534400 869.371200 1.000000
908.142400 2403.664000 936.400000 1557.475200 1.000000
920.406400 1824.816000 938.358400 966.731200 1.000000
909.651200 2521.888000 938.464000 1667.856000 1.000000
914.291200 2346.080000 941.016000 1501.371200 1.000000
932.912000 1288.201600 941.377600 334.110400 1.000000
919.977600 2063.600000 941.563200 1221.059200 1.000000
936.721600 1406.107200 945.270400 485.003200 1.000000
937.785600 1357.032000 945.801600 424.198400 1.000000
939.324800 1104.689600 945.908800 97.441600 1.000000
937.481600 1143.572800 945.915200 145.472320 1.000000
915.353600 2973.536000 946.038400 2069.248000 1.000000
922.739200 2128.368000 946.278400 1288.600000 1.000000
933.571200 1613.392000 946.681600 730.134400 1.000000
918.483200 2589.440000 947.099200 1729.040000 1.000000
937.806400 1426.300800 947.342400 508.776000 1.000000
939.712000 1162.276800 947.987200 170.129600 1.000000
916.032000 2715.664000 948.171200 1840.192000 1.000000
932.296000 1803.472000 949.190400 945.788800 1.000000
933.510400 1603.264000 950.179200 718.643200 1.000000
921.041600 2931.968000 950.291200 2036.528000 1.000000
919.734400 2831.168000 950.558400 1944.704000 1.000000
942.848000 1365.512000 952.124800 434.960000 1.000000
930.313600 2029.344000 952.219200 1185.667200 1.000000
942.889600 1391.675200 952.288000 466.803200 1.000000
943.915200 1331.691200 953.960000 393.000000 1.000000
938.369600 1714.560000 954.339200 848.038400 1.000000
944.508800 1173.712000 954.390400 185.412800 1.000000
943.982400 1257.174400 954.787200 295.652800 1.000000
931.729600 2253.968000 956.836800 1414.862400 1.000000
943.564800 1593.243200 957.688000 708.528000 1.000000
951.262400 1422.774400 962.182400 508.784000 1.000000
934.860800 2657.968000 963.355200 1791.088000 1.000000
931.715200 2773.392000 963.801600 1894.672000 1.000000
945.176000 1805.472000 963.832000 950.592000 1.000000
954.531200 1212.096000 963.948800 241.478400 1.000000
954.833600 1247.004800 965.211200 284.902400 1.000000
956.947200 1129.233600 965.328000 131.501280 1.000000
936.924800 2918.224000 966.083200 2023.968000 1.000000
959.470400 1204.460800 966.851200 233.649600 1.000000
956.308800 1343.392000 966.924800 408.656000 1.000000
956.745600 1107.430400 967.587200 100.879040 1.000000
943.200000 2225.664000 968.072000 1386.998400 1.000000
949.966400 1851.648000 969.227200 1001.505600 1.000000
957.411200 1505.736000 969.240000 611.219200 1.000000
958.278400 1362.300800 969.262400 431.302400 1.000000
959.875200 1068.705600 969.401600 52.381440 1.000000
949.155200 1868.176000 969.857600 1017.763200 1.000000
953.816000 1596.832000 970.529600 713.948800 1.000000
961.427200 1108.091200 972.238400 103.355520 1.000000
960.196800 1165.444800 972.539200 178.372800 1.000000
951.694400 1970.704000 973.729600 1127.043200 1.000000
948.294400 2206.624000 974.075200 1366.996800 1.000000
951.404800 2047.840000 974.260800 1209.350400 1.000000
963.078400 1436.115200 974.465600 524.092800 1.000000
954.516800 1927.104000 975.092800 1083.072000 1.000000
958.305600 1705.472000 975.350400 840.609600 1.000000
956.854400 1831.424000 975.974400 980.588800 1.000000
946.865600 2832.832000 976.195200 1949.168000 1.000000
963.321600 1426.019200 976.214400 511.556800 1.000000
968.323200 1209.883200 978.523200 240.929600 1.000000
964.009600 1157.060800 978.668800 169.092800 1.000000
959.372800 1799.184000 978.899200 944.809600 1.000000
953.601600 2287.136000 979.732800 1450.115200 1.000000
951.798400 2901.280000 979.993600 2010.368000 1.000000
952.880000 2973.424000 981.030400 2071.952000 1.000000
960.326400 1936.720000 981.092800 1094.195200 1.000000
971.147200 1281.272000 981.707200 334.345600 1.000000
963.251200 1915.456000 982.878400 1070.934400 1.000000
971.496000 1189.216000 983.238400 215.070400 1.000000
962.555200 1943.936000 983.950400 1100.390400 1.000000
962.668800 2057.952000 985.118400 1221.488000 1.000000
965.174400 2142.144000 989.158400 1306.780800 1.000000
959.049600 2731.824000 989.403200 1861.264000 1.000000
964.204800 2219.680000 989.593600 1384.012800 1.000000
974.152000 1603.488000 989.979200 725.494400 1.000000
976.265600 1484.475200 990.321600 588.235200 1.000000
977.872000 1403.249600 990.422400 487.118400 1.000000
961.878400 2663.760000 990.969600 1797.952000 1.000000
963.572800 2957.792000 990.979200 2059.936000 1.000000
972.036800 1844.112000 991.761600 996.420800 1.000000
964.000000 2595.072000 991.960000 1737.840000 1.000000
970.400000 1980.384000 992.832000 1140.249600 1.000000
979.161600 1392.297600 992.856000 472.753600 1.000000
979.080000 1321.793600 992.875200 386.244800 1.000000
967.771200 2345.504000 993.086400 1509.033600 1.000000
968.864000 2115.376000 993.387200 1280.454400 1.000000
968.099200 2274.208000 994.464000 1440.889600 1.000000
972.897600 2017.168000 994.584000 1179.227200 1.000000
977.608000 1679.040000 995.171200 813.089600 1.000000
975.366400 1867.552000 995.896000 1022.211200 1.000000
983.102400 1501.924800 996.688000 609.683200 1.000000
977.737600 1849.216000 998.272000 1002.228800 1.000000
969.859200 2729.728000 998.956800 1862.080000 1.000000
980.156800 1920.048000 999.966400 1073.108800 1.000000
988.156800 1216.020800 1002.160000 250.385600 1.000000
979.201600 2025.088000 1002.324800 1188.662400 1.000000
975.913600 2565.120000 1002.518400 1715.216000 1.000000
977.508800 2259.552000 1002.590400 1425.892800 1.000000
989.036800 1326.702400 1002.739200 392.953600 1.000000
987.542400 1173.756800 1002.923200 197.308800 1.000000
980.940800 1976.304000 1003.046400 1138.662400 1.000000
977.665600 2362.656000 1003.464000 1526.384000 1.000000
988.315200 1529.585600 1003.499200 642.620800 1.000000
982.697600 1858.352000 1003.977600 1011.672000 1.000000
989.540800 1397.956800 1004.532800 481.540800 1.000000
981.262400 2086.432000 1004.968000 1252.774400 1.000000
976.524800 2532.016000 1005.038400 1684.096000 1.000000
979.990400 2183.136000 1005.744000 1348.297600 1.000000
990.243200 1309.184000 1005.796800 371.995200 1.000000
981.264000 2212.752000 1006.059200 1379.899200 1.000000
979.764800 2510.096000 1006.243200 1665.392000 1.000000
990.225600 1436.616000 1006.500800 529.086400 1.000000
981.580800 2198.016000 1007.131200 1363.723200 1.000000
981.516800 2956.656000 1007.136000 2061.792000 1.000000
983.086400 2308.800000 1008.035200 1474.444800 1.000000
991.308800 1579.585600 1008.419200 701.750400 1.000000
989.105600 1869.632000 1009.691200 1025.406400 1.000000
996.809600 1261.598400 1011.576000 312.078400 1.000000
996.123200 1386.616000 1012.099200 468.504000 1.000000
985.988800 2391.040000 1012.400000 1554.184000 1.000000
994.412800 1539.680000 1012.598400 654.025600 1.000000
987.046400 2240.944000 1013.260800 1408.454400 1.000000
990.076800 2239.072000 1013.384000 1406.457600 1.000000
998.819200 1319.392000 1014.224000 386.299200 1.000000
999.336000 1216.883200 1015.179200 253.961600 1.000000
991.916800 1967.568000 1015.374400 1129.641600 1.000000
993.822400 1847.168000 1015.483200 1000.836800 1.000000
990.408000 2177.120000 1015.955200 1344.004800 1.000000
989.441600 2694.912000 1016.809600 1831.904000 1.000000
1003.697600 1228.364800 1018.289600 268.540800 1.000000
1000.673600 1575.048000 1018.718400 696.145600 1.000000
993.808000 2973.792000 1019.212800 2076.416000 1.000000
994.587200 2021.744000 1019.977600 1186.942400 1.000000
1002.148800 1587.923200 1020.364800 712.054400 1.000000
998.532800 2108.192000 1022.036800 1277.214400 1.000000
996.889600 2197.376000 1022.049600 1364.382400 1.000000
1005.995200 1152.553600 1022.443200 172.398400 1.000000
1005.499200 1567.260800 1024.340800 687.801600 1.000000
1007.113600 1539.531200 1024.657600 657.168000 1.000000
1007.660800 1470.144000 1024.876800 572.908800 1.000000
997.724800 2666.320000 1025.787200 1805.840000 1.000000
1000.299200 2654.480000 1026.190400 1795.088000 1.000000
1009.737600 1204.398400 1026.612800 239.436800 1.000000
1008.854400 1580.793600 1027.316800 703.532800 1.000000
1009.617600 1109.764800 1027.681600 115.269920 1.000000
1001.040000 2561.744000 1028.235200 1714.112000 1.000000
1011.478400 1531.124800 1028.396800 646.251200 1.000000
1010.422400 1075.110400 1028.417600 67.056000 1.000000
1012.147200 1143.648000 1028.816000 161.566400 1.000000
1011.297600 1305.176000 1029.020800 369.822400 1.000000
1005.056000 2870.368000 1029.491200 1988.976000 1.000000
1012.972800 1250.489600 1030.129600 300.121600 1.000000
1011.387200 1552.401600 1030.284800 671.475200 1.000000
1004.433600 2751.344000 1030.812800 1883.968000 1.000000
1011.777600 1384.768000 1030.820800 467.876800 1.000000
1009.035200 1758.528000 1031.395200 907.444800 1.000000
1013.798400 1437.267200 1032.182400 535.339200 1.000000
1011.632000 1784.352000 1032.219200 935.176000 1.000000
1014.139200 1335.851200 1032.273600 406.334400 1.000000
1014.337600 1315.502400 1032.892800 381.891200 1.000000
1009.616000 2071.008000 1033.568000 1239.731200 1.000000
1016.531200 1135.800000 1034.726400 152.931360 1.000000
1012.630400 2962.816000 1036.249600 2068.688000 1.000000
1013.070400 2930.304000 1036.505600 2041.248000 1.000000
1019.289600 1196.590400 1037.185600 232.033600 1.000000
1019.232000 1249.043200 1037.376000 300.225600 1.000000
1016.177600 1726.608000 1038.080000 873.174400 1.000000
1013.155200 2318.336000 1038.185600 1488.704000 1.000000
1015.614400 1909.040000 1038.392000 1070.313600 1.000000
1013.081600 2200.256000 1038.428800 1370.355200 1.000000
1018.806400 1751.264000 1039.491200 899.897600 1.000000
1020.547200 1492.830400 1039.582400 602.241600 1.000000
1017.012800 2024.112000 1040.425600 1198.913600 1.000000
1011.576000 2631.936000 1040.505600 1776.016000 1.000000
1026.118400 1530.585600 1041.971200 642.886400 1.000000
1015.985600 2538.848000 1042.617600 1693.648000 1.000000
1024.707200 1186.899200 1043.768000 218.480000 1.000000
1019.180800 2351.184000 1044.099200 1520.825600 1.000000
1020.660800 2888.288000 1044.342400 2006.624000 1.000000
1021.081600 2056.096000 1045.096000 1226.865600 1.000000
1025.627200 1747.952000 1046.638400 896.827200 1.000000
1027.667200 1373.484800 1047.444800 456.296000 1.000000
1024.920000 2035.680000 1049.491200 1203.782400 1.000000
1030.153600 1200.736000 1049.569600 238.188800 1.000000
1030.931200 1211.857600 1050.220800 252.857600 1.000000
1030.816000 1275.582400 1050.681600 333.771200 1.000000
1030.825600 1559.536000 1051.777600 682.352000 1.000000
1025.468800 2286.656000 1052.593600 1458.497600 1.000000
1027.731200 2655.920000 1053.550400 1800.032000 1.000000
1031.049600 1765.008000 1053.998400 917.188800 1.000000
1028.097600 2023.344000 1055.222400 1191.620800 1.000000
1033.910400 1314.958400 1055.323200 383.603200 1.000000
1034.870400 1258.267200 1056.006400 313.283200 1.000000
1032.796800 2112.832000 1056.504000 1288.136000 1.000000
1031.363200 2592.848000 1056.920000 1743.392000 1.000000
1031.760000 2029.104000 1057.459200 1198.456000 1.000000
1035.467200 1723.104000 1057.732800 870.188800 1.000000
1037.076800 1464.078400 1057.872000 570.136000 1.000000
1036.342400 1735.312000 1058.094400 883.644800 1.000000
1037.473600 1540.953600 1058.342400 663.206400 1.000000
1033.307200 2825.216000 1058.342400 1953.136000 1.000000
1038.024000 1189.556800 1058.468800 223.760000 1.000000
1039.044800 1180.342400 1058.492800 212.366400 1.000000
1037.398400 1594.369600 1058.552000 725.540800 1.000000
1038.406400 1116.254400 1058.910400 130.252960 1.000000
1033.968000 2440.928000 1059.193600 1606.528000 1.000000
1031.782400 2409.616000 1059.268800 1575.982400 1.000000
1035.160000 2277.424000 1059.945600 1449.529600 1.000000
1036.030400 1913.952000 1060.280000 1078.161600 1.000000
1036.908800 1927.264000 1060.780800 1092.988800 1.000000
1038.456000 2877.984000 1061.064000 1997.632000 1.000000
1041.214400 1105.390400 1061.684800 116.080800 1.000000
1040.640000 2730.272000 1062.790400 1867.984000 1.000000
1039.000000 2391.872000 1064.116800 1560.750400 1.000000
1043.041600 1500.339200 1064.446400 613.825600 1.000000
1042.217600 1746.992000 1065.390400 898.721600 1.000000
1044.067200 1171.860800 1065.790400 201.267200 1.000000
1041.033600 1872.976000 1065.852800 1033.707200 1.000000
1045.248000 1416.680000 1066.043200 513.971200 1.000000
1042.184000 1608.448000 1066.520000 742.718400 1.000000
1046.113600 1441.400000 1067.192000 544.280000 1.000000
1044.985600 1560.452800 1067.206400 684.649600 1.000000
1046.412800 1199.230400 1067.259200 238.633600 1.000000
1041.734400 2254.208000 1068.067200 1427.838400 1.000000
1043.313600 2354.368000 1068.886400 1525.904000 1.000000
1044.556800 2328.128000 1070.545600 1501.348800 1.000000
1049.659200 1774.064000 1070.785600 931.142400 1.000000
1046.305600 2521.936000 1071.692800 1681.504000 1.000000
1049.993600 1228.792000 1071.793600 275.980800 1.000000
1047.804800 2200.016000 1072.374400 1374.915200 1.000000
1048.105600 2400.048000 1073.662400 1569.785600 1.000000
1051.648000 1122.739200 1074.198400 141.192640 1.000000
1051.910400 1626.320000 1075.388800 763.072000 1.000000
1052.478400 1146.363200 1075.766400 171.080000 1.000000
1050.726400 2163.712000 1076.112000 1336.960000 1.000000
1053.928000 1437.603200 1076.203200 540.584000 1.000000
1053.115200 1133.848000 1076.300800 153.551360 1.000000
1054.657600 1412.268800 1076.302400 510.499200 1.000000
1052.476800 1870.672000 1076.315200 1032.475200 1.000000
1050.750400 2142.320000 1076.590400 1316.393600 1.000000
1050.259200 2620.448000 1077.883200 1767.344000 1.000000
1055.092800 1101.820800 1078.140800 112.837280 1.000000
1052.350400 1059.446400 1078.227200 52.023840 1.000000
1054.436800 2525.312000 1079.032000 1685.840000 1.000000
1054.662400 2192.304000 1079.267200 1367.203200 1.000000
1058.102400 1452.128000 1080.459200 558.646400 1.000000
1056.206400 2329.312000 1081.916800 1503.452800 1.000000
1058.457600 1076.603200 1084.436800 76.472640 1.000000
1059.694400 1798.464000 1084.577600 957.368000 1.000000
1059.755200 1992.704000 1086.216000 1164.835200 1.000000
1063.531200 1537.089600 1087.268800 660.296000 1.000000
1063.867200 2290.992000 1088.048000 1467.558400 1.000000
1065.208000 1431.876800 1088.294400 534.492800 1.000000
1064.193600 1856.464000 1088.596800 1019.830400 1.000000
1064.196800 1183.096000 1089.244800 220.184000 1.000000
1060.270400 2363.984000 1089.302400 1534.384000 1.000000
1065.750400 1603.088000 1089.345600 738.163200 1.000000
1064.936000 1970.752000 1089.883200 1142.640000 1.000000
1068.142400 1575.504000 1092.057600 708.062400 1.000000
1067.873600 1170.532800 1092.233600 202.473600 1.000000
1069.433600 1881.984000 1093.198400 1047.574400 1.000000
1069.099200 2197.280000 1093.281600 1374.019200 1.000000
1066.939200 2022.416000 1093.580800 1195.638400 1.000000
1070.897600 1386.598400 1094.060800 480.576000 1.000000
1068.507200 1246.966400 1094.096000 300.568000 1.000000
1069.529600 2259.040000 1095.115200 1435.185600 1.000000
1070.612800 2265.088000 1095.801600 1440.587200 1.000000
1071.089600 1137.624000 1096.296000 161.379200 1.000000
1072.457600 1559.088000 1096.648000 688.368000 1.000000
1072.451200 1267.355200 1096.796800 331.144000 1.000000
1071.355200 1184.672000 1096.806400 222.971200 1.000000
1072.275200 1095.369600 1096.945600 106.184160 1.000000
1073.566400 2745.920000 1097.499200 1883.984000 1.000000
1072.102400 1299.824000 1098.904000 368.363200 1.000000
1072.780800 2164.736000 1099.489600 1341.040000 1.000000
1074.976000 1458.424000 1099.907200 567.184000 1.000000
1075.452800 2307.872000 1101.089600 1486.510400 1.000000
1077.264000 2376.880000 1101.483200 1550.480000 1.000000
1076.681600 1548.528000 1101.683200 676.078400 1.000000
1076.740800 2625.168000 1102.561600 1774.416000 1.000000
1076.625600 1312.468800 1102.761600 385.860800 1.000000
1077.060800 2637.248000 1102.817600 1785.280000 1.000000
1078.473600 1678.000000 1102.908800 824.363200 1.000000
1078.737600 2598.752000 1104.502400 1752.176000 1.000000
1079.163200 1925.792000 1104.894400 1097.772800 1.000000
1079.483200 1441.424000 1105.208000 547.270400 1.000000
1080.451200 2424.592000 1106.292800 1595.248000 1.000000
1081.468800 2184.992000 1107.072000 1364.102400 1.000000
1080.024000 1230.896000 1107.593600 280.180800 1.000000
1080.531200 1120.936000 1107.756800 140.044160 1.000000
1080.569600 1080.611200 1108.011200 87.171520 1.000000
1080.675200 2141.376000 1108.089600 1316.747200 1.000000
1082.017600 2273.632000 1108.321600 1450.793600 1.000000
1084.323200 2387.040000 1108.948800 1561.035200 1.000000
1084.568000 1550.689600 1109.523200 680.665600 1.000000
1083.998400 1341.384000 1109.579200 425.345600 1.000000
1083.232000 1282.321600 1109.769600 347.691200 1.000000
1087.875200 2210.576000 1109.808000 1390.718400 1.000000
1087.308800 2367.392000 1110.384000 1541.748800 1.000000
1085.769600 1499.310400 1110.828800 618.091200 1.000000
1082.763200 1074.660800 1111.012800 80.314560 1.000000
1086.696000 1347.657600 1112.316800 433.252800 1.000000
1086.260800 1414.995200 1112.430400 516.331200 1.000000
1084.920000 1994.960000 1112.961600 1168.582400 1.000000
1088.542400 1783.472000 1113.212800 945.648000 1.000000
1085.979200 1951.552000 1113.260800 1122.320000 1.000000
1086.715200 1445.195200 1113.361600 552.526400 1.000000
1086.496000 1172.260800 1113.966400 206.321600 1.000000
1089.624000 1128.057600 1116.460800 151.387040 1.000000
1090.505600 1527.126400 1116.876800 652.198400 1.000000
1091.667200 2070.384000 1117.676800 1250.508800 1.000000
1091.907200 1379.673600 1117.827200 473.499200 1.000000
1092.912000 2591.184000 1118.520000 1746.944000 1.000000
1092.806400 2001.712000 1119.881600 1176.816000 1.000000
1093.041600 1355.587200 1120.420800 444.536000 1.000000
1093.963200 1900.096000 1120.507200 1069.472000 1.000000
1091.969600 1100.472000 1120.582400 115.021920 1.000000
1094.556800 1323.865600 1121.307200 402.595200 1.000000
1093.859200 1409.419200 1121.368000 509.713600 1.000000
1098.859200 2388.080000 1121.478400 1563.304000 1.000000
1095.112000 1565.483200 1121.782400 699.174400 1.000000
1096.004800 2079.760000 1121.939200 1261.424000 1.000000
1101.102400 2684.672000 1124.150400 1833.616000 1.000000
1099.318400 2153.904000 1125.174400 1333.961600 1.000000
1098.614400 1838.496000 1125.532800 1003.977600 1.000000
1097.857600 1445.072000 1125.656000 553.385600 1.000000
1106.016000 2857.888000 1126.176000 1986.304000 1.000000
1101.308800 2607.760000 1126.201600 1762.032000 1.000000
1104.496000 2820.592000 1126.563200 1953.424000 1.000000
1110.961600 3005.216000 1128.491200 2109.600000 1.000000
1104.121600 1517.518400 1130.433600 641.294400 1.000000
1100.625600 1118.148800 1131.171200 139.693120 1.000000
1105.454400 1796.560000 1132.636800 960.152000 1.000000
1105.572800 1568.923200 1133.204800 703.099200 1.000000
1104.483200 1414.448000 1133.360000 517.182400 1.000000
1106.249600 1870.528000 1135.019200 1036.747200 1.000000
1111.553600 2405.200000 1135.203200 1581.096000 1.000000
1114.382400 2739.824000 1135.320000 1880.016000 1.000000
1109.675200 2141.312000 1135.614400 1322.000000 1.000000
1103.948800 1163.353600 1135.811200 197.102400 1.000000
1104.816000 1062.388800 1136.052800 66.045600 1.000000
1106.929600 1138.091200 1137.308800 164.680000 1.000000
1118.462400 2886.624000 1138.033600 2011.552000 1.000000
1111.065600 1319.779200 1139.497600 402.176000 1.000000
1116.328000 2668.624000 1139.648000 1818.240000 1.000000
1115.070400 2191.120000 1140.004800 1372.905600 1.000000
1109.856000 1153.648000 1141.748800 185.049600 1.000000
1116.785600 2256.320000 1143.198400 1438.331200 1.000000
1117.393600 2181.888000 1143.624000 1364.768000 1.000000
1115.345600 1934.752000 1144.523200 1108.697600 1.000000
1113.182400 1399.992000 1144.883200 496.782400 1.000000
1122.950400 2643.504000 1145.430400 1794.592000 1.000000
1122.396800 2559.008000 1147.680000 1721.472000 1.000000
1122.435200 2218.192000 1148.534400 1399.211200 1.000000
1122.646400 2238.432000 1149.516800 1419.276800 1.000000
1123.633600 2077.472000 1149.976000 1261.560000 1.000000
1120.961600 1543.649600 1150.049600 676.184000 1.000000
1126.193600 2408.144000 1150.696000 1585.496000 1.000000
1127.587200 2369.040000 1150.726400 1548.870400 1.000000
1124.276800 2043.616000 1151.057600 1226.332800 1.000000
1126.344000 2398.512000 1151.588800 1576.241600 1.000000
1122.035200 1351.276800 1152.100800 440.449600 1.000000
1130.046400 2583.520000 1152.497600 1744.192000 1.000000
1119.198400 1211.009600 1152.593600 257.459200 1.000000
1125.708800 1919.792000 1152.598400 1094.267200 1.000000
1127.518400 2151.120000 1153.004800 1335.569600 1.000000
1124.084800 1338.313600 1154.760000 425.817600 1.000000
1130.529600 2378.864000 1154.905600 1558.422400 1.000000
1137.059200 2828.720000 1154.958400 1962.880000 1.000000
1122.856000 1151.649600 1156.316800 182.360000 1.000000
1134.291200 2571.136000 1157.057600 1733.776000 1.000000
1137.555200 2793.936000 1157.976000 1932.304000 1.000000
1130.532800 2103.888000 1158.027200 1286.350400 1.000000
1129.472000 1381.251200 1160.534400 480.366400 1.000000
1131.433600 1887.296000 1160.553600 1061.009600 1.000000
1127.529600 1228.323200 1161.488000 283.972800 1.000000
1132.852800 1782.064000 1161.756800 947.745600 1.000000
1132.208000 1551.896000 1161.814400 686.236800 1.000000
1132.644800 1450.120000 1163.003200 563.227200 1.000000
1145.224000 2866.208000 1163.182400 1996.608000 1.000000
1141.152000 2525.616000 1164.619200 1693.568000 1.000000
1134.848000 1747.504000 1164.651200 909.273600 1.000000
1140.628800 2279.984000 1166.185600 1464.324800 1.000000
1132.609600 1253.108800 1166.584000 316.899200 1.000000
1137.075200 1924.960000 1166.747200 1100.027200 1.000000
1139.358400 1956.288000 1167.611200 1134.619200 1.000000
1148.385600 2762.096000 1168.534400 1905.600000 1.000000
1136.899200 1333.553600 1168.952000 420.152000 1.000000
1142.788800 2246.656000 1169.048000 1429.785600 1.000000
1132.388800 1056.251200 1169.142400 59.683040 1.000000
1153.878400 2986.992000 1169.220800 2099.264000 1.000000
1139.217600 1420.051200 1171.452800 526.827200 1.000000
1133.177600 1024.544000 1171.787200 17.405280 1.000000
1143.960000 2069.264000 1171.873600 1254.030400 1.000000
1143.012800 1878.080000 1172.934400 1052.259200 1.000000
1139.825600 1390.798400 1173.128000 491.464000 1.000000
1150.808000 2540.528000 1173.544000 1708.032000 1.000000
1137.756800 1090.142400 1174.470400 104.565600 1.000000
1139.817600 1254.465600 1175.820800 319.910400 1.000000
1147.299200 1770.432000 1175.849600 936.795200 1.000000
1148.964800 1996.288000 1176.808000 1180.017600 1.000000
1139.228800 1119.118400 1177.356800 142.435200 1.000000
1141.836800 1149.369600 1179.004800 182.179200 1.000000
1142.832000 1193.488000 1179.358400 240.995200 1.000000
1148.700800 1850.480000 1179.836800 1023.915200 1.000000
1165.360000 2987.632000 1179.872000 2100.064000 1.000000
1160.881600 2777.552000 1180.985600 1919.872000 1.000000
1150.358400 1587.510400 1182.368000 729.124800 1.000000
1143.624000 1055.427200 1182.673600 59.227520 1.000000
1163.804800 2799.760000 1183.308800 1938.560000 1.000000
1159.380800 2399.168000 1183.488000 1578.644800 1.000000
1154.569600 1748.336000 1184.438400 912.395200 1.000000
1158.756800 2312.368000 1184.828800 1497.392000 1.000000
1152.267200 1444.430400 1186.395200 559.112000 1.000000
1162.036800 2511.584000 1186.518400 1681.760000 1.000000
1165.228800 2873.632000 1186.884800 1997.296000 1.000000
1149.070400 1062.552000 1187.292800 67.830880 1.000000
1162.248000 2258.944000 1187.976000 1445.929600 1.000000
1150.563200 1161.454400 1188.745600 198.003200 1.000000
1174.208000 2940.592000 1188.769600 2059.264000 1.000000
1160.571200 1959.648000 1189.790400 1141.256000 1.000000
1161.728000 2147.424000 1189.854400 1333.868800 1.000000
1169.099200 2592.928000 1191.816000 1754.224000 1.000000
1154.966400 1246.545600 1193.073600 312.145600 1.000000
1165.972800 2085.360000 1193.832000 1274.569600 1.000000
1158.326400 1272.788800 1194.049600 345.902400 1.000000
1167.028800 2231.824000 1194.560000 1414.851200 1.000000
1173.331200 2419.232000 1196.476800 1597.900800 1.000000
1166.070400 1889.120000 1196.713600 1065.328000 1.000000
1164.710400 1706.416000 1196.923200 867.084800 1.000000
1167.852800 2119.888000 1197.153600 1306.920000 1.000000
1167.083200 1873.392000 1197.340800 1049.537600 1.000000
1160.521600 1289.774400 1197.353600 368.097600 1.000000
1170.249600 2012.848000 1197.958400 1199.921600 1.000000
1173.944000 2481.440000 1198.360000 1656.368000 1.000000
1165.036800 1607.472000 1198.366400 752.641600 1.000000
1174.003200 2339.952000 1198.811200 1523.990400 1.000000
1174.870400 2376.896000 1198.860800 1558.488000 1.000000
1168.113600 1775.952000 1199.492800 944.947200 1.000000
1175.747200 2373.568000 1199.852800 1555.520000 1.000000
1181.782400 2738.224000 1200.036800 1886.048000 1.000000
1165.768000 1580.673600 1200.158400 722.427200 1.000000
1165.608000 1523.134400 1200.804800 655.836800 1.000000
1170.230400 1718.672000 1202.182400 881.339200 1.000000
1185.214400 2825.168000 1202.572800 1961.872000 1.000000
1176.795200 2259.328000 1202.676800 1448.379200 1.000000
1165.315200 1275.161600 1202.729600 350.328000 1.000000
1173.334400 2062.208000 1202.732800 1251.752000 1.000000
1162.390400 1125.600000 1203.649600 152.473440 1.000000
1166.646400 1265.064000 1204.024000 337.382400 1.000000
1187.099200 2922.176000 1204.468800 2042.768000 1.000000
1169.934400 1483.723200 1205.953600 610.017600 1.000000
1180.680000 2325.200000 1206.094400 1510.891200 1.000000
1184.560000 2513.824000 1207.836800 1685.968000 1.000000
1177.806400 1846.496000 1209.608000 1021.459200 1.000000
1175.059200 1615.616000 1210.705600 762.467200 1.000000
1179.745600 1741.488000 1210.958400 906.998400 1.000000
1181.019200 1913.904000 1211.075200 1095.259200 1.000000
1173.363200 1239.459200 1211.848000 306.051200 1.000000
1186.190400 2258.128000 1212.198400 1446.795200 1.000000
1187.686400 2277.360000 1212.494400 1466.032000 1.000000
1171.264000 1116.032000 1212.904000 140.932000 1.000000
1177.630400 1415.184000 1214.875200 524.604800 1.000000
1176.696000 1338.723200 1215.558400 431.182400 1.000000
1184.395200 1868.432000 1215.900800 1042.940800 1.000000
1193.033600 2399.056000 1217.033600 1579.848000 1.000000
1188.868800 2022.960000 1217.726400 1212.968000 1.000000
1178.704000 1298.179200 1217.780800 378.443200 1.000000
1177.188800 1228.088000 1218.512000 289.921600 1.000000
1190.723200 1965.888000 1218.729600 1152.603200 1.000000
1187.636800 1956.944000 1218.937600 1143.372800 1.000000
1204.025600 2819.168000 1219.956800 1958.080000 1.000000
1201.336000 2786.608000 1220.225600 1928.992000 1.000000
1185.964800 1566.462400 1221.425600 708.473600 1.000000
1178.777600 1185.476800 1221.438400 234.974400 1.000000
1198.097600 2362.576000 1223.086400 1548.571200 1.000000
1181.048000 1193.116800 1223.302400 239.628800 1.000000
1191.670400 1929.936000 1223.547200 1114.472000 1.000000
1184.904000 1243.297600 1224.195200 306.758400 1.000000
1185.136000 1442.892800 1224.571200 561.000000 1.000000
1187.091200 1401.406400 1224.934400 508.643200 1.000000
1203.344000 2380.368000 1227.515200 1563.568000 1.000000
1198.264000 1995.040000 1227.800000 1184.313600 1.000000
1213.088000 2827.312000 1227.953600 1965.344000 1.000000
1191.822400 1574.360000 1228.092800 717.008000 1.000000
1183.032000 1044.708800 1228.857600 46.931680 1.000000
1202.924800 2277.680000 1228.888000 1468.075200 1.000000
1205.644800 2586.864000 1229.265600 1750.192000 1.000000
1195.211200 1883.792000 1229.824000 1067.198400 1.000000
1184.308800 1068.465600 1230.676800 78.934080 1.000000
1201.969600 2149.328000 1230.828800 1339.422400 1.000000
1213.964800 2694.112000 1231.228800 1852.208000 1.000000
1203.590400 1988.224000 1232.675200 1177.206400 1.000000
1190.217600 1214.668800 1233.132800 274.315200 1.000000
1203.396800 2022.768000 1233.462400 1214.700800 1.000000
1203.800000 1947.968000 1234.166400 1135.153600 1.000000
1205.321600 2012.576000 1234.310400 1203.934400 1.000000
1190.828800 1164.972800 1234.374400 209.462400 1.000000
1207.704000 2113.104000 1235.972800 1303.465600 1.000000
1205.899200 1976.176000 1236.163200 1165.569600 1.000000
1190.500800 1125.422400 1236.894400 155.040640 1.000000
1203.262400 1876.096000 1237.040000 1058.056000 1.000000
1199.969600 1586.974400 1237.587200 731.155200 1.000000
1206.980800 1905.936000 1239.438400 1089.449600 1.000000
1215.179200 2361.664000 1240.011200 1548.329600 1.000000
1202.937600 1549.075200 1240.043200 689.843200 1.000000
1197.904000 1335.452800 1240.164800 427.585600 1.000000
1198.006400 1228.510400 1240.865600 293.027200 1.000000
1208.184000 1914.800000 1240.899200 1099.857600 1.000000
1208.017600 1938.640000 1241.163200 1125.233600 1.000000
1197.448000 1195.340800 1242.502400 249.761600 1.000000
1227.296000 2677.328000 1243.435200 1839.104000 1.000000
1201.672000 1285.728000 1243.697600 364.401600 1.000000
1196.780800 1105.779200 1244.017600 128.763680 1.000000
1214.785600 2093.936000 1244.390400 1285.798400 1.000000
1210.382400 1735.248000 1245.755200 903.049600 1.000000
1215.008000 1927.072000 1246.531200 1114.443200 1.000000
1220.617600 2273.616000 1247.436800 1462.835200 1.000000
1204.078400 1262.630400 1247.704000 338.700800 1.000000
1201.969600 1179.156800 1247.808000 228.825600 1.000000
1201.084800 1069.065600 1250.168000 81.366240 1.000000
1205.531200 1204.740800 1250.880000 262.284800 1.000000
1213.980800 1524.817600 1253.529600 662.238400 1.000000
1212.398400 1385.660800 1254.177600 490.003200 1.000000
1222.382400 1953.872000 1254.897600 1144.638400 1.000000
1224.603200 1993.712000 1255.128000 1185.702400 1.000000
1219.081600 1731.568000 1256.155200 900.123200 1.000000
1222.492800 1883.216000 1256.710400 1067.812800 1.000000
1214.132800 1282.388800 1258.344000 363.924800 1.000000
1217.811200 1458.035200 1258.536000 583.785600 1.000000
1213.228800 1229.740800 1258.681600 295.448000 1.000000
1219.208000 1540.425600 1258.918400 680.793600 1.000000
1216.398400 1417.073600 1259.425600 530.393600 1.000000
1230.606400 2064.688000 1259.937600 1258.838400 1.000000
1218.435200 1478.257600 1260.009600 606.776000 1.000000
1245.899200 2776.432000 1261.299200 1922.912000 1.000000
1216.340800 1325.043200 1261.324800 416.228800 1.000000
1230.153600 1950.016000 1261.496000 1141.139200 1.000000
1230.385600 2037.120000 1262.624000 1230.270400 1.000000
1213.873600 1094.177600 1263.824000 115.086240 1.000000
1220.961600 1317.400000 1265.888000 406.691200 1.000000
1241.492800 2252.896000 1268.713600 1444.708800 1.000000
1216.483200 1076.904000 1268.892800 92.866720 1.000000
1229.296000 1560.806400 1269.094400 704.604800 1.000000
1244.108800 2341.680000 1269.252800 1528.193600 1.000000
1250.896000 2634.224000 1269.654400 1797.200000 1.000000
1229.614400 1512.926400 1270.686400 650.177600 1.000000
1225.222400 1292.196800 1270.820800 376.508800 1.000000
1230.459200 1592.180800 1271.356800 742.107200 1.000000
1244.187200 2280.912000 1271.406400 1470.123200 1.000000
1219.843200 1057.524800 1272.329600 67.334560 1.000000
1250.497600 2558.688000 1272.420800 1728.960000 1.000000
1256.931200 2753.376000 1272.958400 1903.808000 1.000000
1225.748800 1239.212800 1273.179200 309.115200 1.000000
1245.500800 2249.840000 1273.675200 1441.452800 1.000000
1240.004800 1889.920000 1273.678400 1076.952000 1.000000
1249.272000 2369.392000 1273.737600 1556.777600 1.000000
1236.590400 1757.008000 1273.956800 928.688000 1.000000
1268.235200 2975.056000 1276.321600 2096.096000 1.000000
1238.497600 1775.712000 1276.726400 950.646400 1.000000
1247.016000 2096.512000 1276.993600 1291.921600 1.000000
1237.350400 1559.884800 1278.513600 704.489600 1.000000
1244.099200 1895.664000 1279.123200 1083.382400 1.000000
1228.792000 1211.248000 1280.235200 270.704000 1.000000
1228.100800 1156.038400 1280.521600 201.396800 1.000000
1241.888000 1612.032000 1282.353600 765.638400 1.000000
1258.195200 2327.936000 1283.406400 1517.132800 1.000000
1251.145600 1902.448000 1284.707200 1091.830400 1.000000
1263.608000 2557.952000 1284.977600 1728.912000 1.000000
1240.385600 1386.808000 1286.220800 495.660800 1.000000
1249.728000 1762.944000 1287.728000 937.326400 1.000000
1267.233600 2583.008000 1287.939200 1751.872000 1.000000
1242.408000 1422.220800 1288.739200 539.056000 1.000000
1241.011200 1323.408000 1288.859200 415.556800 1.000000
1250.657600 1772.432000 1288.964800 947.768000 1.000000
1252.308800 1723.824000 1290.577600 893.932800 1.000000
1258.614400 2062.624000 1291.246400 1257.844800 1.000000
1270.441600 2563.392000 1291.606400 1733.968000 1.000000
1243.212800 1302.148800 1292.416000 388.611200 1.000000
1263.451200 2245.488000 1292.681600 1438.688000 1.000000
1253.724800 1745.760000 1293.360000 917.979200 1.000000
1238.862400 1042.379200 1295.404800 48.564640 1.000000
1252.356800 1494.326400 1296.273600 629.486400 1.000000
1243.729600 1255.926400 1296.321600 330.932800 1.000000
1266.030400 2119.056000 1296.526400 1313.046400 1.000000
1262.792000 1949.904000 1297.824000 1142.788800 1.000000
1246.452800 1221.604800 1297.897600 289.588800 1.000000
1280.857600 2584.912000 1299.793600 1754.352000 1.000000
1256.750400 1546.012800 1300.380800 690.360000 1.000000
1265.896000 1848.032000 1300.947200 1034.276800 1.000000
1289.571200 2816.016000 1301.006400 1958.816000 1.000000
1283.027200 2689.216000 1301.224000 1847.808000 1.000000
1273.769600 2250.128000 1301.897600 1441.355200 1.000000
1261.329600 1764.832000 1301.972800 940.574400 1.000000
1251.888000 1312.433600 1302.219200 402.838400 1.000000
1265.152000 1819.280000 1302.457600 1002.801600 1.000000
1273.744000 2175.072000 1302.806400 1371.246400 1.000000
1246.163200 1078.865600 1302.985600 99.184160 1.000000
1285.254400 2654.704000 1303.083200 1818.864000 1.000000
1270.329600 2079.760000 1303.254400 1276.560000 1.000000
1253.393600 1276.820800 1304.059200 359.238400 1.000000
1286.920000 2564.192000 1306.537600 1737.504000 1.000000
1292.843200 2792.816000 1306.636800 1936.048000 1.000000
1272.156800 1912.832000 1306.988800 1103.814400 1.000000
1260.283200 1442.521600 1307.283200 566.584000 1.000000
1274.681600 1963.872000 1307.288000 1158.364800 1.000000
1268.832000 1804.464000 1307.348800 987.948800 1.000000
1252.201600 1095.364800 1308.611200 123.638240 1.000000
1281.646400 2262.160000 1309.678400 1455.160000 1.000000
1255.291200 1188.283200 1309.843200 244.776000 1.000000
1275.536000 1885.456000 1309.880000 1075.097600 1.000000
1280.673600 2214.432000 1310.091200 1407.480000 1.000000
1263.924800 1468.667200 1310.348800 599.393600 1.000000
1258.793600 1276.784000 1311.065600 359.779200 1.000000
1283.387200 2133.520000 1312.390400 1329.032000 1.000000
1264.795200 1426.340800 1312.800000 547.278400 1.000000
1285.294400 2223.936000 1315.003200 1416.739200 1.000000
1259.249600 1138.363200 1315.171200 178.883200 1.000000
1269.092800 1468.907200 1316.152000 599.435200 1.000000
1264.897600 1208.380800 1316.268800 272.068800 1.000000
1284.460800 1984.592000 1316.588800 1180.198400 1.000000
1266.817600 1304.830400 1317.019200 394.516800 1.000000
1284.288000 2058.352000 1317.108800 1254.982400 1.000000
1278.908800 1789.696000 1317.174400 971.257600 1.000000
1259.400000 1114.670400 1317.366400 146.474080 1.000000
1279.265600 1873.776000 1317.611200 1060.980800 1.000000
1286.488000 2150.960000 1317.800000 1346.278400 1.000000
1284.211200 2034.336000 1317.844800 1230.348800 1.000000
1262.070400 1058.163200 1321.251200 74.398400 1.000000
1311.540800 2838.080000 1322.352000 1976.880000 1.000000
1294.590400 2321.808000 1322.689600 1512.270400 1.000000
1285.342400 1816.896000 1322.761600 1000.625600 1.000000
1284.275200 1835.200000 1322.913600 1020.584000 1.000000
1305.166400 2665.152000 1323.166400 1824.320000 1.000000
1306.572800 2677.984000 1324.115200 1837.984000 1.000000
1273.068800 1316.270400 1325.428800 409.044800 1.000000
1307.404800 2564.016000 1327.225600 1737.456000 1.000000
1312.168000 2690.672000 1327.688000 1850.096000 1.000000
1290.768000 1763.664000 1330.872000 944.075200 1.000000
1279.268800 1340.793600 1333.521600 441.633600 1.000000
1276.430400 1194.710400 1334.080000 255.177600 1.000000
1283.947200 1389.571200 1334.926400 500.446400 1.000000
1295.505600 1728.448000 1335.934400 903.355200 1.000000
1304.464000 2085.040000 1337.137600 1282.147200 1.000000
1286.123200 1436.388800 1337.744000 561.654400 1.000000
1317.686400 2546.416000 1338.408000 1720.736000 1.000000
1315.332800 2431.088000 1338.454400 1617.104000 1.000000
1302.940800 1970.560000 1338.624000 1165.644800 1.000000
1284.128000 1262.803200 1339.873600 343.425600 1.000000
1321.628800 2521.984000 1342.816000 1701.104000 1.000000
1295.828800 1521.248000 1344.204800 662.126400 1.000000
1296.432000 1565.225600 1344.355200 715.030400 1.000000
1293.404800 1449.340800 1344.896000 576.729600 1.000000
1302.480000 1727.392000 1345.158400 902.891200 1.000000
1312.574400 2101.856000 1345.504000 1299.590400 1.000000
1308.059200 1920.736000 1345.510400 1113.281600 1.000000
1326.630400 2597.184000 1345.582400 1765.696000 1.000000
1312.875200 2076.000000 1347.900800 1272.856000 1.000000
1300.195200 1536.094400 1348.388800 681.606400 1.000000
1313.385600 2033.296000 1349.611200 1231.515200 1.000000
1319.800000 2149.264000 1350.574400 1345.928000 1.000000
1289.817600 1093.865600 1352.387200 122.313920 1.000000
1325.313600 2305.440000 1352.761600 1499.025600 1.000000
1320.332800 2081.872000 1353.393600 1280.390400 1.000000
1318.384000 1991.344000 1354.062400 1188.798400 1.000000
1302.075200 1433.296000 1354.476800 558.128000 1.000000
1292.668800 1163.267200 1355.092800 212.558400 1.000000
1325.192000 2167.760000 1356.036800 1362.513600 1.000000
1328.518400 2261.744000 1357.372800 1453.476800 1.000000
1294.603200 1156.225600 1357.944000 203.958400 1.000000
1323.438400 2049.760000 1358.387200 1246.600000 1.000000
1301.974400 1285.652800 1359.044800 371.806400 1.000000
1334.356800 2411.232000 1359.048000 1595.332800 1.000000
1309.587200 1509.350400 1360.766400 649.356800 1.000000
1327.121600 2082.672000 1361.670400 1280.636800 1.000000
1335.000000 2324.640000 1362.105600 1518.107200 1.000000
1328.372800 2043.024000 1364.505600 1240.096000 1.000000
1308.318400 1348.033600 1364.800000 451.350400 1.000000
1327.228800 1950.976000 1364.800000 1145.830400 1.000000
1332.768000 2161.488000 1365.027200 1356.928000 1.000000
1337.142400 2286.704000 1365.572800 1480.756800 1.000000
1308.796800 1312.048000 1366.492800 406.051200 1.000000
1333.534400 2150.256000 1366.681600 1345.310400 1.000000
1335.912000 2175.280000 1367.976000 1369.908800 1.000000
1332.276800 2138.848000 1368.172800 1330.368000 1.000000
1313.937600 1336.129600 1368.849600 439.577600 1.000000
1315.931200 1431.022400 1368.984000 553.337600 1.000000
1337.862400 2202.880000 1369.236800 1396.425600 1.000000
1334.824000 2056.464000 1371.361600 1252.539200 1.000000
1305.364800 1084.220800 1372.494400 107.033280 1.000000
1313.998400 1296.024000 1372.980800 386.732800 1.000000
1311.049600 1246.190400 1373.630400 323.832000 1.000000
1316.163200 1287.851200 1374.627200 377.249600 1.000000
1310.152000 1169.820800 1374.905600 223.859200 1.000000
1326.107200 1604.688000 1375.865600 762.419200 1.000000
1330.908800 1583.001600 1380.073600 738.142400 1.000000
1319.734400 1228.918400 1383.625600 299.081600 1.000000
1329.875200 1482.521600 1383.811200 617.974400 1.000000
1330.457600 1518.080000 1384.352000 661.342400 1.000000
1326.387200 1345.347200 1385.891200 449.153600 1.000000
1321.694400 1194.499200 1386.854400 255.718400 1.000000
1341.724800 1704.160000 1389.454400 875.953600 1.000000
1327.979200 1324.147200 1389.512000 423.768000 1.000000
1320.393600 1086.187200 1392.080000 111.590400 1.000000
1330.227200 1314.400000 1392.900800 411.147200 1.000000
1339.224000 1530.025600 1393.611200 676.228800 1.000000
1354.787200 1775.712000 1401.299200 950.028800 1.000000
1358.480000 1850.672000 1403.873600 1028.360000 1.000000
1336.345600 1188.296000 1404.060800 247.443200 1.000000
1341.292800 1313.846400 1407.112000 409.411200 1.000000
1332.944000 1062.640000 1407.363200 79.797760 1.000000
1341.622400 1211.270400 1408.796800 278.268800 1.000000
1336.000000 1099.264000 1409.550400 129.100640 1.000000
1342.486400 1164.555200 1412.203200 216.718400 1.000000
1364.710400 1606.896000 1420.878400 754.136000 1.000000
1348.044800 1108.772800 1423.702400 139.916640 1.000000
1366.230400 1428.297600 1432.044800 534.176000 1.000000
1371.145600 1486.112000 1433.465600 613.715200 1.000000
1357.697600 1164.990400 1433.665600 213.068800 1.000000
1366.203200 1309.272000 1437.979200 394.654400 1.000000
1371.036800 1419.209600 1438.051200 531.116800 1.000000
1367.235200 1188.486400 1445.040000 238.123200 1.000000
1381.616000 1252.012800 1455.120000 316.307200 1.000000
1381.976000 1179.337600 1461.785600 226.608000 1.000000
1378.660800 1067.528000 1462.228800 78.061120 1.000000
1377.288000 1044.260800 1463.411200 44.882880 1.000000
1389.700800 1140.320000 1472.924800 175.470400 1.000000
1397.064000 1177.120000 1477.732800 221.388800 1.000000
1390.934400 1035.912000 1479.864000 37.462400 1.000000
2218.192000 1725.344000 2153.952000 1892.624000 1.000000
2256.320000 1866.128000 2199.344000 2172.592000 1.000000
2372.368000 1931.152000 2285.872000 2194.288000 1.000000
2438.592000 1984.992000 2346.128000 2277.792000 1.000000
2503.632000 1929.184000 2422.432000 2276.192000 1.000000
2504.784000 1907.728000 2428.080000 2256.192000 1.000000
2508.272000 1926.208000 2428.752000 2275.488000 1.000000
2507.792000 1897.136000 2434.656000 2243.936000 1.000000
2531.712000 1933.296000 2453.968000 2289.296000 1.000000
2512.688000 1785.632000 2460.192000 2135.712000 1.000000
2549.552000 1926.848000 2474.064000 2288.800000 1.000000
2552.544000 1942.896000 2474.096000 2307.728000 1.000000
2538.992000 1823.152000 2481.312000 2184.464000 1.000000
2567.856000 1876.736000 2504.048000 2246.144000 1.000000
2560.352000 1798.448000 2510.320000 2166.400000 1.000000
2396.688000 1011.411200 2514.592000 1012.288000 1.000000
2404.416000 1005.083200 2525.328000 1006.499200 1.000000
2414.240000 1029.550400 2531.392000 1047.353600 1.000000
2417.232000 1000.950400 2542.000000 1005.228800 1.000000
2610.400000 1913.888000 2543.840000 2302.992000 1.000000
2508.400000 1298.603200 2547.472000 1624.448000 1.000000
2609.920000 1871.424000 2551.648000 2258.784000 1.000000
2610.240000 1864.144000 2553.168000 2251.472000 1.000000
2624.848000 1939.008000 2553.952000 2332.240000 1.000000
2589.200000 1589.028800 2585.872000 1957.024000 1.000000
2628.304000 1767.616000 2593.472000 2161.136000 1.000000
2599.088000 1601.232000 2594.192000 1972.864000 1.000000
2656.512000 1893.616000 2598.112000 2303.056000 1.000000
2643.040000 1772.464000 2607.712000 2147.360000 1.000000
2544.608000 1337.806400 2613.408000 1456.772800 1.000000
2674.048000 1910.208000 2613.584000 2329.984000 1.000000
2428.480000 727.716800 2614.608000 554.798400 1.000000
2673.088000 1815.008000 2631.536000 2227.216000 1.000000
2514.320000 1074.611200 2632.384000 1205.494400 1.000000
2677.904000 1837.632000 2632.384000 2254.048000 1.000000
2664.928000 1768.432000 2633.008000 2176.576000 1.000000
2606.784000 1423.766400 2641.760000 1784.848000 1.000000
2690.352000 1849.968000 2644.128000 2280.400000 1.000000
2592.640000 1311.587200 2646.144000 1672.416000 1.000000
2682.784000 1795.872000 2646.448000 2220.480000 1.000000
2694.864000 1846.208000 2649.792000 2276.864000 1.000000
2690.432000 1823.664000 2649.936000 2250.704000 1.000000
2500.544000 957.841600 2654.752000 983.916800 1.000000
2718.688000 1919.024000 2659.696000 2366.432000 1.000000
2700.752000 1833.008000 2659.792000 2263.328000 1.000000
2628.832000 1447.080000 2662.704000 1819.680000 1.000000
2530.128000 987.769600 2668.384000 1046.203200 1.000000
2716.464000 1817.360000 2679.648000 2259.856000 1.000000
2642.688000 1402.846400 2687.584000 1775.248000 1.000000
2545.152000 920.102400 2716.368000 955.036800 1.000000
2738.032000 1733.792000 2718.768000 2214.160000 1.000000
2581.872000 937.630400 2761.792000 1064.328000 1.000000
